2021-03-11 00:00:08.0	Ana1 - 1: T.Au?en	5.8
2021-03-11 00:00:08.0	Ana2 - 2: T.Zuluft	15.7
2021-03-11 00:00:08.0	Ana3 - 3: T.Abluft	20.5
2021-03-11 00:00:08.0	Ana4 - 4: T.Fortluft	13.1
2021-03-11 00:00:08.0	Ana5 - 5: T.Raum	9999.9
2021-03-11 00:00:08.0	Ana9 - 9: T.Zuluft WRG warm	19.6
2021-03-11 00:00:18.0	Ana1 - 1: T.Au?en	5.8
2021-03-11 00:00:18.0	Ana2 - 2: T.Zuluft	15.7
2021-03-11 00:00:18.0	Ana3 - 3: T.Abluft	20.5
2021-03-11 00:00:18.0	Ana4 - 4: T.Fortluft	13.1
2021-03-11 00:00:18.0	Ana5 - 5: T.Raum	9999.9
2021-03-11 00:00:18.0	Ana9 - 9: T.Zuluft WRG warm	19.6
2021-03-11 00:00:28.0	Ana1 - 1: T.Au?en	5.8
2021-03-11 00:00:28.0	Ana2 - 2: T.Zuluft	15.7
2021-03-11 00:00:28.0	Ana3 - 3: T.Abluft	20.5
2021-03-11 00:00:28.0	Ana4 - 4: T.Fortluft	13.1
2021-03-11 00:00:28.0	Ana5 - 5: T.Raum	9999.9
2021-03-11 00:00:28.0	Ana9 - 9: T.Zuluft WRG warm	19.6
2021-03-11 00:00:38.0	Ana1 - 1: T.Au?en	5.8
2021-03-11 00:00:38.0	Ana2 - 2: T.Zuluft	15.7
2021-03-11 00:00:38.0	Ana3 - 3: T.Abluft	20.5
2021-03-11 00:00:38.0	Ana4 - 4: T.Fortluft	13.1
2021-03-11 00:00:38.0	Ana5 - 5: T.Raum	9999.9
2021-03-11 00:00:38.0	Ana9 - 9: T.Zuluft WRG warm	19.6
2021-03-11 00:00:48.0	Ana1 - 1: T.Au?en	5.8
2021-03-11 00:00:48.0	Ana2 - 2: T.Zuluft	15.7
2021-03-11 00:00:48.0	Ana3 - 3: T.Abluft	20.5
2021-03-11 00:00:48.0	Ana4 - 4: T.Fortluft	13.1
2021-03-11 00:00:48.0	Ana5 - 5: T.Raum	9999.9
2021-03-11 00:00:48.0	Ana9 - 9: T.Zuluft WRG warm	19.6
2021-03-11 00:00:58.0	Ana1 - 1: T.Au?en	5.8
2021-03-11 00:00:58.0	Ana2 - 2: T.Zuluft	15.7
2021-03-11 00:00:58.0	Ana3 - 3: T.Abluft	20.5
2021-03-11 00:00:58.0	Ana4 - 4: T.Fortluft	13.1
2021-03-11 00:00:58.0	Ana5 - 5: T.Raum	9999.9
2021-03-11 00:00:58.0	Ana9 - 9: T.Zuluft WRG warm	19.6
2021-03-11 00:01:08.0	Ana1 - 1: T.Au?en	5.8
2021-03-11 00:01:08.0	Ana2 - 2: T.Zuluft	15.7
2021-03-11 00:01:08.0	Ana3 - 3: T.Abluft	20.5
2021-03-11 00:01:08.0	Ana4 - 4: T.Fortluft	13.1
2021-03-11 00:01:08.0	Ana5 - 5: T.Raum	9999.9
2021-03-11 00:01:08.0	Ana9 - 9: T.Zuluft WRG warm	19.6
2021-03-11 00:01:18.0	Ana1 - 1: T.Au?en	5.8
2021-03-11 00:01:18.0	Ana2 - 2: T.Zuluft	15.7
2021-03-11 00:01:18.0	Ana3 - 3: T.Abluft	20.5
2021-03-11 00:01:18.0	Ana4 - 4: T.Fortluft	13.1
2021-03-11 00:01:18.0	Ana5 - 5: T.Raum	9999.9
2021-03-11 00:01:18.0	Ana9 - 9: T.Zuluft WRG warm	19.6
2021-03-11 00:01:28.0	Ana1 - 1: T.Au?en	5.8
2021-03-11 00:01:28.0	Ana2 - 2: T.Zuluft	15.7
2021-03-11 00:01:28.0	Ana3 - 3: T.Abluft	20.5
2021-03-11 00:01:28.0	Ana4 - 4: T.Fortluft	13.1
2021-03-11 00:01:28.0	Ana5 - 5: T.Raum	9999.9
2021-03-11 00:01:28.0	Ana9 - 9: T.Zuluft WRG warm	19.6
2021-03-11 00:01:38.0	Ana1 - 1: T.Au?en	5.8
2021-03-11 00:01:38.0	Ana2 - 2: T.Zuluft	15.7
2021-03-11 00:01:38.0	Ana3 - 3: T.Abluft	20.5
2021-03-11 00:01:38.0	Ana4 - 4: T.Fortluft	13.1
2021-03-11 00:01:38.0	Ana5 - 5: T.Raum	9999.9
2021-03-11 00:01:38.0	Ana9 - 9: T.Zuluft WRG warm	19.6
2021-03-11 00:01:48.0	Ana1 - 1: T.Au?en	5.8
2021-03-11 00:01:48.0	Ana2 - 2: T.Zuluft	15.7
2021-03-11 00:01:48.0	Ana3 - 3: T.Abluft	20.5
2021-03-11 00:01:48.0	Ana4 - 4: T.Fortluft	13.1
2021-03-11 00:01:48.0	Ana5 - 5: T.Raum	9999.9
2021-03-11 00:01:48.0	Ana9 - 9: T.Zuluft WRG warm	19.6
2021-03-11 00:01:58.0	Ana1 - 1: T.Au?en	5.8
2021-03-11 00:01:58.0	Ana2 - 2: T.Zuluft	15.7
2021-03-11 00:01:58.0	Ana3 - 3: T.Abluft	20.5
2021-03-11 00:01:58.0	Ana4 - 4: T.Fortluft	13.1
2021-03-11 00:01:58.0	Ana5 - 5: T.Raum	9999.9
2021-03-11 00:01:58.0	Ana9 - 9: T.Zuluft WRG warm	19.6
2021-03-11 00:02:08.0	Ana1 - 1: T.Au?en	5.8
2021-03-11 00:02:08.0	Ana2 - 2: T.Zuluft	15.7
2021-03-11 00:02:08.0	Ana3 - 3: T.Abluft	20.5
2021-03-11 00:02:08.0	Ana4 - 4: T.Fortluft	13.1
2021-03-11 00:02:08.0	Ana5 - 5: T.Raum	9999.9
2021-03-11 00:02:08.0	Ana9 - 9: T.Zuluft WRG warm	19.6
2021-03-11 00:02:18.0	Ana1 - 1: T.Au?en	5.8
2021-03-11 00:02:18.0	Ana2 - 2: T.Zuluft	15.7
2021-03-11 00:02:18.0	Ana3 - 3: T.Abluft	20.5
2021-03-11 00:02:18.0	Ana4 - 4: T.Fortluft	13.1
2021-03-11 00:02:18.0	Ana5 - 5: T.Raum	9999.9
2021-03-11 00:02:18.0	Ana9 - 9: T.Zuluft WRG warm	19.6
2021-03-11 00:02:28.0	Ana1 - 1: T.Au?en	5.8
2021-03-11 00:02:28.0	Ana2 - 2: T.Zuluft	15.7
2021-03-11 00:02:28.0	Ana3 - 3: T.Abluft	20.5
2021-03-11 00:02:28.0	Ana4 - 4: T.Fortluft	13.1
2021-03-11 00:02:28.0	Ana5 - 5: T.Raum	9999.9
2021-03-11 00:02:28.0	Ana9 - 9: T.Zuluft WRG warm	19.6
2021-03-11 00:02:38.0	Ana1 - 1: T.Au?en	5.8
2021-03-11 00:02:38.0	Ana2 - 2: T.Zuluft	15.7
2021-03-11 00:02:38.0	Ana3 - 3: T.Abluft	20.5
2021-03-11 00:02:38.0	Ana4 - 4: T.Fortluft	13.1
2021-03-11 00:02:38.0	Ana5 - 5: T.Raum	9999.9
2021-03-11 00:02:38.0	Ana9 - 9: T.Zuluft WRG warm	19.6
2021-03-11 00:02:48.0	Ana1 - 1: T.Au?en	5.8
2021-03-11 00:02:48.0	Ana2 - 2: T.Zuluft	15.7
2021-03-11 00:02:48.0	Ana3 - 3: T.Abluft	20.5
2021-03-11 00:02:48.0	Ana4 - 4: T.Fortluft	13.1
2021-03-11 00:02:48.0	Ana5 - 5: T.Raum	9999.9
2021-03-11 00:02:48.0	Ana9 - 9: T.Zuluft WRG warm	19.6
2021-03-11 00:02:58.0	Ana1 - 1: T.Au?en	5.8
2021-03-11 00:02:58.0	Ana2 - 2: T.Zuluft	15.7
2021-03-11 00:02:58.0	Ana3 - 3: T.Abluft	20.5
2021-03-11 00:02:58.0	Ana4 - 4: T.Fortluft	13.1
2021-03-11 00:02:58.0	Ana5 - 5: T.Raum	9999.9
2021-03-11 00:02:58.0	Ana9 - 9: T.Zuluft WRG warm	19.6
2021-03-11 00:03:08.0	Ana1 - 1: T.Au?en	5.9
2021-03-11 00:03:08.0	Ana2 - 2: T.Zuluft	15.6
2021-03-11 00:03:08.0	Ana3 - 3: T.Abluft	20.5
2021-03-11 00:03:08.0	Ana4 - 4: T.Fortluft	13.1
2021-03-11 00:03:08.0	Ana5 - 5: T.Raum	9999.9
2021-03-11 00:03:08.0	Ana9 - 9: T.Zuluft WRG warm	19.6
2021-03-11 00:03:18.0	Ana1 - 1: T.Au?en	5.9
2021-03-11 00:03:18.0	Ana2 - 2: T.Zuluft	15.7
2021-03-11 00:03:18.0	Ana3 - 3: T.Abluft	20.5
2021-03-11 00:03:18.0	Ana4 - 4: T.Fortluft	13.1
2021-03-11 00:03:18.0	Ana5 - 5: T.Raum	9999.9
2021-03-11 00:03:18.0	Ana9 - 9: T.Zuluft WRG warm	19.6
2021-03-11 00:03:28.0	Ana1 - 1: T.Au?en	5.9
2021-03-11 00:03:28.0	Ana2 - 2: T.Zuluft	15.7
2021-03-11 00:03:28.0	Ana3 - 3: T.Abluft	20.5
2021-03-11 00:03:28.0	Ana4 - 4: T.Fortluft	13.1
2021-03-11 00:03:28.0	Ana5 - 5: T.Raum	9999.9
2021-03-11 00:03:28.0	Ana9 - 9: T.Zuluft WRG warm	19.6
2021-03-11 00:03:38.0	Ana1 - 1: T.Au?en	5.9
2021-03-11 00:03:38.0	Ana2 - 2: T.Zuluft	15.7
2021-03-11 00:03:38.0	Ana3 - 3: T.Abluft	20.5
2021-03-11 00:03:38.0	Ana4 - 4: T.Fortluft	13.1
2021-03-11 00:03:38.0	Ana5 - 5: T.Raum	9999.9
2021-03-11 00:03:38.0	Ana9 - 9: T.Zuluft WRG warm	19.6
2021-03-11 00:03:48.0	Ana1 - 1: T.Au?en	5.9
2021-03-11 00:03:48.0	Ana2 - 2: T.Zuluft	15.6
2021-03-11 00:03:48.0	Ana3 - 3: T.Abluft	20.5
2021-03-11 00:03:48.0	Ana4 - 4: T.Fortluft	13.1
2021-03-11 00:03:48.0	Ana5 - 5: T.Raum	9999.9
2021-03-11 00:03:48.0	Ana9 - 9: T.Zuluft WRG warm	19.6
2021-03-11 00:03:58.0	Ana1 - 1: T.Au?en	5.9
2021-03-11 00:03:58.0	Ana2 - 2: T.Zuluft	15.6
2021-03-11 00:03:58.0	Ana3 - 3: T.Abluft	20.5
2021-03-11 00:03:58.0	Ana4 - 4: T.Fortluft	13.1
2021-03-11 00:03:58.0	Ana5 - 5: T.Raum	9999.9
2021-03-11 00:03:58.0	Ana9 - 9: T.Zuluft WRG warm	19.6
2021-03-11 00:04:08.0	Ana1 - 1: T.Au?en	6.0
2021-03-11 00:04:08.0	Ana2 - 2: T.Zuluft	15.6
2021-03-11 00:04:08.0	Ana3 - 3: T.Abluft	20.5
2021-03-11 00:04:08.0	Ana4 - 4: T.Fortluft	13.1
2021-03-11 00:04:08.0	Ana5 - 5: T.Raum	9999.9
2021-03-11 00:04:08.0	Ana9 - 9: T.Zuluft WRG warm	19.6
2021-03-11 00:04:18.0	Ana1 - 1: T.Au?en	6.0
2021-03-11 00:04:18.0	Ana2 - 2: T.Zuluft	15.6
2021-03-11 00:04:18.0	Ana3 - 3: T.Abluft	20.5
2021-03-11 00:04:18.0	Ana4 - 4: T.Fortluft	13.1
2021-03-11 00:04:18.0	Ana5 - 5: T.Raum	9999.9
2021-03-11 00:04:18.0	Ana9 - 9: T.Zuluft WRG warm	19.6
2021-03-11 00:04:28.0	Ana1 - 1: T.Au?en	6.0
2021-03-11 00:04:28.0	Ana2 - 2: T.Zuluft	15.6
2021-03-11 00:04:28.0	Ana3 - 3: T.Abluft	20.5
2021-03-11 00:04:28.0	Ana4 - 4: T.Fortluft	13.1
2021-03-11 00:04:28.0	Ana5 - 5: T.Raum	9999.9
2021-03-11 00:04:28.0	Ana9 - 9: T.Zuluft WRG warm	19.6
2021-03-11 00:04:38.0	Ana1 - 1: T.Au?en	5.9
2021-03-11 00:04:38.0	Ana2 - 2: T.Zuluft	15.6
2021-03-11 00:04:38.0	Ana3 - 3: T.Abluft	20.5
2021-03-11 00:04:38.0	Ana4 - 4: T.Fortluft	13.1
2021-03-11 00:04:38.0	Ana5 - 5: T.Raum	9999.9
2021-03-11 00:04:38.0	Ana9 - 9: T.Zuluft WRG warm	19.6
2021-03-11 00:04:48.0	Ana1 - 1: T.Au?en	5.9
2021-03-11 00:04:48.0	Ana2 - 2: T.Zuluft	15.6
2021-03-11 00:04:48.0	Ana3 - 3: T.Abluft	20.5
2021-03-11 00:04:48.0	Ana4 - 4: T.Fortluft	13.1
2021-03-11 00:04:48.0	Ana5 - 5: T.Raum	9999.9
2021-03-11 00:04:48.0	Ana9 - 9: T.Zuluft WRG warm	19.6
2021-03-11 00:04:58.0	Ana1 - 1: T.Au?en	5.8
2021-03-11 00:04:58.0	Ana2 - 2: T.Zuluft	15.6
2021-03-11 00:04:58.0	Ana3 - 3: T.Abluft	20.5
2021-03-11 00:04:58.0	Ana4 - 4: T.Fortluft	13.1
2021-03-11 00:04:58.0	Ana5 - 5: T.Raum	9999.9
2021-03-11 00:04:58.0	Ana9 - 9: T.Zuluft WRG warm	19.6
2021-03-11 00:05:08.0	Ana1 - 1: T.Au?en	5.8
2021-03-11 00:05:08.0	Ana2 - 2: T.Zuluft	15.6
2021-03-11 00:05:08.0	Ana3 - 3: T.Abluft	20.5
2021-03-11 00:05:08.0	Ana4 - 4: T.Fortluft	13.1
2021-03-11 00:05:08.0	Ana5 - 5: T.Raum	9999.9
2021-03-11 00:05:08.0	Ana9 - 9: T.Zuluft WRG warm	19.6
2021-03-11 00:05:18.0	Ana1 - 1: T.Au?en	5.7
2021-03-11 00:05:18.0	Ana2 - 2: T.Zuluft	15.6
2021-03-11 00:05:18.0	Ana3 - 3: T.Abluft	20.5
2021-03-11 00:05:18.0	Ana4 - 4: T.Fortluft	13.1
2021-03-11 00:05:18.0	Ana5 - 5: T.Raum	9999.9
2021-03-11 00:05:18.0	Ana9 - 9: T.Zuluft WRG warm	19.6
2021-03-11 00:05:28.0	Ana1 - 1: T.Au?en	5.7
2021-03-11 00:05:28.0	Ana2 - 2: T.Zuluft	15.6
2021-03-11 00:05:28.0	Ana3 - 3: T.Abluft	20.5
2021-03-11 00:05:28.0	Ana4 - 4: T.Fortluft	13.1
2021-03-11 00:05:28.0	Ana5 - 5: T.Raum	9999.9
2021-03-11 00:05:28.0	Ana9 - 9: T.Zuluft WRG warm	19.6
2021-03-11 00:05:38.0	Ana1 - 1: T.Au?en	5.6
2021-03-11 00:05:38.0	Ana2 - 2: T.Zuluft	15.6
2021-03-11 00:05:38.0	Ana3 - 3: T.Abluft	20.5
2021-03-11 00:05:38.0	Ana4 - 4: T.Fortluft	13.1
2021-03-11 00:05:38.0	Ana5 - 5: T.Raum	9999.9
2021-03-11 00:05:38.0	Ana9 - 9: T.Zuluft WRG warm	19.6
2021-03-11 00:05:48.0	Ana1 - 1: T.Au?en	5.6
2021-03-11 00:05:48.0	Ana2 - 2: T.Zuluft	15.6
2021-03-11 00:05:48.0	Ana3 - 3: T.Abluft	20.5
2021-03-11 00:05:48.0	Ana4 - 4: T.Fortluft	13.1
2021-03-11 00:05:48.0	Ana5 - 5: T.Raum	9999.9
2021-03-11 00:05:48.0	Ana9 - 9: T.Zuluft WRG warm	19.6
2021-03-11 00:05:58.0	Ana1 - 1: T.Au?en	5.6
2021-03-11 00:05:58.0	Ana2 - 2: T.Zuluft	15.6
2021-03-11 00:05:58.0	Ana3 - 3: T.Abluft	20.5
2021-03-11 00:05:58.0	Ana4 - 4: T.Fortluft	13.1
2021-03-11 00:05:58.0	Ana5 - 5: T.Raum	9999.9
2021-03-11 00:05:58.0	Ana9 - 9: T.Zuluft WRG warm	19.6
2021-03-11 00:06:08.0	Ana1 - 1: T.Au?en	5.5
2021-03-11 00:06:08.0	Ana2 - 2: T.Zuluft	15.6
2021-03-11 00:06:08.0	Ana3 - 3: T.Abluft	20.5
2021-03-11 00:06:08.0	Ana4 - 4: T.Fortluft	13.1
2021-03-11 00:06:08.0	Ana5 - 5: T.Raum	9999.9
2021-03-11 00:06:08.0	Ana9 - 9: T.Zuluft WRG warm	19.6
2021-03-11 00:06:18.0	Ana1 - 1: T.Au?en	5.5
2021-03-11 00:06:18.0	Ana2 - 2: T.Zuluft	15.6
2021-03-11 00:06:18.0	Ana3 - 3: T.Abluft	20.5
2021-03-11 00:06:18.0	Ana4 - 4: T.Fortluft	13.1
2021-03-11 00:06:18.0	Ana5 - 5: T.Raum	9999.9
2021-03-11 00:06:18.0	Ana9 - 9: T.Zuluft WRG warm	19.6
2021-03-11 00:06:28.0	Ana1 - 1: T.Au?en	5.5
2021-03-11 00:06:28.0	Ana2 - 2: T.Zuluft	15.6
2021-03-11 00:06:28.0	Ana3 - 3: T.Abluft	20.5
2021-03-11 00:06:28.0	Ana4 - 4: T.Fortluft	13.1
2021-03-11 00:06:28.0	Ana5 - 5: T.Raum	9999.9
2021-03-11 00:06:28.0	Ana9 - 9: T.Zuluft WRG warm	19.6
2021-03-11 00:06:38.0	Ana1 - 1: T.Au?en	5.4
2021-03-11 00:06:38.0	Ana2 - 2: T.Zuluft	15.6
2021-03-11 00:06:38.0	Ana3 - 3: T.Abluft	20.5
2021-03-11 00:06:38.0	Ana4 - 4: T.Fortluft	13.1
2021-03-11 00:06:38.0	Ana5 - 5: T.Raum	9999.9
2021-03-11 00:06:38.0	Ana9 - 9: T.Zuluft WRG warm	19.6
2021-03-11 00:06:48.0	Ana1 - 1: T.Au?en	5.4
2021-03-11 00:06:48.0	Ana2 - 2: T.Zuluft	15.6
2021-03-11 00:06:48.0	Ana3 - 3: T.Abluft	20.5
2021-03-11 00:06:48.0	Ana4 - 4: T.Fortluft	13.1
2021-03-11 00:06:48.0	Ana5 - 5: T.Raum	9999.9
2021-03-11 00:06:48.0	Ana9 - 9: T.Zuluft WRG warm	19.6
2021-03-11 00:06:58.0	Ana1 - 1: T.Au?en	5.4
2021-03-11 00:06:58.0	Ana2 - 2: T.Zuluft	15.6
2021-03-11 00:06:58.0	Ana3 - 3: T.Abluft	20.5
2021-03-11 00:06:58.0	Ana4 - 4: T.Fortluft	13.1
2021-03-11 00:06:58.0	Ana5 - 5: T.Raum	9999.9
2021-03-11 00:06:58.0	Ana9 - 9: T.Zuluft WRG warm	19.6
2021-03-11 00:07:08.0	Ana1 - 1: T.Au?en	5.4
2021-03-11 00:07:08.0	Ana2 - 2: T.Zuluft	15.6
2021-03-11 00:07:08.0	Ana3 - 3: T.Abluft	20.5
2021-03-11 00:07:08.0	Ana4 - 4: T.Fortluft	13.1
2021-03-11 00:07:08.0	Ana5 - 5: T.Raum	9999.9
2021-03-11 00:07:08.0	Ana9 - 9: T.Zuluft WRG warm	19.6
2021-03-11 00:07:18.0	Ana1 - 1: T.Au?en	5.4
2021-03-11 00:07:18.0	Ana2 - 2: T.Zuluft	15.6
2021-03-11 00:07:18.0	Ana3 - 3: T.Abluft	20.5
2021-03-11 00:07:18.0	Ana4 - 4: T.Fortluft	13.1
2021-03-11 00:07:18.0	Ana5 - 5: T.Raum	9999.9
2021-03-11 00:07:18.0	Ana9 - 9: T.Zuluft WRG warm	19.6
2021-03-11 00:07:28.0	Ana1 - 1: T.Au?en	5.4
2021-03-11 00:07:28.0	Ana2 - 2: T.Zuluft	15.6
2021-03-11 00:07:28.0	Ana3 - 3: T.Abluft	20.5
2021-03-11 00:07:28.0	Ana4 - 4: T.Fortluft	13.1
2021-03-11 00:07:28.0	Ana5 - 5: T.Raum	9999.9
2021-03-11 00:07:28.0	Ana9 - 9: T.Zuluft WRG warm	19.6
2021-03-11 00:07:38.0	Ana1 - 1: T.Au?en	5.4
2021-03-11 00:07:38.0	Ana2 - 2: T.Zuluft	15.6
2021-03-11 00:07:38.0	Ana3 - 3: T.Abluft	20.5
2021-03-11 00:07:38.0	Ana4 - 4: T.Fortluft	13.1
2021-03-11 00:07:38.0	Ana5 - 5: T.Raum	9999.9
2021-03-11 00:07:38.0	Ana9 - 9: T.Zuluft WRG warm	19.6
2021-03-11 00:07:48.0	Ana1 - 1: T.Au?en	5.4
2021-03-11 00:07:48.0	Ana2 - 2: T.Zuluft	15.6
2021-03-11 00:07:48.0	Ana3 - 3: T.Abluft	20.5
2021-03-11 00:07:48.0	Ana4 - 4: T.Fortluft	13.1
2021-03-11 00:07:48.0	Ana5 - 5: T.Raum	9999.9
2021-03-11 00:07:48.0	Ana9 - 9: T.Zuluft WRG warm	19.6
2021-03-11 00:07:58.0	Ana1 - 1: T.Au?en	5.3
2021-03-11 00:07:58.0	Ana2 - 2: T.Zuluft	15.6
2021-03-11 00:07:58.0	Ana3 - 3: T.Abluft	20.5
2021-03-11 00:07:58.0	Ana4 - 4: T.Fortluft	13.1
2021-03-11 00:07:58.0	Ana5 - 5: T.Raum	9999.9
2021-03-11 00:07:58.0	Ana9 - 9: T.Zuluft WRG warm	19.6
2021-03-11 00:08:08.0	Ana1 - 1: T.Au?en	5.3
2021-03-11 00:08:08.0	Ana2 - 2: T.Zuluft	15.6
2021-03-11 00:08:08.0	Ana3 - 3: T.Abluft	20.5
2021-03-11 00:08:08.0	Ana4 - 4: T.Fortluft	13.1
2021-03-11 00:08:08.0	Ana5 - 5: T.Raum	9999.9
2021-03-11 00:08:08.0	Ana9 - 9: T.Zuluft WRG warm	19.6
2021-03-11 00:08:18.0	Ana1 - 1: T.Au?en	5.3
2021-03-11 00:08:18.0	Ana2 - 2: T.Zuluft	15.6
2021-03-11 00:08:18.0	Ana3 - 3: T.Abluft	20.5
2021-03-11 00:08:18.0	Ana4 - 4: T.Fortluft	13.1
2021-03-11 00:08:18.0	Ana5 - 5: T.Raum	9999.9
2021-03-11 00:08:18.0	Ana9 - 9: T.Zuluft WRG warm	19.6
2021-03-11 00:08:28.0	Ana1 - 1: T.Au?en	5.3
2021-03-11 00:08:28.0	Ana2 - 2: T.Zuluft	15.6
2021-03-11 00:08:28.0	Ana3 - 3: T.Abluft	20.5
2021-03-11 00:08:28.0	Ana4 - 4: T.Fortluft	13.1
2021-03-11 00:08:28.0	Ana5 - 5: T.Raum	9999.9
2021-03-11 00:08:28.0	Ana9 - 9: T.Zuluft WRG warm	19.6
2021-03-11 00:08:38.0	Ana1 - 1: T.Au?en	5.3
2021-03-11 00:08:38.0	Ana2 - 2: T.Zuluft	15.6
2021-03-11 00:08:38.0	Ana3 - 3: T.Abluft	20.5
2021-03-11 00:08:38.0	Ana4 - 4: T.Fortluft	13.1
2021-03-11 00:08:38.0	Ana5 - 5: T.Raum	9999.9
2021-03-11 00:08:38.0	Ana9 - 9: T.Zuluft WRG warm	19.6
2021-03-11 00:08:48.0	Ana1 - 1: T.Au?en	5.3
2021-03-11 00:08:48.0	Ana2 - 2: T.Zuluft	15.6
2021-03-11 00:08:48.0	Ana3 - 3: T.Abluft	20.5
2021-03-11 00:08:48.0	Ana4 - 4: T.Fortluft	13.1
2021-03-11 00:08:48.0	Ana5 - 5: T.Raum	9999.9
2021-03-11 00:08:48.0	Ana9 - 9: T.Zuluft WRG warm	19.6
2021-03-11 00:08:58.0	Ana1 - 1: T.Au?en	5.2
2021-03-11 00:08:58.0	Ana2 - 2: T.Zuluft	15.6
2021-03-11 00:08:58.0	Ana3 - 3: T.Abluft	20.5
2021-03-11 00:08:58.0	Ana4 - 4: T.Fortluft	13.1
2021-03-11 00:08:58.0	Ana5 - 5: T.Raum	9999.9
2021-03-11 00:08:58.0	Ana9 - 9: T.Zuluft WRG warm	19.6
2021-03-11 00:09:08.0	Ana1 - 1: T.Au?en	5.2
2021-03-11 00:09:08.0	Ana2 - 2: T.Zuluft	15.6
2021-03-11 00:09:08.0	Ana3 - 3: T.Abluft	20.5
2021-03-11 00:09:08.0	Ana4 - 4: T.Fortluft	13.1
2021-03-11 00:09:08.0	Ana5 - 5: T.Raum	9999.9
2021-03-11 00:09:08.0	Ana9 - 9: T.Zuluft WRG warm	19.6
2021-03-11 00:09:18.0	Ana1 - 1: T.Au?en	5.2
2021-03-11 00:09:18.0	Ana2 - 2: T.Zuluft	15.6
2021-03-11 00:09:18.0	Ana3 - 3: T.Abluft	20.5
2021-03-11 00:09:18.0	Ana4 - 4: T.Fortluft	13.1
2021-03-11 00:09:18.0	Ana5 - 5: T.Raum	9999.9
2021-03-11 00:09:18.0	Ana9 - 9: T.Zuluft WRG warm	19.6
2021-03-11 00:09:28.0	Ana1 - 1: T.Au?en	5.2
2021-03-11 00:09:28.0	Ana2 - 2: T.Zuluft	15.6
2021-03-11 00:09:28.0	Ana3 - 3: T.Abluft	20.5
2021-03-11 00:09:28.0	Ana4 - 4: T.Fortluft	13.1
2021-03-11 00:09:28.0	Ana5 - 5: T.Raum	9999.9
2021-03-11 00:09:28.0	Ana9 - 9: T.Zuluft WRG warm	19.6
2021-03-11 00:09:38.0	Ana1 - 1: T.Au?en	5.2
2021-03-11 00:09:38.0	Ana2 - 2: T.Zuluft	15.6
2021-03-11 00:09:38.0	Ana3 - 3: T.Abluft	20.5
2021-03-11 00:09:38.0	Ana4 - 4: T.Fortluft	13.1
2021-03-11 00:09:38.0	Ana5 - 5: T.Raum	9999.9
2021-03-11 00:09:38.0	Ana9 - 9: T.Zuluft WRG warm	19.6
2021-03-11 00:09:48.0	Ana1 - 1: T.Au?en	5.2
2021-03-11 00:09:48.0	Ana2 - 2: T.Zuluft	15.6
2021-03-11 00:09:48.0	Ana3 - 3: T.Abluft	20.5
2021-03-11 00:09:48.0	Ana4 - 4: T.Fortluft	13.0
2021-03-11 00:09:48.0	Ana5 - 5: T.Raum	9999.9
2021-03-11 00:09:48.0	Ana9 - 9: T.Zuluft WRG warm	19.6
2021-03-11 00:09:58.0	Ana1 - 1: T.Au?en	5.3
2021-03-11 00:09:58.0	Ana2 - 2: T.Zuluft	15.6
2021-03-11 00:09:58.0	Ana3 - 3: T.Abluft	20.5
2021-03-11 00:09:58.0	Ana4 - 4: T.Fortluft	13.0
2021-03-11 00:09:58.0	Ana5 - 5: T.Raum	9999.9
2021-03-11 00:09:58.0	Ana9 - 9: T.Zuluft WRG warm	19.6
2021-03-11 00:10:08.0	Ana1 - 1: T.Au?en	5.3
2021-03-11 00:10:08.0	Ana2 - 2: T.Zuluft	15.6
2021-03-11 00:10:08.0	Ana3 - 3: T.Abluft	20.5
2021-03-11 00:10:08.0	Ana4 - 4: T.Fortluft	13.0
2021-03-11 00:10:08.0	Ana5 - 5: T.Raum	9999.9
2021-03-11 00:10:08.0	Ana9 - 9: T.Zuluft WRG warm	19.6
2021-03-11 00:10:18.0	Ana1 - 1: T.Au?en	5.3
2021-03-11 00:10:18.0	Ana2 - 2: T.Zuluft	15.6
2021-03-11 00:10:18.0	Ana3 - 3: T.Abluft	20.5
2021-03-11 00:10:18.0	Ana4 - 4: T.Fortluft	13.0
2021-03-11 00:10:18.0	Ana5 - 5: T.Raum	9999.9
2021-03-11 00:10:18.0	Ana9 - 9: T.Zuluft WRG warm	19.6
2021-03-11 00:10:28.0	Ana1 - 1: T.Au?en	5.4
2021-03-11 00:10:28.0	Ana2 - 2: T.Zuluft	15.6
2021-03-11 00:10:28.0	Ana3 - 3: T.Abluft	20.5
2021-03-11 00:10:28.0	Ana4 - 4: T.Fortluft	13.0
2021-03-11 00:10:28.0	Ana5 - 5: T.Raum	9999.9
2021-03-11 00:10:28.0	Ana9 - 9: T.Zuluft WRG warm	19.6
2021-03-11 00:10:38.0	Ana1 - 1: T.Au?en	5.4
2021-03-11 00:10:38.0	Ana2 - 2: T.Zuluft	15.6
2021-03-11 00:10:38.0	Ana3 - 3: T.Abluft	20.5
2021-03-11 00:10:38.0	Ana4 - 4: T.Fortluft	13.0
2021-03-11 00:10:38.0	Ana5 - 5: T.Raum	9999.9
2021-03-11 00:10:38.0	Ana9 - 9: T.Zuluft WRG warm	19.6
2021-03-11 00:10:48.0	Ana1 - 1: T.Au?en	5.5
2021-03-11 00:10:48.0	Ana2 - 2: T.Zuluft	15.6
2021-03-11 00:10:48.0	Ana3 - 3: T.Abluft	20.5
2021-03-11 00:10:48.0	Ana4 - 4: T.Fortluft	13.0
2021-03-11 00:10:48.0	Ana5 - 5: T.Raum	9999.9
2021-03-11 00:10:48.0	Ana9 - 9: T.Zuluft WRG warm	19.6
2021-03-11 00:10:58.0	Ana1 - 1: T.Au?en	5.6
2021-03-11 00:10:58.0	Ana2 - 2: T.Zuluft	15.6
2021-03-11 00:10:58.0	Ana3 - 3: T.Abluft	20.5
2021-03-11 00:10:58.0	Ana4 - 4: T.Fortluft	13.0
2021-03-11 00:10:58.0	Ana5 - 5: T.Raum	9999.9
2021-03-11 00:10:58.0	Ana9 - 9: T.Zuluft WRG warm	19.6
2021-03-11 00:11:08.0	Ana1 - 1: T.Au?en	5.6
2021-03-11 00:11:08.0	Ana2 - 2: T.Zuluft	15.6
2021-03-11 00:11:08.0	Ana3 - 3: T.Abluft	20.5
2021-03-11 00:11:08.0	Ana4 - 4: T.Fortluft	13.0
2021-03-11 00:11:08.0	Ana5 - 5: T.Raum	9999.9
2021-03-11 00:11:08.0	Ana9 - 9: T.Zuluft WRG warm	19.6
2021-03-11 00:11:18.0	Ana1 - 1: T.Au?en	5.7
2021-03-11 00:11:18.0	Ana2 - 2: T.Zuluft	15.6
2021-03-11 00:11:18.0	Ana3 - 3: T.Abluft	20.5
2021-03-11 00:11:18.0	Ana4 - 4: T.Fortluft	13.0
2021-03-11 00:11:18.0	Ana5 - 5: T.Raum	9999.9
2021-03-11 00:11:18.0	Ana9 - 9: T.Zuluft WRG warm	19.6
2021-03-11 00:11:28.0	Ana1 - 1: T.Au?en	5.7
2021-03-11 00:11:28.0	Ana2 - 2: T.Zuluft	15.6
2021-03-11 00:11:28.0	Ana3 - 3: T.Abluft	20.5
2021-03-11 00:11:28.0	Ana4 - 4: T.Fortluft	13.0
2021-03-11 00:11:28.0	Ana5 - 5: T.Raum	9999.9
2021-03-11 00:11:28.0	Ana9 - 9: T.Zuluft WRG warm	19.6
2021-03-11 00:11:38.0	Ana1 - 1: T.Au?en	5.8
2021-03-11 00:11:38.0	Ana2 - 2: T.Zuluft	15.6
2021-03-11 00:11:38.0	Ana3 - 3: T.Abluft	20.5
2021-03-11 00:11:38.0	Ana4 - 4: T.Fortluft	13.0
2021-03-11 00:11:38.0	Ana5 - 5: T.Raum	9999.9
2021-03-11 00:11:38.0	Ana9 - 9: T.Zuluft WRG warm	19.6
2021-03-11 00:11:48.0	Ana1 - 1: T.Au?en	5.8
2021-03-11 00:11:48.0	Ana2 - 2: T.Zuluft	15.6
2021-03-11 00:11:48.0	Ana3 - 3: T.Abluft	20.5
2021-03-11 00:11:48.0	Ana4 - 4: T.Fortluft	13.0
2021-03-11 00:11:48.0	Ana5 - 5: T.Raum	9999.9
2021-03-11 00:11:48.0	Ana9 - 9: T.Zuluft WRG warm	19.6
2021-03-11 00:11:58.0	Ana1 - 1: T.Au?en	5.8
2021-03-11 00:11:58.0	Ana2 - 2: T.Zuluft	15.6
2021-03-11 00:11:58.0	Ana3 - 3: T.Abluft	20.5
2021-03-11 00:11:58.0	Ana4 - 4: T.Fortluft	13.0
2021-03-11 00:11:58.0	Ana5 - 5: T.Raum	9999.9
2021-03-11 00:11:58.0	Ana9 - 9: T.Zuluft WRG warm	19.6
2021-03-11 00:12:08.0	Ana1 - 1: T.Au?en	5.9
2021-03-11 00:12:08.0	Ana2 - 2: T.Zuluft	15.6
2021-03-11 00:12:08.0	Ana3 - 3: T.Abluft	20.5
2021-03-11 00:12:08.0	Ana4 - 4: T.Fortluft	13.0
2021-03-11 00:12:08.0	Ana5 - 5: T.Raum	9999.9
2021-03-11 00:12:08.0	Ana9 - 9: T.Zuluft WRG warm	19.6
2021-03-11 00:12:18.0	Ana1 - 1: T.Au?en	5.9
2021-03-11 00:12:18.0	Ana2 - 2: T.Zuluft	15.6
2021-03-11 00:12:18.0	Ana3 - 3: T.Abluft	20.5
2021-03-11 00:12:18.0	Ana4 - 4: T.Fortluft	13.0
2021-03-11 00:12:18.0	Ana5 - 5: T.Raum	9999.9
2021-03-11 00:12:18.0	Ana9 - 9: T.Zuluft WRG warm	19.6
2021-03-11 00:12:28.0	Ana1 - 1: T.Au?en	5.8
2021-03-11 00:12:28.0	Ana2 - 2: T.Zuluft	15.6
2021-03-11 00:12:28.0	Ana3 - 3: T.Abluft	20.5
2021-03-11 00:12:28.0	Ana4 - 4: T.Fortluft	13.0
2021-03-11 00:12:28.0	Ana5 - 5: T.Raum	9999.9
2021-03-11 00:12:28.0	Ana9 - 9: T.Zuluft WRG warm	19.6
2021-03-11 00:12:38.0	Ana1 - 1: T.Au?en	5.7
2021-03-11 00:12:38.0	Ana2 - 2: T.Zuluft	15.6
2021-03-11 00:12:38.0	Ana3 - 3: T.Abluft	20.5
2021-03-11 00:12:38.0	Ana4 - 4: T.Fortluft	13.0
2021-03-11 00:12:38.0	Ana5 - 5: T.Raum	9999.9
2021-03-11 00:12:38.0	Ana9 - 9: T.Zuluft WRG warm	19.6
2021-03-11 00:12:48.0	Ana1 - 1: T.Au?en	5.7
2021-03-11 00:12:48.0	Ana2 - 2: T.Zuluft	15.6
2021-03-11 00:12:48.0	Ana3 - 3: T.Abluft	20.5
2021-03-11 00:12:48.0	Ana4 - 4: T.Fortluft	13.0
2021-03-11 00:12:48.0	Ana5 - 5: T.Raum	9999.9
2021-03-11 00:12:48.0	Ana9 - 9: T.Zuluft WRG warm	19.6
2021-03-11 00:12:58.0	Ana1 - 1: T.Au?en	5.8
2021-03-11 00:12:58.0	Ana2 - 2: T.Zuluft	15.6
2021-03-11 00:12:58.0	Ana3 - 3: T.Abluft	20.5
2021-03-11 00:12:58.0	Ana4 - 4: T.Fortluft	13.0
2021-03-11 00:12:58.0	Ana5 - 5: T.Raum	9999.9
2021-03-11 00:12:58.0	Ana9 - 9: T.Zuluft WRG warm	19.6
2021-03-11 00:13:08.0	Ana1 - 1: T.Au?en	5.8
2021-03-11 00:13:08.0	Ana2 - 2: T.Zuluft	15.6
2021-03-11 00:13:08.0	Ana3 - 3: T.Abluft	20.5
2021-03-11 00:13:08.0	Ana4 - 4: T.Fortluft	13.0
2021-03-11 00:13:08.0	Ana5 - 5: T.Raum	9999.9
2021-03-11 00:13:08.0	Ana9 - 9: T.Zuluft WRG warm	19.6
2021-03-11 00:13:18.0	Ana1 - 1: T.Au?en	5.9
2021-03-11 00:13:18.0	Ana2 - 2: T.Zuluft	15.6
2021-03-11 00:13:18.0	Ana3 - 3: T.Abluft	20.5
2021-03-11 00:13:18.0	Ana4 - 4: T.Fortluft	13.0
2021-03-11 00:13:18.0	Ana5 - 5: T.Raum	9999.9
2021-03-11 00:13:18.0	Ana9 - 9: T.Zuluft WRG warm	19.6
2021-03-11 00:13:28.0	Ana1 - 1: T.Au?en	5.9
2021-03-11 00:13:28.0	Ana2 - 2: T.Zuluft	15.6
2021-03-11 00:13:28.0	Ana3 - 3: T.Abluft	20.5
2021-03-11 00:13:28.0	Ana4 - 4: T.Fortluft	13.0
2021-03-11 00:13:28.0	Ana5 - 5: T.Raum	9999.9
2021-03-11 00:13:28.0	Ana9 - 9: T.Zuluft WRG warm	19.6
2021-03-11 00:13:38.0	Ana1 - 1: T.Au?en	6.0
2021-03-11 00:13:38.0	Ana2 - 2: T.Zuluft	15.6
2021-03-11 00:13:38.0	Ana3 - 3: T.Abluft	20.5
2021-03-11 00:13:38.0	Ana4 - 4: T.Fortluft	13.0
2021-03-11 00:13:38.0	Ana5 - 5: T.Raum	9999.9
2021-03-11 00:13:38.0	Ana9 - 9: T.Zuluft WRG warm	19.6
2021-03-11 00:13:48.0	Ana1 - 1: T.Au?en	6.1
2021-03-11 00:13:48.0	Ana2 - 2: T.Zuluft	15.6
2021-03-11 00:13:48.0	Ana3 - 3: T.Abluft	20.5
2021-03-11 00:13:48.0	Ana4 - 4: T.Fortluft	13.0
2021-03-11 00:13:48.0	Ana5 - 5: T.Raum	9999.9
2021-03-11 00:13:48.0	Ana9 - 9: T.Zuluft WRG warm	19.6
2021-03-11 00:13:58.0	Ana1 - 1: T.Au?en	6.1
2021-03-11 00:13:58.0	Ana2 - 2: T.Zuluft	15.6
2021-03-11 00:13:58.0	Ana3 - 3: T.Abluft	20.5
2021-03-11 00:13:58.0	Ana4 - 4: T.Fortluft	13.0
2021-03-11 00:13:58.0	Ana5 - 5: T.Raum	9999.9
2021-03-11 00:13:58.0	Ana9 - 9: T.Zuluft WRG warm	19.6
2021-03-11 00:14:08.0	Ana1 - 1: T.Au?en	6.1
2021-03-11 00:14:08.0	Ana2 - 2: T.Zuluft	15.5
2021-03-11 00:14:08.0	Ana3 - 3: T.Abluft	20.5
2021-03-11 00:14:08.0	Ana4 - 4: T.Fortluft	13.0
2021-03-11 00:14:08.0	Ana5 - 5: T.Raum	9999.9
2021-03-11 00:14:08.0	Ana9 - 9: T.Zuluft WRG warm	19.6
2021-03-11 00:14:18.0	Ana1 - 1: T.Au?en	6.2
2021-03-11 00:14:18.0	Ana2 - 2: T.Zuluft	15.5
2021-03-11 00:14:18.0	Ana3 - 3: T.Abluft	20.5
2021-03-11 00:14:18.0	Ana4 - 4: T.Fortluft	13.0
2021-03-11 00:14:18.0	Ana5 - 5: T.Raum	9999.9
2021-03-11 00:14:18.0	Ana9 - 9: T.Zuluft WRG warm	19.6
2021-03-11 00:14:28.0	Ana1 - 1: T.Au?en	6.2
2021-03-11 00:14:28.0	Ana2 - 2: T.Zuluft	15.5
2021-03-11 00:14:28.0	Ana3 - 3: T.Abluft	20.5
2021-03-11 00:14:28.0	Ana4 - 4: T.Fortluft	13.0
2021-03-11 00:14:28.0	Ana5 - 5: T.Raum	9999.9
2021-03-11 00:14:28.0	Ana9 - 9: T.Zuluft WRG warm	19.6
2021-03-11 00:14:38.0	Ana1 - 1: T.Au?en	6.2
2021-03-11 00:14:38.0	Ana2 - 2: T.Zuluft	15.5
2021-03-11 00:14:38.0	Ana3 - 3: T.Abluft	20.5
2021-03-11 00:14:38.0	Ana4 - 4: T.Fortluft	13.0
2021-03-11 00:14:38.0	Ana5 - 5: T.Raum	9999.9
2021-03-11 00:14:38.0	Ana9 - 9: T.Zuluft WRG warm	19.6
2021-03-11 00:14:48.0	Ana1 - 1: T.Au?en	6.2
2021-03-11 00:14:48.0	Ana2 - 2: T.Zuluft	15.5
2021-03-11 00:14:48.0	Ana3 - 3: T.Abluft	20.5
2021-03-11 00:14:48.0	Ana4 - 4: T.Fortluft	13.0
2021-03-11 00:14:48.0	Ana5 - 5: T.Raum	9999.9
2021-03-11 00:14:48.0	Ana9 - 9: T.Zuluft WRG warm	19.6
2021-03-11 00:14:58.0	Ana1 - 1: T.Au?en	6.2
2021-03-11 00:14:58.0	Ana2 - 2: T.Zuluft	15.5
2021-03-11 00:14:58.0	Ana3 - 3: T.Abluft	20.5
2021-03-11 00:14:58.0	Ana4 - 4: T.Fortluft	13.0
2021-03-11 00:14:58.0	Ana5 - 5: T.Raum	9999.9
2021-03-11 00:14:58.0	Ana9 - 9: T.Zuluft WRG warm	19.6
2021-03-11 00:15:08.0	Ana1 - 1: T.Au?en	6.2
2021-03-11 00:15:08.0	Ana2 - 2: T.Zuluft	15.5
2021-03-11 00:15:08.0	Ana3 - 3: T.Abluft	20.4
2021-03-11 00:15:08.0	Ana4 - 4: T.Fortluft	13.0
2021-03-11 00:15:08.0	Ana5 - 5: T.Raum	9999.9
2021-03-11 00:15:08.0	Ana9 - 9: T.Zuluft WRG warm	19.6
2021-03-11 00:15:18.0	Ana1 - 1: T.Au?en	6.3
2021-03-11 00:15:18.0	Ana2 - 2: T.Zuluft	15.5
2021-03-11 00:15:18.0	Ana3 - 3: T.Abluft	20.4
2021-03-11 00:15:18.0	Ana4 - 4: T.Fortluft	13.0
2021-03-11 00:15:18.0	Ana5 - 5: T.Raum	9999.9
2021-03-11 00:15:18.0	Ana9 - 9: T.Zuluft WRG warm	19.6
2021-03-11 00:15:28.0	Ana1 - 1: T.Au?en	6.3
2021-03-11 00:15:28.0	Ana2 - 2: T.Zuluft	15.5
2021-03-11 00:15:28.0	Ana3 - 3: T.Abluft	20.5
2021-03-11 00:15:28.0	Ana4 - 4: T.Fortluft	13.0
2021-03-11 00:15:28.0	Ana5 - 5: T.Raum	9999.9
2021-03-11 00:15:28.0	Ana9 - 9: T.Zuluft WRG warm	19.6
2021-03-11 00:15:38.0	Ana1 - 1: T.Au?en	6.4
2021-03-11 00:15:38.0	Ana2 - 2: T.Zuluft	15.5
2021-03-11 00:15:38.0	Ana3 - 3: T.Abluft	20.4
2021-03-11 00:15:38.0	Ana4 - 4: T.Fortluft	13.0
2021-03-11 00:15:38.0	Ana5 - 5: T.Raum	9999.9
2021-03-11 00:15:38.0	Ana9 - 9: T.Zuluft WRG warm	19.6
2021-03-11 00:15:48.0	Ana1 - 1: T.Au?en	6.3
2021-03-11 00:15:48.0	Ana2 - 2: T.Zuluft	15.5
2021-03-11 00:15:48.0	Ana3 - 3: T.Abluft	20.5
2021-03-11 00:15:48.0	Ana4 - 4: T.Fortluft	13.0
2021-03-11 00:15:48.0	Ana5 - 5: T.Raum	9999.9
2021-03-11 00:15:48.0	Ana9 - 9: T.Zuluft WRG warm	19.6
2021-03-11 00:15:58.0	Ana1 - 1: T.Au?en	6.2
2021-03-11 00:15:58.0	Ana2 - 2: T.Zuluft	15.5
2021-03-11 00:15:58.0	Ana3 - 3: T.Abluft	20.4
2021-03-11 00:15:58.0	Ana4 - 4: T.Fortluft	13.0
2021-03-11 00:15:58.0	Ana5 - 5: T.Raum	9999.9
2021-03-11 00:15:58.0	Ana9 - 9: T.Zuluft WRG warm	19.6
2021-03-11 00:16:08.0	Ana1 - 1: T.Au?en	6.2
2021-03-11 00:16:08.0	Ana2 - 2: T.Zuluft	15.5
2021-03-11 00:16:08.0	Ana3 - 3: T.Abluft	20.4
2021-03-11 00:16:08.0	Ana4 - 4: T.Fortluft	12.9
2021-03-11 00:16:08.0	Ana5 - 5: T.Raum	9999.9
2021-03-11 00:16:08.0	Ana9 - 9: T.Zuluft WRG warm	19.6
2021-03-11 00:16:18.0	Ana1 - 1: T.Au?en	6.2
2021-03-11 00:16:18.0	Ana2 - 2: T.Zuluft	15.5
2021-03-11 00:16:18.0	Ana3 - 3: T.Abluft	20.4
2021-03-11 00:16:18.0	Ana4 - 4: T.Fortluft	12.9
2021-03-11 00:16:18.0	Ana5 - 5: T.Raum	9999.9
2021-03-11 00:16:18.0	Ana9 - 9: T.Zuluft WRG warm	19.6
2021-03-11 00:16:28.0	Ana1 - 1: T.Au?en	6.1
2021-03-11 00:16:28.0	Ana2 - 2: T.Zuluft	15.5
2021-03-11 00:16:28.0	Ana3 - 3: T.Abluft	20.4
2021-03-11 00:16:28.0	Ana4 - 4: T.Fortluft	13.0
2021-03-11 00:16:28.0	Ana5 - 5: T.Raum	9999.9
2021-03-11 00:16:28.0	Ana9 - 9: T.Zuluft WRG warm	19.6
2021-03-11 00:16:38.0	Ana1 - 1: T.Au?en	6.0
2021-03-11 00:16:38.0	Ana2 - 2: T.Zuluft	15.5
2021-03-11 00:16:38.0	Ana3 - 3: T.Abluft	20.4
2021-03-11 00:16:38.0	Ana4 - 4: T.Fortluft	12.9
2021-03-11 00:16:38.0	Ana5 - 5: T.Raum	9999.9
2021-03-11 00:16:38.0	Ana9 - 9: T.Zuluft WRG warm	19.6
2021-03-11 00:16:48.0	Ana1 - 1: T.Au?en	5.9
2021-03-11 00:16:48.0	Ana2 - 2: T.Zuluft	15.5
2021-03-11 00:16:48.0	Ana3 - 3: T.Abluft	20.4
2021-03-11 00:16:48.0	Ana4 - 4: T.Fortluft	12.9
2021-03-11 00:16:48.0	Ana5 - 5: T.Raum	9999.9
2021-03-11 00:16:48.0	Ana9 - 9: T.Zuluft WRG warm	19.6
2021-03-11 00:16:58.0	Ana1 - 1: T.Au?en	5.8
2021-03-11 00:16:58.0	Ana2 - 2: T.Zuluft	15.5
2021-03-11 00:16:58.0	Ana3 - 3: T.Abluft	20.5
2021-03-11 00:16:58.0	Ana4 - 4: T.Fortluft	12.9
2021-03-11 00:16:58.0	Ana5 - 5: T.Raum	9999.9
2021-03-11 00:16:58.0	Ana9 - 9: T.Zuluft WRG warm	19.6
2021-03-11 00:17:08.0	Ana1 - 1: T.Au?en	5.7
2021-03-11 00:17:08.0	Ana2 - 2: T.Zuluft	15.5
2021-03-11 00:17:08.0	Ana3 - 3: T.Abluft	20.4
2021-03-11 00:17:08.0	Ana4 - 4: T.Fortluft	12.9
2021-03-11 00:17:08.0	Ana5 - 5: T.Raum	9999.9
2021-03-11 00:17:08.0	Ana9 - 9: T.Zuluft WRG warm	19.6
2021-03-11 00:17:18.0	Ana1 - 1: T.Au?en	5.6
2021-03-11 00:17:18.0	Ana2 - 2: T.Zuluft	15.5
2021-03-11 00:17:18.0	Ana3 - 3: T.Abluft	20.4
2021-03-11 00:17:18.0	Ana4 - 4: T.Fortluft	12.9
2021-03-11 00:17:18.0	Ana5 - 5: T.Raum	9999.9
2021-03-11 00:17:18.0	Ana9 - 9: T.Zuluft WRG warm	19.6
2021-03-11 00:17:28.0	Ana1 - 1: T.Au?en	5.5
2021-03-11 00:17:28.0	Ana2 - 2: T.Zuluft	15.5
2021-03-11 00:17:28.0	Ana3 - 3: T.Abluft	20.4
2021-03-11 00:17:28.0	Ana4 - 4: T.Fortluft	12.9
2021-03-11 00:17:28.0	Ana5 - 5: T.Raum	9999.9
2021-03-11 00:17:28.0	Ana9 - 9: T.Zuluft WRG warm	19.6
2021-03-11 00:17:38.0	Ana1 - 1: T.Au?en	5.5
2021-03-11 00:17:38.0	Ana2 - 2: T.Zuluft	15.5
2021-03-11 00:17:38.0	Ana3 - 3: T.Abluft	20.4
2021-03-11 00:17:38.0	Ana4 - 4: T.Fortluft	12.9
2021-03-11 00:17:38.0	Ana5 - 5: T.Raum	9999.9
2021-03-11 00:17:38.0	Ana9 - 9: T.Zuluft WRG warm	19.6
2021-03-11 00:17:48.0	Ana1 - 1: T.Au?en	5.4
2021-03-11 00:17:48.0	Ana2 - 2: T.Zuluft	15.5
2021-03-11 00:17:48.0	Ana3 - 3: T.Abluft	20.4
2021-03-11 00:17:48.0	Ana4 - 4: T.Fortluft	12.9
2021-03-11 00:17:48.0	Ana5 - 5: T.Raum	9999.9
2021-03-11 00:17:48.0	Ana9 - 9: T.Zuluft WRG warm	19.6
2021-03-11 00:17:58.0	Ana1 - 1: T.Au?en	5.4
2021-03-11 00:17:58.0	Ana2 - 2: T.Zuluft	15.5
2021-03-11 00:17:58.0	Ana3 - 3: T.Abluft	20.4
2021-03-11 00:17:58.0	Ana4 - 4: T.Fortluft	12.9
2021-03-11 00:17:58.0	Ana5 - 5: T.Raum	9999.9
2021-03-11 00:17:58.0	Ana9 - 9: T.Zuluft WRG warm	19.6
2021-03-11 00:18:08.0	Ana1 - 1: T.Au?en	5.3
2021-03-11 00:18:08.0	Ana2 - 2: T.Zuluft	15.5
2021-03-11 00:18:08.0	Ana3 - 3: T.Abluft	20.4
2021-03-11 00:18:08.0	Ana4 - 4: T.Fortluft	12.9
2021-03-11 00:18:08.0	Ana5 - 5: T.Raum	9999.9
2021-03-11 00:18:08.0	Ana9 - 9: T.Zuluft WRG warm	19.6
2021-03-11 00:18:18.0	Ana1 - 1: T.Au?en	5.3
2021-03-11 00:18:18.0	Ana2 - 2: T.Zuluft	15.5
2021-03-11 00:18:18.0	Ana3 - 3: T.Abluft	20.4
2021-03-11 00:18:18.0	Ana4 - 4: T.Fortluft	12.9
2021-03-11 00:18:18.0	Ana5 - 5: T.Raum	9999.9
2021-03-11 00:18:18.0	Ana9 - 9: T.Zuluft WRG warm	19.6
2021-03-11 00:18:28.0	Ana1 - 1: T.Au?en	5.3
2021-03-11 00:18:28.0	Ana2 - 2: T.Zuluft	15.5
2021-03-11 00:18:28.0	Ana3 - 3: T.Abluft	20.4
2021-03-11 00:18:28.0	Ana4 - 4: T.Fortluft	12.9
2021-03-11 00:18:28.0	Ana5 - 5: T.Raum	9999.9
2021-03-11 00:18:28.0	Ana9 - 9: T.Zuluft WRG warm	19.6
2021-03-11 00:18:38.0	Ana1 - 1: T.Au?en	5.3
2021-03-11 00:18:38.0	Ana2 - 2: T.Zuluft	15.5
2021-03-11 00:18:38.0	Ana3 - 3: T.Abluft	20.5
2021-03-11 00:18:38.0	Ana4 - 4: T.Fortluft	12.9
2021-03-11 00:18:38.0	Ana5 - 5: T.Raum	9999.9
2021-03-11 00:18:38.0	Ana9 - 9: T.Zuluft WRG warm	19.6
2021-03-11 00:18:48.0	Ana1 - 1: T.Au?en	5.4
2021-03-11 00:18:48.0	Ana2 - 2: T.Zuluft	15.5
2021-03-11 00:18:48.0	Ana3 - 3: T.Abluft	20.4
2021-03-11 00:18:48.0	Ana4 - 4: T.Fortluft	12.9
2021-03-11 00:18:48.0	Ana5 - 5: T.Raum	9999.9
2021-03-11 00:18:48.0	Ana9 - 9: T.Zuluft WRG warm	19.6
2021-03-11 00:18:58.0	Ana1 - 1: T.Au?en	5.4
2021-03-11 00:18:58.0	Ana2 - 2: T.Zuluft	15.5
2021-03-11 00:18:58.0	Ana3 - 3: T.Abluft	20.4
2021-03-11 00:18:58.0	Ana4 - 4: T.Fortluft	12.9
2021-03-11 00:18:58.0	Ana5 - 5: T.Raum	9999.9
2021-03-11 00:18:58.0	Ana9 - 9: T.Zuluft WRG warm	19.6
2021-03-11 00:19:08.0	Ana1 - 1: T.Au?en	5.4
2021-03-11 00:19:08.0	Ana2 - 2: T.Zuluft	15.5
2021-03-11 00:19:08.0	Ana3 - 3: T.Abluft	20.4
2021-03-11 00:19:08.0	Ana4 - 4: T.Fortluft	12.9
2021-03-11 00:19:08.0	Ana5 - 5: T.Raum	9999.9
2021-03-11 00:19:08.0	Ana9 - 9: T.Zuluft WRG warm	19.6
2021-03-11 00:19:18.0	Ana1 - 1: T.Au?en	5.4
2021-03-11 00:19:18.0	Ana2 - 2: T.Zuluft	15.5
2021-03-11 00:19:18.0	Ana3 - 3: T.Abluft	20.4
2021-03-11 00:19:18.0	Ana4 - 4: T.Fortluft	12.9
2021-03-11 00:19:18.0	Ana5 - 5: T.Raum	9999.9
2021-03-11 00:19:18.0	Ana9 - 9: T.Zuluft WRG warm	19.6
2021-03-11 00:19:28.0	Ana1 - 1: T.Au?en	5.5
2021-03-11 00:19:28.0	Ana2 - 2: T.Zuluft	15.5
2021-03-11 00:19:28.0	Ana3 - 3: T.Abluft	20.4
2021-03-11 00:19:28.0	Ana4 - 4: T.Fortluft	12.9
2021-03-11 00:19:28.0	Ana5 - 5: T.Raum	9999.9
2021-03-11 00:19:28.0	Ana9 - 9: T.Zuluft WRG warm	19.6
2021-03-11 00:19:38.0	Ana1 - 1: T.Au?en	5.5
2021-03-11 00:19:38.0	Ana2 - 2: T.Zuluft	15.5
2021-03-11 00:19:38.0	Ana3 - 3: T.Abluft	20.4
2021-03-11 00:19:38.0	Ana4 - 4: T.Fortluft	12.9
2021-03-11 00:19:38.0	Ana5 - 5: T.Raum	9999.9
2021-03-11 00:19:38.0	Ana9 - 9: T.Zuluft WRG warm	19.6
2021-03-11 00:19:48.0	Ana1 - 1: T.Au?en	5.5
2021-03-11 00:19:48.0	Ana2 - 2: T.Zuluft	15.5
2021-03-11 00:19:48.0	Ana3 - 3: T.Abluft	20.4
2021-03-11 00:19:48.0	Ana4 - 4: T.Fortluft	12.9
2021-03-11 00:19:48.0	Ana5 - 5: T.Raum	9999.9
2021-03-11 00:19:48.0	Ana9 - 9: T.Zuluft WRG warm	19.6
2021-03-11 00:19:58.0	Ana1 - 1: T.Au?en	5.6
2021-03-11 00:19:58.0	Ana2 - 2: T.Zuluft	15.5
2021-03-11 00:19:58.0	Ana3 - 3: T.Abluft	20.4
2021-03-11 00:19:58.0	Ana4 - 4: T.Fortluft	12.9
2021-03-11 00:19:58.0	Ana5 - 5: T.Raum	9999.9
2021-03-11 00:19:58.0	Ana9 - 9: T.Zuluft WRG warm	19.6
2021-03-11 00:20:08.0	Ana1 - 1: T.Au?en	5.6
2021-03-11 00:20:08.0	Ana2 - 2: T.Zuluft	15.5
2021-03-11 00:20:08.0	Ana3 - 3: T.Abluft	20.4
2021-03-11 00:20:08.0	Ana4 - 4: T.Fortluft	12.9
2021-03-11 00:20:08.0	Ana5 - 5: T.Raum	9999.9
2021-03-11 00:20:08.0	Ana9 - 9: T.Zuluft WRG warm	19.6
2021-03-11 00:20:18.0	Ana1 - 1: T.Au?en	5.6
2021-03-11 00:20:18.0	Ana2 - 2: T.Zuluft	15.5
2021-03-11 00:20:18.0	Ana3 - 3: T.Abluft	20.4
2021-03-11 00:20:18.0	Ana4 - 4: T.Fortluft	12.9
2021-03-11 00:20:18.0	Ana5 - 5: T.Raum	9999.9
2021-03-11 00:20:18.0	Ana9 - 9: T.Zuluft WRG warm	19.6
2021-03-11 00:20:28.0	Ana1 - 1: T.Au?en	5.6
2021-03-11 00:20:28.0	Ana2 - 2: T.Zuluft	15.5
2021-03-11 00:20:28.0	Ana3 - 3: T.Abluft	20.4
2021-03-11 00:20:28.0	Ana4 - 4: T.Fortluft	12.9
2021-03-11 00:20:28.0	Ana5 - 5: T.Raum	9999.9
2021-03-11 00:20:28.0	Ana9 - 9: T.Zuluft WRG warm	19.6
2021-03-11 00:20:38.0	Ana1 - 1: T.Au?en	5.7
2021-03-11 00:20:38.0	Ana2 - 2: T.Zuluft	15.5
2021-03-11 00:20:38.0	Ana3 - 3: T.Abluft	20.4
2021-03-11 00:20:38.0	Ana4 - 4: T.Fortluft	12.9
2021-03-11 00:20:38.0	Ana5 - 5: T.Raum	9999.9
2021-03-11 00:20:38.0	Ana9 - 9: T.Zuluft WRG warm	19.6
2021-03-11 00:20:48.0	Ana1 - 1: T.Au?en	5.7
2021-03-11 00:20:48.0	Ana2 - 2: T.Zuluft	15.5
2021-03-11 00:20:48.0	Ana3 - 3: T.Abluft	20.4
2021-03-11 00:20:48.0	Ana4 - 4: T.Fortluft	12.9
2021-03-11 00:20:48.0	Ana5 - 5: T.Raum	9999.9
2021-03-11 00:20:48.0	Ana9 - 9: T.Zuluft WRG warm	19.6
2021-03-11 00:20:58.0	Ana1 - 1: T.Au?en	5.8
2021-03-11 00:20:58.0	Ana2 - 2: T.Zuluft	15.5
2021-03-11 00:20:58.0	Ana3 - 3: T.Abluft	20.4
2021-03-11 00:20:58.0	Ana4 - 4: T.Fortluft	12.9
2021-03-11 00:20:58.0	Ana5 - 5: T.Raum	9999.9
2021-03-11 00:20:58.0	Ana9 - 9: T.Zuluft WRG warm	19.6
2021-03-11 00:21:08.0	Ana1 - 1: T.Au?en	5.8
2021-03-11 00:21:08.0	Ana2 - 2: T.Zuluft	15.5
2021-03-11 00:21:08.0	Ana3 - 3: T.Abluft	20.4
2021-03-11 00:21:08.0	Ana4 - 4: T.Fortluft	12.9
2021-03-11 00:21:08.0	Ana5 - 5: T.Raum	9999.9
2021-03-11 00:21:08.0	Ana9 - 9: T.Zuluft WRG warm	19.6
2021-03-11 00:21:18.0	Ana1 - 1: T.Au?en	5.8
2021-03-11 00:21:18.0	Ana2 - 2: T.Zuluft	15.5
2021-03-11 00:21:18.0	Ana3 - 3: T.Abluft	20.4
2021-03-11 00:21:18.0	Ana4 - 4: T.Fortluft	12.9
2021-03-11 00:21:18.0	Ana5 - 5: T.Raum	9999.9
2021-03-11 00:21:18.0	Ana9 - 9: T.Zuluft WRG warm	19.6
2021-03-11 00:21:28.0	Ana1 - 1: T.Au?en	5.9
2021-03-11 00:21:28.0	Ana2 - 2: T.Zuluft	15.5
2021-03-11 00:21:28.0	Ana3 - 3: T.Abluft	20.4
2021-03-11 00:21:28.0	Ana4 - 4: T.Fortluft	12.9
2021-03-11 00:21:28.0	Ana5 - 5: T.Raum	9999.9
2021-03-11 00:21:28.0	Ana9 - 9: T.Zuluft WRG warm	19.5
2021-03-11 00:21:38.0	Ana1 - 1: T.Au?en	5.9
2021-03-11 00:21:38.0	Ana2 - 2: T.Zuluft	15.5
2021-03-11 00:21:38.0	Ana3 - 3: T.Abluft	20.4
2021-03-11 00:21:38.0	Ana4 - 4: T.Fortluft	12.9
2021-03-11 00:21:38.0	Ana5 - 5: T.Raum	9999.9
2021-03-11 00:21:38.0	Ana9 - 9: T.Zuluft WRG warm	19.5
2021-03-11 00:21:48.0	Ana1 - 1: T.Au?en	5.9
2021-03-11 00:21:48.0	Ana2 - 2: T.Zuluft	15.5
2021-03-11 00:21:48.0	Ana3 - 3: T.Abluft	20.4
2021-03-11 00:21:48.0	Ana4 - 4: T.Fortluft	12.9
2021-03-11 00:21:48.0	Ana5 - 5: T.Raum	9999.9
2021-03-11 00:21:48.0	Ana9 - 9: T.Zuluft WRG warm	19.5
2021-03-11 00:21:58.0	Ana1 - 1: T.Au?en	6.0
2021-03-11 00:21:58.0	Ana2 - 2: T.Zuluft	15.5
2021-03-11 00:21:58.0	Ana3 - 3: T.Abluft	20.4
2021-03-11 00:21:58.0	Ana4 - 4: T.Fortluft	12.9
2021-03-11 00:21:58.0	Ana5 - 5: T.Raum	9999.9
2021-03-11 00:21:58.0	Ana9 - 9: T.Zuluft WRG warm	19.5
2021-03-11 00:22:08.0	Ana1 - 1: T.Au?en	6.0
2021-03-11 00:22:08.0	Ana2 - 2: T.Zuluft	15.5
2021-03-11 00:22:08.0	Ana3 - 3: T.Abluft	20.4
2021-03-11 00:22:08.0	Ana4 - 4: T.Fortluft	12.9
2021-03-11 00:22:08.0	Ana5 - 5: T.Raum	9999.9
2021-03-11 00:22:08.0	Ana9 - 9: T.Zuluft WRG warm	19.5
2021-03-11 00:22:18.0	Ana1 - 1: T.Au?en	6.1
2021-03-11 00:22:18.0	Ana2 - 2: T.Zuluft	15.5
2021-03-11 00:22:18.0	Ana3 - 3: T.Abluft	20.4
2021-03-11 00:22:18.0	Ana4 - 4: T.Fortluft	12.9
2021-03-11 00:22:18.0	Ana5 - 5: T.Raum	9999.9
2021-03-11 00:22:18.0	Ana9 - 9: T.Zuluft WRG warm	19.5
2021-03-11 00:22:28.0	Ana1 - 1: T.Au?en	6.1
2021-03-11 00:22:28.0	Ana2 - 2: T.Zuluft	15.5
2021-03-11 00:22:28.0	Ana3 - 3: T.Abluft	20.4
2021-03-11 00:22:28.0	Ana4 - 4: T.Fortluft	12.9
2021-03-11 00:22:28.0	Ana5 - 5: T.Raum	9999.9
2021-03-11 00:22:28.0	Ana9 - 9: T.Zuluft WRG warm	19.6
2021-03-11 00:22:38.0	Ana1 - 1: T.Au?en	6.1
2021-03-11 00:22:38.0	Ana2 - 2: T.Zuluft	15.5
2021-03-11 00:22:38.0	Ana3 - 3: T.Abluft	20.4
2021-03-11 00:22:38.0	Ana4 - 4: T.Fortluft	12.9
2021-03-11 00:22:38.0	Ana5 - 5: T.Raum	9999.9
2021-03-11 00:22:38.0	Ana9 - 9: T.Zuluft WRG warm	19.5
2021-03-11 00:22:48.0	Ana1 - 1: T.Au?en	6.1
2021-03-11 00:22:48.0	Ana2 - 2: T.Zuluft	15.4
2021-03-11 00:22:48.0	Ana3 - 3: T.Abluft	20.4
2021-03-11 00:22:48.0	Ana4 - 4: T.Fortluft	12.9
2021-03-11 00:22:48.0	Ana5 - 5: T.Raum	9999.9
2021-03-11 00:22:48.0	Ana9 - 9: T.Zuluft WRG warm	19.5
2021-03-11 00:22:58.0	Ana1 - 1: T.Au?en	6.1
2021-03-11 00:22:58.0	Ana2 - 2: T.Zuluft	15.5
2021-03-11 00:22:58.0	Ana3 - 3: T.Abluft	20.4
2021-03-11 00:22:58.0	Ana4 - 4: T.Fortluft	12.9
2021-03-11 00:22:58.0	Ana5 - 5: T.Raum	9999.9
2021-03-11 00:22:58.0	Ana9 - 9: T.Zuluft WRG warm	19.5
2021-03-11 00:23:08.0	Ana1 - 1: T.Au?en	6.0
2021-03-11 00:23:08.0	Ana2 - 2: T.Zuluft	15.5
2021-03-11 00:23:08.0	Ana3 - 3: T.Abluft	20.4
2021-03-11 00:23:08.0	Ana4 - 4: T.Fortluft	12.9
2021-03-11 00:23:08.0	Ana5 - 5: T.Raum	9999.9
2021-03-11 00:23:08.0	Ana9 - 9: T.Zuluft WRG warm	19.5
2021-03-11 00:23:18.0	Ana1 - 1: T.Au?en	6.0
2021-03-11 00:23:18.0	Ana2 - 2: T.Zuluft	15.5
2021-03-11 00:23:18.0	Ana3 - 3: T.Abluft	20.4
2021-03-11 00:23:18.0	Ana4 - 4: T.Fortluft	12.9
2021-03-11 00:23:18.0	Ana5 - 5: T.Raum	9999.9
2021-03-11 00:23:18.0	Ana9 - 9: T.Zuluft WRG warm	19.5
2021-03-11 00:23:28.0	Ana1 - 1: T.Au?en	6.0
2021-03-11 00:23:28.0	Ana2 - 2: T.Zuluft	15.5
2021-03-11 00:23:28.0	Ana3 - 3: T.Abluft	20.4
2021-03-11 00:23:28.0	Ana4 - 4: T.Fortluft	12.9
2021-03-11 00:23:28.0	Ana5 - 5: T.Raum	9999.9
2021-03-11 00:23:28.0	Ana9 - 9: T.Zuluft WRG warm	19.5
2021-03-11 00:23:38.0	Ana1 - 1: T.Au?en	5.9
2021-03-11 00:23:38.0	Ana2 - 2: T.Zuluft	15.5
2021-03-11 00:23:38.0	Ana3 - 3: T.Abluft	20.4
2021-03-11 00:23:38.0	Ana4 - 4: T.Fortluft	12.9
2021-03-11 00:23:38.0	Ana5 - 5: T.Raum	9999.9
2021-03-11 00:23:38.0	Ana9 - 9: T.Zuluft WRG warm	19.5
2021-03-11 00:23:48.0	Ana1 - 1: T.Au?en	5.9
2021-03-11 00:23:48.0	Ana2 - 2: T.Zuluft	15.5
2021-03-11 00:23:48.0	Ana3 - 3: T.Abluft	20.4
2021-03-11 00:23:48.0	Ana4 - 4: T.Fortluft	12.9
2021-03-11 00:23:48.0	Ana5 - 5: T.Raum	9999.9
2021-03-11 00:23:48.0	Ana9 - 9: T.Zuluft WRG warm	19.5
2021-03-11 00:23:58.0	Ana1 - 1: T.Au?en	5.8
2021-03-11 00:23:58.0	Ana2 - 2: T.Zuluft	15.5
2021-03-11 00:23:58.0	Ana3 - 3: T.Abluft	20.4
2021-03-11 00:23:58.0	Ana4 - 4: T.Fortluft	12.9
2021-03-11 00:23:58.0	Ana5 - 5: T.Raum	9999.9
2021-03-11 00:23:58.0	Ana9 - 9: T.Zuluft WRG warm	19.5
2021-03-11 00:24:08.0	Ana1 - 1: T.Au?en	5.6
2021-03-11 00:24:08.0	Ana2 - 2: T.Zuluft	15.5
2021-03-11 00:24:08.0	Ana3 - 3: T.Abluft	20.4
2021-03-11 00:24:08.0	Ana4 - 4: T.Fortluft	12.9
2021-03-11 00:24:08.0	Ana5 - 5: T.Raum	9999.9
2021-03-11 00:24:08.0	Ana9 - 9: T.Zuluft WRG warm	19.5
2021-03-11 00:24:18.0	Ana1 - 1: T.Au?en	5.5
2021-03-11 00:24:18.0	Ana2 - 2: T.Zuluft	15.5
2021-03-11 00:24:18.0	Ana3 - 3: T.Abluft	20.4
2021-03-11 00:24:18.0	Ana4 - 4: T.Fortluft	12.9
2021-03-11 00:24:18.0	Ana5 - 5: T.Raum	9999.9
2021-03-11 00:24:18.0	Ana9 - 9: T.Zuluft WRG warm	19.5
2021-03-11 00:24:28.0	Ana1 - 1: T.Au?en	5.4
2021-03-11 00:24:28.0	Ana2 - 2: T.Zuluft	15.5
2021-03-11 00:24:28.0	Ana3 - 3: T.Abluft	20.4
2021-03-11 00:24:28.0	Ana4 - 4: T.Fortluft	12.9
2021-03-11 00:24:28.0	Ana5 - 5: T.Raum	9999.9
2021-03-11 00:24:28.0	Ana9 - 9: T.Zuluft WRG warm	19.5
2021-03-11 00:24:38.0	Ana1 - 1: T.Au?en	5.4
2021-03-11 00:24:38.0	Ana2 - 2: T.Zuluft	15.5
2021-03-11 00:24:38.0	Ana3 - 3: T.Abluft	20.4
2021-03-11 00:24:38.0	Ana4 - 4: T.Fortluft	12.9
2021-03-11 00:24:38.0	Ana5 - 5: T.Raum	9999.9
2021-03-11 00:24:38.0	Ana9 - 9: T.Zuluft WRG warm	19.5
2021-03-11 00:24:48.0	Ana1 - 1: T.Au?en	5.4
2021-03-11 00:24:48.0	Ana2 - 2: T.Zuluft	15.5
2021-03-11 00:24:48.0	Ana3 - 3: T.Abluft	20.4
2021-03-11 00:24:48.0	Ana4 - 4: T.Fortluft	12.9
2021-03-11 00:24:48.0	Ana5 - 5: T.Raum	9999.9
2021-03-11 00:24:48.0	Ana9 - 9: T.Zuluft WRG warm	19.5
2021-03-11 00:24:58.0	Ana1 - 1: T.Au?en	5.3
2021-03-11 00:24:58.0	Ana2 - 2: T.Zuluft	15.5
2021-03-11 00:24:58.0	Ana3 - 3: T.Abluft	20.4
2021-03-11 00:24:58.0	Ana4 - 4: T.Fortluft	12.9
2021-03-11 00:24:58.0	Ana5 - 5: T.Raum	9999.9
2021-03-11 00:24:58.0	Ana9 - 9: T.Zuluft WRG warm	19.5
2021-03-11 00:25:08.0	Ana1 - 1: T.Au?en	5.3
2021-03-11 00:25:08.0	Ana2 - 2: T.Zuluft	15.5
2021-03-11 00:25:08.0	Ana3 - 3: T.Abluft	20.4
2021-03-11 00:25:08.0	Ana4 - 4: T.Fortluft	12.9
2021-03-11 00:25:08.0	Ana5 - 5: T.Raum	9999.9
2021-03-11 00:25:08.0	Ana9 - 9: T.Zuluft WRG warm	19.5
2021-03-11 00:25:18.0	Ana1 - 1: T.Au?en	5.3
2021-03-11 00:25:18.0	Ana2 - 2: T.Zuluft	15.4
2021-03-11 00:25:18.0	Ana3 - 3: T.Abluft	20.4
2021-03-11 00:25:18.0	Ana4 - 4: T.Fortluft	12.9
2021-03-11 00:25:18.0	Ana5 - 5: T.Raum	9999.9
2021-03-11 00:25:18.0	Ana9 - 9: T.Zuluft WRG warm	19.5
2021-03-11 00:25:28.0	Ana1 - 1: T.Au?en	5.3
2021-03-11 00:25:28.0	Ana2 - 2: T.Zuluft	15.4
2021-03-11 00:25:28.0	Ana3 - 3: T.Abluft	20.4
2021-03-11 00:25:28.0	Ana4 - 4: T.Fortluft	12.9
2021-03-11 00:25:28.0	Ana5 - 5: T.Raum	9999.9
2021-03-11 00:25:28.0	Ana9 - 9: T.Zuluft WRG warm	19.5
2021-03-11 00:25:38.0	Ana1 - 1: T.Au?en	5.2
2021-03-11 00:25:38.0	Ana2 - 2: T.Zuluft	15.4
2021-03-11 00:25:38.0	Ana3 - 3: T.Abluft	20.4
2021-03-11 00:25:38.0	Ana4 - 4: T.Fortluft	12.9
2021-03-11 00:25:38.0	Ana5 - 5: T.Raum	9999.9
2021-03-11 00:25:38.0	Ana9 - 9: T.Zuluft WRG warm	19.5
2021-03-11 00:25:48.0	Ana1 - 1: T.Au?en	5.2
2021-03-11 00:25:48.0	Ana2 - 2: T.Zuluft	15.5
2021-03-11 00:25:48.0	Ana3 - 3: T.Abluft	20.4
2021-03-11 00:25:48.0	Ana4 - 4: T.Fortluft	12.9
2021-03-11 00:25:48.0	Ana5 - 5: T.Raum	9999.9
2021-03-11 00:25:48.0	Ana9 - 9: T.Zuluft WRG warm	19.5
2021-03-11 00:25:58.0	Ana1 - 1: T.Au?en	5.2
2021-03-11 00:25:58.0	Ana2 - 2: T.Zuluft	15.4
2021-03-11 00:25:58.0	Ana3 - 3: T.Abluft	20.4
2021-03-11 00:25:58.0	Ana4 - 4: T.Fortluft	12.9
2021-03-11 00:25:58.0	Ana5 - 5: T.Raum	9999.9
2021-03-11 00:25:58.0	Ana9 - 9: T.Zuluft WRG warm	19.5
2021-03-11 00:26:08.0	Ana1 - 1: T.Au?en	5.2
2021-03-11 00:26:08.0	Ana2 - 2: T.Zuluft	15.4
2021-03-11 00:26:08.0	Ana3 - 3: T.Abluft	20.4
2021-03-11 00:26:08.0	Ana4 - 4: T.Fortluft	12.9
2021-03-11 00:26:08.0	Ana5 - 5: T.Raum	9999.9
2021-03-11 00:26:08.0	Ana9 - 9: T.Zuluft WRG warm	19.5
2021-03-11 00:26:18.0	Ana1 - 1: T.Au?en	5.2
2021-03-11 00:26:18.0	Ana2 - 2: T.Zuluft	15.5
2021-03-11 00:26:18.0	Ana3 - 3: T.Abluft	20.4
2021-03-11 00:26:18.0	Ana4 - 4: T.Fortluft	12.9
2021-03-11 00:26:18.0	Ana5 - 5: T.Raum	9999.9
2021-03-11 00:26:18.0	Ana9 - 9: T.Zuluft WRG warm	19.5
2021-03-11 00:26:28.0	Ana1 - 1: T.Au?en	5.1
2021-03-11 00:26:28.0	Ana2 - 2: T.Zuluft	15.5
2021-03-11 00:26:28.0	Ana3 - 3: T.Abluft	20.4
2021-03-11 00:26:28.0	Ana4 - 4: T.Fortluft	12.9
2021-03-11 00:26:28.0	Ana5 - 5: T.Raum	9999.9
2021-03-11 00:26:28.0	Ana9 - 9: T.Zuluft WRG warm	19.5
2021-03-11 00:26:38.0	Ana1 - 1: T.Au?en	5.1
2021-03-11 00:26:38.0	Ana2 - 2: T.Zuluft	15.4
2021-03-11 00:26:38.0	Ana3 - 3: T.Abluft	20.4
2021-03-11 00:26:38.0	Ana4 - 4: T.Fortluft	12.9
2021-03-11 00:26:38.0	Ana5 - 5: T.Raum	9999.9
2021-03-11 00:26:38.0	Ana9 - 9: T.Zuluft WRG warm	19.5
2021-03-11 00:26:48.0	Ana1 - 1: T.Au?en	5.2
2021-03-11 00:26:48.0	Ana2 - 2: T.Zuluft	15.5
2021-03-11 00:26:48.0	Ana3 - 3: T.Abluft	20.4
2021-03-11 00:26:48.0	Ana4 - 4: T.Fortluft	12.9
2021-03-11 00:26:48.0	Ana5 - 5: T.Raum	9999.9
2021-03-11 00:26:48.0	Ana9 - 9: T.Zuluft WRG warm	19.5
2021-03-11 00:26:58.0	Ana1 - 1: T.Au?en	5.2
2021-03-11 00:26:58.0	Ana2 - 2: T.Zuluft	15.4
2021-03-11 00:26:58.0	Ana3 - 3: T.Abluft	20.4
2021-03-11 00:26:58.0	Ana4 - 4: T.Fortluft	12.9
2021-03-11 00:26:58.0	Ana5 - 5: T.Raum	9999.9
2021-03-11 00:26:58.0	Ana9 - 9: T.Zuluft WRG warm	19.5
2021-03-11 00:27:08.0	Ana1 - 1: T.Au?en	5.2
2021-03-11 00:27:08.0	Ana2 - 2: T.Zuluft	15.4
2021-03-11 00:27:08.0	Ana3 - 3: T.Abluft	20.4
2021-03-11 00:27:08.0	Ana4 - 4: T.Fortluft	12.9
2021-03-11 00:27:08.0	Ana5 - 5: T.Raum	9999.9
2021-03-11 00:27:08.0	Ana9 - 9: T.Zuluft WRG warm	19.5
2021-03-11 00:27:18.0	Ana1 - 1: T.Au?en	5.3
2021-03-11 00:27:18.0	Ana2 - 2: T.Zuluft	15.4
2021-03-11 00:27:18.0	Ana3 - 3: T.Abluft	20.4
2021-03-11 00:27:18.0	Ana4 - 4: T.Fortluft	12.9
2021-03-11 00:27:18.0	Ana5 - 5: T.Raum	9999.9
2021-03-11 00:27:18.0	Ana9 - 9: T.Zuluft WRG warm	19.5
2021-03-11 00:27:28.0	Ana1 - 1: T.Au?en	5.3
2021-03-11 00:27:28.0	Ana2 - 2: T.Zuluft	15.4
2021-03-11 00:27:28.0	Ana3 - 3: T.Abluft	20.4
2021-03-11 00:27:28.0	Ana4 - 4: T.Fortluft	12.9
2021-03-11 00:27:28.0	Ana5 - 5: T.Raum	9999.9
2021-03-11 00:27:28.0	Ana9 - 9: T.Zuluft WRG warm	19.5
2021-03-11 00:27:38.0	Ana1 - 1: T.Au?en	5.3
2021-03-11 00:27:38.0	Ana2 - 2: T.Zuluft	15.4
2021-03-11 00:27:38.0	Ana3 - 3: T.Abluft	20.4
2021-03-11 00:27:38.0	Ana4 - 4: T.Fortluft	12.9
2021-03-11 00:27:38.0	Ana5 - 5: T.Raum	9999.9
2021-03-11 00:27:38.0	Ana9 - 9: T.Zuluft WRG warm	19.5
2021-03-11 00:27:48.0	Ana1 - 1: T.Au?en	5.3
2021-03-11 00:27:48.0	Ana2 - 2: T.Zuluft	15.4
2021-03-11 00:27:48.0	Ana3 - 3: T.Abluft	20.4
2021-03-11 00:27:48.0	Ana4 - 4: T.Fortluft	12.9
2021-03-11 00:27:48.0	Ana5 - 5: T.Raum	9999.9
2021-03-11 00:27:48.0	Ana9 - 9: T.Zuluft WRG warm	19.5
2021-03-11 00:27:58.0	Ana1 - 1: T.Au?en	5.4
2021-03-11 00:27:58.0	Ana2 - 2: T.Zuluft	15.4
2021-03-11 00:27:58.0	Ana3 - 3: T.Abluft	20.4
2021-03-11 00:27:58.0	Ana4 - 4: T.Fortluft	12.9
2021-03-11 00:27:58.0	Ana5 - 5: T.Raum	9999.9
2021-03-11 00:27:58.0	Ana9 - 9: T.Zuluft WRG warm	19.5
2021-03-11 00:28:08.0	Ana1 - 1: T.Au?en	5.4
2021-03-11 00:28:08.0	Ana2 - 2: T.Zuluft	15.4
2021-03-11 00:28:08.0	Ana3 - 3: T.Abluft	20.4
2021-03-11 00:28:08.0	Ana4 - 4: T.Fortluft	12.9
2021-03-11 00:28:08.0	Ana5 - 5: T.Raum	9999.9
2021-03-11 00:28:08.0	Ana9 - 9: T.Zuluft WRG warm	19.5
2021-03-11 00:28:18.0	Ana1 - 1: T.Au?en	5.4
2021-03-11 00:28:18.0	Ana2 - 2: T.Zuluft	15.4
2021-03-11 00:28:18.0	Ana3 - 3: T.Abluft	20.4
2021-03-11 00:28:18.0	Ana4 - 4: T.Fortluft	12.9
2021-03-11 00:28:18.0	Ana5 - 5: T.Raum	9999.9
2021-03-11 00:28:18.0	Ana9 - 9: T.Zuluft WRG warm	19.5
2021-03-11 00:28:28.0	Ana1 - 1: T.Au?en	5.5
2021-03-11 00:28:28.0	Ana2 - 2: T.Zuluft	15.4
2021-03-11 00:28:28.0	Ana3 - 3: T.Abluft	20.4
2021-03-11 00:28:28.0	Ana4 - 4: T.Fortluft	12.9
2021-03-11 00:28:28.0	Ana5 - 5: T.Raum	9999.9
2021-03-11 00:28:28.0	Ana9 - 9: T.Zuluft WRG warm	19.5
2021-03-11 00:28:38.0	Ana1 - 1: T.Au?en	5.5
2021-03-11 00:28:38.0	Ana2 - 2: T.Zuluft	15.4
2021-03-11 00:28:38.0	Ana3 - 3: T.Abluft	20.4
2021-03-11 00:28:38.0	Ana4 - 4: T.Fortluft	12.9
2021-03-11 00:28:38.0	Ana5 - 5: T.Raum	9999.9
2021-03-11 00:28:38.0	Ana9 - 9: T.Zuluft WRG warm	19.5
2021-03-11 00:28:48.0	Ana1 - 1: T.Au?en	5.5
2021-03-11 00:28:48.0	Ana2 - 2: T.Zuluft	15.4
2021-03-11 00:28:48.0	Ana3 - 3: T.Abluft	20.4
2021-03-11 00:28:48.0	Ana4 - 4: T.Fortluft	12.9
2021-03-11 00:28:48.0	Ana5 - 5: T.Raum	9999.9
2021-03-11 00:28:48.0	Ana9 - 9: T.Zuluft WRG warm	19.5
2021-03-11 00:28:58.0	Ana1 - 1: T.Au?en	5.5
2021-03-11 00:28:58.0	Ana2 - 2: T.Zuluft	15.4
2021-03-11 00:28:58.0	Ana3 - 3: T.Abluft	20.4
2021-03-11 00:28:58.0	Ana4 - 4: T.Fortluft	12.9
2021-03-11 00:28:58.0	Ana5 - 5: T.Raum	9999.9
2021-03-11 00:28:58.0	Ana9 - 9: T.Zuluft WRG warm	19.5
2021-03-11 00:29:08.0	Ana1 - 1: T.Au?en	5.5
2021-03-11 00:29:08.0	Ana2 - 2: T.Zuluft	15.4
2021-03-11 00:29:08.0	Ana3 - 3: T.Abluft	20.4
2021-03-11 00:29:08.0	Ana4 - 4: T.Fortluft	12.9
2021-03-11 00:29:08.0	Ana5 - 5: T.Raum	9999.9
2021-03-11 00:29:08.0	Ana9 - 9: T.Zuluft WRG warm	19.5
2021-03-11 00:29:18.0	Ana1 - 1: T.Au?en	5.6
2021-03-11 00:29:18.0	Ana2 - 2: T.Zuluft	15.4
2021-03-11 00:29:18.0	Ana3 - 3: T.Abluft	20.4
2021-03-11 00:29:18.0	Ana4 - 4: T.Fortluft	12.9
2021-03-11 00:29:18.0	Ana5 - 5: T.Raum	9999.9
2021-03-11 00:29:18.0	Ana9 - 9: T.Zuluft WRG warm	19.5
2021-03-11 00:29:28.0	Ana1 - 1: T.Au?en	5.6
2021-03-11 00:29:28.0	Ana2 - 2: T.Zuluft	15.4
2021-03-11 00:29:28.0	Ana3 - 3: T.Abluft	20.4
2021-03-11 00:29:28.0	Ana4 - 4: T.Fortluft	12.9
2021-03-11 00:29:28.0	Ana5 - 5: T.Raum	9999.9
2021-03-11 00:29:28.0	Ana9 - 9: T.Zuluft WRG warm	19.5
2021-03-11 00:29:38.0	Ana1 - 1: T.Au?en	5.6
2021-03-11 00:29:38.0	Ana2 - 2: T.Zuluft	15.4
2021-03-11 00:29:38.0	Ana3 - 3: T.Abluft	20.4
2021-03-11 00:29:38.0	Ana4 - 4: T.Fortluft	12.9
2021-03-11 00:29:38.0	Ana5 - 5: T.Raum	9999.9
2021-03-11 00:29:38.0	Ana9 - 9: T.Zuluft WRG warm	19.5
2021-03-11 00:29:48.0	Ana1 - 1: T.Au?en	5.6
2021-03-11 00:29:48.0	Ana2 - 2: T.Zuluft	15.4
2021-03-11 00:29:48.0	Ana3 - 3: T.Abluft	20.4
2021-03-11 00:29:48.0	Ana4 - 4: T.Fortluft	12.9
2021-03-11 00:29:48.0	Ana5 - 5: T.Raum	9999.9
2021-03-11 00:29:48.0	Ana9 - 9: T.Zuluft WRG warm	19.5
2021-03-11 00:29:58.0	Ana1 - 1: T.Au?en	5.7
2021-03-11 00:29:58.0	Ana2 - 2: T.Zuluft	15.4
2021-03-11 00:29:58.0	Ana3 - 3: T.Abluft	20.4
2021-03-11 00:29:58.0	Ana4 - 4: T.Fortluft	12.9
2021-03-11 00:29:58.0	Ana5 - 5: T.Raum	9999.9
2021-03-11 00:29:58.0	Ana9 - 9: T.Zuluft WRG warm	19.5
2021-03-11 00:30:08.0	Ana1 - 1: T.Au?en	5.7
2021-03-11 00:30:08.0	Ana2 - 2: T.Zuluft	15.4
2021-03-11 00:30:08.0	Ana3 - 3: T.Abluft	20.4
2021-03-11 00:30:08.0	Ana4 - 4: T.Fortluft	12.9
2021-03-11 00:30:08.0	Ana5 - 5: T.Raum	9999.9
2021-03-11 00:30:08.0	Ana9 - 9: T.Zuluft WRG warm	19.5
2021-03-11 00:30:18.0	Ana1 - 1: T.Au?en	5.8
2021-03-11 00:30:18.0	Ana2 - 2: T.Zuluft	15.4
2021-03-11 00:30:18.0	Ana3 - 3: T.Abluft	20.4
2021-03-11 00:30:18.0	Ana4 - 4: T.Fortluft	12.9
2021-03-11 00:30:18.0	Ana5 - 5: T.Raum	9999.9
2021-03-11 00:30:18.0	Ana9 - 9: T.Zuluft WRG warm	19.5
2021-03-11 00:30:28.0	Ana1 - 1: T.Au?en	5.8
2021-03-11 00:30:28.0	Ana2 - 2: T.Zuluft	15.4
2021-03-11 00:30:28.0	Ana3 - 3: T.Abluft	20.4
2021-03-11 00:30:28.0	Ana4 - 4: T.Fortluft	12.9
2021-03-11 00:30:28.0	Ana5 - 5: T.Raum	9999.9
2021-03-11 00:30:28.0	Ana9 - 9: T.Zuluft WRG warm	19.5
2021-03-11 00:30:38.0	Ana1 - 1: T.Au?en	5.8
2021-03-11 00:30:38.0	Ana2 - 2: T.Zuluft	15.4
2021-03-11 00:30:38.0	Ana3 - 3: T.Abluft	20.4
2021-03-11 00:30:38.0	Ana4 - 4: T.Fortluft	12.9
2021-03-11 00:30:38.0	Ana5 - 5: T.Raum	9999.9
2021-03-11 00:30:38.0	Ana9 - 9: T.Zuluft WRG warm	19.5
2021-03-11 00:30:48.0	Ana1 - 1: T.Au?en	5.7
2021-03-11 00:30:48.0	Ana2 - 2: T.Zuluft	15.4
2021-03-11 00:30:48.0	Ana3 - 3: T.Abluft	20.4
2021-03-11 00:30:48.0	Ana4 - 4: T.Fortluft	12.9
2021-03-11 00:30:48.0	Ana5 - 5: T.Raum	9999.9
2021-03-11 00:30:48.0	Ana9 - 9: T.Zuluft WRG warm	19.5
2021-03-11 00:30:58.0	Ana1 - 1: T.Au?en	5.6
2021-03-11 00:30:58.0	Ana2 - 2: T.Zuluft	15.4
2021-03-11 00:30:58.0	Ana3 - 3: T.Abluft	20.4
2021-03-11 00:30:58.0	Ana4 - 4: T.Fortluft	12.9
2021-03-11 00:30:58.0	Ana5 - 5: T.Raum	9999.9
2021-03-11 00:30:58.0	Ana9 - 9: T.Zuluft WRG warm	19.5
2021-03-11 00:31:08.0	Ana1 - 1: T.Au?en	5.5
2021-03-11 00:31:08.0	Ana2 - 2: T.Zuluft	15.4
2021-03-11 00:31:08.0	Ana3 - 3: T.Abluft	20.4
2021-03-11 00:31:08.0	Ana4 - 4: T.Fortluft	12.9
2021-03-11 00:31:08.0	Ana5 - 5: T.Raum	9999.9
2021-03-11 00:31:08.0	Ana9 - 9: T.Zuluft WRG warm	19.5
2021-03-11 00:31:18.0	Ana1 - 1: T.Au?en	5.4
2021-03-11 00:31:18.0	Ana2 - 2: T.Zuluft	15.4
2021-03-11 00:31:18.0	Ana3 - 3: T.Abluft	20.4
2021-03-11 00:31:18.0	Ana4 - 4: T.Fortluft	12.9
2021-03-11 00:31:18.0	Ana5 - 5: T.Raum	9999.9
2021-03-11 00:31:18.0	Ana9 - 9: T.Zuluft WRG warm	19.5
2021-03-11 00:31:28.0	Ana1 - 1: T.Au?en	5.4
2021-03-11 00:31:28.0	Ana2 - 2: T.Zuluft	15.4
2021-03-11 00:31:28.0	Ana3 - 3: T.Abluft	20.4
2021-03-11 00:31:28.0	Ana4 - 4: T.Fortluft	12.9
2021-03-11 00:31:28.0	Ana5 - 5: T.Raum	9999.9
2021-03-11 00:31:28.0	Ana9 - 9: T.Zuluft WRG warm	19.5
2021-03-11 00:31:38.0	Ana1 - 1: T.Au?en	5.4
2021-03-11 00:31:38.0	Ana2 - 2: T.Zuluft	15.4
2021-03-11 00:31:38.0	Ana3 - 3: T.Abluft	20.4
2021-03-11 00:31:38.0	Ana4 - 4: T.Fortluft	12.8
2021-03-11 00:31:38.0	Ana5 - 5: T.Raum	9999.9
2021-03-11 00:31:38.0	Ana9 - 9: T.Zuluft WRG warm	19.5
2021-03-11 00:31:48.0	Ana1 - 1: T.Au?en	5.4
2021-03-11 00:31:48.0	Ana2 - 2: T.Zuluft	15.4
2021-03-11 00:31:48.0	Ana3 - 3: T.Abluft	20.4
2021-03-11 00:31:48.0	Ana4 - 4: T.Fortluft	12.8
2021-03-11 00:31:48.0	Ana5 - 5: T.Raum	9999.9
2021-03-11 00:31:48.0	Ana9 - 9: T.Zuluft WRG warm	19.5
2021-03-11 00:31:58.0	Ana1 - 1: T.Au?en	5.4
2021-03-11 00:31:58.0	Ana2 - 2: T.Zuluft	15.4
2021-03-11 00:31:58.0	Ana3 - 3: T.Abluft	20.4
2021-03-11 00:31:58.0	Ana4 - 4: T.Fortluft	12.9
2021-03-11 00:31:58.0	Ana5 - 5: T.Raum	9999.9
2021-03-11 00:31:58.0	Ana9 - 9: T.Zuluft WRG warm	19.5
2021-03-11 00:32:08.0	Ana1 - 1: T.Au?en	5.4
2021-03-11 00:32:08.0	Ana2 - 2: T.Zuluft	15.4
2021-03-11 00:32:08.0	Ana3 - 3: T.Abluft	20.4
2021-03-11 00:32:08.0	Ana4 - 4: T.Fortluft	12.9
2021-03-11 00:32:08.0	Ana5 - 5: T.Raum	9999.9
2021-03-11 00:32:08.0	Ana9 - 9: T.Zuluft WRG warm	19.5
2021-03-11 00:32:18.0	Ana1 - 1: T.Au?en	5.4
2021-03-11 00:32:18.0	Ana2 - 2: T.Zuluft	15.4
2021-03-11 00:32:18.0	Ana3 - 3: T.Abluft	20.4
2021-03-11 00:32:18.0	Ana4 - 4: T.Fortluft	12.8
2021-03-11 00:32:18.0	Ana5 - 5: T.Raum	9999.9
2021-03-11 00:32:18.0	Ana9 - 9: T.Zuluft WRG warm	19.5
2021-03-11 00:32:28.0	Ana1 - 1: T.Au?en	5.4
2021-03-11 00:32:28.0	Ana2 - 2: T.Zuluft	15.4
2021-03-11 00:32:28.0	Ana3 - 3: T.Abluft	20.4
2021-03-11 00:32:28.0	Ana4 - 4: T.Fortluft	12.8
2021-03-11 00:32:28.0	Ana5 - 5: T.Raum	9999.9
2021-03-11 00:32:28.0	Ana9 - 9: T.Zuluft WRG warm	19.5
2021-03-11 00:32:38.0	Ana1 - 1: T.Au?en	5.4
2021-03-11 00:32:38.0	Ana2 - 2: T.Zuluft	15.4
2021-03-11 00:32:38.0	Ana3 - 3: T.Abluft	20.4
2021-03-11 00:32:38.0	Ana4 - 4: T.Fortluft	12.8
2021-03-11 00:32:38.0	Ana5 - 5: T.Raum	9999.9
2021-03-11 00:32:38.0	Ana9 - 9: T.Zuluft WRG warm	19.5
2021-03-11 00:32:48.0	Ana1 - 1: T.Au?en	5.4
2021-03-11 00:32:48.0	Ana2 - 2: T.Zuluft	15.4
2021-03-11 00:32:48.0	Ana3 - 3: T.Abluft	20.4
2021-03-11 00:32:48.0	Ana4 - 4: T.Fortluft	12.8
2021-03-11 00:32:48.0	Ana5 - 5: T.Raum	9999.9
2021-03-11 00:32:48.0	Ana9 - 9: T.Zuluft WRG warm	19.5
2021-03-11 00:32:58.0	Ana1 - 1: T.Au?en	5.3
2021-03-11 00:32:58.0	Ana2 - 2: T.Zuluft	15.4
2021-03-11 00:32:58.0	Ana3 - 3: T.Abluft	20.4
2021-03-11 00:32:58.0	Ana4 - 4: T.Fortluft	12.9
2021-03-11 00:32:58.0	Ana5 - 5: T.Raum	9999.9
2021-03-11 00:32:58.0	Ana9 - 9: T.Zuluft WRG warm	19.5
2021-03-11 00:33:08.0	Ana1 - 1: T.Au?en	5.3
2021-03-11 00:33:08.0	Ana2 - 2: T.Zuluft	15.4
2021-03-11 00:33:08.0	Ana3 - 3: T.Abluft	20.4
2021-03-11 00:33:08.0	Ana4 - 4: T.Fortluft	12.8
2021-03-11 00:33:08.0	Ana5 - 5: T.Raum	9999.9
2021-03-11 00:33:08.0	Ana9 - 9: T.Zuluft WRG warm	19.5
2021-03-11 00:33:18.0	Ana1 - 1: T.Au?en	5.3
2021-03-11 00:33:18.0	Ana2 - 2: T.Zuluft	15.4
2021-03-11 00:33:18.0	Ana3 - 3: T.Abluft	20.4
2021-03-11 00:33:18.0	Ana4 - 4: T.Fortluft	12.8
2021-03-11 00:33:18.0	Ana5 - 5: T.Raum	9999.9
2021-03-11 00:33:18.0	Ana9 - 9: T.Zuluft WRG warm	19.5
2021-03-11 00:33:28.0	Ana1 - 1: T.Au?en	5.2
2021-03-11 00:33:28.0	Ana2 - 2: T.Zuluft	15.4
2021-03-11 00:33:28.0	Ana3 - 3: T.Abluft	20.4
2021-03-11 00:33:28.0	Ana4 - 4: T.Fortluft	12.8
2021-03-11 00:33:28.0	Ana5 - 5: T.Raum	9999.9
2021-03-11 00:33:28.0	Ana9 - 9: T.Zuluft WRG warm	19.5
2021-03-11 00:33:38.0	Ana1 - 1: T.Au?en	5.2
2021-03-11 00:33:38.0	Ana2 - 2: T.Zuluft	15.4
2021-03-11 00:33:38.0	Ana3 - 3: T.Abluft	20.4
2021-03-11 00:33:38.0	Ana4 - 4: T.Fortluft	12.8
2021-03-11 00:33:38.0	Ana5 - 5: T.Raum	9999.9
2021-03-11 00:33:38.0	Ana9 - 9: T.Zuluft WRG warm	19.5
2021-03-11 00:33:48.0	Ana1 - 1: T.Au?en	5.2
2021-03-11 00:33:48.0	Ana2 - 2: T.Zuluft	15.4
2021-03-11 00:33:48.0	Ana3 - 3: T.Abluft	20.4
2021-03-11 00:33:48.0	Ana4 - 4: T.Fortluft	12.8
2021-03-11 00:33:48.0	Ana5 - 5: T.Raum	9999.9
2021-03-11 00:33:48.0	Ana9 - 9: T.Zuluft WRG warm	19.5
2021-03-11 00:33:58.0	Ana1 - 1: T.Au?en	5.2
2021-03-11 00:33:58.0	Ana2 - 2: T.Zuluft	15.4
2021-03-11 00:33:58.0	Ana3 - 3: T.Abluft	20.4
2021-03-11 00:33:58.0	Ana4 - 4: T.Fortluft	12.8
2021-03-11 00:33:58.0	Ana5 - 5: T.Raum	9999.9
2021-03-11 00:33:58.0	Ana9 - 9: T.Zuluft WRG warm	19.5
2021-03-11 00:34:08.0	Ana1 - 1: T.Au?en	5.1
2021-03-11 00:34:08.0	Ana2 - 2: T.Zuluft	15.4
2021-03-11 00:34:08.0	Ana3 - 3: T.Abluft	20.4
2021-03-11 00:34:08.0	Ana4 - 4: T.Fortluft	12.8
2021-03-11 00:34:08.0	Ana5 - 5: T.Raum	9999.9
2021-03-11 00:34:08.0	Ana9 - 9: T.Zuluft WRG warm	19.5
2021-03-11 00:34:18.0	Ana1 - 1: T.Au?en	5.1
2021-03-11 00:34:18.0	Ana2 - 2: T.Zuluft	15.4
2021-03-11 00:34:18.0	Ana3 - 3: T.Abluft	20.4
2021-03-11 00:34:18.0	Ana4 - 4: T.Fortluft	12.8
2021-03-11 00:34:18.0	Ana5 - 5: T.Raum	9999.9
2021-03-11 00:34:18.0	Ana9 - 9: T.Zuluft WRG warm	19.5
2021-03-11 00:34:28.0	Ana1 - 1: T.Au?en	5.1
2021-03-11 00:34:28.0	Ana2 - 2: T.Zuluft	15.4
2021-03-11 00:34:28.0	Ana3 - 3: T.Abluft	20.4
2021-03-11 00:34:28.0	Ana4 - 4: T.Fortluft	12.8
2021-03-11 00:34:28.0	Ana5 - 5: T.Raum	9999.9
2021-03-11 00:34:28.0	Ana9 - 9: T.Zuluft WRG warm	19.5
2021-03-11 00:34:38.0	Ana1 - 1: T.Au?en	5.1
2021-03-11 00:34:38.0	Ana2 - 2: T.Zuluft	15.4
2021-03-11 00:34:38.0	Ana3 - 3: T.Abluft	20.4
2021-03-11 00:34:38.0	Ana4 - 4: T.Fortluft	12.8
2021-03-11 00:34:38.0	Ana5 - 5: T.Raum	9999.9
2021-03-11 00:34:38.0	Ana9 - 9: T.Zuluft WRG warm	19.5
2021-03-11 00:34:48.0	Ana1 - 1: T.Au?en	5.1
2021-03-11 00:34:48.0	Ana2 - 2: T.Zuluft	15.4
2021-03-11 00:34:48.0	Ana3 - 3: T.Abluft	20.4
2021-03-11 00:34:48.0	Ana4 - 4: T.Fortluft	12.8
2021-03-11 00:34:48.0	Ana5 - 5: T.Raum	9999.9
2021-03-11 00:34:48.0	Ana9 - 9: T.Zuluft WRG warm	19.5
2021-03-11 00:34:58.0	Ana1 - 1: T.Au?en	5.1
2021-03-11 00:34:58.0	Ana2 - 2: T.Zuluft	15.4
2021-03-11 00:34:58.0	Ana3 - 3: T.Abluft	20.4
2021-03-11 00:34:58.0	Ana4 - 4: T.Fortluft	12.8
2021-03-11 00:34:58.0	Ana5 - 5: T.Raum	9999.9
2021-03-11 00:34:58.0	Ana9 - 9: T.Zuluft WRG warm	19.5
2021-03-11 00:35:08.0	Ana1 - 1: T.Au?en	5.2
2021-03-11 00:35:08.0	Ana2 - 2: T.Zuluft	15.4
2021-03-11 00:35:08.0	Ana3 - 3: T.Abluft	20.4
2021-03-11 00:35:08.0	Ana4 - 4: T.Fortluft	12.8
2021-03-11 00:35:08.0	Ana5 - 5: T.Raum	9999.9
2021-03-11 00:35:08.0	Ana9 - 9: T.Zuluft WRG warm	19.5
2021-03-11 00:35:18.0	Ana1 - 1: T.Au?en	5.2
2021-03-11 00:35:18.0	Ana2 - 2: T.Zuluft	15.4
2021-03-11 00:35:18.0	Ana3 - 3: T.Abluft	20.4
2021-03-11 00:35:18.0	Ana4 - 4: T.Fortluft	12.8
2021-03-11 00:35:18.0	Ana5 - 5: T.Raum	9999.9
2021-03-11 00:35:18.0	Ana9 - 9: T.Zuluft WRG warm	19.5
2021-03-11 00:35:28.0	Ana1 - 1: T.Au?en	5.2
2021-03-11 00:35:28.0	Ana2 - 2: T.Zuluft	15.4
2021-03-11 00:35:28.0	Ana3 - 3: T.Abluft	20.4
2021-03-11 00:35:28.0	Ana4 - 4: T.Fortluft	12.8
2021-03-11 00:35:28.0	Ana5 - 5: T.Raum	9999.9
2021-03-11 00:35:28.0	Ana9 - 9: T.Zuluft WRG warm	19.5
2021-03-11 00:35:38.0	Ana1 - 1: T.Au?en	5.2
2021-03-11 00:35:38.0	Ana2 - 2: T.Zuluft	15.4
2021-03-11 00:35:38.0	Ana3 - 3: T.Abluft	20.4
2021-03-11 00:35:38.0	Ana4 - 4: T.Fortluft	12.8
2021-03-11 00:35:38.0	Ana5 - 5: T.Raum	9999.9
2021-03-11 00:35:38.0	Ana9 - 9: T.Zuluft WRG warm	19.5
2021-03-11 00:35:48.0	Ana1 - 1: T.Au?en	5.2
2021-03-11 00:35:48.0	Ana2 - 2: T.Zuluft	15.4
2021-03-11 00:35:48.0	Ana3 - 3: T.Abluft	20.4
2021-03-11 00:35:48.0	Ana4 - 4: T.Fortluft	12.8
2021-03-11 00:35:48.0	Ana5 - 5: T.Raum	9999.9
2021-03-11 00:35:48.0	Ana9 - 9: T.Zuluft WRG warm	19.5
2021-03-11 00:35:58.0	Ana1 - 1: T.Au?en	5.2
2021-03-11 00:35:58.0	Ana2 - 2: T.Zuluft	15.4
2021-03-11 00:35:58.0	Ana3 - 3: T.Abluft	20.4
2021-03-11 00:35:58.0	Ana4 - 4: T.Fortluft	12.8
2021-03-11 00:35:58.0	Ana5 - 5: T.Raum	9999.9
2021-03-11 00:35:58.0	Ana9 - 9: T.Zuluft WRG warm	19.5
2021-03-11 00:36:08.0	Ana1 - 1: T.Au?en	5.2
2021-03-11 00:36:08.0	Ana2 - 2: T.Zuluft	15.4
2021-03-11 00:36:08.0	Ana3 - 3: T.Abluft	20.4
2021-03-11 00:36:08.0	Ana4 - 4: T.Fortluft	12.8
2021-03-11 00:36:08.0	Ana5 - 5: T.Raum	9999.9
2021-03-11 00:36:08.0	Ana9 - 9: T.Zuluft WRG warm	19.5
2021-03-11 00:36:18.0	Ana1 - 1: T.Au?en	5.2
2021-03-11 00:36:18.0	Ana2 - 2: T.Zuluft	15.4
2021-03-11 00:36:18.0	Ana3 - 3: T.Abluft	20.4
2021-03-11 00:36:18.0	Ana4 - 4: T.Fortluft	12.8
2021-03-11 00:36:18.0	Ana5 - 5: T.Raum	9999.9
2021-03-11 00:36:18.0	Ana9 - 9: T.Zuluft WRG warm	19.5
2021-03-11 00:36:28.0	Ana1 - 1: T.Au?en	5.2
2021-03-11 00:36:28.0	Ana2 - 2: T.Zuluft	15.4
2021-03-11 00:36:28.0	Ana3 - 3: T.Abluft	20.4
2021-03-11 00:36:28.0	Ana4 - 4: T.Fortluft	12.8
2021-03-11 00:36:28.0	Ana5 - 5: T.Raum	9999.9
2021-03-11 00:36:28.0	Ana9 - 9: T.Zuluft WRG warm	19.5
2021-03-11 00:36:38.0	Ana1 - 1: T.Au?en	5.2
2021-03-11 00:36:38.0	Ana2 - 2: T.Zuluft	15.4
2021-03-11 00:36:38.0	Ana3 - 3: T.Abluft	20.4
2021-03-11 00:36:38.0	Ana4 - 4: T.Fortluft	12.8
2021-03-11 00:36:38.0	Ana5 - 5: T.Raum	9999.9
2021-03-11 00:36:38.0	Ana9 - 9: T.Zuluft WRG warm	19.5
2021-03-11 00:36:48.0	Ana1 - 1: T.Au?en	5.2
2021-03-11 00:36:48.0	Ana2 - 2: T.Zuluft	15.3
2021-03-11 00:36:48.0	Ana3 - 3: T.Abluft	20.4
2021-03-11 00:36:48.0	Ana4 - 4: T.Fortluft	12.8
2021-03-11 00:36:48.0	Ana5 - 5: T.Raum	9999.9
2021-03-11 00:36:48.0	Ana9 - 9: T.Zuluft WRG warm	19.5
2021-03-11 00:36:58.0	Ana1 - 1: T.Au?en	5.1
2021-03-11 00:36:58.0	Ana2 - 2: T.Zuluft	15.3
2021-03-11 00:36:58.0	Ana3 - 3: T.Abluft	20.4
2021-03-11 00:36:58.0	Ana4 - 4: T.Fortluft	12.8
2021-03-11 00:36:58.0	Ana5 - 5: T.Raum	9999.9
2021-03-11 00:36:58.0	Ana9 - 9: T.Zuluft WRG warm	19.5
2021-03-11 00:37:08.0	Ana1 - 1: T.Au?en	5.1
2021-03-11 00:37:08.0	Ana2 - 2: T.Zuluft	15.3
2021-03-11 00:37:08.0	Ana3 - 3: T.Abluft	20.4
2021-03-11 00:37:08.0	Ana4 - 4: T.Fortluft	12.8
2021-03-11 00:37:08.0	Ana5 - 5: T.Raum	9999.9
2021-03-11 00:37:08.0	Ana9 - 9: T.Zuluft WRG warm	19.5
2021-03-11 00:37:18.0	Ana1 - 1: T.Au?en	5.0
2021-03-11 00:37:18.0	Ana2 - 2: T.Zuluft	15.3
2021-03-11 00:37:18.0	Ana3 - 3: T.Abluft	20.4
2021-03-11 00:37:18.0	Ana4 - 4: T.Fortluft	12.8
2021-03-11 00:37:18.0	Ana5 - 5: T.Raum	9999.9
2021-03-11 00:37:18.0	Ana9 - 9: T.Zuluft WRG warm	19.5
2021-03-11 00:37:28.0	Ana1 - 1: T.Au?en	5.0
2021-03-11 00:37:28.0	Ana2 - 2: T.Zuluft	15.3
2021-03-11 00:37:28.0	Ana3 - 3: T.Abluft	20.4
2021-03-11 00:37:28.0	Ana4 - 4: T.Fortluft	12.8
2021-03-11 00:37:28.0	Ana5 - 5: T.Raum	9999.9
2021-03-11 00:37:28.0	Ana9 - 9: T.Zuluft WRG warm	19.5
2021-03-11 00:37:38.0	Ana1 - 1: T.Au?en	5.0
2021-03-11 00:37:38.0	Ana2 - 2: T.Zuluft	15.3
2021-03-11 00:37:38.0	Ana3 - 3: T.Abluft	20.4
2021-03-11 00:37:38.0	Ana4 - 4: T.Fortluft	12.8
2021-03-11 00:37:38.0	Ana5 - 5: T.Raum	9999.9
2021-03-11 00:37:38.0	Ana9 - 9: T.Zuluft WRG warm	19.5
2021-03-11 00:37:48.0	Ana1 - 1: T.Au?en	5.0
2021-03-11 00:37:48.0	Ana2 - 2: T.Zuluft	15.3
2021-03-11 00:37:48.0	Ana3 - 3: T.Abluft	20.3
2021-03-11 00:37:48.0	Ana4 - 4: T.Fortluft	12.8
2021-03-11 00:37:48.0	Ana5 - 5: T.Raum	9999.9
2021-03-11 00:37:48.0	Ana9 - 9: T.Zuluft WRG warm	19.5
2021-03-11 00:37:58.0	Ana1 - 1: T.Au?en	5.0
2021-03-11 00:37:58.0	Ana2 - 2: T.Zuluft	15.3
2021-03-11 00:37:58.0	Ana3 - 3: T.Abluft	20.4
2021-03-11 00:37:58.0	Ana4 - 4: T.Fortluft	12.8
2021-03-11 00:37:58.0	Ana5 - 5: T.Raum	9999.9
2021-03-11 00:37:58.0	Ana9 - 9: T.Zuluft WRG warm	19.5
2021-03-11 00:38:08.0	Ana1 - 1: T.Au?en	5.0
2021-03-11 00:38:08.0	Ana2 - 2: T.Zuluft	15.3
2021-03-11 00:38:08.0	Ana3 - 3: T.Abluft	20.4
2021-03-11 00:38:08.0	Ana4 - 4: T.Fortluft	12.8
2021-03-11 00:38:08.0	Ana5 - 5: T.Raum	9999.9
2021-03-11 00:38:08.0	Ana9 - 9: T.Zuluft WRG warm	19.5
2021-03-11 00:38:18.0	Ana1 - 1: T.Au?en	5.0
2021-03-11 00:38:18.0	Ana2 - 2: T.Zuluft	15.3
2021-03-11 00:38:18.0	Ana3 - 3: T.Abluft	20.4
2021-03-11 00:38:18.0	Ana4 - 4: T.Fortluft	12.8
2021-03-11 00:38:18.0	Ana5 - 5: T.Raum	9999.9
2021-03-11 00:38:18.0	Ana9 - 9: T.Zuluft WRG warm	19.5
2021-03-11 00:38:28.0	Ana1 - 1: T.Au?en	5.0
2021-03-11 00:38:28.0	Ana2 - 2: T.Zuluft	15.3
2021-03-11 00:38:28.0	Ana3 - 3: T.Abluft	20.4
2021-03-11 00:38:28.0	Ana4 - 4: T.Fortluft	12.8
2021-03-11 00:38:28.0	Ana5 - 5: T.Raum	9999.9
2021-03-11 00:38:28.0	Ana9 - 9: T.Zuluft WRG warm	19.5
2021-03-11 00:38:38.0	Ana1 - 1: T.Au?en	5.0
2021-03-11 00:38:38.0	Ana2 - 2: T.Zuluft	15.3
2021-03-11 00:38:38.0	Ana3 - 3: T.Abluft	20.4
2021-03-11 00:38:38.0	Ana4 - 4: T.Fortluft	12.8
2021-03-11 00:38:38.0	Ana5 - 5: T.Raum	9999.9
2021-03-11 00:38:38.0	Ana9 - 9: T.Zuluft WRG warm	19.5
2021-03-11 00:38:48.0	Ana1 - 1: T.Au?en	5.0
2021-03-11 00:38:48.0	Ana2 - 2: T.Zuluft	15.3
2021-03-11 00:38:48.0	Ana3 - 3: T.Abluft	20.4
2021-03-11 00:38:48.0	Ana4 - 4: T.Fortluft	12.8
2021-03-11 00:38:48.0	Ana5 - 5: T.Raum	9999.9
2021-03-11 00:38:48.0	Ana9 - 9: T.Zuluft WRG warm	19.5
2021-03-11 00:38:58.0	Ana1 - 1: T.Au?en	5.0
2021-03-11 00:38:58.0	Ana2 - 2: T.Zuluft	15.3
2021-03-11 00:38:58.0	Ana3 - 3: T.Abluft	20.4
2021-03-11 00:38:58.0	Ana4 - 4: T.Fortluft	12.8
2021-03-11 00:38:58.0	Ana5 - 5: T.Raum	9999.9
2021-03-11 00:38:58.0	Ana9 - 9: T.Zuluft WRG warm	19.5
2021-03-11 00:39:08.0	Ana1 - 1: T.Au?en	5.0
2021-03-11 00:39:08.0	Ana2 - 2: T.Zuluft	15.3
2021-03-11 00:39:08.0	Ana3 - 3: T.Abluft	20.4
2021-03-11 00:39:08.0	Ana4 - 4: T.Fortluft	12.8
2021-03-11 00:39:08.0	Ana5 - 5: T.Raum	9999.9
2021-03-11 00:39:08.0	Ana9 - 9: T.Zuluft WRG warm	19.5
2021-03-11 00:39:18.0	Ana1 - 1: T.Au?en	5.1
2021-03-11 00:39:18.0	Ana2 - 2: T.Zuluft	15.3
2021-03-11 00:39:18.0	Ana3 - 3: T.Abluft	20.4
2021-03-11 00:39:18.0	Ana4 - 4: T.Fortluft	12.8
2021-03-11 00:39:18.0	Ana5 - 5: T.Raum	9999.9
2021-03-11 00:39:18.0	Ana9 - 9: T.Zuluft WRG warm	19.5
2021-03-11 00:39:28.0	Ana1 - 1: T.Au?en	5.0
2021-03-11 00:39:28.0	Ana2 - 2: T.Zuluft	15.3
2021-03-11 00:39:28.0	Ana3 - 3: T.Abluft	20.4
2021-03-11 00:39:28.0	Ana4 - 4: T.Fortluft	12.8
2021-03-11 00:39:28.0	Ana5 - 5: T.Raum	9999.9
2021-03-11 00:39:28.0	Ana9 - 9: T.Zuluft WRG warm	19.5
2021-03-11 00:39:38.0	Ana1 - 1: T.Au?en	5.1
2021-03-11 00:39:38.0	Ana2 - 2: T.Zuluft	15.3
2021-03-11 00:39:38.0	Ana3 - 3: T.Abluft	20.4
2021-03-11 00:39:38.0	Ana4 - 4: T.Fortluft	12.8
2021-03-11 00:39:38.0	Ana5 - 5: T.Raum	9999.9
2021-03-11 00:39:38.0	Ana9 - 9: T.Zuluft WRG warm	19.5
2021-03-11 00:39:48.0	Ana1 - 1: T.Au?en	5.1
2021-03-11 00:39:48.0	Ana2 - 2: T.Zuluft	15.3
2021-03-11 00:39:48.0	Ana3 - 3: T.Abluft	20.3
2021-03-11 00:39:48.0	Ana4 - 4: T.Fortluft	12.8
2021-03-11 00:39:48.0	Ana5 - 5: T.Raum	9999.9
2021-03-11 00:39:48.0	Ana9 - 9: T.Zuluft WRG warm	19.5
2021-03-11 00:39:58.0	Ana1 - 1: T.Au?en	5.1
2021-03-11 00:39:58.0	Ana2 - 2: T.Zuluft	15.3
2021-03-11 00:39:58.0	Ana3 - 3: T.Abluft	20.3
2021-03-11 00:39:58.0	Ana4 - 4: T.Fortluft	12.8
2021-03-11 00:39:58.0	Ana5 - 5: T.Raum	9999.9
2021-03-11 00:39:58.0	Ana9 - 9: T.Zuluft WRG warm	19.5
2021-03-11 00:40:08.0	Ana1 - 1: T.Au?en	5.1
2021-03-11 00:40:08.0	Ana2 - 2: T.Zuluft	15.3
2021-03-11 00:40:08.0	Ana3 - 3: T.Abluft	20.4
2021-03-11 00:40:08.0	Ana4 - 4: T.Fortluft	12.8
2021-03-11 00:40:08.0	Ana5 - 5: T.Raum	9999.9
2021-03-11 00:40:08.0	Ana9 - 9: T.Zuluft WRG warm	19.5
2021-03-11 00:40:18.0	Ana1 - 1: T.Au?en	5.1
2021-03-11 00:40:18.0	Ana2 - 2: T.Zuluft	15.3
2021-03-11 00:40:18.0	Ana3 - 3: T.Abluft	20.4
2021-03-11 00:40:18.0	Ana4 - 4: T.Fortluft	12.8
2021-03-11 00:40:18.0	Ana5 - 5: T.Raum	9999.9
2021-03-11 00:40:18.0	Ana9 - 9: T.Zuluft WRG warm	19.5
2021-03-11 00:40:28.0	Ana1 - 1: T.Au?en	5.0
2021-03-11 00:40:28.0	Ana2 - 2: T.Zuluft	15.3
2021-03-11 00:40:28.0	Ana3 - 3: T.Abluft	20.4
2021-03-11 00:40:28.0	Ana4 - 4: T.Fortluft	12.8
2021-03-11 00:40:28.0	Ana5 - 5: T.Raum	9999.9
2021-03-11 00:40:28.0	Ana9 - 9: T.Zuluft WRG warm	19.5
2021-03-11 00:40:38.0	Ana1 - 1: T.Au?en	5.0
2021-03-11 00:40:38.0	Ana2 - 2: T.Zuluft	15.3
2021-03-11 00:40:38.0	Ana3 - 3: T.Abluft	20.3
2021-03-11 00:40:38.0	Ana4 - 4: T.Fortluft	12.8
2021-03-11 00:40:38.0	Ana5 - 5: T.Raum	9999.9
2021-03-11 00:40:38.0	Ana9 - 9: T.Zuluft WRG warm	19.5
2021-03-11 00:40:48.0	Ana1 - 1: T.Au?en	5.0
2021-03-11 00:40:48.0	Ana2 - 2: T.Zuluft	15.3
2021-03-11 00:40:48.0	Ana3 - 3: T.Abluft	20.3
2021-03-11 00:40:48.0	Ana4 - 4: T.Fortluft	12.8
2021-03-11 00:40:48.0	Ana5 - 5: T.Raum	9999.9
2021-03-11 00:40:48.0	Ana9 - 9: T.Zuluft WRG warm	19.5
2021-03-11 00:40:58.0	Ana1 - 1: T.Au?en	5.0
2021-03-11 00:40:58.0	Ana2 - 2: T.Zuluft	15.3
2021-03-11 00:40:58.0	Ana3 - 3: T.Abluft	20.3
2021-03-11 00:40:58.0	Ana4 - 4: T.Fortluft	12.8
2021-03-11 00:40:58.0	Ana5 - 5: T.Raum	9999.9
2021-03-11 00:40:58.0	Ana9 - 9: T.Zuluft WRG warm	19.5
2021-03-11 00:41:08.0	Ana1 - 1: T.Au?en	5.0
2021-03-11 00:41:08.0	Ana2 - 2: T.Zuluft	15.3
2021-03-11 00:41:08.0	Ana3 - 3: T.Abluft	20.3
2021-03-11 00:41:08.0	Ana4 - 4: T.Fortluft	12.8
2021-03-11 00:41:08.0	Ana5 - 5: T.Raum	9999.9
2021-03-11 00:41:08.0	Ana9 - 9: T.Zuluft WRG warm	19.5
2021-03-11 00:41:18.0	Ana1 - 1: T.Au?en	5.0
2021-03-11 00:41:18.0	Ana2 - 2: T.Zuluft	15.3
2021-03-11 00:41:18.0	Ana3 - 3: T.Abluft	20.3
2021-03-11 00:41:18.0	Ana4 - 4: T.Fortluft	12.8
2021-03-11 00:41:18.0	Ana5 - 5: T.Raum	9999.9
2021-03-11 00:41:18.0	Ana9 - 9: T.Zuluft WRG warm	19.5
2021-03-11 00:41:28.0	Ana1 - 1: T.Au?en	5.0
2021-03-11 00:41:28.0	Ana2 - 2: T.Zuluft	15.3
2021-03-11 00:41:28.0	Ana3 - 3: T.Abluft	20.3
2021-03-11 00:41:28.0	Ana4 - 4: T.Fortluft	12.8
2021-03-11 00:41:28.0	Ana5 - 5: T.Raum	9999.9
2021-03-11 00:41:28.0	Ana9 - 9: T.Zuluft WRG warm	19.5
2021-03-11 00:41:38.0	Ana1 - 1: T.Au?en	5.0
2021-03-11 00:41:38.0	Ana2 - 2: T.Zuluft	15.3
2021-03-11 00:41:38.0	Ana3 - 3: T.Abluft	20.3
2021-03-11 00:41:38.0	Ana4 - 4: T.Fortluft	12.7
2021-03-11 00:41:38.0	Ana5 - 5: T.Raum	9999.9
2021-03-11 00:41:38.0	Ana9 - 9: T.Zuluft WRG warm	19.5
2021-03-11 00:41:48.0	Ana1 - 1: T.Au?en	5.0
2021-03-11 00:41:48.0	Ana2 - 2: T.Zuluft	15.3
2021-03-11 00:41:48.0	Ana3 - 3: T.Abluft	20.3
2021-03-11 00:41:48.0	Ana4 - 4: T.Fortluft	12.7
2021-03-11 00:41:48.0	Ana5 - 5: T.Raum	9999.9
2021-03-11 00:41:48.0	Ana9 - 9: T.Zuluft WRG warm	19.5
2021-03-11 00:41:58.0	Ana1 - 1: T.Au?en	5.0
2021-03-11 00:41:58.0	Ana2 - 2: T.Zuluft	15.3
2021-03-11 00:41:58.0	Ana3 - 3: T.Abluft	20.3
2021-03-11 00:41:58.0	Ana4 - 4: T.Fortluft	12.8
2021-03-11 00:41:58.0	Ana5 - 5: T.Raum	9999.9
2021-03-11 00:41:58.0	Ana9 - 9: T.Zuluft WRG warm	19.5
2021-03-11 00:42:08.0	Ana1 - 1: T.Au?en	5.0
2021-03-11 00:42:08.0	Ana2 - 2: T.Zuluft	15.3
2021-03-11 00:42:08.0	Ana3 - 3: T.Abluft	20.3
2021-03-11 00:42:08.0	Ana4 - 4: T.Fortluft	12.7
2021-03-11 00:42:08.0	Ana5 - 5: T.Raum	9999.9
2021-03-11 00:42:08.0	Ana9 - 9: T.Zuluft WRG warm	19.5
2021-03-11 00:42:18.0	Ana1 - 1: T.Au?en	5.0
2021-03-11 00:42:18.0	Ana2 - 2: T.Zuluft	15.3
2021-03-11 00:42:18.0	Ana3 - 3: T.Abluft	20.3
2021-03-11 00:42:18.0	Ana4 - 4: T.Fortluft	12.8
2021-03-11 00:42:18.0	Ana5 - 5: T.Raum	9999.9
2021-03-11 00:42:18.0	Ana9 - 9: T.Zuluft WRG warm	19.5
2021-03-11 00:42:28.0	Ana1 - 1: T.Au?en	5.0
2021-03-11 00:42:28.0	Ana2 - 2: T.Zuluft	15.3
2021-03-11 00:42:28.0	Ana3 - 3: T.Abluft	20.3
2021-03-11 00:42:28.0	Ana4 - 4: T.Fortluft	12.7
2021-03-11 00:42:28.0	Ana5 - 5: T.Raum	9999.9
2021-03-11 00:42:28.0	Ana9 - 9: T.Zuluft WRG warm	19.5
2021-03-11 00:42:38.0	Ana1 - 1: T.Au?en	5.0
2021-03-11 00:42:38.0	Ana2 - 2: T.Zuluft	15.3
2021-03-11 00:42:38.0	Ana3 - 3: T.Abluft	20.3
2021-03-11 00:42:38.0	Ana4 - 4: T.Fortluft	12.7
2021-03-11 00:42:38.0	Ana5 - 5: T.Raum	9999.9
2021-03-11 00:42:38.0	Ana9 - 9: T.Zuluft WRG warm	19.5
2021-03-11 00:42:48.0	Ana1 - 1: T.Au?en	5.0
2021-03-11 00:42:48.0	Ana2 - 2: T.Zuluft	15.3
2021-03-11 00:42:48.0	Ana3 - 3: T.Abluft	20.3
2021-03-11 00:42:48.0	Ana4 - 4: T.Fortluft	12.7
2021-03-11 00:42:48.0	Ana5 - 5: T.Raum	9999.9
2021-03-11 00:42:48.0	Ana9 - 9: T.Zuluft WRG warm	19.5
2021-03-11 00:42:58.0	Ana1 - 1: T.Au?en	5.0
2021-03-11 00:42:58.0	Ana2 - 2: T.Zuluft	15.3
2021-03-11 00:42:58.0	Ana3 - 3: T.Abluft	20.3
2021-03-11 00:42:58.0	Ana4 - 4: T.Fortluft	12.7
2021-03-11 00:42:58.0	Ana5 - 5: T.Raum	9999.9
2021-03-11 00:42:58.0	Ana9 - 9: T.Zuluft WRG warm	19.5
2021-03-11 00:43:08.0	Ana1 - 1: T.Au?en	5.0
2021-03-11 00:43:08.0	Ana2 - 2: T.Zuluft	15.3
2021-03-11 00:43:08.0	Ana3 - 3: T.Abluft	20.3
2021-03-11 00:43:08.0	Ana4 - 4: T.Fortluft	12.7
2021-03-11 00:43:08.0	Ana5 - 5: T.Raum	9999.9
2021-03-11 00:43:08.0	Ana9 - 9: T.Zuluft WRG warm	19.5
2021-03-11 00:43:18.0	Ana1 - 1: T.Au?en	4.9
2021-03-11 00:43:18.0	Ana2 - 2: T.Zuluft	15.3
2021-03-11 00:43:18.0	Ana3 - 3: T.Abluft	20.3
2021-03-11 00:43:18.0	Ana4 - 4: T.Fortluft	12.7
2021-03-11 00:43:18.0	Ana5 - 5: T.Raum	9999.9
2021-03-11 00:43:18.0	Ana9 - 9: T.Zuluft WRG warm	19.5
2021-03-11 00:43:28.0	Ana1 - 1: T.Au?en	4.9
2021-03-11 00:43:28.0	Ana2 - 2: T.Zuluft	15.3
2021-03-11 00:43:28.0	Ana3 - 3: T.Abluft	20.3
2021-03-11 00:43:28.0	Ana4 - 4: T.Fortluft	12.7
2021-03-11 00:43:28.0	Ana5 - 5: T.Raum	9999.9
2021-03-11 00:43:28.0	Ana9 - 9: T.Zuluft WRG warm	19.5
2021-03-11 00:43:38.0	Ana1 - 1: T.Au?en	4.9
2021-03-11 00:43:38.0	Ana2 - 2: T.Zuluft	15.3
2021-03-11 00:43:38.0	Ana3 - 3: T.Abluft	20.3
2021-03-11 00:43:38.0	Ana4 - 4: T.Fortluft	12.7
2021-03-11 00:43:38.0	Ana5 - 5: T.Raum	9999.9
2021-03-11 00:43:38.0	Ana9 - 9: T.Zuluft WRG warm	19.5
2021-03-11 00:43:48.0	Ana1 - 1: T.Au?en	5.0
2021-03-11 00:43:48.0	Ana2 - 2: T.Zuluft	15.3
2021-03-11 00:43:48.0	Ana3 - 3: T.Abluft	20.3
2021-03-11 00:43:48.0	Ana4 - 4: T.Fortluft	12.7
2021-03-11 00:43:48.0	Ana5 - 5: T.Raum	9999.9
2021-03-11 00:43:48.0	Ana9 - 9: T.Zuluft WRG warm	19.5
2021-03-11 00:43:58.0	Ana1 - 1: T.Au?en	5.0
2021-03-11 00:43:58.0	Ana2 - 2: T.Zuluft	15.3
2021-03-11 00:43:58.0	Ana3 - 3: T.Abluft	20.3
2021-03-11 00:43:58.0	Ana4 - 4: T.Fortluft	12.7
2021-03-11 00:43:58.0	Ana5 - 5: T.Raum	9999.9
2021-03-11 00:43:58.0	Ana9 - 9: T.Zuluft WRG warm	19.5
2021-03-11 00:44:08.0	Ana1 - 1: T.Au?en	5.0
2021-03-11 00:44:08.0	Ana2 - 2: T.Zuluft	15.3
2021-03-11 00:44:08.0	Ana3 - 3: T.Abluft	20.3
2021-03-11 00:44:08.0	Ana4 - 4: T.Fortluft	12.7
2021-03-11 00:44:08.0	Ana5 - 5: T.Raum	9999.9
2021-03-11 00:44:08.0	Ana9 - 9: T.Zuluft WRG warm	19.5
2021-03-11 00:44:18.0	Ana1 - 1: T.Au?en	5.0
2021-03-11 00:44:18.0	Ana2 - 2: T.Zuluft	15.3
2021-03-11 00:44:18.0	Ana3 - 3: T.Abluft	20.3
2021-03-11 00:44:18.0	Ana4 - 4: T.Fortluft	12.7
2021-03-11 00:44:18.0	Ana5 - 5: T.Raum	9999.9
2021-03-11 00:44:18.0	Ana9 - 9: T.Zuluft WRG warm	19.5
2021-03-11 00:44:28.0	Ana1 - 1: T.Au?en	5.0
2021-03-11 00:44:28.0	Ana2 - 2: T.Zuluft	15.3
2021-03-11 00:44:28.0	Ana3 - 3: T.Abluft	20.3
2021-03-11 00:44:28.0	Ana4 - 4: T.Fortluft	12.7
2021-03-11 00:44:28.0	Ana5 - 5: T.Raum	9999.9
2021-03-11 00:44:28.0	Ana9 - 9: T.Zuluft WRG warm	19.5
2021-03-11 00:44:38.0	Ana1 - 1: T.Au?en	4.9
2021-03-11 00:44:38.0	Ana2 - 2: T.Zuluft	15.3
2021-03-11 00:44:38.0	Ana3 - 3: T.Abluft	20.3
2021-03-11 00:44:38.0	Ana4 - 4: T.Fortluft	12.7
2021-03-11 00:44:38.0	Ana5 - 5: T.Raum	9999.9
2021-03-11 00:44:38.0	Ana9 - 9: T.Zuluft WRG warm	19.5
2021-03-11 00:44:48.0	Ana1 - 1: T.Au?en	4.9
2021-03-11 00:44:48.0	Ana2 - 2: T.Zuluft	15.3
2021-03-11 00:44:48.0	Ana3 - 3: T.Abluft	20.3
2021-03-11 00:44:48.0	Ana4 - 4: T.Fortluft	12.7
2021-03-11 00:44:48.0	Ana5 - 5: T.Raum	9999.9
2021-03-11 00:44:48.0	Ana9 - 9: T.Zuluft WRG warm	19.5
2021-03-11 00:44:58.0	Ana1 - 1: T.Au?en	4.9
2021-03-11 00:44:58.0	Ana2 - 2: T.Zuluft	15.3
2021-03-11 00:44:58.0	Ana3 - 3: T.Abluft	20.3
2021-03-11 00:44:58.0	Ana4 - 4: T.Fortluft	12.7
2021-03-11 00:44:58.0	Ana5 - 5: T.Raum	9999.9
2021-03-11 00:44:58.0	Ana9 - 9: T.Zuluft WRG warm	19.5
2021-03-11 00:45:08.0	Ana1 - 1: T.Au?en	4.9
2021-03-11 00:45:08.0	Ana2 - 2: T.Zuluft	15.3
2021-03-11 00:45:08.0	Ana3 - 3: T.Abluft	20.3
2021-03-11 00:45:08.0	Ana4 - 4: T.Fortluft	12.7
2021-03-11 00:45:08.0	Ana5 - 5: T.Raum	9999.9
2021-03-11 00:45:08.0	Ana9 - 9: T.Zuluft WRG warm	19.5
2021-03-11 00:45:18.0	Ana1 - 1: T.Au?en	4.9
2021-03-11 00:45:18.0	Ana2 - 2: T.Zuluft	15.3
2021-03-11 00:45:18.0	Ana3 - 3: T.Abluft	20.3
2021-03-11 00:45:18.0	Ana4 - 4: T.Fortluft	12.7
2021-03-11 00:45:18.0	Ana5 - 5: T.Raum	9999.9
2021-03-11 00:45:18.0	Ana9 - 9: T.Zuluft WRG warm	19.5
2021-03-11 00:45:28.0	Ana1 - 1: T.Au?en	4.9
2021-03-11 00:45:28.0	Ana2 - 2: T.Zuluft	15.3
2021-03-11 00:45:28.0	Ana3 - 3: T.Abluft	20.3
2021-03-11 00:45:28.0	Ana4 - 4: T.Fortluft	12.7
2021-03-11 00:45:28.0	Ana5 - 5: T.Raum	9999.9
2021-03-11 00:45:28.0	Ana9 - 9: T.Zuluft WRG warm	19.5
2021-03-11 00:45:38.0	Ana1 - 1: T.Au?en	4.9
2021-03-11 00:45:38.0	Ana2 - 2: T.Zuluft	15.3
2021-03-11 00:45:38.0	Ana3 - 3: T.Abluft	20.3
2021-03-11 00:45:38.0	Ana4 - 4: T.Fortluft	12.7
2021-03-11 00:45:38.0	Ana5 - 5: T.Raum	9999.9
2021-03-11 00:45:38.0	Ana9 - 9: T.Zuluft WRG warm	19.5
2021-03-11 00:45:48.0	Ana1 - 1: T.Au?en	4.9
2021-03-11 00:45:48.0	Ana2 - 2: T.Zuluft	15.2
2021-03-11 00:45:48.0	Ana3 - 3: T.Abluft	20.3
2021-03-11 00:45:48.0	Ana4 - 4: T.Fortluft	12.7
2021-03-11 00:45:48.0	Ana5 - 5: T.Raum	9999.9
2021-03-11 00:45:48.0	Ana9 - 9: T.Zuluft WRG warm	19.5
2021-03-11 00:45:58.0	Ana1 - 1: T.Au?en	4.9
2021-03-11 00:45:58.0	Ana2 - 2: T.Zuluft	15.2
2021-03-11 00:45:58.0	Ana3 - 3: T.Abluft	20.3
2021-03-11 00:45:58.0	Ana4 - 4: T.Fortluft	12.7
2021-03-11 00:45:58.0	Ana5 - 5: T.Raum	9999.9
2021-03-11 00:45:58.0	Ana9 - 9: T.Zuluft WRG warm	19.5
2021-03-11 00:46:08.0	Ana1 - 1: T.Au?en	4.9
2021-03-11 00:46:08.0	Ana2 - 2: T.Zuluft	15.2
2021-03-11 00:46:08.0	Ana3 - 3: T.Abluft	20.3
2021-03-11 00:46:08.0	Ana4 - 4: T.Fortluft	12.7
2021-03-11 00:46:08.0	Ana5 - 5: T.Raum	9999.9
2021-03-11 00:46:08.0	Ana9 - 9: T.Zuluft WRG warm	19.5
2021-03-11 00:46:18.0	Ana1 - 1: T.Au?en	4.9
2021-03-11 00:46:18.0	Ana2 - 2: T.Zuluft	15.2
2021-03-11 00:46:18.0	Ana3 - 3: T.Abluft	20.3
2021-03-11 00:46:18.0	Ana4 - 4: T.Fortluft	12.7
2021-03-11 00:46:18.0	Ana5 - 5: T.Raum	9999.9
2021-03-11 00:46:18.0	Ana9 - 9: T.Zuluft WRG warm	19.5
2021-03-11 00:46:28.0	Ana1 - 1: T.Au?en	4.9
2021-03-11 00:46:28.0	Ana2 - 2: T.Zuluft	15.2
2021-03-11 00:46:28.0	Ana3 - 3: T.Abluft	20.3
2021-03-11 00:46:28.0	Ana4 - 4: T.Fortluft	12.7
2021-03-11 00:46:28.0	Ana5 - 5: T.Raum	9999.9
2021-03-11 00:46:28.0	Ana9 - 9: T.Zuluft WRG warm	19.5
2021-03-11 00:46:38.0	Ana1 - 1: T.Au?en	4.9
2021-03-11 00:46:38.0	Ana2 - 2: T.Zuluft	15.2
2021-03-11 00:46:38.0	Ana3 - 3: T.Abluft	20.3
2021-03-11 00:46:38.0	Ana4 - 4: T.Fortluft	12.7
2021-03-11 00:46:38.0	Ana5 - 5: T.Raum	9999.9
2021-03-11 00:46:38.0	Ana9 - 9: T.Zuluft WRG warm	19.5
2021-03-11 00:46:48.0	Ana1 - 1: T.Au?en	4.9
2021-03-11 00:46:48.0	Ana2 - 2: T.Zuluft	15.2
2021-03-11 00:46:48.0	Ana3 - 3: T.Abluft	20.3
2021-03-11 00:46:48.0	Ana4 - 4: T.Fortluft	12.7
2021-03-11 00:46:48.0	Ana5 - 5: T.Raum	9999.9
2021-03-11 00:46:48.0	Ana9 - 9: T.Zuluft WRG warm	19.5
2021-03-11 00:46:58.0	Ana1 - 1: T.Au?en	4.9
2021-03-11 00:46:58.0	Ana2 - 2: T.Zuluft	15.2
2021-03-11 00:46:58.0	Ana3 - 3: T.Abluft	20.3
2021-03-11 00:46:58.0	Ana4 - 4: T.Fortluft	12.7
2021-03-11 00:46:58.0	Ana5 - 5: T.Raum	9999.9
2021-03-11 00:46:58.0	Ana9 - 9: T.Zuluft WRG warm	19.5
2021-03-11 00:47:08.0	Ana1 - 1: T.Au?en	4.9
2021-03-11 00:47:08.0	Ana2 - 2: T.Zuluft	15.2
2021-03-11 00:47:08.0	Ana3 - 3: T.Abluft	20.3
2021-03-11 00:47:08.0	Ana4 - 4: T.Fortluft	12.7
2021-03-11 00:47:08.0	Ana5 - 5: T.Raum	9999.9
2021-03-11 00:47:08.0	Ana9 - 9: T.Zuluft WRG warm	19.5
2021-03-11 00:47:18.0	Ana1 - 1: T.Au?en	4.9
2021-03-11 00:47:18.0	Ana2 - 2: T.Zuluft	15.2
2021-03-11 00:47:18.0	Ana3 - 3: T.Abluft	20.3
2021-03-11 00:47:18.0	Ana4 - 4: T.Fortluft	12.7
2021-03-11 00:47:18.0	Ana5 - 5: T.Raum	9999.9
2021-03-11 00:47:18.0	Ana9 - 9: T.Zuluft WRG warm	19.5
2021-03-11 00:47:28.0	Ana1 - 1: T.Au?en	4.9
2021-03-11 00:47:28.0	Ana2 - 2: T.Zuluft	15.2
2021-03-11 00:47:28.0	Ana3 - 3: T.Abluft	20.3
2021-03-11 00:47:28.0	Ana4 - 4: T.Fortluft	12.7
2021-03-11 00:47:28.0	Ana5 - 5: T.Raum	9999.9
2021-03-11 00:47:28.0	Ana9 - 9: T.Zuluft WRG warm	19.5
2021-03-11 00:47:38.0	Ana1 - 1: T.Au?en	4.9
2021-03-11 00:47:38.0	Ana2 - 2: T.Zuluft	15.2
2021-03-11 00:47:38.0	Ana3 - 3: T.Abluft	20.3
2021-03-11 00:47:38.0	Ana4 - 4: T.Fortluft	12.7
2021-03-11 00:47:38.0	Ana5 - 5: T.Raum	9999.9
2021-03-11 00:47:38.0	Ana9 - 9: T.Zuluft WRG warm	19.5
2021-03-11 00:47:48.0	Ana1 - 1: T.Au?en	4.9
2021-03-11 00:47:48.0	Ana2 - 2: T.Zuluft	15.2
2021-03-11 00:47:48.0	Ana3 - 3: T.Abluft	20.3
2021-03-11 00:47:48.0	Ana4 - 4: T.Fortluft	12.7
2021-03-11 00:47:48.0	Ana5 - 5: T.Raum	9999.9
2021-03-11 00:47:48.0	Ana9 - 9: T.Zuluft WRG warm	19.5
2021-03-11 00:47:58.0	Ana1 - 1: T.Au?en	4.9
2021-03-11 00:47:58.0	Ana2 - 2: T.Zuluft	15.2
2021-03-11 00:47:58.0	Ana3 - 3: T.Abluft	20.3
2021-03-11 00:47:58.0	Ana4 - 4: T.Fortluft	12.7
2021-03-11 00:47:58.0	Ana5 - 5: T.Raum	9999.9
2021-03-11 00:47:58.0	Ana9 - 9: T.Zuluft WRG warm	19.5
2021-03-11 00:48:08.0	Ana1 - 1: T.Au?en	4.9
2021-03-11 00:48:08.0	Ana2 - 2: T.Zuluft	15.2
2021-03-11 00:48:08.0	Ana3 - 3: T.Abluft	20.3
2021-03-11 00:48:08.0	Ana4 - 4: T.Fortluft	12.6
2021-03-11 00:48:08.0	Ana5 - 5: T.Raum	9999.9
2021-03-11 00:48:08.0	Ana9 - 9: T.Zuluft WRG warm	19.5
2021-03-11 00:48:18.0	Ana1 - 1: T.Au?en	4.9
2021-03-11 00:48:18.0	Ana2 - 2: T.Zuluft	15.2
2021-03-11 00:48:18.0	Ana3 - 3: T.Abluft	20.3
2021-03-11 00:48:18.0	Ana4 - 4: T.Fortluft	12.6
2021-03-11 00:48:18.0	Ana5 - 5: T.Raum	9999.9
2021-03-11 00:48:18.0	Ana9 - 9: T.Zuluft WRG warm	19.5
2021-03-11 00:48:28.0	Ana1 - 1: T.Au?en	4.9
2021-03-11 00:48:28.0	Ana2 - 2: T.Zuluft	15.2
2021-03-11 00:48:28.0	Ana3 - 3: T.Abluft	20.3
2021-03-11 00:48:28.0	Ana4 - 4: T.Fortluft	12.6
2021-03-11 00:48:28.0	Ana5 - 5: T.Raum	9999.9
2021-03-11 00:48:28.0	Ana9 - 9: T.Zuluft WRG warm	19.5
2021-03-11 00:48:38.0	Ana1 - 1: T.Au?en	4.9
2021-03-11 00:48:38.0	Ana2 - 2: T.Zuluft	15.2
2021-03-11 00:48:38.0	Ana3 - 3: T.Abluft	20.3
2021-03-11 00:48:38.0	Ana4 - 4: T.Fortluft	12.7
2021-03-11 00:48:38.0	Ana5 - 5: T.Raum	9999.9
2021-03-11 00:48:38.0	Ana9 - 9: T.Zuluft WRG warm	19.5
2021-03-11 00:48:48.0	Ana1 - 1: T.Au?en	4.9
2021-03-11 00:48:48.0	Ana2 - 2: T.Zuluft	15.2
2021-03-11 00:48:48.0	Ana3 - 3: T.Abluft	20.3
2021-03-11 00:48:48.0	Ana4 - 4: T.Fortluft	12.6
2021-03-11 00:48:48.0	Ana5 - 5: T.Raum	9999.9
2021-03-11 00:48:48.0	Ana9 - 9: T.Zuluft WRG warm	19.5
2021-03-11 00:48:58.0	Ana1 - 1: T.Au?en	4.9
2021-03-11 00:48:58.0	Ana2 - 2: T.Zuluft	15.2
2021-03-11 00:48:58.0	Ana3 - 3: T.Abluft	20.3
2021-03-11 00:48:58.0	Ana4 - 4: T.Fortluft	12.6
2021-03-11 00:48:58.0	Ana5 - 5: T.Raum	9999.9
2021-03-11 00:48:58.0	Ana9 - 9: T.Zuluft WRG warm	19.5
2021-03-11 00:49:08.0	Ana1 - 1: T.Au?en	4.9
2021-03-11 00:49:08.0	Ana2 - 2: T.Zuluft	15.2
2021-03-11 00:49:08.0	Ana3 - 3: T.Abluft	20.3
2021-03-11 00:49:08.0	Ana4 - 4: T.Fortluft	12.6
2021-03-11 00:49:08.0	Ana5 - 5: T.Raum	9999.9
2021-03-11 00:49:08.0	Ana9 - 9: T.Zuluft WRG warm	19.5
2021-03-11 00:49:18.0	Ana1 - 1: T.Au?en	4.9
2021-03-11 00:49:18.0	Ana2 - 2: T.Zuluft	15.2
2021-03-11 00:49:18.0	Ana3 - 3: T.Abluft	20.3
2021-03-11 00:49:18.0	Ana4 - 4: T.Fortluft	12.6
2021-03-11 00:49:18.0	Ana5 - 5: T.Raum	9999.9
2021-03-11 00:49:18.0	Ana9 - 9: T.Zuluft WRG warm	19.5
2021-03-11 00:49:28.0	Ana1 - 1: T.Au?en	4.9
2021-03-11 00:49:28.0	Ana2 - 2: T.Zuluft	15.2
2021-03-11 00:49:28.0	Ana3 - 3: T.Abluft	20.3
2021-03-11 00:49:28.0	Ana4 - 4: T.Fortluft	12.6
2021-03-11 00:49:28.0	Ana5 - 5: T.Raum	9999.9
2021-03-11 00:49:28.0	Ana9 - 9: T.Zuluft WRG warm	19.5
2021-03-11 00:49:38.0	Ana1 - 1: T.Au?en	4.9
2021-03-11 00:49:38.0	Ana2 - 2: T.Zuluft	15.2
2021-03-11 00:49:38.0	Ana3 - 3: T.Abluft	20.3
2021-03-11 00:49:38.0	Ana4 - 4: T.Fortluft	12.6
2021-03-11 00:49:38.0	Ana5 - 5: T.Raum	9999.9
2021-03-11 00:49:38.0	Ana9 - 9: T.Zuluft WRG warm	19.5
2021-03-11 00:49:48.0	Ana1 - 1: T.Au?en	4.9
2021-03-11 00:49:48.0	Ana2 - 2: T.Zuluft	15.2
2021-03-11 00:49:48.0	Ana3 - 3: T.Abluft	20.3
2021-03-11 00:49:48.0	Ana4 - 4: T.Fortluft	12.6
2021-03-11 00:49:48.0	Ana5 - 5: T.Raum	9999.9
2021-03-11 00:49:48.0	Ana9 - 9: T.Zuluft WRG warm	19.5
2021-03-11 00:49:58.0	Ana1 - 1: T.Au?en	4.9
2021-03-11 00:49:58.0	Ana2 - 2: T.Zuluft	15.2
2021-03-11 00:49:58.0	Ana3 - 3: T.Abluft	20.3
2021-03-11 00:49:58.0	Ana4 - 4: T.Fortluft	12.6
2021-03-11 00:49:58.0	Ana5 - 5: T.Raum	9999.9
2021-03-11 00:49:58.0	Ana9 - 9: T.Zuluft WRG warm	19.5
2021-03-11 00:50:08.0	Ana1 - 1: T.Au?en	4.9
2021-03-11 00:50:08.0	Ana2 - 2: T.Zuluft	15.2
2021-03-11 00:50:08.0	Ana3 - 3: T.Abluft	20.3
2021-03-11 00:50:08.0	Ana4 - 4: T.Fortluft	12.6
2021-03-11 00:50:08.0	Ana5 - 5: T.Raum	9999.9
2021-03-11 00:50:08.0	Ana9 - 9: T.Zuluft WRG warm	19.5
2021-03-11 00:50:18.0	Ana1 - 1: T.Au?en	4.9
2021-03-11 00:50:18.0	Ana2 - 2: T.Zuluft	15.2
2021-03-11 00:50:18.0	Ana3 - 3: T.Abluft	20.3
2021-03-11 00:50:18.0	Ana4 - 4: T.Fortluft	12.6
2021-03-11 00:50:18.0	Ana5 - 5: T.Raum	9999.9
2021-03-11 00:50:18.0	Ana9 - 9: T.Zuluft WRG warm	19.5
2021-03-11 00:50:28.0	Ana1 - 1: T.Au?en	4.9
2021-03-11 00:50:28.0	Ana2 - 2: T.Zuluft	15.2
2021-03-11 00:50:28.0	Ana3 - 3: T.Abluft	20.3
2021-03-11 00:50:28.0	Ana4 - 4: T.Fortluft	12.6
2021-03-11 00:50:28.0	Ana5 - 5: T.Raum	9999.9
2021-03-11 00:50:28.0	Ana9 - 9: T.Zuluft WRG warm	19.5
2021-03-11 00:50:38.0	Ana1 - 1: T.Au?en	4.9
2021-03-11 00:50:38.0	Ana2 - 2: T.Zuluft	15.2
2021-03-11 00:50:38.0	Ana3 - 3: T.Abluft	20.3
2021-03-11 00:50:38.0	Ana4 - 4: T.Fortluft	12.6
2021-03-11 00:50:38.0	Ana5 - 5: T.Raum	9999.9
2021-03-11 00:50:38.0	Ana9 - 9: T.Zuluft WRG warm	19.5
2021-03-11 00:50:48.0	Ana1 - 1: T.Au?en	4.9
2021-03-11 00:50:48.0	Ana2 - 2: T.Zuluft	15.2
2021-03-11 00:50:48.0	Ana3 - 3: T.Abluft	20.3
2021-03-11 00:50:48.0	Ana4 - 4: T.Fortluft	12.6
2021-03-11 00:50:48.0	Ana5 - 5: T.Raum	9999.9
2021-03-11 00:50:48.0	Ana9 - 9: T.Zuluft WRG warm	19.5
2021-03-11 00:50:58.0	Ana1 - 1: T.Au?en	4.9
2021-03-11 00:50:58.0	Ana2 - 2: T.Zuluft	15.2
2021-03-11 00:50:58.0	Ana3 - 3: T.Abluft	20.3
2021-03-11 00:50:58.0	Ana4 - 4: T.Fortluft	12.6
2021-03-11 00:50:58.0	Ana5 - 5: T.Raum	9999.9
2021-03-11 00:50:58.0	Ana9 - 9: T.Zuluft WRG warm	19.5
2021-03-11 00:51:08.0	Ana1 - 1: T.Au?en	4.9
2021-03-11 00:51:08.0	Ana2 - 2: T.Zuluft	15.2
2021-03-11 00:51:08.0	Ana3 - 3: T.Abluft	20.3
2021-03-11 00:51:08.0	Ana4 - 4: T.Fortluft	12.6
2021-03-11 00:51:08.0	Ana5 - 5: T.Raum	9999.9
2021-03-11 00:51:08.0	Ana9 - 9: T.Zuluft WRG warm	19.5
2021-03-11 00:51:18.0	Ana1 - 1: T.Au?en	4.9
2021-03-11 00:51:18.0	Ana2 - 2: T.Zuluft	15.2
2021-03-11 00:51:18.0	Ana3 - 3: T.Abluft	20.3
2021-03-11 00:51:18.0	Ana4 - 4: T.Fortluft	12.6
2021-03-11 00:51:18.0	Ana5 - 5: T.Raum	9999.9
2021-03-11 00:51:18.0	Ana9 - 9: T.Zuluft WRG warm	19.5
2021-03-11 00:51:28.0	Ana1 - 1: T.Au?en	4.9
2021-03-11 00:51:28.0	Ana2 - 2: T.Zuluft	15.2
2021-03-11 00:51:28.0	Ana3 - 3: T.Abluft	20.3
2021-03-11 00:51:28.0	Ana4 - 4: T.Fortluft	12.6
2021-03-11 00:51:28.0	Ana5 - 5: T.Raum	9999.9
2021-03-11 00:51:28.0	Ana9 - 9: T.Zuluft WRG warm	19.4
2021-03-11 00:51:38.0	Ana1 - 1: T.Au?en	4.9
2021-03-11 00:51:38.0	Ana2 - 2: T.Zuluft	15.2
2021-03-11 00:51:38.0	Ana3 - 3: T.Abluft	20.3
2021-03-11 00:51:38.0	Ana4 - 4: T.Fortluft	12.6
2021-03-11 00:51:38.0	Ana5 - 5: T.Raum	9999.9
2021-03-11 00:51:38.0	Ana9 - 9: T.Zuluft WRG warm	19.4
2021-03-11 00:51:48.0	Ana1 - 1: T.Au?en	4.8
2021-03-11 00:51:48.0	Ana2 - 2: T.Zuluft	15.2
2021-03-11 00:51:48.0	Ana3 - 3: T.Abluft	20.3
2021-03-11 00:51:48.0	Ana4 - 4: T.Fortluft	12.6
2021-03-11 00:51:48.0	Ana5 - 5: T.Raum	9999.9
2021-03-11 00:51:48.0	Ana9 - 9: T.Zuluft WRG warm	19.4
2021-03-11 00:51:58.0	Ana1 - 1: T.Au?en	4.8
2021-03-11 00:51:58.0	Ana2 - 2: T.Zuluft	15.2
2021-03-11 00:51:58.0	Ana3 - 3: T.Abluft	20.3
2021-03-11 00:51:58.0	Ana4 - 4: T.Fortluft	12.6
2021-03-11 00:51:58.0	Ana5 - 5: T.Raum	9999.9
2021-03-11 00:51:58.0	Ana9 - 9: T.Zuluft WRG warm	19.4
2021-03-11 00:52:08.0	Ana1 - 1: T.Au?en	4.8
2021-03-11 00:52:08.0	Ana2 - 2: T.Zuluft	15.2
2021-03-11 00:52:08.0	Ana3 - 3: T.Abluft	20.3
2021-03-11 00:52:08.0	Ana4 - 4: T.Fortluft	12.6
2021-03-11 00:52:08.0	Ana5 - 5: T.Raum	9999.9
2021-03-11 00:52:08.0	Ana9 - 9: T.Zuluft WRG warm	19.4
2021-03-11 00:52:18.0	Ana1 - 1: T.Au?en	4.8
2021-03-11 00:52:18.0	Ana2 - 2: T.Zuluft	15.1
2021-03-11 00:52:18.0	Ana3 - 3: T.Abluft	20.3
2021-03-11 00:52:18.0	Ana4 - 4: T.Fortluft	12.6
2021-03-11 00:52:18.0	Ana5 - 5: T.Raum	9999.9
2021-03-11 00:52:18.0	Ana9 - 9: T.Zuluft WRG warm	19.4
2021-03-11 00:52:28.0	Ana1 - 1: T.Au?en	4.8
2021-03-11 00:52:28.0	Ana2 - 2: T.Zuluft	15.1
2021-03-11 00:52:28.0	Ana3 - 3: T.Abluft	20.3
2021-03-11 00:52:28.0	Ana4 - 4: T.Fortluft	12.6
2021-03-11 00:52:28.0	Ana5 - 5: T.Raum	9999.9
2021-03-11 00:52:28.0	Ana9 - 9: T.Zuluft WRG warm	19.4
2021-03-11 00:52:38.0	Ana1 - 1: T.Au?en	4.8
2021-03-11 00:52:38.0	Ana2 - 2: T.Zuluft	15.1
2021-03-11 00:52:38.0	Ana3 - 3: T.Abluft	20.3
2021-03-11 00:52:38.0	Ana4 - 4: T.Fortluft	12.6
2021-03-11 00:52:38.0	Ana5 - 5: T.Raum	9999.9
2021-03-11 00:52:38.0	Ana9 - 9: T.Zuluft WRG warm	19.4
2021-03-11 00:52:48.0	Ana1 - 1: T.Au?en	4.8
2021-03-11 00:52:48.0	Ana2 - 2: T.Zuluft	15.1
2021-03-11 00:52:48.0	Ana3 - 3: T.Abluft	20.3
2021-03-11 00:52:48.0	Ana4 - 4: T.Fortluft	12.6
2021-03-11 00:52:48.0	Ana5 - 5: T.Raum	9999.9
2021-03-11 00:52:48.0	Ana9 - 9: T.Zuluft WRG warm	19.4
2021-03-11 00:52:58.0	Ana1 - 1: T.Au?en	4.8
2021-03-11 00:52:58.0	Ana2 - 2: T.Zuluft	15.1
2021-03-11 00:52:58.0	Ana3 - 3: T.Abluft	20.3
2021-03-11 00:52:58.0	Ana4 - 4: T.Fortluft	12.6
2021-03-11 00:52:58.0	Ana5 - 5: T.Raum	9999.9
2021-03-11 00:52:58.0	Ana9 - 9: T.Zuluft WRG warm	19.4
2021-03-11 00:53:08.0	Ana1 - 1: T.Au?en	4.8
2021-03-11 00:53:08.0	Ana2 - 2: T.Zuluft	15.1
2021-03-11 00:53:08.0	Ana3 - 3: T.Abluft	20.3
2021-03-11 00:53:08.0	Ana4 - 4: T.Fortluft	12.6
2021-03-11 00:53:08.0	Ana5 - 5: T.Raum	9999.9
2021-03-11 00:53:08.0	Ana9 - 9: T.Zuluft WRG warm	19.4
2021-03-11 00:53:18.0	Ana1 - 1: T.Au?en	4.8
2021-03-11 00:53:18.0	Ana2 - 2: T.Zuluft	15.1
2021-03-11 00:53:18.0	Ana3 - 3: T.Abluft	20.3
2021-03-11 00:53:18.0	Ana4 - 4: T.Fortluft	12.6
2021-03-11 00:53:18.0	Ana5 - 5: T.Raum	9999.9
2021-03-11 00:53:18.0	Ana9 - 9: T.Zuluft WRG warm	19.4
2021-03-11 00:53:28.0	Ana1 - 1: T.Au?en	4.8
2021-03-11 00:53:28.0	Ana2 - 2: T.Zuluft	15.1
2021-03-11 00:53:28.0	Ana3 - 3: T.Abluft	20.3
2021-03-11 00:53:28.0	Ana4 - 4: T.Fortluft	12.6
2021-03-11 00:53:28.0	Ana5 - 5: T.Raum	9999.9
2021-03-11 00:53:28.0	Ana9 - 9: T.Zuluft WRG warm	19.4
2021-03-11 00:53:38.0	Ana1 - 1: T.Au?en	4.8
2021-03-11 00:53:38.0	Ana2 - 2: T.Zuluft	15.1
2021-03-11 00:53:38.0	Ana3 - 3: T.Abluft	20.3
2021-03-11 00:53:38.0	Ana4 - 4: T.Fortluft	12.6
2021-03-11 00:53:38.0	Ana5 - 5: T.Raum	9999.9
2021-03-11 00:53:38.0	Ana9 - 9: T.Zuluft WRG warm	19.4
2021-03-11 00:53:48.0	Ana1 - 1: T.Au?en	4.8
2021-03-11 00:53:48.0	Ana2 - 2: T.Zuluft	15.1
2021-03-11 00:53:48.0	Ana3 - 3: T.Abluft	20.3
2021-03-11 00:53:48.0	Ana4 - 4: T.Fortluft	12.6
2021-03-11 00:53:48.0	Ana5 - 5: T.Raum	9999.9
2021-03-11 00:53:48.0	Ana9 - 9: T.Zuluft WRG warm	19.4
2021-03-11 00:53:58.0	Ana1 - 1: T.Au?en	4.8
2021-03-11 00:53:58.0	Ana2 - 2: T.Zuluft	15.1
2021-03-11 00:53:58.0	Ana3 - 3: T.Abluft	20.3
2021-03-11 00:53:58.0	Ana4 - 4: T.Fortluft	12.6
2021-03-11 00:53:58.0	Ana5 - 5: T.Raum	9999.9
2021-03-11 00:53:58.0	Ana9 - 9: T.Zuluft WRG warm	19.4
2021-03-11 00:54:08.0	Ana1 - 1: T.Au?en	4.8
2021-03-11 00:54:08.0	Ana2 - 2: T.Zuluft	15.1
2021-03-11 00:54:08.0	Ana3 - 3: T.Abluft	20.3
2021-03-11 00:54:08.0	Ana4 - 4: T.Fortluft	12.6
2021-03-11 00:54:08.0	Ana5 - 5: T.Raum	9999.9
2021-03-11 00:54:08.0	Ana9 - 9: T.Zuluft WRG warm	19.4
2021-03-11 00:54:18.0	Ana1 - 1: T.Au?en	4.8
2021-03-11 00:54:18.0	Ana2 - 2: T.Zuluft	15.1
2021-03-11 00:54:18.0	Ana3 - 3: T.Abluft	20.3
2021-03-11 00:54:18.0	Ana4 - 4: T.Fortluft	12.6
2021-03-11 00:54:18.0	Ana5 - 5: T.Raum	9999.9
2021-03-11 00:54:18.0	Ana9 - 9: T.Zuluft WRG warm	19.4
2021-03-11 00:54:28.0	Ana1 - 1: T.Au?en	4.8
2021-03-11 00:54:28.0	Ana2 - 2: T.Zuluft	15.1
2021-03-11 00:54:28.0	Ana3 - 3: T.Abluft	20.3
2021-03-11 00:54:28.0	Ana4 - 4: T.Fortluft	12.6
2021-03-11 00:54:28.0	Ana5 - 5: T.Raum	9999.9
2021-03-11 00:54:28.0	Ana9 - 9: T.Zuluft WRG warm	19.4
2021-03-11 00:54:38.0	Ana1 - 1: T.Au?en	4.8
2021-03-11 00:54:38.0	Ana2 - 2: T.Zuluft	15.1
2021-03-11 00:54:38.0	Ana3 - 3: T.Abluft	20.3
2021-03-11 00:54:38.0	Ana4 - 4: T.Fortluft	12.6
2021-03-11 00:54:38.0	Ana5 - 5: T.Raum	9999.9
2021-03-11 00:54:38.0	Ana9 - 9: T.Zuluft WRG warm	19.4
2021-03-11 00:54:48.0	Ana1 - 1: T.Au?en	4.8
2021-03-11 00:54:48.0	Ana2 - 2: T.Zuluft	15.1
2021-03-11 00:54:48.0	Ana3 - 3: T.Abluft	20.3
2021-03-11 00:54:48.0	Ana4 - 4: T.Fortluft	12.6
2021-03-11 00:54:48.0	Ana5 - 5: T.Raum	9999.9
2021-03-11 00:54:48.0	Ana9 - 9: T.Zuluft WRG warm	19.4
2021-03-11 00:54:58.0	Ana1 - 1: T.Au?en	4.8
2021-03-11 00:54:58.0	Ana2 - 2: T.Zuluft	15.1
2021-03-11 00:54:58.0	Ana3 - 3: T.Abluft	20.3
2021-03-11 00:54:58.0	Ana4 - 4: T.Fortluft	12.6
2021-03-11 00:54:58.0	Ana5 - 5: T.Raum	9999.9
2021-03-11 00:54:58.0	Ana9 - 9: T.Zuluft WRG warm	19.4
2021-03-11 00:55:08.0	Ana1 - 1: T.Au?en	4.8
2021-03-11 00:55:08.0	Ana2 - 2: T.Zuluft	15.1
2021-03-11 00:55:08.0	Ana3 - 3: T.Abluft	20.3
2021-03-11 00:55:08.0	Ana4 - 4: T.Fortluft	12.6
2021-03-11 00:55:08.0	Ana5 - 5: T.Raum	9999.9
2021-03-11 00:55:08.0	Ana9 - 9: T.Zuluft WRG warm	19.4
2021-03-11 00:55:18.0	Ana1 - 1: T.Au?en	4.8
2021-03-11 00:55:18.0	Ana2 - 2: T.Zuluft	15.1
2021-03-11 00:55:18.0	Ana3 - 3: T.Abluft	20.3
2021-03-11 00:55:18.0	Ana4 - 4: T.Fortluft	12.6
2021-03-11 00:55:18.0	Ana5 - 5: T.Raum	9999.9
2021-03-11 00:55:18.0	Ana9 - 9: T.Zuluft WRG warm	19.4
2021-03-11 00:55:28.0	Ana1 - 1: T.Au?en	4.8
2021-03-11 00:55:28.0	Ana2 - 2: T.Zuluft	15.1
2021-03-11 00:55:28.0	Ana3 - 3: T.Abluft	20.3
2021-03-11 00:55:28.0	Ana4 - 4: T.Fortluft	12.6
2021-03-11 00:55:28.0	Ana5 - 5: T.Raum	9999.9
2021-03-11 00:55:28.0	Ana9 - 9: T.Zuluft WRG warm	19.4
2021-03-11 00:55:38.0	Ana1 - 1: T.Au?en	4.8
2021-03-11 00:55:38.0	Ana2 - 2: T.Zuluft	15.1
2021-03-11 00:55:38.0	Ana3 - 3: T.Abluft	20.3
2021-03-11 00:55:38.0	Ana4 - 4: T.Fortluft	12.6
2021-03-11 00:55:38.0	Ana5 - 5: T.Raum	9999.9
2021-03-11 00:55:38.0	Ana9 - 9: T.Zuluft WRG warm	19.4
2021-03-11 00:55:48.0	Ana1 - 1: T.Au?en	4.8
2021-03-11 00:55:48.0	Ana2 - 2: T.Zuluft	15.1
2021-03-11 00:55:48.0	Ana3 - 3: T.Abluft	20.3
2021-03-11 00:55:48.0	Ana4 - 4: T.Fortluft	12.6
2021-03-11 00:55:48.0	Ana5 - 5: T.Raum	9999.9
2021-03-11 00:55:48.0	Ana9 - 9: T.Zuluft WRG warm	19.4
2021-03-11 00:55:58.0	Ana1 - 1: T.Au?en	4.8
2021-03-11 00:55:58.0	Ana2 - 2: T.Zuluft	15.1
2021-03-11 00:55:58.0	Ana3 - 3: T.Abluft	20.3
2021-03-11 00:55:58.0	Ana4 - 4: T.Fortluft	12.5
2021-03-11 00:55:58.0	Ana5 - 5: T.Raum	9999.9
2021-03-11 00:55:58.0	Ana9 - 9: T.Zuluft WRG warm	19.4
2021-03-11 00:56:08.0	Ana1 - 1: T.Au?en	4.8
2021-03-11 00:56:08.0	Ana2 - 2: T.Zuluft	15.1
2021-03-11 00:56:08.0	Ana3 - 3: T.Abluft	20.2
2021-03-11 00:56:08.0	Ana4 - 4: T.Fortluft	12.5
2021-03-11 00:56:08.0	Ana5 - 5: T.Raum	9999.9
2021-03-11 00:56:08.0	Ana9 - 9: T.Zuluft WRG warm	19.4
2021-03-11 00:56:18.0	Ana1 - 1: T.Au?en	4.8
2021-03-11 00:56:18.0	Ana2 - 2: T.Zuluft	15.1
2021-03-11 00:56:18.0	Ana3 - 3: T.Abluft	20.3
2021-03-11 00:56:18.0	Ana4 - 4: T.Fortluft	12.5
2021-03-11 00:56:18.0	Ana5 - 5: T.Raum	9999.9
2021-03-11 00:56:18.0	Ana9 - 9: T.Zuluft WRG warm	19.4
2021-03-11 00:56:28.0	Ana1 - 1: T.Au?en	4.8
2021-03-11 00:56:28.0	Ana2 - 2: T.Zuluft	15.1
2021-03-11 00:56:28.0	Ana3 - 3: T.Abluft	20.3
2021-03-11 00:56:28.0	Ana4 - 4: T.Fortluft	12.5
2021-03-11 00:56:28.0	Ana5 - 5: T.Raum	9999.9
2021-03-11 00:56:28.0	Ana9 - 9: T.Zuluft WRG warm	19.4
2021-03-11 00:56:38.0	Ana1 - 1: T.Au?en	4.8
2021-03-11 00:56:38.0	Ana2 - 2: T.Zuluft	15.1
2021-03-11 00:56:38.0	Ana3 - 3: T.Abluft	20.3
2021-03-11 00:56:38.0	Ana4 - 4: T.Fortluft	12.5
2021-03-11 00:56:38.0	Ana5 - 5: T.Raum	9999.9
2021-03-11 00:56:38.0	Ana9 - 9: T.Zuluft WRG warm	19.4
2021-03-11 00:56:48.0	Ana1 - 1: T.Au?en	4.8
2021-03-11 00:56:48.0	Ana2 - 2: T.Zuluft	15.1
2021-03-11 00:56:48.0	Ana3 - 3: T.Abluft	20.3
2021-03-11 00:56:48.0	Ana4 - 4: T.Fortluft	12.5
2021-03-11 00:56:48.0	Ana5 - 5: T.Raum	9999.9
2021-03-11 00:56:48.0	Ana9 - 9: T.Zuluft WRG warm	19.4
2021-03-11 00:56:58.0	Ana1 - 1: T.Au?en	4.8
2021-03-11 00:56:58.0	Ana2 - 2: T.Zuluft	15.1
2021-03-11 00:56:58.0	Ana3 - 3: T.Abluft	20.3
2021-03-11 00:56:58.0	Ana4 - 4: T.Fortluft	12.5
2021-03-11 00:56:58.0	Ana5 - 5: T.Raum	9999.9
2021-03-11 00:56:58.0	Ana9 - 9: T.Zuluft WRG warm	19.4
2021-03-11 00:57:08.0	Ana1 - 1: T.Au?en	4.8
2021-03-11 00:57:08.0	Ana2 - 2: T.Zuluft	15.1
2021-03-11 00:57:08.0	Ana3 - 3: T.Abluft	20.3
2021-03-11 00:57:08.0	Ana4 - 4: T.Fortluft	12.5
2021-03-11 00:57:08.0	Ana5 - 5: T.Raum	9999.9
2021-03-11 00:57:08.0	Ana9 - 9: T.Zuluft WRG warm	19.4
2021-03-11 00:57:18.0	Ana1 - 1: T.Au?en	4.8
2021-03-11 00:57:18.0	Ana2 - 2: T.Zuluft	15.1
2021-03-11 00:57:18.0	Ana3 - 3: T.Abluft	20.3
2021-03-11 00:57:18.0	Ana4 - 4: T.Fortluft	12.5
2021-03-11 00:57:18.0	Ana5 - 5: T.Raum	9999.9
2021-03-11 00:57:18.0	Ana9 - 9: T.Zuluft WRG warm	19.4
2021-03-11 00:57:28.0	Ana1 - 1: T.Au?en	4.8
2021-03-11 00:57:28.0	Ana2 - 2: T.Zuluft	15.1
2021-03-11 00:57:28.0	Ana3 - 3: T.Abluft	20.3
2021-03-11 00:57:28.0	Ana4 - 4: T.Fortluft	12.5
2021-03-11 00:57:28.0	Ana5 - 5: T.Raum	9999.9
2021-03-11 00:57:28.0	Ana9 - 9: T.Zuluft WRG warm	19.4
2021-03-11 00:57:38.0	Ana1 - 1: T.Au?en	4.8
2021-03-11 00:57:38.0	Ana2 - 2: T.Zuluft	15.1
2021-03-11 00:57:38.0	Ana3 - 3: T.Abluft	20.3
2021-03-11 00:57:38.0	Ana4 - 4: T.Fortluft	12.5
2021-03-11 00:57:38.0	Ana5 - 5: T.Raum	9999.9
2021-03-11 00:57:38.0	Ana9 - 9: T.Zuluft WRG warm	19.4
2021-03-11 00:57:48.0	Ana1 - 1: T.Au?en	4.8
2021-03-11 00:57:48.0	Ana2 - 2: T.Zuluft	15.1
2021-03-11 00:57:48.0	Ana3 - 3: T.Abluft	20.3
2021-03-11 00:57:48.0	Ana4 - 4: T.Fortluft	12.5
2021-03-11 00:57:48.0	Ana5 - 5: T.Raum	9999.9
2021-03-11 00:57:48.0	Ana9 - 9: T.Zuluft WRG warm	19.4
2021-03-11 00:57:58.0	Ana1 - 1: T.Au?en	4.8
2021-03-11 00:57:58.0	Ana2 - 2: T.Zuluft	15.1
2021-03-11 00:57:58.0	Ana3 - 3: T.Abluft	20.3
2021-03-11 00:57:58.0	Ana4 - 4: T.Fortluft	12.5
2021-03-11 00:57:58.0	Ana5 - 5: T.Raum	9999.9
2021-03-11 00:57:58.0	Ana9 - 9: T.Zuluft WRG warm	19.4
2021-03-11 00:58:08.0	Ana1 - 1: T.Au?en	4.8
2021-03-11 00:58:08.0	Ana2 - 2: T.Zuluft	15.1
2021-03-11 00:58:08.0	Ana3 - 3: T.Abluft	20.2
2021-03-11 00:58:08.0	Ana4 - 4: T.Fortluft	12.5
2021-03-11 00:58:08.0	Ana5 - 5: T.Raum	9999.9
2021-03-11 00:58:08.0	Ana9 - 9: T.Zuluft WRG warm	19.4
2021-03-11 00:58:18.0	Ana1 - 1: T.Au?en	4.8
2021-03-11 00:58:18.0	Ana2 - 2: T.Zuluft	15.1
2021-03-11 00:58:18.0	Ana3 - 3: T.Abluft	20.3
2021-03-11 00:58:18.0	Ana4 - 4: T.Fortluft	12.5
2021-03-11 00:58:18.0	Ana5 - 5: T.Raum	9999.9
2021-03-11 00:58:18.0	Ana9 - 9: T.Zuluft WRG warm	19.4
2021-03-11 00:58:28.0	Ana1 - 1: T.Au?en	4.8
2021-03-11 00:58:28.0	Ana2 - 2: T.Zuluft	15.1
2021-03-11 00:58:28.0	Ana3 - 3: T.Abluft	20.3
2021-03-11 00:58:28.0	Ana4 - 4: T.Fortluft	12.5
2021-03-11 00:58:28.0	Ana5 - 5: T.Raum	9999.9
2021-03-11 00:58:28.0	Ana9 - 9: T.Zuluft WRG warm	19.4
2021-03-11 00:58:38.0	Ana1 - 1: T.Au?en	4.8
2021-03-11 00:58:38.0	Ana2 - 2: T.Zuluft	15.1
2021-03-11 00:58:38.0	Ana3 - 3: T.Abluft	20.3
2021-03-11 00:58:38.0	Ana4 - 4: T.Fortluft	12.5
2021-03-11 00:58:38.0	Ana5 - 5: T.Raum	9999.9
2021-03-11 00:58:38.0	Ana9 - 9: T.Zuluft WRG warm	19.4
2021-03-11 00:58:48.0	Ana1 - 1: T.Au?en	4.8
2021-03-11 00:58:48.0	Ana2 - 2: T.Zuluft	15.1
2021-03-11 00:58:48.0	Ana3 - 3: T.Abluft	20.2
2021-03-11 00:58:48.0	Ana4 - 4: T.Fortluft	12.5
2021-03-11 00:58:48.0	Ana5 - 5: T.Raum	9999.9
2021-03-11 00:58:48.0	Ana9 - 9: T.Zuluft WRG warm	19.4
2021-03-11 00:58:58.0	Ana1 - 1: T.Au?en	4.8
2021-03-11 00:58:58.0	Ana2 - 2: T.Zuluft	15.1
2021-03-11 00:58:58.0	Ana3 - 3: T.Abluft	20.3
2021-03-11 00:58:58.0	Ana4 - 4: T.Fortluft	12.5
2021-03-11 00:58:58.0	Ana5 - 5: T.Raum	9999.9
2021-03-11 00:58:58.0	Ana9 - 9: T.Zuluft WRG warm	19.4
2021-03-11 00:59:08.0	Ana1 - 1: T.Au?en	4.8
2021-03-11 00:59:08.0	Ana2 - 2: T.Zuluft	15.1
2021-03-11 00:59:08.0	Ana3 - 3: T.Abluft	20.3
2021-03-11 00:59:08.0	Ana4 - 4: T.Fortluft	12.5
2021-03-11 00:59:08.0	Ana5 - 5: T.Raum	9999.9
2021-03-11 00:59:08.0	Ana9 - 9: T.Zuluft WRG warm	19.4
2021-03-11 00:59:18.0	Ana1 - 1: T.Au?en	4.8
2021-03-11 00:59:18.0	Ana2 - 2: T.Zuluft	15.1
2021-03-11 00:59:18.0	Ana3 - 3: T.Abluft	20.2
2021-03-11 00:59:18.0	Ana4 - 4: T.Fortluft	12.5
2021-03-11 00:59:18.0	Ana5 - 5: T.Raum	9999.9
2021-03-11 00:59:18.0	Ana9 - 9: T.Zuluft WRG warm	19.4
2021-03-11 00:59:28.0	Ana1 - 1: T.Au?en	4.8
2021-03-11 00:59:28.0	Ana2 - 2: T.Zuluft	15.1
2021-03-11 00:59:28.0	Ana3 - 3: T.Abluft	20.3
2021-03-11 00:59:28.0	Ana4 - 4: T.Fortluft	12.5
2021-03-11 00:59:28.0	Ana5 - 5: T.Raum	9999.9
2021-03-11 00:59:28.0	Ana9 - 9: T.Zuluft WRG warm	19.4
2021-03-11 00:59:38.0	Ana1 - 1: T.Au?en	4.9
2021-03-11 00:59:38.0	Ana2 - 2: T.Zuluft	15.1
2021-03-11 00:59:38.0	Ana3 - 3: T.Abluft	20.2
2021-03-11 00:59:38.0	Ana4 - 4: T.Fortluft	12.5
2021-03-11 00:59:38.0	Ana5 - 5: T.Raum	9999.9
2021-03-11 00:59:38.0	Ana9 - 9: T.Zuluft WRG warm	19.4
2021-03-11 00:59:48.0	Ana1 - 1: T.Au?en	4.9
2021-03-11 00:59:48.0	Ana2 - 2: T.Zuluft	15.1
2021-03-11 00:59:48.0	Ana3 - 3: T.Abluft	20.3
2021-03-11 00:59:48.0	Ana4 - 4: T.Fortluft	12.5
2021-03-11 00:59:48.0	Ana5 - 5: T.Raum	9999.9
2021-03-11 00:59:48.0	Ana9 - 9: T.Zuluft WRG warm	19.4
2021-03-11 00:59:58.0	Ana1 - 1: T.Au?en	4.9
2021-03-11 00:59:58.0	Ana2 - 2: T.Zuluft	15.1
2021-03-11 00:59:58.0	Ana3 - 3: T.Abluft	20.2
2021-03-11 00:59:58.0	Ana4 - 4: T.Fortluft	12.5
2021-03-11 00:59:58.0	Ana5 - 5: T.Raum	9999.9
2021-03-11 00:59:58.0	Ana9 - 9: T.Zuluft WRG warm	19.4
2021-03-11 01:00:08.0	Ana1 - 1: T.Au?en	4.9
2021-03-11 01:00:08.0	Ana2 - 2: T.Zuluft	15.1
2021-03-11 01:00:08.0	Ana3 - 3: T.Abluft	20.3
2021-03-11 01:00:08.0	Ana4 - 4: T.Fortluft	12.5
2021-03-11 01:00:08.0	Ana5 - 5: T.Raum	9999.9
2021-03-11 01:00:08.0	Ana9 - 9: T.Zuluft WRG warm	19.4
2021-03-11 01:00:18.0	Ana1 - 1: T.Au?en	5.0
2021-03-11 01:00:18.0	Ana2 - 2: T.Zuluft	15.1
2021-03-11 01:00:18.0	Ana3 - 3: T.Abluft	20.3
2021-03-11 01:00:18.0	Ana4 - 4: T.Fortluft	12.5
2021-03-11 01:00:18.0	Ana5 - 5: T.Raum	9999.9
2021-03-11 01:00:18.0	Ana9 - 9: T.Zuluft WRG warm	19.4
2021-03-11 01:00:28.0	Ana1 - 1: T.Au?en	4.9
2021-03-11 01:00:28.0	Ana2 - 2: T.Zuluft	15.1
2021-03-11 01:00:28.0	Ana3 - 3: T.Abluft	20.3
2021-03-11 01:00:28.0	Ana4 - 4: T.Fortluft	12.5
2021-03-11 01:00:28.0	Ana5 - 5: T.Raum	9999.9
2021-03-11 01:00:28.0	Ana9 - 9: T.Zuluft WRG warm	19.4
2021-03-11 01:00:38.0	Ana1 - 1: T.Au?en	4.9
2021-03-11 01:00:38.0	Ana2 - 2: T.Zuluft	15.1
2021-03-11 01:00:38.0	Ana3 - 3: T.Abluft	20.3
2021-03-11 01:00:38.0	Ana4 - 4: T.Fortluft	12.5
2021-03-11 01:00:38.0	Ana5 - 5: T.Raum	9999.9
2021-03-11 01:00:38.0	Ana9 - 9: T.Zuluft WRG warm	19.4
2021-03-11 01:00:48.0	Ana1 - 1: T.Au?en	4.9
2021-03-11 01:00:48.0	Ana2 - 2: T.Zuluft	15.1
2021-03-11 01:00:48.0	Ana3 - 3: T.Abluft	20.3
2021-03-11 01:00:48.0	Ana4 - 4: T.Fortluft	12.5
2021-03-11 01:00:48.0	Ana5 - 5: T.Raum	9999.9
2021-03-11 01:00:48.0	Ana9 - 9: T.Zuluft WRG warm	19.4
2021-03-11 01:00:58.0	Ana1 - 1: T.Au?en	4.8
2021-03-11 01:00:58.0	Ana2 - 2: T.Zuluft	15.1
2021-03-11 01:00:58.0	Ana3 - 3: T.Abluft	20.2
2021-03-11 01:00:58.0	Ana4 - 4: T.Fortluft	12.5
2021-03-11 01:00:58.0	Ana5 - 5: T.Raum	9999.9
2021-03-11 01:00:58.0	Ana9 - 9: T.Zuluft WRG warm	19.4
2021-03-11 01:01:08.0	Ana1 - 1: T.Au?en	4.9
2021-03-11 01:01:08.0	Ana2 - 2: T.Zuluft	15.1
2021-03-11 01:01:08.0	Ana3 - 3: T.Abluft	20.3
2021-03-11 01:01:08.0	Ana4 - 4: T.Fortluft	12.5
2021-03-11 01:01:08.0	Ana5 - 5: T.Raum	9999.9
2021-03-11 01:01:08.0	Ana9 - 9: T.Zuluft WRG warm	19.4
2021-03-11 01:01:18.0	Ana1 - 1: T.Au?en	4.9
2021-03-11 01:01:18.0	Ana2 - 2: T.Zuluft	15.1
2021-03-11 01:01:18.0	Ana3 - 3: T.Abluft	20.2
2021-03-11 01:01:18.0	Ana4 - 4: T.Fortluft	12.5
2021-03-11 01:01:18.0	Ana5 - 5: T.Raum	9999.9
2021-03-11 01:01:18.0	Ana9 - 9: T.Zuluft WRG warm	19.4
2021-03-11 01:01:28.0	Ana1 - 1: T.Au?en	4.9
2021-03-11 01:01:28.0	Ana2 - 2: T.Zuluft	15.0
2021-03-11 01:01:28.0	Ana3 - 3: T.Abluft	20.2
2021-03-11 01:01:28.0	Ana4 - 4: T.Fortluft	12.5
2021-03-11 01:01:28.0	Ana5 - 5: T.Raum	9999.9
2021-03-11 01:01:28.0	Ana9 - 9: T.Zuluft WRG warm	19.4
2021-03-11 01:01:38.0	Ana1 - 1: T.Au?en	4.9
2021-03-11 01:01:38.0	Ana2 - 2: T.Zuluft	15.1
2021-03-11 01:01:38.0	Ana3 - 3: T.Abluft	20.2
2021-03-11 01:01:38.0	Ana4 - 4: T.Fortluft	12.5
2021-03-11 01:01:38.0	Ana5 - 5: T.Raum	9999.9
2021-03-11 01:01:38.0	Ana9 - 9: T.Zuluft WRG warm	19.4
2021-03-11 01:01:48.0	Ana1 - 1: T.Au?en	5.0
2021-03-11 01:01:48.0	Ana2 - 2: T.Zuluft	15.0
2021-03-11 01:01:48.0	Ana3 - 3: T.Abluft	20.2
2021-03-11 01:01:48.0	Ana4 - 4: T.Fortluft	12.5
2021-03-11 01:01:48.0	Ana5 - 5: T.Raum	9999.9
2021-03-11 01:01:48.0	Ana9 - 9: T.Zuluft WRG warm	19.4
2021-03-11 01:01:58.0	Ana1 - 1: T.Au?en	5.0
2021-03-11 01:01:58.0	Ana2 - 2: T.Zuluft	15.0
2021-03-11 01:01:58.0	Ana3 - 3: T.Abluft	20.2
2021-03-11 01:01:58.0	Ana4 - 4: T.Fortluft	12.5
2021-03-11 01:01:58.0	Ana5 - 5: T.Raum	9999.9
2021-03-11 01:01:58.0	Ana9 - 9: T.Zuluft WRG warm	19.4
2021-03-11 01:02:08.0	Ana1 - 1: T.Au?en	5.1
2021-03-11 01:02:08.0	Ana2 - 2: T.Zuluft	15.0
2021-03-11 01:02:08.0	Ana3 - 3: T.Abluft	20.2
2021-03-11 01:02:08.0	Ana4 - 4: T.Fortluft	12.5
2021-03-11 01:02:08.0	Ana5 - 5: T.Raum	9999.9
2021-03-11 01:02:08.0	Ana9 - 9: T.Zuluft WRG warm	19.4
2021-03-11 01:02:18.0	Ana1 - 1: T.Au?en	5.1
2021-03-11 01:02:18.0	Ana2 - 2: T.Zuluft	15.0
2021-03-11 01:02:18.0	Ana3 - 3: T.Abluft	20.2
2021-03-11 01:02:18.0	Ana4 - 4: T.Fortluft	12.5
2021-03-11 01:02:18.0	Ana5 - 5: T.Raum	9999.9
2021-03-11 01:02:18.0	Ana9 - 9: T.Zuluft WRG warm	19.4
2021-03-11 01:02:28.0	Ana1 - 1: T.Au?en	5.1
2021-03-11 01:02:28.0	Ana2 - 2: T.Zuluft	15.0
2021-03-11 01:02:28.0	Ana3 - 3: T.Abluft	20.2
2021-03-11 01:02:28.0	Ana4 - 4: T.Fortluft	12.5
2021-03-11 01:02:28.0	Ana5 - 5: T.Raum	9999.9
2021-03-11 01:02:28.0	Ana9 - 9: T.Zuluft WRG warm	19.4
2021-03-11 01:02:38.0	Ana1 - 1: T.Au?en	5.0
2021-03-11 01:02:38.0	Ana2 - 2: T.Zuluft	15.0
2021-03-11 01:02:38.0	Ana3 - 3: T.Abluft	20.3
2021-03-11 01:02:38.0	Ana4 - 4: T.Fortluft	12.5
2021-03-11 01:02:38.0	Ana5 - 5: T.Raum	9999.9
2021-03-11 01:02:38.0	Ana9 - 9: T.Zuluft WRG warm	19.4
2021-03-11 01:02:48.0	Ana1 - 1: T.Au?en	5.0
2021-03-11 01:02:48.0	Ana2 - 2: T.Zuluft	15.1
2021-03-11 01:02:48.0	Ana3 - 3: T.Abluft	20.2
2021-03-11 01:02:48.0	Ana4 - 4: T.Fortluft	12.5
2021-03-11 01:02:48.0	Ana5 - 5: T.Raum	9999.9
2021-03-11 01:02:48.0	Ana9 - 9: T.Zuluft WRG warm	19.4
2021-03-11 01:02:58.0	Ana1 - 1: T.Au?en	5.0
2021-03-11 01:02:58.0	Ana2 - 2: T.Zuluft	15.0
2021-03-11 01:02:58.0	Ana3 - 3: T.Abluft	20.2
2021-03-11 01:02:58.0	Ana4 - 4: T.Fortluft	12.5
2021-03-11 01:02:58.0	Ana5 - 5: T.Raum	9999.9
2021-03-11 01:02:58.0	Ana9 - 9: T.Zuluft WRG warm	19.4
2021-03-11 01:03:08.0	Ana1 - 1: T.Au?en	5.0
2021-03-11 01:03:08.0	Ana2 - 2: T.Zuluft	15.0
2021-03-11 01:03:08.0	Ana3 - 3: T.Abluft	20.2
2021-03-11 01:03:08.0	Ana4 - 4: T.Fortluft	12.5
2021-03-11 01:03:08.0	Ana5 - 5: T.Raum	9999.9
2021-03-11 01:03:08.0	Ana9 - 9: T.Zuluft WRG warm	19.4
2021-03-11 01:03:18.0	Ana1 - 1: T.Au?en	5.0
2021-03-11 01:03:18.0	Ana2 - 2: T.Zuluft	15.0
2021-03-11 01:03:18.0	Ana3 - 3: T.Abluft	20.2
2021-03-11 01:03:18.0	Ana4 - 4: T.Fortluft	12.5
2021-03-11 01:03:18.0	Ana5 - 5: T.Raum	9999.9
2021-03-11 01:03:18.0	Ana9 - 9: T.Zuluft WRG warm	19.4
2021-03-11 01:03:28.0	Ana1 - 1: T.Au?en	5.1
2021-03-11 01:03:28.0	Ana2 - 2: T.Zuluft	15.0
2021-03-11 01:03:28.0	Ana3 - 3: T.Abluft	20.2
2021-03-11 01:03:28.0	Ana4 - 4: T.Fortluft	12.5
2021-03-11 01:03:28.0	Ana5 - 5: T.Raum	9999.9
2021-03-11 01:03:28.0	Ana9 - 9: T.Zuluft WRG warm	19.4
2021-03-11 01:03:38.0	Ana1 - 1: T.Au?en	5.1
2021-03-11 01:03:38.0	Ana2 - 2: T.Zuluft	15.0
2021-03-11 01:03:38.0	Ana3 - 3: T.Abluft	20.2
2021-03-11 01:03:38.0	Ana4 - 4: T.Fortluft	12.5
2021-03-11 01:03:38.0	Ana5 - 5: T.Raum	9999.9
2021-03-11 01:03:38.0	Ana9 - 9: T.Zuluft WRG warm	19.4
2021-03-11 01:03:48.0	Ana1 - 1: T.Au?en	5.1
2021-03-11 01:03:48.0	Ana2 - 2: T.Zuluft	15.0
2021-03-11 01:03:48.0	Ana3 - 3: T.Abluft	20.2
2021-03-11 01:03:48.0	Ana4 - 4: T.Fortluft	12.5
2021-03-11 01:03:48.0	Ana5 - 5: T.Raum	9999.9
2021-03-11 01:03:48.0	Ana9 - 9: T.Zuluft WRG warm	19.4
2021-03-11 01:03:58.0	Ana1 - 1: T.Au?en	5.1
2021-03-11 01:03:58.0	Ana2 - 2: T.Zuluft	15.0
2021-03-11 01:03:58.0	Ana3 - 3: T.Abluft	20.2
2021-03-11 01:03:58.0	Ana4 - 4: T.Fortluft	12.5
2021-03-11 01:03:58.0	Ana5 - 5: T.Raum	9999.9
2021-03-11 01:03:58.0	Ana9 - 9: T.Zuluft WRG warm	19.4
2021-03-11 01:04:08.0	Ana1 - 1: T.Au?en	5.1
2021-03-11 01:04:08.0	Ana2 - 2: T.Zuluft	15.0
2021-03-11 01:04:08.0	Ana3 - 3: T.Abluft	20.2
2021-03-11 01:04:08.0	Ana4 - 4: T.Fortluft	12.5
2021-03-11 01:04:08.0	Ana5 - 5: T.Raum	9999.9
2021-03-11 01:04:08.0	Ana9 - 9: T.Zuluft WRG warm	19.4
2021-03-11 01:04:18.0	Ana1 - 1: T.Au?en	5.0
2021-03-11 01:04:18.0	Ana2 - 2: T.Zuluft	15.0
2021-03-11 01:04:18.0	Ana3 - 3: T.Abluft	20.2
2021-03-11 01:04:18.0	Ana4 - 4: T.Fortluft	12.5
2021-03-11 01:04:18.0	Ana5 - 5: T.Raum	9999.9
2021-03-11 01:04:18.0	Ana9 - 9: T.Zuluft WRG warm	19.4
2021-03-11 01:04:28.0	Ana1 - 1: T.Au?en	5.0
2021-03-11 01:04:28.0	Ana2 - 2: T.Zuluft	15.0
2021-03-11 01:04:28.0	Ana3 - 3: T.Abluft	20.2
2021-03-11 01:04:28.0	Ana4 - 4: T.Fortluft	12.5
2021-03-11 01:04:28.0	Ana5 - 5: T.Raum	9999.9
2021-03-11 01:04:28.0	Ana9 - 9: T.Zuluft WRG warm	19.4
2021-03-11 01:04:38.0	Ana1 - 1: T.Au?en	5.0
2021-03-11 01:04:38.0	Ana2 - 2: T.Zuluft	15.0
2021-03-11 01:04:38.0	Ana3 - 3: T.Abluft	20.2
2021-03-11 01:04:38.0	Ana4 - 4: T.Fortluft	12.4
2021-03-11 01:04:38.0	Ana5 - 5: T.Raum	9999.9
2021-03-11 01:04:38.0	Ana9 - 9: T.Zuluft WRG warm	19.4
2021-03-11 01:04:48.0	Ana1 - 1: T.Au?en	5.0
2021-03-11 01:04:48.0	Ana2 - 2: T.Zuluft	15.0
2021-03-11 01:04:48.0	Ana3 - 3: T.Abluft	20.2
2021-03-11 01:04:48.0	Ana4 - 4: T.Fortluft	12.5
2021-03-11 01:04:48.0	Ana5 - 5: T.Raum	9999.9
2021-03-11 01:04:48.0	Ana9 - 9: T.Zuluft WRG warm	19.4
2021-03-11 01:04:58.0	Ana1 - 1: T.Au?en	5.0
2021-03-11 01:04:58.0	Ana2 - 2: T.Zuluft	15.0
2021-03-11 01:04:58.0	Ana3 - 3: T.Abluft	20.2
2021-03-11 01:04:58.0	Ana4 - 4: T.Fortluft	12.4
2021-03-11 01:04:58.0	Ana5 - 5: T.Raum	9999.9
2021-03-11 01:04:58.0	Ana9 - 9: T.Zuluft WRG warm	19.4
2021-03-11 01:05:08.0	Ana1 - 1: T.Au?en	5.0
2021-03-11 01:05:08.0	Ana2 - 2: T.Zuluft	15.0
2021-03-11 01:05:08.0	Ana3 - 3: T.Abluft	20.2
2021-03-11 01:05:08.0	Ana4 - 4: T.Fortluft	12.4
2021-03-11 01:05:08.0	Ana5 - 5: T.Raum	9999.9
2021-03-11 01:05:08.0	Ana9 - 9: T.Zuluft WRG warm	19.4
2021-03-11 01:05:18.0	Ana1 - 1: T.Au?en	5.0
2021-03-11 01:05:18.0	Ana2 - 2: T.Zuluft	15.0
2021-03-11 01:05:18.0	Ana3 - 3: T.Abluft	20.2
2021-03-11 01:05:18.0	Ana4 - 4: T.Fortluft	12.5
2021-03-11 01:05:18.0	Ana5 - 5: T.Raum	9999.9
2021-03-11 01:05:18.0	Ana9 - 9: T.Zuluft WRG warm	19.4
2021-03-11 01:05:28.0	Ana1 - 1: T.Au?en	4.9
2021-03-11 01:05:28.0	Ana2 - 2: T.Zuluft	15.0
2021-03-11 01:05:28.0	Ana3 - 3: T.Abluft	20.2
2021-03-11 01:05:28.0	Ana4 - 4: T.Fortluft	12.4
2021-03-11 01:05:28.0	Ana5 - 5: T.Raum	9999.9
2021-03-11 01:05:28.0	Ana9 - 9: T.Zuluft WRG warm	19.4
2021-03-11 01:05:38.0	Ana1 - 1: T.Au?en	5.0
2021-03-11 01:05:38.0	Ana2 - 2: T.Zuluft	15.0
2021-03-11 01:05:38.0	Ana3 - 3: T.Abluft	20.2
2021-03-11 01:05:38.0	Ana4 - 4: T.Fortluft	12.4
2021-03-11 01:05:38.0	Ana5 - 5: T.Raum	9999.9
2021-03-11 01:05:38.0	Ana9 - 9: T.Zuluft WRG warm	19.4
2021-03-11 01:05:48.0	Ana1 - 1: T.Au?en	4.9
2021-03-11 01:05:48.0	Ana2 - 2: T.Zuluft	15.0
2021-03-11 01:05:48.0	Ana3 - 3: T.Abluft	20.2
2021-03-11 01:05:48.0	Ana4 - 4: T.Fortluft	12.4
2021-03-11 01:05:48.0	Ana5 - 5: T.Raum	9999.9
2021-03-11 01:05:48.0	Ana9 - 9: T.Zuluft WRG warm	19.4
2021-03-11 01:05:58.0	Ana1 - 1: T.Au?en	4.9
2021-03-11 01:05:58.0	Ana2 - 2: T.Zuluft	15.0
2021-03-11 01:05:58.0	Ana3 - 3: T.Abluft	20.2
2021-03-11 01:05:58.0	Ana4 - 4: T.Fortluft	12.4
2021-03-11 01:05:58.0	Ana5 - 5: T.Raum	9999.9
2021-03-11 01:05:58.0	Ana9 - 9: T.Zuluft WRG warm	19.4
2021-03-11 01:06:08.0	Ana1 - 1: T.Au?en	5.0
2021-03-11 01:06:08.0	Ana2 - 2: T.Zuluft	15.0
2021-03-11 01:06:08.0	Ana3 - 3: T.Abluft	20.2
2021-03-11 01:06:08.0	Ana4 - 4: T.Fortluft	12.4
2021-03-11 01:06:08.0	Ana5 - 5: T.Raum	9999.9
2021-03-11 01:06:08.0	Ana9 - 9: T.Zuluft WRG warm	19.4
2021-03-11 01:06:18.0	Ana1 - 1: T.Au?en	4.9
2021-03-11 01:06:18.0	Ana2 - 2: T.Zuluft	15.0
2021-03-11 01:06:18.0	Ana3 - 3: T.Abluft	20.2
2021-03-11 01:06:18.0	Ana4 - 4: T.Fortluft	12.4
2021-03-11 01:06:18.0	Ana5 - 5: T.Raum	9999.9
2021-03-11 01:06:18.0	Ana9 - 9: T.Zuluft WRG warm	19.4
2021-03-11 01:06:28.0	Ana1 - 1: T.Au?en	4.9
2021-03-11 01:06:28.0	Ana2 - 2: T.Zuluft	15.0
2021-03-11 01:06:28.0	Ana3 - 3: T.Abluft	20.2
2021-03-11 01:06:28.0	Ana4 - 4: T.Fortluft	12.4
2021-03-11 01:06:28.0	Ana5 - 5: T.Raum	9999.9
2021-03-11 01:06:28.0	Ana9 - 9: T.Zuluft WRG warm	19.4
2021-03-11 01:06:38.0	Ana1 - 1: T.Au?en	5.0
2021-03-11 01:06:38.0	Ana2 - 2: T.Zuluft	15.0
2021-03-11 01:06:38.0	Ana3 - 3: T.Abluft	20.2
2021-03-11 01:06:38.0	Ana4 - 4: T.Fortluft	12.4
2021-03-11 01:06:38.0	Ana5 - 5: T.Raum	9999.9
2021-03-11 01:06:38.0	Ana9 - 9: T.Zuluft WRG warm	19.4
2021-03-11 01:06:48.0	Ana1 - 1: T.Au?en	5.0
2021-03-11 01:06:48.0	Ana2 - 2: T.Zuluft	15.0
2021-03-11 01:06:48.0	Ana3 - 3: T.Abluft	20.2
2021-03-11 01:06:48.0	Ana4 - 4: T.Fortluft	12.4
2021-03-11 01:06:48.0	Ana5 - 5: T.Raum	9999.9
2021-03-11 01:06:48.0	Ana9 - 9: T.Zuluft WRG warm	19.4
2021-03-11 01:06:58.0	Ana1 - 1: T.Au?en	5.0
2021-03-11 01:06:58.0	Ana2 - 2: T.Zuluft	15.0
2021-03-11 01:06:58.0	Ana3 - 3: T.Abluft	20.2
2021-03-11 01:06:58.0	Ana4 - 4: T.Fortluft	12.4
2021-03-11 01:06:58.0	Ana5 - 5: T.Raum	9999.9
2021-03-11 01:06:58.0	Ana9 - 9: T.Zuluft WRG warm	19.4
2021-03-11 01:07:08.0	Ana1 - 1: T.Au?en	5.0
2021-03-11 01:07:08.0	Ana2 - 2: T.Zuluft	15.0
2021-03-11 01:07:08.0	Ana3 - 3: T.Abluft	20.2
2021-03-11 01:07:08.0	Ana4 - 4: T.Fortluft	12.4
2021-03-11 01:07:08.0	Ana5 - 5: T.Raum	9999.9
2021-03-11 01:07:08.0	Ana9 - 9: T.Zuluft WRG warm	19.4
2021-03-11 01:07:18.0	Ana1 - 1: T.Au?en	5.0
2021-03-11 01:07:18.0	Ana2 - 2: T.Zuluft	15.0
2021-03-11 01:07:18.0	Ana3 - 3: T.Abluft	20.2
2021-03-11 01:07:18.0	Ana4 - 4: T.Fortluft	12.4
2021-03-11 01:07:18.0	Ana5 - 5: T.Raum	9999.9
2021-03-11 01:07:18.0	Ana9 - 9: T.Zuluft WRG warm	19.4
2021-03-11 01:07:28.0	Ana1 - 1: T.Au?en	5.1
2021-03-11 01:07:28.0	Ana2 - 2: T.Zuluft	15.0
2021-03-11 01:07:28.0	Ana3 - 3: T.Abluft	20.2
2021-03-11 01:07:28.0	Ana4 - 4: T.Fortluft	12.4
2021-03-11 01:07:28.0	Ana5 - 5: T.Raum	9999.9
2021-03-11 01:07:28.0	Ana9 - 9: T.Zuluft WRG warm	19.4
2021-03-11 01:07:38.0	Ana1 - 1: T.Au?en	5.1
2021-03-11 01:07:38.0	Ana2 - 2: T.Zuluft	15.0
2021-03-11 01:07:38.0	Ana3 - 3: T.Abluft	20.2
2021-03-11 01:07:38.0	Ana4 - 4: T.Fortluft	12.4
2021-03-11 01:07:38.0	Ana5 - 5: T.Raum	9999.9
2021-03-11 01:07:38.0	Ana9 - 9: T.Zuluft WRG warm	19.4
2021-03-11 01:07:48.0	Ana1 - 1: T.Au?en	5.0
2021-03-11 01:07:48.0	Ana2 - 2: T.Zuluft	15.0
2021-03-11 01:07:48.0	Ana3 - 3: T.Abluft	20.2
2021-03-11 01:07:48.0	Ana4 - 4: T.Fortluft	12.4
2021-03-11 01:07:48.0	Ana5 - 5: T.Raum	9999.9
2021-03-11 01:07:48.0	Ana9 - 9: T.Zuluft WRG warm	19.4
2021-03-11 01:07:58.0	Ana1 - 1: T.Au?en	5.0
2021-03-11 01:07:58.0	Ana2 - 2: T.Zuluft	15.0
2021-03-11 01:07:58.0	Ana3 - 3: T.Abluft	20.2
2021-03-11 01:07:58.0	Ana4 - 4: T.Fortluft	12.4
2021-03-11 01:07:58.0	Ana5 - 5: T.Raum	9999.9
2021-03-11 01:07:58.0	Ana9 - 9: T.Zuluft WRG warm	19.4
2021-03-11 01:08:08.0	Ana1 - 1: T.Au?en	5.1
2021-03-11 01:08:08.0	Ana2 - 2: T.Zuluft	15.0
2021-03-11 01:08:08.0	Ana3 - 3: T.Abluft	20.2
2021-03-11 01:08:08.0	Ana4 - 4: T.Fortluft	12.4
2021-03-11 01:08:08.0	Ana5 - 5: T.Raum	9999.9
2021-03-11 01:08:08.0	Ana9 - 9: T.Zuluft WRG warm	19.4
2021-03-11 01:08:18.0	Ana1 - 1: T.Au?en	5.1
2021-03-11 01:08:18.0	Ana2 - 2: T.Zuluft	15.0
2021-03-11 01:08:18.0	Ana3 - 3: T.Abluft	20.2
2021-03-11 01:08:18.0	Ana4 - 4: T.Fortluft	12.4
2021-03-11 01:08:18.0	Ana5 - 5: T.Raum	9999.9
2021-03-11 01:08:18.0	Ana9 - 9: T.Zuluft WRG warm	19.4
2021-03-11 01:08:28.0	Ana1 - 1: T.Au?en	5.1
2021-03-11 01:08:28.0	Ana2 - 2: T.Zuluft	15.0
2021-03-11 01:08:28.0	Ana3 - 3: T.Abluft	20.2
2021-03-11 01:08:28.0	Ana4 - 4: T.Fortluft	12.4
2021-03-11 01:08:28.0	Ana5 - 5: T.Raum	9999.9
2021-03-11 01:08:28.0	Ana9 - 9: T.Zuluft WRG warm	19.4
2021-03-11 01:08:38.0	Ana1 - 1: T.Au?en	5.1
2021-03-11 01:08:38.0	Ana2 - 2: T.Zuluft	15.0
2021-03-11 01:08:38.0	Ana3 - 3: T.Abluft	20.2
2021-03-11 01:08:38.0	Ana4 - 4: T.Fortluft	12.4
2021-03-11 01:08:38.0	Ana5 - 5: T.Raum	9999.9
2021-03-11 01:08:38.0	Ana9 - 9: T.Zuluft WRG warm	19.4
2021-03-11 01:08:48.0	Ana1 - 1: T.Au?en	5.1
2021-03-11 01:08:48.0	Ana2 - 2: T.Zuluft	15.0
2021-03-11 01:08:48.0	Ana3 - 3: T.Abluft	20.2
2021-03-11 01:08:48.0	Ana4 - 4: T.Fortluft	12.4
2021-03-11 01:08:48.0	Ana5 - 5: T.Raum	9999.9
2021-03-11 01:08:48.0	Ana9 - 9: T.Zuluft WRG warm	19.3
2021-03-11 01:08:58.0	Ana1 - 1: T.Au?en	5.1
2021-03-11 01:08:58.0	Ana2 - 2: T.Zuluft	15.0
2021-03-11 01:08:58.0	Ana3 - 3: T.Abluft	20.2
2021-03-11 01:08:58.0	Ana4 - 4: T.Fortluft	12.4
2021-03-11 01:08:58.0	Ana5 - 5: T.Raum	9999.9
2021-03-11 01:08:58.0	Ana9 - 9: T.Zuluft WRG warm	19.4
2021-03-11 01:09:08.0	Ana1 - 1: T.Au?en	5.1
2021-03-11 01:09:08.0	Ana2 - 2: T.Zuluft	15.0
2021-03-11 01:09:08.0	Ana3 - 3: T.Abluft	20.2
2021-03-11 01:09:08.0	Ana4 - 4: T.Fortluft	12.4
2021-03-11 01:09:08.0	Ana5 - 5: T.Raum	9999.9
2021-03-11 01:09:08.0	Ana9 - 9: T.Zuluft WRG warm	19.4
2021-03-11 01:09:18.0	Ana1 - 1: T.Au?en	5.1
2021-03-11 01:09:18.0	Ana2 - 2: T.Zuluft	15.0
2021-03-11 01:09:18.0	Ana3 - 3: T.Abluft	20.2
2021-03-11 01:09:18.0	Ana4 - 4: T.Fortluft	12.4
2021-03-11 01:09:18.0	Ana5 - 5: T.Raum	9999.9
2021-03-11 01:09:18.0	Ana9 - 9: T.Zuluft WRG warm	19.4
2021-03-11 01:09:28.0	Ana1 - 1: T.Au?en	5.1
2021-03-11 01:09:28.0	Ana2 - 2: T.Zuluft	15.0
2021-03-11 01:09:28.0	Ana3 - 3: T.Abluft	20.2
2021-03-11 01:09:28.0	Ana4 - 4: T.Fortluft	12.4
2021-03-11 01:09:28.0	Ana5 - 5: T.Raum	9999.9
2021-03-11 01:09:28.0	Ana9 - 9: T.Zuluft WRG warm	19.3
2021-03-11 01:09:38.0	Ana1 - 1: T.Au?en	5.1
2021-03-11 01:09:38.0	Ana2 - 2: T.Zuluft	15.0
2021-03-11 01:09:38.0	Ana3 - 3: T.Abluft	20.2
2021-03-11 01:09:38.0	Ana4 - 4: T.Fortluft	12.4
2021-03-11 01:09:38.0	Ana5 - 5: T.Raum	9999.9
2021-03-11 01:09:38.0	Ana9 - 9: T.Zuluft WRG warm	19.3
2021-03-11 01:09:48.0	Ana1 - 1: T.Au?en	5.1
2021-03-11 01:09:48.0	Ana2 - 2: T.Zuluft	15.0
2021-03-11 01:09:48.0	Ana3 - 3: T.Abluft	20.2
2021-03-11 01:09:48.0	Ana4 - 4: T.Fortluft	12.4
2021-03-11 01:09:48.0	Ana5 - 5: T.Raum	9999.9
2021-03-11 01:09:48.0	Ana9 - 9: T.Zuluft WRG warm	19.3
2021-03-11 01:09:58.0	Ana1 - 1: T.Au?en	5.1
2021-03-11 01:09:58.0	Ana2 - 2: T.Zuluft	15.0
2021-03-11 01:09:58.0	Ana3 - 3: T.Abluft	20.2
2021-03-11 01:09:58.0	Ana4 - 4: T.Fortluft	12.4
2021-03-11 01:09:58.0	Ana5 - 5: T.Raum	9999.9
2021-03-11 01:09:58.0	Ana9 - 9: T.Zuluft WRG warm	19.4
2021-03-11 01:10:08.0	Ana1 - 1: T.Au?en	5.1
2021-03-11 01:10:08.0	Ana2 - 2: T.Zuluft	15.0
2021-03-11 01:10:08.0	Ana3 - 3: T.Abluft	20.2
2021-03-11 01:10:08.0	Ana4 - 4: T.Fortluft	12.4
2021-03-11 01:10:08.0	Ana5 - 5: T.Raum	9999.9
2021-03-11 01:10:08.0	Ana9 - 9: T.Zuluft WRG warm	19.3
2021-03-11 01:10:18.0	Ana1 - 1: T.Au?en	5.1
2021-03-11 01:10:18.0	Ana2 - 2: T.Zuluft	15.0
2021-03-11 01:10:18.0	Ana3 - 3: T.Abluft	20.2
2021-03-11 01:10:18.0	Ana4 - 4: T.Fortluft	12.4
2021-03-11 01:10:18.0	Ana5 - 5: T.Raum	9999.9
2021-03-11 01:10:18.0	Ana9 - 9: T.Zuluft WRG warm	19.3
2021-03-11 01:10:28.0	Ana1 - 1: T.Au?en	5.2
2021-03-11 01:10:28.0	Ana2 - 2: T.Zuluft	15.0
2021-03-11 01:10:28.0	Ana3 - 3: T.Abluft	20.2
2021-03-11 01:10:28.0	Ana4 - 4: T.Fortluft	12.4
2021-03-11 01:10:28.0	Ana5 - 5: T.Raum	9999.9
2021-03-11 01:10:28.0	Ana9 - 9: T.Zuluft WRG warm	19.4
2021-03-11 01:10:38.0	Ana1 - 1: T.Au?en	5.1
2021-03-11 01:10:38.0	Ana2 - 2: T.Zuluft	15.0
2021-03-11 01:10:38.0	Ana3 - 3: T.Abluft	20.2
2021-03-11 01:10:38.0	Ana4 - 4: T.Fortluft	12.4
2021-03-11 01:10:38.0	Ana5 - 5: T.Raum	9999.9
2021-03-11 01:10:38.0	Ana9 - 9: T.Zuluft WRG warm	19.4
2021-03-11 01:10:48.0	Ana1 - 1: T.Au?en	5.1
2021-03-11 01:10:48.0	Ana2 - 2: T.Zuluft	15.0
2021-03-11 01:10:48.0	Ana3 - 3: T.Abluft	20.2
2021-03-11 01:10:48.0	Ana4 - 4: T.Fortluft	12.4
2021-03-11 01:10:48.0	Ana5 - 5: T.Raum	9999.9
2021-03-11 01:10:48.0	Ana9 - 9: T.Zuluft WRG warm	19.4
2021-03-11 01:10:58.0	Ana1 - 1: T.Au?en	5.1
2021-03-11 01:10:58.0	Ana2 - 2: T.Zuluft	15.0
2021-03-11 01:10:58.0	Ana3 - 3: T.Abluft	20.2
2021-03-11 01:10:58.0	Ana4 - 4: T.Fortluft	12.4
2021-03-11 01:10:58.0	Ana5 - 5: T.Raum	9999.9
2021-03-11 01:10:58.0	Ana9 - 9: T.Zuluft WRG warm	19.4
2021-03-11 01:11:08.0	Ana1 - 1: T.Au?en	5.0
2021-03-11 01:11:08.0	Ana2 - 2: T.Zuluft	14.9
2021-03-11 01:11:08.0	Ana3 - 3: T.Abluft	20.2
2021-03-11 01:11:08.0	Ana4 - 4: T.Fortluft	12.4
2021-03-11 01:11:08.0	Ana5 - 5: T.Raum	9999.9
2021-03-11 01:11:08.0	Ana9 - 9: T.Zuluft WRG warm	19.3
2021-03-11 01:11:18.0	Ana1 - 1: T.Au?en	5.0
2021-03-11 01:11:18.0	Ana2 - 2: T.Zuluft	14.9
2021-03-11 01:11:18.0	Ana3 - 3: T.Abluft	20.2
2021-03-11 01:11:18.0	Ana4 - 4: T.Fortluft	12.4
2021-03-11 01:11:18.0	Ana5 - 5: T.Raum	9999.9
2021-03-11 01:11:18.0	Ana9 - 9: T.Zuluft WRG warm	19.3
2021-03-11 01:11:28.0	Ana1 - 1: T.Au?en	5.0
2021-03-11 01:11:28.0	Ana2 - 2: T.Zuluft	15.0
2021-03-11 01:11:28.0	Ana3 - 3: T.Abluft	20.2
2021-03-11 01:11:28.0	Ana4 - 4: T.Fortluft	12.4
2021-03-11 01:11:28.0	Ana5 - 5: T.Raum	9999.9
2021-03-11 01:11:28.0	Ana9 - 9: T.Zuluft WRG warm	19.3
2021-03-11 01:11:38.0	Ana1 - 1: T.Au?en	5.0
2021-03-11 01:11:38.0	Ana2 - 2: T.Zuluft	15.0
2021-03-11 01:11:38.0	Ana3 - 3: T.Abluft	20.2
2021-03-11 01:11:38.0	Ana4 - 4: T.Fortluft	12.4
2021-03-11 01:11:38.0	Ana5 - 5: T.Raum	9999.9
2021-03-11 01:11:38.0	Ana9 - 9: T.Zuluft WRG warm	19.3
2021-03-11 01:11:48.0	Ana1 - 1: T.Au?en	5.0
2021-03-11 01:11:48.0	Ana2 - 2: T.Zuluft	15.0
2021-03-11 01:11:48.0	Ana3 - 3: T.Abluft	20.2
2021-03-11 01:11:48.0	Ana4 - 4: T.Fortluft	12.4
2021-03-11 01:11:48.0	Ana5 - 5: T.Raum	9999.9
2021-03-11 01:11:48.0	Ana9 - 9: T.Zuluft WRG warm	19.3
2021-03-11 01:11:58.0	Ana1 - 1: T.Au?en	5.0
2021-03-11 01:11:58.0	Ana2 - 2: T.Zuluft	15.0
2021-03-11 01:11:58.0	Ana3 - 3: T.Abluft	20.2
2021-03-11 01:11:58.0	Ana4 - 4: T.Fortluft	12.4
2021-03-11 01:11:58.0	Ana5 - 5: T.Raum	9999.9
2021-03-11 01:11:58.0	Ana9 - 9: T.Zuluft WRG warm	19.3
2021-03-11 01:12:08.0	Ana1 - 1: T.Au?en	5.0
2021-03-11 01:12:08.0	Ana2 - 2: T.Zuluft	15.0
2021-03-11 01:12:08.0	Ana3 - 3: T.Abluft	20.2
2021-03-11 01:12:08.0	Ana4 - 4: T.Fortluft	12.4
2021-03-11 01:12:08.0	Ana5 - 5: T.Raum	9999.9
2021-03-11 01:12:08.0	Ana9 - 9: T.Zuluft WRG warm	19.3
2021-03-11 01:12:18.0	Ana1 - 1: T.Au?en	5.0
2021-03-11 01:12:18.0	Ana2 - 2: T.Zuluft	15.0
2021-03-11 01:12:18.0	Ana3 - 3: T.Abluft	20.2
2021-03-11 01:12:18.0	Ana4 - 4: T.Fortluft	12.4
2021-03-11 01:12:18.0	Ana5 - 5: T.Raum	9999.9
2021-03-11 01:12:18.0	Ana9 - 9: T.Zuluft WRG warm	19.3
2021-03-11 01:12:28.0	Ana1 - 1: T.Au?en	5.0
2021-03-11 01:12:28.0	Ana2 - 2: T.Zuluft	14.9
2021-03-11 01:12:28.0	Ana3 - 3: T.Abluft	20.2
2021-03-11 01:12:28.0	Ana4 - 4: T.Fortluft	12.4
2021-03-11 01:12:28.0	Ana5 - 5: T.Raum	9999.9
2021-03-11 01:12:28.0	Ana9 - 9: T.Zuluft WRG warm	19.3
2021-03-11 01:12:38.0	Ana1 - 1: T.Au?en	5.0
2021-03-11 01:12:38.0	Ana2 - 2: T.Zuluft	14.9
2021-03-11 01:12:38.0	Ana3 - 3: T.Abluft	20.2
2021-03-11 01:12:38.0	Ana4 - 4: T.Fortluft	12.4
2021-03-11 01:12:38.0	Ana5 - 5: T.Raum	9999.9
2021-03-11 01:12:38.0	Ana9 - 9: T.Zuluft WRG warm	19.3
2021-03-11 01:12:48.0	Ana1 - 1: T.Au?en	5.1
2021-03-11 01:12:48.0	Ana2 - 2: T.Zuluft	14.9
2021-03-11 01:12:48.0	Ana3 - 3: T.Abluft	20.2
2021-03-11 01:12:48.0	Ana4 - 4: T.Fortluft	12.4
2021-03-11 01:12:48.0	Ana5 - 5: T.Raum	9999.9
2021-03-11 01:12:48.0	Ana9 - 9: T.Zuluft WRG warm	19.3
2021-03-11 01:12:58.0	Ana1 - 1: T.Au?en	5.1
2021-03-11 01:12:58.0	Ana2 - 2: T.Zuluft	14.9
2021-03-11 01:12:58.0	Ana3 - 3: T.Abluft	20.2
2021-03-11 01:12:58.0	Ana4 - 4: T.Fortluft	12.4
2021-03-11 01:12:58.0	Ana5 - 5: T.Raum	9999.9
2021-03-11 01:12:58.0	Ana9 - 9: T.Zuluft WRG warm	19.3
2021-03-11 01:13:08.0	Ana1 - 1: T.Au?en	5.1
2021-03-11 01:13:08.0	Ana2 - 2: T.Zuluft	14.9
2021-03-11 01:13:08.0	Ana3 - 3: T.Abluft	20.2
2021-03-11 01:13:08.0	Ana4 - 4: T.Fortluft	12.4
2021-03-11 01:13:08.0	Ana5 - 5: T.Raum	9999.9
2021-03-11 01:13:08.0	Ana9 - 9: T.Zuluft WRG warm	19.3
2021-03-11 01:13:18.0	Ana1 - 1: T.Au?en	5.1
2021-03-11 01:13:18.0	Ana2 - 2: T.Zuluft	14.9
2021-03-11 01:13:18.0	Ana3 - 3: T.Abluft	20.2
2021-03-11 01:13:18.0	Ana4 - 4: T.Fortluft	12.4
2021-03-11 01:13:18.0	Ana5 - 5: T.Raum	9999.9
2021-03-11 01:13:18.0	Ana9 - 9: T.Zuluft WRG warm	19.3
2021-03-11 01:13:28.0	Ana1 - 1: T.Au?en	5.1
2021-03-11 01:13:28.0	Ana2 - 2: T.Zuluft	14.9
2021-03-11 01:13:28.0	Ana3 - 3: T.Abluft	20.2
2021-03-11 01:13:28.0	Ana4 - 4: T.Fortluft	12.4
2021-03-11 01:13:28.0	Ana5 - 5: T.Raum	9999.9
2021-03-11 01:13:28.0	Ana9 - 9: T.Zuluft WRG warm	19.3
2021-03-11 01:13:38.0	Ana1 - 1: T.Au?en	5.2
2021-03-11 01:13:38.0	Ana2 - 2: T.Zuluft	14.9
2021-03-11 01:13:38.0	Ana3 - 3: T.Abluft	20.2
2021-03-11 01:13:38.0	Ana4 - 4: T.Fortluft	12.4
2021-03-11 01:13:38.0	Ana5 - 5: T.Raum	9999.9
2021-03-11 01:13:38.0	Ana9 - 9: T.Zuluft WRG warm	19.3
2021-03-11 01:13:48.0	Ana1 - 1: T.Au?en	5.2
2021-03-11 01:13:48.0	Ana2 - 2: T.Zuluft	14.9
2021-03-11 01:13:48.0	Ana3 - 3: T.Abluft	20.2
2021-03-11 01:13:48.0	Ana4 - 4: T.Fortluft	12.4
2021-03-11 01:13:48.0	Ana5 - 5: T.Raum	9999.9
2021-03-11 01:13:48.0	Ana9 - 9: T.Zuluft WRG warm	19.3
2021-03-11 01:13:58.0	Ana1 - 1: T.Au?en	5.2
2021-03-11 01:13:58.0	Ana2 - 2: T.Zuluft	14.9
2021-03-11 01:13:58.0	Ana3 - 3: T.Abluft	20.2
2021-03-11 01:13:58.0	Ana4 - 4: T.Fortluft	12.4
2021-03-11 01:13:58.0	Ana5 - 5: T.Raum	9999.9
2021-03-11 01:13:58.0	Ana9 - 9: T.Zuluft WRG warm	19.3
2021-03-11 01:14:08.0	Ana1 - 1: T.Au?en	5.1
2021-03-11 01:14:08.0	Ana2 - 2: T.Zuluft	14.9
2021-03-11 01:14:08.0	Ana3 - 3: T.Abluft	20.2
2021-03-11 01:14:08.0	Ana4 - 4: T.Fortluft	12.4
2021-03-11 01:14:08.0	Ana5 - 5: T.Raum	9999.9
2021-03-11 01:14:08.0	Ana9 - 9: T.Zuluft WRG warm	19.3
2021-03-11 01:14:18.0	Ana1 - 1: T.Au?en	5.1
2021-03-11 01:14:18.0	Ana2 - 2: T.Zuluft	14.9
2021-03-11 01:14:18.0	Ana3 - 3: T.Abluft	20.2
2021-03-11 01:14:18.0	Ana4 - 4: T.Fortluft	12.4
2021-03-11 01:14:18.0	Ana5 - 5: T.Raum	9999.9
2021-03-11 01:14:18.0	Ana9 - 9: T.Zuluft WRG warm	19.3
2021-03-11 01:14:28.0	Ana1 - 1: T.Au?en	5.1
2021-03-11 01:14:28.0	Ana2 - 2: T.Zuluft	14.9
2021-03-11 01:14:28.0	Ana3 - 3: T.Abluft	20.2
2021-03-11 01:14:28.0	Ana4 - 4: T.Fortluft	12.4
2021-03-11 01:14:28.0	Ana5 - 5: T.Raum	9999.9
2021-03-11 01:14:28.0	Ana9 - 9: T.Zuluft WRG warm	19.3
2021-03-11 01:14:38.0	Ana1 - 1: T.Au?en	5.2
2021-03-11 01:14:38.0	Ana2 - 2: T.Zuluft	14.9
2021-03-11 01:14:38.0	Ana3 - 3: T.Abluft	20.2
2021-03-11 01:14:38.0	Ana4 - 4: T.Fortluft	12.4
2021-03-11 01:14:38.0	Ana5 - 5: T.Raum	9999.9
2021-03-11 01:14:38.0	Ana9 - 9: T.Zuluft WRG warm	19.3
2021-03-11 01:14:48.0	Ana1 - 1: T.Au?en	5.2
2021-03-11 01:14:48.0	Ana2 - 2: T.Zuluft	14.9
2021-03-11 01:14:48.0	Ana3 - 3: T.Abluft	20.2
2021-03-11 01:14:48.0	Ana4 - 4: T.Fortluft	12.4
2021-03-11 01:14:48.0	Ana5 - 5: T.Raum	9999.9
2021-03-11 01:14:48.0	Ana9 - 9: T.Zuluft WRG warm	19.3
2021-03-11 01:14:58.0	Ana1 - 1: T.Au?en	5.2
2021-03-11 01:14:58.0	Ana2 - 2: T.Zuluft	14.9
2021-03-11 01:14:58.0	Ana3 - 3: T.Abluft	20.2
2021-03-11 01:14:58.0	Ana4 - 4: T.Fortluft	12.4
2021-03-11 01:14:58.0	Ana5 - 5: T.Raum	9999.9
2021-03-11 01:14:58.0	Ana9 - 9: T.Zuluft WRG warm	19.3
2021-03-11 01:15:08.0	Ana1 - 1: T.Au?en	5.1
2021-03-11 01:15:08.0	Ana2 - 2: T.Zuluft	14.9
2021-03-11 01:15:08.0	Ana3 - 3: T.Abluft	20.2
2021-03-11 01:15:08.0	Ana4 - 4: T.Fortluft	12.4
2021-03-11 01:15:08.0	Ana5 - 5: T.Raum	9999.9
2021-03-11 01:15:08.0	Ana9 - 9: T.Zuluft WRG warm	19.3
2021-03-11 01:15:18.0	Ana1 - 1: T.Au?en	5.1
2021-03-11 01:15:18.0	Ana2 - 2: T.Zuluft	14.9
2021-03-11 01:15:18.0	Ana3 - 3: T.Abluft	20.2
2021-03-11 01:15:18.0	Ana4 - 4: T.Fortluft	12.4
2021-03-11 01:15:18.0	Ana5 - 5: T.Raum	9999.9
2021-03-11 01:15:18.0	Ana9 - 9: T.Zuluft WRG warm	19.3
2021-03-11 01:15:28.0	Ana1 - 1: T.Au?en	5.2
2021-03-11 01:15:28.0	Ana2 - 2: T.Zuluft	14.9
2021-03-11 01:15:28.0	Ana3 - 3: T.Abluft	20.2
2021-03-11 01:15:28.0	Ana4 - 4: T.Fortluft	12.4
2021-03-11 01:15:28.0	Ana5 - 5: T.Raum	9999.9
2021-03-11 01:15:28.0	Ana9 - 9: T.Zuluft WRG warm	19.3
2021-03-11 01:15:38.0	Ana1 - 1: T.Au?en	5.2
2021-03-11 01:15:38.0	Ana2 - 2: T.Zuluft	14.9
2021-03-11 01:15:38.0	Ana3 - 3: T.Abluft	20.2
2021-03-11 01:15:38.0	Ana4 - 4: T.Fortluft	12.4
2021-03-11 01:15:38.0	Ana5 - 5: T.Raum	9999.9
2021-03-11 01:15:38.0	Ana9 - 9: T.Zuluft WRG warm	19.3
2021-03-11 01:15:48.0	Ana1 - 1: T.Au?en	5.3
2021-03-11 01:15:48.0	Ana2 - 2: T.Zuluft	14.9
2021-03-11 01:15:48.0	Ana3 - 3: T.Abluft	20.2
2021-03-11 01:15:48.0	Ana4 - 4: T.Fortluft	12.4
2021-03-11 01:15:48.0	Ana5 - 5: T.Raum	9999.9
2021-03-11 01:15:48.0	Ana9 - 9: T.Zuluft WRG warm	19.3
2021-03-11 01:15:58.0	Ana1 - 1: T.Au?en	5.3
2021-03-11 01:15:58.0	Ana2 - 2: T.Zuluft	14.9
2021-03-11 01:15:58.0	Ana3 - 3: T.Abluft	20.2
2021-03-11 01:15:58.0	Ana4 - 4: T.Fortluft	12.4
2021-03-11 01:15:58.0	Ana5 - 5: T.Raum	9999.9
2021-03-11 01:15:58.0	Ana9 - 9: T.Zuluft WRG warm	19.3
2021-03-11 01:16:08.0	Ana1 - 1: T.Au?en	5.2
2021-03-11 01:16:08.0	Ana2 - 2: T.Zuluft	14.9
2021-03-11 01:16:08.0	Ana3 - 3: T.Abluft	20.2
2021-03-11 01:16:08.0	Ana4 - 4: T.Fortluft	12.4
2021-03-11 01:16:08.0	Ana5 - 5: T.Raum	9999.9
2021-03-11 01:16:08.0	Ana9 - 9: T.Zuluft WRG warm	19.3
2021-03-11 01:16:18.0	Ana1 - 1: T.Au?en	5.2
2021-03-11 01:16:18.0	Ana2 - 2: T.Zuluft	14.9
2021-03-11 01:16:18.0	Ana3 - 3: T.Abluft	20.2
2021-03-11 01:16:18.0	Ana4 - 4: T.Fortluft	12.4
2021-03-11 01:16:18.0	Ana5 - 5: T.Raum	9999.9
2021-03-11 01:16:18.0	Ana9 - 9: T.Zuluft WRG warm	19.3
2021-03-11 01:16:28.0	Ana1 - 1: T.Au?en	5.2
2021-03-11 01:16:28.0	Ana2 - 2: T.Zuluft	14.9
2021-03-11 01:16:28.0	Ana3 - 3: T.Abluft	20.2
2021-03-11 01:16:28.0	Ana4 - 4: T.Fortluft	12.4
2021-03-11 01:16:28.0	Ana5 - 5: T.Raum	9999.9
2021-03-11 01:16:28.0	Ana9 - 9: T.Zuluft WRG warm	19.3
2021-03-11 01:16:38.0	Ana1 - 1: T.Au?en	5.2
2021-03-11 01:16:38.0	Ana2 - 2: T.Zuluft	14.9
2021-03-11 01:16:38.0	Ana3 - 3: T.Abluft	20.2
2021-03-11 01:16:38.0	Ana4 - 4: T.Fortluft	12.4
2021-03-11 01:16:38.0	Ana5 - 5: T.Raum	9999.9
2021-03-11 01:16:38.0	Ana9 - 9: T.Zuluft WRG warm	19.3
2021-03-11 01:16:48.0	Ana1 - 1: T.Au?en	5.2
2021-03-11 01:16:48.0	Ana2 - 2: T.Zuluft	14.9
2021-03-11 01:16:48.0	Ana3 - 3: T.Abluft	20.2
2021-03-11 01:16:48.0	Ana4 - 4: T.Fortluft	12.4
2021-03-11 01:16:48.0	Ana5 - 5: T.Raum	9999.9
2021-03-11 01:16:48.0	Ana9 - 9: T.Zuluft WRG warm	19.3
2021-03-11 01:16:58.0	Ana1 - 1: T.Au?en	5.2
2021-03-11 01:16:58.0	Ana2 - 2: T.Zuluft	14.9
2021-03-11 01:16:58.0	Ana3 - 3: T.Abluft	20.2
2021-03-11 01:16:58.0	Ana4 - 4: T.Fortluft	12.4
2021-03-11 01:16:58.0	Ana5 - 5: T.Raum	9999.9
2021-03-11 01:16:58.0	Ana9 - 9: T.Zuluft WRG warm	19.3
2021-03-11 01:17:08.0	Ana1 - 1: T.Au?en	5.2
2021-03-11 01:17:08.0	Ana2 - 2: T.Zuluft	14.9
2021-03-11 01:17:08.0	Ana3 - 3: T.Abluft	20.2
2021-03-11 01:17:08.0	Ana4 - 4: T.Fortluft	12.4
2021-03-11 01:17:08.0	Ana5 - 5: T.Raum	9999.9
2021-03-11 01:17:08.0	Ana9 - 9: T.Zuluft WRG warm	19.3
2021-03-11 01:17:18.0	Ana1 - 1: T.Au?en	5.2
2021-03-11 01:17:18.0	Ana2 - 2: T.Zuluft	14.9
2021-03-11 01:17:18.0	Ana3 - 3: T.Abluft	20.2
2021-03-11 01:17:18.0	Ana4 - 4: T.Fortluft	12.4
2021-03-11 01:17:18.0	Ana5 - 5: T.Raum	9999.9
2021-03-11 01:17:18.0	Ana9 - 9: T.Zuluft WRG warm	19.3
2021-03-11 01:17:28.0	Ana1 - 1: T.Au?en	5.2
2021-03-11 01:17:28.0	Ana2 - 2: T.Zuluft	14.9
2021-03-11 01:17:28.0	Ana3 - 3: T.Abluft	20.2
2021-03-11 01:17:28.0	Ana4 - 4: T.Fortluft	12.4
2021-03-11 01:17:28.0	Ana5 - 5: T.Raum	9999.9
2021-03-11 01:17:28.0	Ana9 - 9: T.Zuluft WRG warm	19.3
2021-03-11 01:17:38.0	Ana1 - 1: T.Au?en	5.2
2021-03-11 01:17:38.0	Ana2 - 2: T.Zuluft	14.9
2021-03-11 01:17:38.0	Ana3 - 3: T.Abluft	20.2
2021-03-11 01:17:38.0	Ana4 - 4: T.Fortluft	12.4
2021-03-11 01:17:38.0	Ana5 - 5: T.Raum	9999.9
2021-03-11 01:17:38.0	Ana9 - 9: T.Zuluft WRG warm	19.3
2021-03-11 01:17:48.0	Ana1 - 1: T.Au?en	5.1
2021-03-11 01:17:48.0	Ana2 - 2: T.Zuluft	14.9
2021-03-11 01:17:48.0	Ana3 - 3: T.Abluft	20.2
2021-03-11 01:17:48.0	Ana4 - 4: T.Fortluft	12.4
2021-03-11 01:17:48.0	Ana5 - 5: T.Raum	9999.9
2021-03-11 01:17:48.0	Ana9 - 9: T.Zuluft WRG warm	19.3
2021-03-11 01:17:58.0	Ana1 - 1: T.Au?en	5.1
2021-03-11 01:17:58.0	Ana2 - 2: T.Zuluft	14.9
2021-03-11 01:17:58.0	Ana3 - 3: T.Abluft	20.2
2021-03-11 01:17:58.0	Ana4 - 4: T.Fortluft	12.4
2021-03-11 01:17:58.0	Ana5 - 5: T.Raum	9999.9
2021-03-11 01:17:58.0	Ana9 - 9: T.Zuluft WRG warm	19.3
2021-03-11 01:18:08.0	Ana1 - 1: T.Au?en	5.1
2021-03-11 01:18:08.0	Ana2 - 2: T.Zuluft	14.9
2021-03-11 01:18:08.0	Ana3 - 3: T.Abluft	20.2
2021-03-11 01:18:08.0	Ana4 - 4: T.Fortluft	12.4
2021-03-11 01:18:08.0	Ana5 - 5: T.Raum	9999.9
2021-03-11 01:18:08.0	Ana9 - 9: T.Zuluft WRG warm	19.3
2021-03-11 01:18:18.0	Ana1 - 1: T.Au?en	5.1
2021-03-11 01:18:18.0	Ana2 - 2: T.Zuluft	14.9
2021-03-11 01:18:18.0	Ana3 - 3: T.Abluft	20.2
2021-03-11 01:18:18.0	Ana4 - 4: T.Fortluft	12.4
2021-03-11 01:18:18.0	Ana5 - 5: T.Raum	9999.9
2021-03-11 01:18:18.0	Ana9 - 9: T.Zuluft WRG warm	19.3
2021-03-11 01:18:28.0	Ana1 - 1: T.Au?en	5.1
2021-03-11 01:18:28.0	Ana2 - 2: T.Zuluft	14.9
2021-03-11 01:18:28.0	Ana3 - 3: T.Abluft	20.2
2021-03-11 01:18:28.0	Ana4 - 4: T.Fortluft	12.4
2021-03-11 01:18:28.0	Ana5 - 5: T.Raum	9999.9
2021-03-11 01:18:28.0	Ana9 - 9: T.Zuluft WRG warm	19.3
2021-03-11 01:18:38.0	Ana1 - 1: T.Au?en	5.2
2021-03-11 01:18:38.0	Ana2 - 2: T.Zuluft	14.9
2021-03-11 01:18:38.0	Ana3 - 3: T.Abluft	20.2
2021-03-11 01:18:38.0	Ana4 - 4: T.Fortluft	12.4
2021-03-11 01:18:38.0	Ana5 - 5: T.Raum	9999.9
2021-03-11 01:18:38.0	Ana9 - 9: T.Zuluft WRG warm	19.3
2021-03-11 01:18:48.0	Ana1 - 1: T.Au?en	5.3
2021-03-11 01:18:48.0	Ana2 - 2: T.Zuluft	14.9
2021-03-11 01:18:48.0	Ana3 - 3: T.Abluft	20.2
2021-03-11 01:18:48.0	Ana4 - 4: T.Fortluft	12.4
2021-03-11 01:18:48.0	Ana5 - 5: T.Raum	9999.9
2021-03-11 01:18:48.0	Ana9 - 9: T.Zuluft WRG warm	19.3
2021-03-11 01:18:58.0	Ana1 - 1: T.Au?en	5.3
2021-03-11 01:18:58.0	Ana2 - 2: T.Zuluft	14.9
2021-03-11 01:18:58.0	Ana3 - 3: T.Abluft	20.2
2021-03-11 01:18:58.0	Ana4 - 4: T.Fortluft	12.4
2021-03-11 01:18:58.0	Ana5 - 5: T.Raum	9999.9
2021-03-11 01:18:58.0	Ana9 - 9: T.Zuluft WRG warm	19.3
2021-03-11 01:19:08.0	Ana1 - 1: T.Au?en	5.2
2021-03-11 01:19:08.0	Ana2 - 2: T.Zuluft	14.9
2021-03-11 01:19:08.0	Ana3 - 3: T.Abluft	20.2
2021-03-11 01:19:08.0	Ana4 - 4: T.Fortluft	12.4
2021-03-11 01:19:08.0	Ana5 - 5: T.Raum	9999.9
2021-03-11 01:19:08.0	Ana9 - 9: T.Zuluft WRG warm	19.3
2021-03-11 01:19:18.0	Ana1 - 1: T.Au?en	5.2
2021-03-11 01:19:18.0	Ana2 - 2: T.Zuluft	14.9
2021-03-11 01:19:18.0	Ana3 - 3: T.Abluft	20.2
2021-03-11 01:19:18.0	Ana4 - 4: T.Fortluft	12.4
2021-03-11 01:19:18.0	Ana5 - 5: T.Raum	9999.9
2021-03-11 01:19:18.0	Ana9 - 9: T.Zuluft WRG warm	19.3
2021-03-11 01:19:28.0	Ana1 - 1: T.Au?en	5.1
2021-03-11 01:19:28.0	Ana2 - 2: T.Zuluft	14.9
2021-03-11 01:19:28.0	Ana3 - 3: T.Abluft	20.2
2021-03-11 01:19:28.0	Ana4 - 4: T.Fortluft	12.4
2021-03-11 01:19:28.0	Ana5 - 5: T.Raum	9999.9
2021-03-11 01:19:28.0	Ana9 - 9: T.Zuluft WRG warm	19.3
2021-03-11 01:19:38.0	Ana1 - 1: T.Au?en	5.1
2021-03-11 01:19:38.0	Ana2 - 2: T.Zuluft	14.9
2021-03-11 01:19:38.0	Ana3 - 3: T.Abluft	20.2
2021-03-11 01:19:38.0	Ana4 - 4: T.Fortluft	12.4
2021-03-11 01:19:38.0	Ana5 - 5: T.Raum	9999.9
2021-03-11 01:19:38.0	Ana9 - 9: T.Zuluft WRG warm	19.3
2021-03-11 01:19:48.0	Ana1 - 1: T.Au?en	5.1
2021-03-11 01:19:48.0	Ana2 - 2: T.Zuluft	14.9
2021-03-11 01:19:48.0	Ana3 - 3: T.Abluft	20.2
2021-03-11 01:19:48.0	Ana4 - 4: T.Fortluft	12.4
2021-03-11 01:19:48.0	Ana5 - 5: T.Raum	9999.9
2021-03-11 01:19:48.0	Ana9 - 9: T.Zuluft WRG warm	19.3
2021-03-11 01:19:58.0	Ana1 - 1: T.Au?en	5.1
2021-03-11 01:19:58.0	Ana2 - 2: T.Zuluft	14.9
2021-03-11 01:19:58.0	Ana3 - 3: T.Abluft	20.2
2021-03-11 01:19:58.0	Ana4 - 4: T.Fortluft	12.4
2021-03-11 01:19:58.0	Ana5 - 5: T.Raum	9999.9
2021-03-11 01:19:58.0	Ana9 - 9: T.Zuluft WRG warm	19.3
2021-03-11 01:20:08.0	Ana1 - 1: T.Au?en	5.0
2021-03-11 01:20:08.0	Ana2 - 2: T.Zuluft	14.9
2021-03-11 01:20:08.0	Ana3 - 3: T.Abluft	20.2
2021-03-11 01:20:08.0	Ana4 - 4: T.Fortluft	12.4
2021-03-11 01:20:08.0	Ana5 - 5: T.Raum	9999.9
2021-03-11 01:20:08.0	Ana9 - 9: T.Zuluft WRG warm	19.3
2021-03-11 01:20:18.0	Ana1 - 1: T.Au?en	4.9
2021-03-11 01:20:18.0	Ana2 - 2: T.Zuluft	14.9
2021-03-11 01:20:18.0	Ana3 - 3: T.Abluft	20.2
2021-03-11 01:20:18.0	Ana4 - 4: T.Fortluft	12.4
2021-03-11 01:20:18.0	Ana5 - 5: T.Raum	9999.9
2021-03-11 01:20:18.0	Ana9 - 9: T.Zuluft WRG warm	19.3
2021-03-11 01:20:28.0	Ana1 - 1: T.Au?en	4.8
2021-03-11 01:20:28.0	Ana2 - 2: T.Zuluft	14.9
2021-03-11 01:20:28.0	Ana3 - 3: T.Abluft	20.2
2021-03-11 01:20:28.0	Ana4 - 4: T.Fortluft	12.4
2021-03-11 01:20:28.0	Ana5 - 5: T.Raum	9999.9
2021-03-11 01:20:28.0	Ana9 - 9: T.Zuluft WRG warm	19.3
2021-03-11 01:20:38.0	Ana1 - 1: T.Au?en	4.7
2021-03-11 01:20:38.0	Ana2 - 2: T.Zuluft	14.9
2021-03-11 01:20:38.0	Ana3 - 3: T.Abluft	20.2
2021-03-11 01:20:38.0	Ana4 - 4: T.Fortluft	12.4
2021-03-11 01:20:38.0	Ana5 - 5: T.Raum	9999.9
2021-03-11 01:20:38.0	Ana9 - 9: T.Zuluft WRG warm	19.3
2021-03-11 01:20:48.0	Ana1 - 1: T.Au?en	4.6
2021-03-11 01:20:48.0	Ana2 - 2: T.Zuluft	14.9
2021-03-11 01:20:48.0	Ana3 - 3: T.Abluft	20.2
2021-03-11 01:20:48.0	Ana4 - 4: T.Fortluft	12.4
2021-03-11 01:20:48.0	Ana5 - 5: T.Raum	9999.9
2021-03-11 01:20:48.0	Ana9 - 9: T.Zuluft WRG warm	19.3
2021-03-11 01:20:58.0	Ana1 - 1: T.Au?en	4.6
2021-03-11 01:20:58.0	Ana2 - 2: T.Zuluft	14.9
2021-03-11 01:20:58.0	Ana3 - 3: T.Abluft	20.2
2021-03-11 01:20:58.0	Ana4 - 4: T.Fortluft	12.4
2021-03-11 01:20:58.0	Ana5 - 5: T.Raum	9999.9
2021-03-11 01:20:58.0	Ana9 - 9: T.Zuluft WRG warm	19.3
2021-03-11 01:21:08.0	Ana1 - 1: T.Au?en	4.6
2021-03-11 01:21:08.0	Ana2 - 2: T.Zuluft	14.9
2021-03-11 01:21:08.0	Ana3 - 3: T.Abluft	20.2
2021-03-11 01:21:08.0	Ana4 - 4: T.Fortluft	12.4
2021-03-11 01:21:08.0	Ana5 - 5: T.Raum	9999.9
2021-03-11 01:21:08.0	Ana9 - 9: T.Zuluft WRG warm	19.3
2021-03-11 01:21:18.0	Ana1 - 1: T.Au?en	4.6
2021-03-11 01:21:18.0	Ana2 - 2: T.Zuluft	14.9
2021-03-11 01:21:18.0	Ana3 - 3: T.Abluft	20.2
2021-03-11 01:21:18.0	Ana4 - 4: T.Fortluft	12.4
2021-03-11 01:21:18.0	Ana5 - 5: T.Raum	9999.9
2021-03-11 01:21:18.0	Ana9 - 9: T.Zuluft WRG warm	19.3
2021-03-11 01:21:28.0	Ana1 - 1: T.Au?en	4.6
2021-03-11 01:21:28.0	Ana2 - 2: T.Zuluft	14.9
2021-03-11 01:21:28.0	Ana3 - 3: T.Abluft	20.2
2021-03-11 01:21:28.0	Ana4 - 4: T.Fortluft	12.4
2021-03-11 01:21:28.0	Ana5 - 5: T.Raum	9999.9
2021-03-11 01:21:28.0	Ana9 - 9: T.Zuluft WRG warm	19.3
2021-03-11 01:21:38.0	Ana1 - 1: T.Au?en	4.6
2021-03-11 01:21:38.0	Ana2 - 2: T.Zuluft	14.9
2021-03-11 01:21:38.0	Ana3 - 3: T.Abluft	20.2
2021-03-11 01:21:38.0	Ana4 - 4: T.Fortluft	12.4
2021-03-11 01:21:38.0	Ana5 - 5: T.Raum	9999.9
2021-03-11 01:21:38.0	Ana9 - 9: T.Zuluft WRG warm	19.3
2021-03-11 01:21:48.0	Ana1 - 1: T.Au?en	4.6
2021-03-11 01:21:48.0	Ana2 - 2: T.Zuluft	14.9
2021-03-11 01:21:48.0	Ana3 - 3: T.Abluft	20.2
2021-03-11 01:21:48.0	Ana4 - 4: T.Fortluft	12.4
2021-03-11 01:21:48.0	Ana5 - 5: T.Raum	9999.9
2021-03-11 01:21:48.0	Ana9 - 9: T.Zuluft WRG warm	19.3
2021-03-11 01:21:58.0	Ana1 - 1: T.Au?en	4.6
2021-03-11 01:21:58.0	Ana2 - 2: T.Zuluft	14.9
2021-03-11 01:21:58.0	Ana3 - 3: T.Abluft	20.2
2021-03-11 01:21:58.0	Ana4 - 4: T.Fortluft	12.4
2021-03-11 01:21:58.0	Ana5 - 5: T.Raum	9999.9
2021-03-11 01:21:58.0	Ana9 - 9: T.Zuluft WRG warm	19.3
2021-03-11 01:22:08.0	Ana1 - 1: T.Au?en	4.7
2021-03-11 01:22:08.0	Ana2 - 2: T.Zuluft	14.9
2021-03-11 01:22:08.0	Ana3 - 3: T.Abluft	20.2
2021-03-11 01:22:08.0	Ana4 - 4: T.Fortluft	12.4
2021-03-11 01:22:08.0	Ana5 - 5: T.Raum	9999.9
2021-03-11 01:22:08.0	Ana9 - 9: T.Zuluft WRG warm	19.3
2021-03-11 01:22:18.0	Ana1 - 1: T.Au?en	4.7
2021-03-11 01:22:18.0	Ana2 - 2: T.Zuluft	14.9
2021-03-11 01:22:18.0	Ana3 - 3: T.Abluft	20.2
2021-03-11 01:22:18.0	Ana4 - 4: T.Fortluft	12.4
2021-03-11 01:22:18.0	Ana5 - 5: T.Raum	9999.9
2021-03-11 01:22:18.0	Ana9 - 9: T.Zuluft WRG warm	19.3
2021-03-11 01:22:28.0	Ana1 - 1: T.Au?en	4.7
2021-03-11 01:22:28.0	Ana2 - 2: T.Zuluft	14.9
2021-03-11 01:22:28.0	Ana3 - 3: T.Abluft	20.2
2021-03-11 01:22:28.0	Ana4 - 4: T.Fortluft	12.4
2021-03-11 01:22:28.0	Ana5 - 5: T.Raum	9999.9
2021-03-11 01:22:28.0	Ana9 - 9: T.Zuluft WRG warm	19.3
2021-03-11 01:22:38.0	Ana1 - 1: T.Au?en	4.7
2021-03-11 01:22:38.0	Ana2 - 2: T.Zuluft	14.9
2021-03-11 01:22:38.0	Ana3 - 3: T.Abluft	20.1
2021-03-11 01:22:38.0	Ana4 - 4: T.Fortluft	12.4
2021-03-11 01:22:38.0	Ana5 - 5: T.Raum	9999.9
2021-03-11 01:22:38.0	Ana9 - 9: T.Zuluft WRG warm	19.3
2021-03-11 01:22:48.0	Ana1 - 1: T.Au?en	4.6
2021-03-11 01:22:48.0	Ana2 - 2: T.Zuluft	14.9
2021-03-11 01:22:48.0	Ana3 - 3: T.Abluft	20.2
2021-03-11 01:22:48.0	Ana4 - 4: T.Fortluft	12.4
2021-03-11 01:22:48.0	Ana5 - 5: T.Raum	9999.9
2021-03-11 01:22:48.0	Ana9 - 9: T.Zuluft WRG warm	19.3
2021-03-11 01:22:58.0	Ana1 - 1: T.Au?en	4.6
2021-03-11 01:22:58.0	Ana2 - 2: T.Zuluft	14.9
2021-03-11 01:22:58.0	Ana3 - 3: T.Abluft	20.2
2021-03-11 01:22:58.0	Ana4 - 4: T.Fortluft	12.4
2021-03-11 01:22:58.0	Ana5 - 5: T.Raum	9999.9
2021-03-11 01:22:58.0	Ana9 - 9: T.Zuluft WRG warm	19.3
2021-03-11 01:23:08.0	Ana1 - 1: T.Au?en	4.6
2021-03-11 01:23:08.0	Ana2 - 2: T.Zuluft	14.9
2021-03-11 01:23:08.0	Ana3 - 3: T.Abluft	20.2
2021-03-11 01:23:08.0	Ana4 - 4: T.Fortluft	12.4
2021-03-11 01:23:08.0	Ana5 - 5: T.Raum	9999.9
2021-03-11 01:23:08.0	Ana9 - 9: T.Zuluft WRG warm	19.3
2021-03-11 01:23:18.0	Ana1 - 1: T.Au?en	4.6
2021-03-11 01:23:18.0	Ana2 - 2: T.Zuluft	14.9
2021-03-11 01:23:18.0	Ana3 - 3: T.Abluft	20.2
2021-03-11 01:23:18.0	Ana4 - 4: T.Fortluft	12.4
2021-03-11 01:23:18.0	Ana5 - 5: T.Raum	9999.9
2021-03-11 01:23:18.0	Ana9 - 9: T.Zuluft WRG warm	19.3
2021-03-11 01:23:28.0	Ana1 - 1: T.Au?en	4.6
2021-03-11 01:23:28.0	Ana2 - 2: T.Zuluft	14.9
2021-03-11 01:23:28.0	Ana3 - 3: T.Abluft	20.2
2021-03-11 01:23:28.0	Ana4 - 4: T.Fortluft	12.4
2021-03-11 01:23:28.0	Ana5 - 5: T.Raum	9999.9
2021-03-11 01:23:28.0	Ana9 - 9: T.Zuluft WRG warm	19.3
2021-03-11 01:23:38.0	Ana1 - 1: T.Au?en	4.6
2021-03-11 01:23:38.0	Ana2 - 2: T.Zuluft	14.9
2021-03-11 01:23:38.0	Ana3 - 3: T.Abluft	20.1
2021-03-11 01:23:38.0	Ana4 - 4: T.Fortluft	12.4
2021-03-11 01:23:38.0	Ana5 - 5: T.Raum	9999.9
2021-03-11 01:23:38.0	Ana9 - 9: T.Zuluft WRG warm	19.3
2021-03-11 01:23:48.0	Ana1 - 1: T.Au?en	4.6
2021-03-11 01:23:48.0	Ana2 - 2: T.Zuluft	14.9
2021-03-11 01:23:48.0	Ana3 - 3: T.Abluft	20.1
2021-03-11 01:23:48.0	Ana4 - 4: T.Fortluft	12.4
2021-03-11 01:23:48.0	Ana5 - 5: T.Raum	9999.9
2021-03-11 01:23:48.0	Ana9 - 9: T.Zuluft WRG warm	19.3
2021-03-11 01:23:58.0	Ana1 - 1: T.Au?en	4.6
2021-03-11 01:23:58.0	Ana2 - 2: T.Zuluft	14.9
2021-03-11 01:23:58.0	Ana3 - 3: T.Abluft	20.1
2021-03-11 01:23:58.0	Ana4 - 4: T.Fortluft	12.4
2021-03-11 01:23:58.0	Ana5 - 5: T.Raum	9999.9
2021-03-11 01:23:58.0	Ana9 - 9: T.Zuluft WRG warm	19.3
2021-03-11 01:24:08.0	Ana1 - 1: T.Au?en	4.6
2021-03-11 01:24:08.0	Ana2 - 2: T.Zuluft	14.9
2021-03-11 01:24:08.0	Ana3 - 3: T.Abluft	20.2
2021-03-11 01:24:08.0	Ana4 - 4: T.Fortluft	12.4
2021-03-11 01:24:08.0	Ana5 - 5: T.Raum	9999.9
2021-03-11 01:24:08.0	Ana9 - 9: T.Zuluft WRG warm	19.3
2021-03-11 01:24:18.0	Ana1 - 1: T.Au?en	4.6
2021-03-11 01:24:18.0	Ana2 - 2: T.Zuluft	14.9
2021-03-11 01:24:18.0	Ana3 - 3: T.Abluft	20.1
2021-03-11 01:24:18.0	Ana4 - 4: T.Fortluft	12.4
2021-03-11 01:24:18.0	Ana5 - 5: T.Raum	9999.9
2021-03-11 01:24:18.0	Ana9 - 9: T.Zuluft WRG warm	19.3
2021-03-11 01:24:28.0	Ana1 - 1: T.Au?en	4.6
2021-03-11 01:24:28.0	Ana2 - 2: T.Zuluft	14.9
2021-03-11 01:24:28.0	Ana3 - 3: T.Abluft	20.1
2021-03-11 01:24:28.0	Ana4 - 4: T.Fortluft	12.4
2021-03-11 01:24:28.0	Ana5 - 5: T.Raum	9999.9
2021-03-11 01:24:28.0	Ana9 - 9: T.Zuluft WRG warm	19.3
2021-03-11 01:24:38.0	Ana1 - 1: T.Au?en	4.7
2021-03-11 01:24:38.0	Ana2 - 2: T.Zuluft	14.9
2021-03-11 01:24:38.0	Ana3 - 3: T.Abluft	20.1
2021-03-11 01:24:38.0	Ana4 - 4: T.Fortluft	12.4
2021-03-11 01:24:38.0	Ana5 - 5: T.Raum	9999.9
2021-03-11 01:24:38.0	Ana9 - 9: T.Zuluft WRG warm	19.3
2021-03-11 01:24:48.0	Ana1 - 1: T.Au?en	4.7
2021-03-11 01:24:48.0	Ana2 - 2: T.Zuluft	14.9
2021-03-11 01:24:48.0	Ana3 - 3: T.Abluft	20.1
2021-03-11 01:24:48.0	Ana4 - 4: T.Fortluft	12.4
2021-03-11 01:24:48.0	Ana5 - 5: T.Raum	9999.9
2021-03-11 01:24:48.0	Ana9 - 9: T.Zuluft WRG warm	19.3
2021-03-11 01:24:58.0	Ana1 - 1: T.Au?en	4.7
2021-03-11 01:24:58.0	Ana2 - 2: T.Zuluft	14.9
2021-03-11 01:24:58.0	Ana3 - 3: T.Abluft	20.1
2021-03-11 01:24:58.0	Ana4 - 4: T.Fortluft	12.4
2021-03-11 01:24:58.0	Ana5 - 5: T.Raum	9999.9
2021-03-11 01:24:58.0	Ana9 - 9: T.Zuluft WRG warm	19.3
2021-03-11 01:25:08.0	Ana1 - 1: T.Au?en	4.7
2021-03-11 01:25:08.0	Ana2 - 2: T.Zuluft	14.9
2021-03-11 01:25:08.0	Ana3 - 3: T.Abluft	20.1
2021-03-11 01:25:08.0	Ana4 - 4: T.Fortluft	12.4
2021-03-11 01:25:08.0	Ana5 - 5: T.Raum	9999.9
2021-03-11 01:25:08.0	Ana9 - 9: T.Zuluft WRG warm	19.3
2021-03-11 01:25:18.0	Ana1 - 1: T.Au?en	4.7
2021-03-11 01:25:18.0	Ana2 - 2: T.Zuluft	14.9
2021-03-11 01:25:18.0	Ana3 - 3: T.Abluft	20.1
2021-03-11 01:25:18.0	Ana4 - 4: T.Fortluft	12.4
2021-03-11 01:25:18.0	Ana5 - 5: T.Raum	9999.9
2021-03-11 01:25:18.0	Ana9 - 9: T.Zuluft WRG warm	19.3
2021-03-11 01:25:28.0	Ana1 - 1: T.Au?en	4.7
2021-03-11 01:25:28.0	Ana2 - 2: T.Zuluft	14.9
2021-03-11 01:25:28.0	Ana3 - 3: T.Abluft	20.1
2021-03-11 01:25:28.0	Ana4 - 4: T.Fortluft	12.4
2021-03-11 01:25:28.0	Ana5 - 5: T.Raum	9999.9
2021-03-11 01:25:28.0	Ana9 - 9: T.Zuluft WRG warm	19.3
2021-03-11 01:25:38.0	Ana1 - 1: T.Au?en	4.8
2021-03-11 01:25:38.0	Ana2 - 2: T.Zuluft	14.9
2021-03-11 01:25:38.0	Ana3 - 3: T.Abluft	20.1
2021-03-11 01:25:38.0	Ana4 - 4: T.Fortluft	12.4
2021-03-11 01:25:38.0	Ana5 - 5: T.Raum	9999.9
2021-03-11 01:25:38.0	Ana9 - 9: T.Zuluft WRG warm	19.3
2021-03-11 01:25:48.0	Ana1 - 1: T.Au?en	4.8
2021-03-11 01:25:48.0	Ana2 - 2: T.Zuluft	14.9
2021-03-11 01:25:48.0	Ana3 - 3: T.Abluft	20.1
2021-03-11 01:25:48.0	Ana4 - 4: T.Fortluft	12.4
2021-03-11 01:25:48.0	Ana5 - 5: T.Raum	9999.9
2021-03-11 01:25:48.0	Ana9 - 9: T.Zuluft WRG warm	19.3
2021-03-11 01:25:58.0	Ana1 - 1: T.Au?en	4.8
2021-03-11 01:25:58.0	Ana2 - 2: T.Zuluft	14.9
2021-03-11 01:25:58.0	Ana3 - 3: T.Abluft	20.1
2021-03-11 01:25:58.0	Ana4 - 4: T.Fortluft	12.4
2021-03-11 01:25:58.0	Ana5 - 5: T.Raum	9999.9
2021-03-11 01:25:58.0	Ana9 - 9: T.Zuluft WRG warm	19.3
2021-03-11 01:26:08.0	Ana1 - 1: T.Au?en	4.8
2021-03-11 01:26:08.0	Ana2 - 2: T.Zuluft	14.9
2021-03-11 01:26:08.0	Ana3 - 3: T.Abluft	20.1
2021-03-11 01:26:08.0	Ana4 - 4: T.Fortluft	12.4
2021-03-11 01:26:08.0	Ana5 - 5: T.Raum	9999.9
2021-03-11 01:26:08.0	Ana9 - 9: T.Zuluft WRG warm	19.3
2021-03-11 01:26:18.0	Ana1 - 1: T.Au?en	4.9
2021-03-11 01:26:18.0	Ana2 - 2: T.Zuluft	14.9
2021-03-11 01:26:18.0	Ana3 - 3: T.Abluft	20.1
2021-03-11 01:26:18.0	Ana4 - 4: T.Fortluft	12.4
2021-03-11 01:26:18.0	Ana5 - 5: T.Raum	9999.9
2021-03-11 01:26:18.0	Ana9 - 9: T.Zuluft WRG warm	19.3
2021-03-11 01:26:28.0	Ana1 - 1: T.Au?en	4.9
2021-03-11 01:26:28.0	Ana2 - 2: T.Zuluft	14.9
2021-03-11 01:26:28.0	Ana3 - 3: T.Abluft	20.1
2021-03-11 01:26:28.0	Ana4 - 4: T.Fortluft	12.4
2021-03-11 01:26:28.0	Ana5 - 5: T.Raum	9999.9
2021-03-11 01:26:28.0	Ana9 - 9: T.Zuluft WRG warm	19.3
2021-03-11 01:26:38.0	Ana1 - 1: T.Au?en	4.9
2021-03-11 01:26:38.0	Ana2 - 2: T.Zuluft	14.9
2021-03-11 01:26:38.0	Ana3 - 3: T.Abluft	20.1
2021-03-11 01:26:38.0	Ana4 - 4: T.Fortluft	12.4
2021-03-11 01:26:38.0	Ana5 - 5: T.Raum	9999.9
2021-03-11 01:26:38.0	Ana9 - 9: T.Zuluft WRG warm	19.3
2021-03-11 01:26:48.0	Ana1 - 1: T.Au?en	4.9
2021-03-11 01:26:48.0	Ana2 - 2: T.Zuluft	14.9
2021-03-11 01:26:48.0	Ana3 - 3: T.Abluft	20.1
2021-03-11 01:26:48.0	Ana4 - 4: T.Fortluft	12.4
2021-03-11 01:26:48.0	Ana5 - 5: T.Raum	9999.9
2021-03-11 01:26:48.0	Ana9 - 9: T.Zuluft WRG warm	19.3
2021-03-11 01:26:58.0	Ana1 - 1: T.Au?en	4.9
2021-03-11 01:26:58.0	Ana2 - 2: T.Zuluft	14.9
2021-03-11 01:26:58.0	Ana3 - 3: T.Abluft	20.1
2021-03-11 01:26:58.0	Ana4 - 4: T.Fortluft	12.4
2021-03-11 01:26:58.0	Ana5 - 5: T.Raum	9999.9
2021-03-11 01:26:58.0	Ana9 - 9: T.Zuluft WRG warm	19.3
2021-03-11 01:27:08.0	Ana1 - 1: T.Au?en	4.9
2021-03-11 01:27:08.0	Ana2 - 2: T.Zuluft	14.9
2021-03-11 01:27:08.0	Ana3 - 3: T.Abluft	20.1
2021-03-11 01:27:08.0	Ana4 - 4: T.Fortluft	12.4
2021-03-11 01:27:08.0	Ana5 - 5: T.Raum	9999.9
2021-03-11 01:27:08.0	Ana9 - 9: T.Zuluft WRG warm	19.3
2021-03-11 01:27:18.0	Ana1 - 1: T.Au?en	4.9
2021-03-11 01:27:18.0	Ana2 - 2: T.Zuluft	14.9
2021-03-11 01:27:18.0	Ana3 - 3: T.Abluft	20.1
2021-03-11 01:27:18.0	Ana4 - 4: T.Fortluft	12.4
2021-03-11 01:27:18.0	Ana5 - 5: T.Raum	9999.9
2021-03-11 01:27:18.0	Ana9 - 9: T.Zuluft WRG warm	19.3
2021-03-11 01:27:28.0	Ana1 - 1: T.Au?en	4.9
2021-03-11 01:27:28.0	Ana2 - 2: T.Zuluft	14.9
2021-03-11 01:27:28.0	Ana3 - 3: T.Abluft	20.1
2021-03-11 01:27:28.0	Ana4 - 4: T.Fortluft	12.4
2021-03-11 01:27:28.0	Ana5 - 5: T.Raum	9999.9
2021-03-11 01:27:28.0	Ana9 - 9: T.Zuluft WRG warm	19.3
2021-03-11 01:27:38.0	Ana1 - 1: T.Au?en	5.0
2021-03-11 01:27:38.0	Ana2 - 2: T.Zuluft	14.9
2021-03-11 01:27:38.0	Ana3 - 3: T.Abluft	20.1
2021-03-11 01:27:38.0	Ana4 - 4: T.Fortluft	12.4
2021-03-11 01:27:38.0	Ana5 - 5: T.Raum	9999.9
2021-03-11 01:27:38.0	Ana9 - 9: T.Zuluft WRG warm	19.3
2021-03-11 01:27:48.0	Ana1 - 1: T.Au?en	5.0
2021-03-11 01:27:48.0	Ana2 - 2: T.Zuluft	14.9
2021-03-11 01:27:48.0	Ana3 - 3: T.Abluft	20.1
2021-03-11 01:27:48.0	Ana4 - 4: T.Fortluft	12.4
2021-03-11 01:27:48.0	Ana5 - 5: T.Raum	9999.9
2021-03-11 01:27:48.0	Ana9 - 9: T.Zuluft WRG warm	19.3
2021-03-11 01:27:58.0	Ana1 - 1: T.Au?en	5.0
2021-03-11 01:27:58.0	Ana2 - 2: T.Zuluft	14.9
2021-03-11 01:27:58.0	Ana3 - 3: T.Abluft	20.1
2021-03-11 01:27:58.0	Ana4 - 4: T.Fortluft	12.4
2021-03-11 01:27:58.0	Ana5 - 5: T.Raum	9999.9
2021-03-11 01:27:58.0	Ana9 - 9: T.Zuluft WRG warm	19.3
2021-03-11 01:28:08.0	Ana1 - 1: T.Au?en	5.0
2021-03-11 01:28:08.0	Ana2 - 2: T.Zuluft	14.9
2021-03-11 01:28:08.0	Ana3 - 3: T.Abluft	20.1
2021-03-11 01:28:08.0	Ana4 - 4: T.Fortluft	12.4
2021-03-11 01:28:08.0	Ana5 - 5: T.Raum	9999.9
2021-03-11 01:28:08.0	Ana9 - 9: T.Zuluft WRG warm	19.3
2021-03-11 01:28:18.0	Ana1 - 1: T.Au?en	5.0
2021-03-11 01:28:18.0	Ana2 - 2: T.Zuluft	14.9
2021-03-11 01:28:18.0	Ana3 - 3: T.Abluft	20.1
2021-03-11 01:28:18.0	Ana4 - 4: T.Fortluft	12.4
2021-03-11 01:28:18.0	Ana5 - 5: T.Raum	9999.9
2021-03-11 01:28:18.0	Ana9 - 9: T.Zuluft WRG warm	19.3
2021-03-11 01:28:28.0	Ana1 - 1: T.Au?en	5.0
2021-03-11 01:28:28.0	Ana2 - 2: T.Zuluft	14.9
2021-03-11 01:28:28.0	Ana3 - 3: T.Abluft	20.1
2021-03-11 01:28:28.0	Ana4 - 4: T.Fortluft	12.4
2021-03-11 01:28:28.0	Ana5 - 5: T.Raum	9999.9
2021-03-11 01:28:28.0	Ana9 - 9: T.Zuluft WRG warm	19.3
2021-03-11 01:28:38.0	Ana1 - 1: T.Au?en	5.0
2021-03-11 01:28:38.0	Ana2 - 2: T.Zuluft	14.9
2021-03-11 01:28:38.0	Ana3 - 3: T.Abluft	20.1
2021-03-11 01:28:38.0	Ana4 - 4: T.Fortluft	12.4
2021-03-11 01:28:38.0	Ana5 - 5: T.Raum	9999.9
2021-03-11 01:28:38.0	Ana9 - 9: T.Zuluft WRG warm	19.3
2021-03-11 01:28:48.0	Ana1 - 1: T.Au?en	5.0
2021-03-11 01:28:48.0	Ana2 - 2: T.Zuluft	14.9
2021-03-11 01:28:48.0	Ana3 - 3: T.Abluft	20.1
2021-03-11 01:28:48.0	Ana4 - 4: T.Fortluft	12.4
2021-03-11 01:28:48.0	Ana5 - 5: T.Raum	9999.9
2021-03-11 01:28:48.0	Ana9 - 9: T.Zuluft WRG warm	19.3
2021-03-11 01:28:58.0	Ana1 - 1: T.Au?en	4.9
2021-03-11 01:28:58.0	Ana2 - 2: T.Zuluft	14.9
2021-03-11 01:28:58.0	Ana3 - 3: T.Abluft	20.1
2021-03-11 01:28:58.0	Ana4 - 4: T.Fortluft	12.4
2021-03-11 01:28:58.0	Ana5 - 5: T.Raum	9999.9
2021-03-11 01:28:58.0	Ana9 - 9: T.Zuluft WRG warm	19.3
2021-03-11 01:29:08.0	Ana1 - 1: T.Au?en	4.9
2021-03-11 01:29:08.0	Ana2 - 2: T.Zuluft	14.9
2021-03-11 01:29:08.0	Ana3 - 3: T.Abluft	20.1
2021-03-11 01:29:08.0	Ana4 - 4: T.Fortluft	12.4
2021-03-11 01:29:08.0	Ana5 - 5: T.Raum	9999.9
2021-03-11 01:29:08.0	Ana9 - 9: T.Zuluft WRG warm	19.3
2021-03-11 01:29:18.0	Ana1 - 1: T.Au?en	4.9
2021-03-11 01:29:18.0	Ana2 - 2: T.Zuluft	14.9
2021-03-11 01:29:18.0	Ana3 - 3: T.Abluft	20.1
2021-03-11 01:29:18.0	Ana4 - 4: T.Fortluft	12.4
2021-03-11 01:29:18.0	Ana5 - 5: T.Raum	9999.9
2021-03-11 01:29:18.0	Ana9 - 9: T.Zuluft WRG warm	19.3
2021-03-11 01:29:28.0	Ana1 - 1: T.Au?en	4.9
2021-03-11 01:29:28.0	Ana2 - 2: T.Zuluft	14.9
2021-03-11 01:29:28.0	Ana3 - 3: T.Abluft	20.1
2021-03-11 01:29:28.0	Ana4 - 4: T.Fortluft	12.4
2021-03-11 01:29:28.0	Ana5 - 5: T.Raum	9999.9
2021-03-11 01:29:28.0	Ana9 - 9: T.Zuluft WRG warm	19.3
2021-03-11 01:29:38.0	Ana1 - 1: T.Au?en	4.9
2021-03-11 01:29:38.0	Ana2 - 2: T.Zuluft	14.9
2021-03-11 01:29:38.0	Ana3 - 3: T.Abluft	20.1
2021-03-11 01:29:38.0	Ana4 - 4: T.Fortluft	12.4
2021-03-11 01:29:38.0	Ana5 - 5: T.Raum	9999.9
2021-03-11 01:29:38.0	Ana9 - 9: T.Zuluft WRG warm	19.3
2021-03-11 01:29:48.0	Ana1 - 1: T.Au?en	4.9
2021-03-11 01:29:48.0	Ana2 - 2: T.Zuluft	14.9
2021-03-11 01:29:48.0	Ana3 - 3: T.Abluft	20.1
2021-03-11 01:29:48.0	Ana4 - 4: T.Fortluft	12.4
2021-03-11 01:29:48.0	Ana5 - 5: T.Raum	9999.9
2021-03-11 01:29:48.0	Ana9 - 9: T.Zuluft WRG warm	19.3
2021-03-11 01:29:58.0	Ana1 - 1: T.Au?en	4.9
2021-03-11 01:29:58.0	Ana2 - 2: T.Zuluft	14.9
2021-03-11 01:29:58.0	Ana3 - 3: T.Abluft	20.1
2021-03-11 01:29:58.0	Ana4 - 4: T.Fortluft	12.4
2021-03-11 01:29:58.0	Ana5 - 5: T.Raum	9999.9
2021-03-11 01:29:58.0	Ana9 - 9: T.Zuluft WRG warm	19.3
2021-03-11 01:30:08.0	Ana1 - 1: T.Au?en	4.9
2021-03-11 01:30:08.0	Ana2 - 2: T.Zuluft	14.9
2021-03-11 01:30:08.0	Ana3 - 3: T.Abluft	20.1
2021-03-11 01:30:08.0	Ana4 - 4: T.Fortluft	12.4
2021-03-11 01:30:08.0	Ana5 - 5: T.Raum	9999.9
2021-03-11 01:30:08.0	Ana9 - 9: T.Zuluft WRG warm	19.3
2021-03-11 01:30:18.0	Ana1 - 1: T.Au?en	4.9
2021-03-11 01:30:18.0	Ana2 - 2: T.Zuluft	14.9
2021-03-11 01:30:18.0	Ana3 - 3: T.Abluft	20.1
2021-03-11 01:30:18.0	Ana4 - 4: T.Fortluft	12.4
2021-03-11 01:30:18.0	Ana5 - 5: T.Raum	9999.9
2021-03-11 01:30:18.0	Ana9 - 9: T.Zuluft WRG warm	19.3
2021-03-11 01:30:28.0	Ana1 - 1: T.Au?en	4.8
2021-03-11 01:30:28.0	Ana2 - 2: T.Zuluft	14.9
2021-03-11 01:30:28.0	Ana3 - 3: T.Abluft	20.1
2021-03-11 01:30:28.0	Ana4 - 4: T.Fortluft	12.4
2021-03-11 01:30:28.0	Ana5 - 5: T.Raum	9999.9
2021-03-11 01:30:28.0	Ana9 - 9: T.Zuluft WRG warm	19.3
2021-03-11 01:30:38.0	Ana1 - 1: T.Au?en	4.8
2021-03-11 01:30:38.0	Ana2 - 2: T.Zuluft	14.9
2021-03-11 01:30:38.0	Ana3 - 3: T.Abluft	20.1
2021-03-11 01:30:38.0	Ana4 - 4: T.Fortluft	12.4
2021-03-11 01:30:38.0	Ana5 - 5: T.Raum	9999.9
2021-03-11 01:30:38.0	Ana9 - 9: T.Zuluft WRG warm	19.3
2021-03-11 01:30:48.0	Ana1 - 1: T.Au?en	4.8
2021-03-11 01:30:48.0	Ana2 - 2: T.Zuluft	14.9
2021-03-11 01:30:48.0	Ana3 - 3: T.Abluft	20.1
2021-03-11 01:30:48.0	Ana4 - 4: T.Fortluft	12.4
2021-03-11 01:30:48.0	Ana5 - 5: T.Raum	9999.9
2021-03-11 01:30:48.0	Ana9 - 9: T.Zuluft WRG warm	19.3
2021-03-11 01:30:58.0	Ana1 - 1: T.Au?en	4.8
2021-03-11 01:30:58.0	Ana2 - 2: T.Zuluft	14.9
2021-03-11 01:30:58.0	Ana3 - 3: T.Abluft	20.1
2021-03-11 01:30:58.0	Ana4 - 4: T.Fortluft	12.4
2021-03-11 01:30:58.0	Ana5 - 5: T.Raum	9999.9
2021-03-11 01:30:58.0	Ana9 - 9: T.Zuluft WRG warm	19.3
2021-03-11 01:31:08.0	Ana1 - 1: T.Au?en	4.8
2021-03-11 01:31:08.0	Ana2 - 2: T.Zuluft	14.9
2021-03-11 01:31:08.0	Ana3 - 3: T.Abluft	20.1
2021-03-11 01:31:08.0	Ana4 - 4: T.Fortluft	12.4
2021-03-11 01:31:08.0	Ana5 - 5: T.Raum	9999.9
2021-03-11 01:31:08.0	Ana9 - 9: T.Zuluft WRG warm	19.3
2021-03-11 01:31:18.0	Ana1 - 1: T.Au?en	4.8
2021-03-11 01:31:18.0	Ana2 - 2: T.Zuluft	14.9
2021-03-11 01:31:18.0	Ana3 - 3: T.Abluft	20.1
2021-03-11 01:31:18.0	Ana4 - 4: T.Fortluft	12.4
2021-03-11 01:31:18.0	Ana5 - 5: T.Raum	9999.9
2021-03-11 01:31:18.0	Ana9 - 9: T.Zuluft WRG warm	19.3
2021-03-11 01:31:28.0	Ana1 - 1: T.Au?en	4.8
2021-03-11 01:31:28.0	Ana2 - 2: T.Zuluft	14.9
2021-03-11 01:31:28.0	Ana3 - 3: T.Abluft	20.1
2021-03-11 01:31:28.0	Ana4 - 4: T.Fortluft	12.4
2021-03-11 01:31:28.0	Ana5 - 5: T.Raum	9999.9
2021-03-11 01:31:28.0	Ana9 - 9: T.Zuluft WRG warm	19.3
2021-03-11 01:31:38.0	Ana1 - 1: T.Au?en	4.8
2021-03-11 01:31:38.0	Ana2 - 2: T.Zuluft	14.9
2021-03-11 01:31:38.0	Ana3 - 3: T.Abluft	20.1
2021-03-11 01:31:38.0	Ana4 - 4: T.Fortluft	12.4
2021-03-11 01:31:38.0	Ana5 - 5: T.Raum	9999.9
2021-03-11 01:31:38.0	Ana9 - 9: T.Zuluft WRG warm	19.3
2021-03-11 01:31:48.0	Ana1 - 1: T.Au?en	4.7
2021-03-11 01:31:48.0	Ana2 - 2: T.Zuluft	14.9
2021-03-11 01:31:48.0	Ana3 - 3: T.Abluft	20.1
2021-03-11 01:31:48.0	Ana4 - 4: T.Fortluft	12.4
2021-03-11 01:31:48.0	Ana5 - 5: T.Raum	9999.9
2021-03-11 01:31:48.0	Ana9 - 9: T.Zuluft WRG warm	19.3
2021-03-11 01:31:58.0	Ana1 - 1: T.Au?en	4.7
2021-03-11 01:31:58.0	Ana2 - 2: T.Zuluft	14.9
2021-03-11 01:31:58.0	Ana3 - 3: T.Abluft	20.1
2021-03-11 01:31:58.0	Ana4 - 4: T.Fortluft	12.4
2021-03-11 01:31:58.0	Ana5 - 5: T.Raum	9999.9
2021-03-11 01:31:58.0	Ana9 - 9: T.Zuluft WRG warm	19.3
2021-03-11 01:32:08.0	Ana1 - 1: T.Au?en	4.7
2021-03-11 01:32:08.0	Ana2 - 2: T.Zuluft	14.9
2021-03-11 01:32:08.0	Ana3 - 3: T.Abluft	20.1
2021-03-11 01:32:08.0	Ana4 - 4: T.Fortluft	12.4
2021-03-11 01:32:08.0	Ana5 - 5: T.Raum	9999.9
2021-03-11 01:32:08.0	Ana9 - 9: T.Zuluft WRG warm	19.3
2021-03-11 01:32:18.0	Ana1 - 1: T.Au?en	4.7
2021-03-11 01:32:18.0	Ana2 - 2: T.Zuluft	14.9
2021-03-11 01:32:18.0	Ana3 - 3: T.Abluft	20.1
2021-03-11 01:32:18.0	Ana4 - 4: T.Fortluft	12.4
2021-03-11 01:32:18.0	Ana5 - 5: T.Raum	9999.9
2021-03-11 01:32:18.0	Ana9 - 9: T.Zuluft WRG warm	19.3
2021-03-11 01:32:28.0	Ana1 - 1: T.Au?en	4.7
2021-03-11 01:32:28.0	Ana2 - 2: T.Zuluft	14.9
2021-03-11 01:32:28.0	Ana3 - 3: T.Abluft	20.1
2021-03-11 01:32:28.0	Ana4 - 4: T.Fortluft	12.4
2021-03-11 01:32:28.0	Ana5 - 5: T.Raum	9999.9
2021-03-11 01:32:28.0	Ana9 - 9: T.Zuluft WRG warm	19.3
2021-03-11 01:32:38.0	Ana1 - 1: T.Au?en	4.7
2021-03-11 01:32:38.0	Ana2 - 2: T.Zuluft	14.9
2021-03-11 01:32:38.0	Ana3 - 3: T.Abluft	20.1
2021-03-11 01:32:38.0	Ana4 - 4: T.Fortluft	12.4
2021-03-11 01:32:38.0	Ana5 - 5: T.Raum	9999.9
2021-03-11 01:32:38.0	Ana9 - 9: T.Zuluft WRG warm	19.3
2021-03-11 01:32:48.0	Ana1 - 1: T.Au?en	4.7
2021-03-11 01:32:48.0	Ana2 - 2: T.Zuluft	14.9
2021-03-11 01:32:48.0	Ana3 - 3: T.Abluft	20.1
2021-03-11 01:32:48.0	Ana4 - 4: T.Fortluft	12.4
2021-03-11 01:32:48.0	Ana5 - 5: T.Raum	9999.9
2021-03-11 01:32:48.0	Ana9 - 9: T.Zuluft WRG warm	19.3
2021-03-11 01:32:58.0	Ana1 - 1: T.Au?en	4.7
2021-03-11 01:32:58.0	Ana2 - 2: T.Zuluft	14.9
2021-03-11 01:32:58.0	Ana3 - 3: T.Abluft	20.1
2021-03-11 01:32:58.0	Ana4 - 4: T.Fortluft	12.4
2021-03-11 01:32:58.0	Ana5 - 5: T.Raum	9999.9
2021-03-11 01:32:58.0	Ana9 - 9: T.Zuluft WRG warm	19.3
2021-03-11 01:33:08.0	Ana1 - 1: T.Au?en	4.7
2021-03-11 01:33:08.0	Ana2 - 2: T.Zuluft	14.9
2021-03-11 01:33:08.0	Ana3 - 3: T.Abluft	20.1
2021-03-11 01:33:08.0	Ana4 - 4: T.Fortluft	12.4
2021-03-11 01:33:08.0	Ana5 - 5: T.Raum	9999.9
2021-03-11 01:33:08.0	Ana9 - 9: T.Zuluft WRG warm	19.3
2021-03-11 01:33:18.0	Ana1 - 1: T.Au?en	4.7
2021-03-11 01:33:18.0	Ana2 - 2: T.Zuluft	14.9
2021-03-11 01:33:18.0	Ana3 - 3: T.Abluft	20.1
2021-03-11 01:33:18.0	Ana4 - 4: T.Fortluft	12.4
2021-03-11 01:33:18.0	Ana5 - 5: T.Raum	9999.9
2021-03-11 01:33:18.0	Ana9 - 9: T.Zuluft WRG warm	19.3
2021-03-11 01:33:28.0	Ana1 - 1: T.Au?en	4.7
2021-03-11 01:33:28.0	Ana2 - 2: T.Zuluft	14.9
2021-03-11 01:33:28.0	Ana3 - 3: T.Abluft	20.1
2021-03-11 01:33:28.0	Ana4 - 4: T.Fortluft	12.4
2021-03-11 01:33:28.0	Ana5 - 5: T.Raum	9999.9
2021-03-11 01:33:28.0	Ana9 - 9: T.Zuluft WRG warm	19.3
2021-03-11 01:33:38.0	Ana1 - 1: T.Au?en	4.7
2021-03-11 01:33:38.0	Ana2 - 2: T.Zuluft	14.9
2021-03-11 01:33:38.0	Ana3 - 3: T.Abluft	20.1
2021-03-11 01:33:38.0	Ana4 - 4: T.Fortluft	12.3
2021-03-11 01:33:38.0	Ana5 - 5: T.Raum	9999.9
2021-03-11 01:33:38.0	Ana9 - 9: T.Zuluft WRG warm	19.3
2021-03-11 01:33:48.0	Ana1 - 1: T.Au?en	4.7
2021-03-11 01:33:48.0	Ana2 - 2: T.Zuluft	14.9
2021-03-11 01:33:48.0	Ana3 - 3: T.Abluft	20.1
2021-03-11 01:33:48.0	Ana4 - 4: T.Fortluft	12.3
2021-03-11 01:33:48.0	Ana5 - 5: T.Raum	9999.9
2021-03-11 01:33:48.0	Ana9 - 9: T.Zuluft WRG warm	19.3
2021-03-11 01:33:58.0	Ana1 - 1: T.Au?en	4.7
2021-03-11 01:33:58.0	Ana2 - 2: T.Zuluft	14.9
2021-03-11 01:33:58.0	Ana3 - 3: T.Abluft	20.1
2021-03-11 01:33:58.0	Ana4 - 4: T.Fortluft	12.3
2021-03-11 01:33:58.0	Ana5 - 5: T.Raum	9999.9
2021-03-11 01:33:58.0	Ana9 - 9: T.Zuluft WRG warm	19.3
2021-03-11 01:34:08.0	Ana1 - 1: T.Au?en	4.7
2021-03-11 01:34:08.0	Ana2 - 2: T.Zuluft	14.9
2021-03-11 01:34:08.0	Ana3 - 3: T.Abluft	20.1
2021-03-11 01:34:08.0	Ana4 - 4: T.Fortluft	12.4
2021-03-11 01:34:08.0	Ana5 - 5: T.Raum	9999.9
2021-03-11 01:34:08.0	Ana9 - 9: T.Zuluft WRG warm	19.3
2021-03-11 01:34:18.0	Ana1 - 1: T.Au?en	4.7
2021-03-11 01:34:18.0	Ana2 - 2: T.Zuluft	14.9
2021-03-11 01:34:18.0	Ana3 - 3: T.Abluft	20.1
2021-03-11 01:34:18.0	Ana4 - 4: T.Fortluft	12.3
2021-03-11 01:34:18.0	Ana5 - 5: T.Raum	9999.9
2021-03-11 01:34:18.0	Ana9 - 9: T.Zuluft WRG warm	19.3
2021-03-11 01:34:28.0	Ana1 - 1: T.Au?en	4.7
2021-03-11 01:34:28.0	Ana2 - 2: T.Zuluft	14.9
2021-03-11 01:34:28.0	Ana3 - 3: T.Abluft	20.1
2021-03-11 01:34:28.0	Ana4 - 4: T.Fortluft	12.3
2021-03-11 01:34:28.0	Ana5 - 5: T.Raum	9999.9
2021-03-11 01:34:28.0	Ana9 - 9: T.Zuluft WRG warm	19.3
2021-03-11 01:34:38.0	Ana1 - 1: T.Au?en	4.7
2021-03-11 01:34:38.0	Ana2 - 2: T.Zuluft	14.9
2021-03-11 01:34:38.0	Ana3 - 3: T.Abluft	20.1
2021-03-11 01:34:38.0	Ana4 - 4: T.Fortluft	12.3
2021-03-11 01:34:38.0	Ana5 - 5: T.Raum	9999.9
2021-03-11 01:34:38.0	Ana9 - 9: T.Zuluft WRG warm	19.3
2021-03-11 01:34:48.0	Ana1 - 1: T.Au?en	4.7
2021-03-11 01:34:48.0	Ana2 - 2: T.Zuluft	14.9
2021-03-11 01:34:48.0	Ana3 - 3: T.Abluft	20.1
2021-03-11 01:34:48.0	Ana4 - 4: T.Fortluft	12.3
2021-03-11 01:34:48.0	Ana5 - 5: T.Raum	9999.9
2021-03-11 01:34:48.0	Ana9 - 9: T.Zuluft WRG warm	19.3
2021-03-11 01:34:58.0	Ana1 - 1: T.Au?en	4.7
2021-03-11 01:34:58.0	Ana2 - 2: T.Zuluft	14.9
2021-03-11 01:34:58.0	Ana3 - 3: T.Abluft	20.1
2021-03-11 01:34:58.0	Ana4 - 4: T.Fortluft	12.3
2021-03-11 01:34:58.0	Ana5 - 5: T.Raum	9999.9
2021-03-11 01:34:58.0	Ana9 - 9: T.Zuluft WRG warm	19.3
2021-03-11 01:35:08.0	Ana1 - 1: T.Au?en	4.7
2021-03-11 01:35:08.0	Ana2 - 2: T.Zuluft	14.9
2021-03-11 01:35:08.0	Ana3 - 3: T.Abluft	20.1
2021-03-11 01:35:08.0	Ana4 - 4: T.Fortluft	12.3
2021-03-11 01:35:08.0	Ana5 - 5: T.Raum	9999.9
2021-03-11 01:35:08.0	Ana9 - 9: T.Zuluft WRG warm	19.3
2021-03-11 01:35:18.0	Ana1 - 1: T.Au?en	4.7
2021-03-11 01:35:18.0	Ana2 - 2: T.Zuluft	14.9
2021-03-11 01:35:18.0	Ana3 - 3: T.Abluft	20.1
2021-03-11 01:35:18.0	Ana4 - 4: T.Fortluft	12.3
2021-03-11 01:35:18.0	Ana5 - 5: T.Raum	9999.9
2021-03-11 01:35:18.0	Ana9 - 9: T.Zuluft WRG warm	19.3
2021-03-11 01:35:28.0	Ana1 - 1: T.Au?en	4.7
2021-03-11 01:35:28.0	Ana2 - 2: T.Zuluft	14.9
2021-03-11 01:35:28.0	Ana3 - 3: T.Abluft	20.1
2021-03-11 01:35:28.0	Ana4 - 4: T.Fortluft	12.3
2021-03-11 01:35:28.0	Ana5 - 5: T.Raum	9999.9
2021-03-11 01:35:28.0	Ana9 - 9: T.Zuluft WRG warm	19.3
2021-03-11 01:35:38.0	Ana1 - 1: T.Au?en	4.7
2021-03-11 01:35:38.0	Ana2 - 2: T.Zuluft	14.9
2021-03-11 01:35:38.0	Ana3 - 3: T.Abluft	20.1
2021-03-11 01:35:38.0	Ana4 - 4: T.Fortluft	12.3
2021-03-11 01:35:38.0	Ana5 - 5: T.Raum	9999.9
2021-03-11 01:35:38.0	Ana9 - 9: T.Zuluft WRG warm	19.3
2021-03-11 01:35:48.0	Ana1 - 1: T.Au?en	4.8
2021-03-11 01:35:48.0	Ana2 - 2: T.Zuluft	14.9
2021-03-11 01:35:48.0	Ana3 - 3: T.Abluft	20.1
2021-03-11 01:35:48.0	Ana4 - 4: T.Fortluft	12.3
2021-03-11 01:35:48.0	Ana5 - 5: T.Raum	9999.9
2021-03-11 01:35:48.0	Ana9 - 9: T.Zuluft WRG warm	19.3
2021-03-11 01:35:58.0	Ana1 - 1: T.Au?en	4.8
2021-03-11 01:35:58.0	Ana2 - 2: T.Zuluft	14.8
2021-03-11 01:35:58.0	Ana3 - 3: T.Abluft	20.1
2021-03-11 01:35:58.0	Ana4 - 4: T.Fortluft	12.3
2021-03-11 01:35:58.0	Ana5 - 5: T.Raum	9999.9
2021-03-11 01:35:58.0	Ana9 - 9: T.Zuluft WRG warm	19.3
2021-03-11 01:36:08.0	Ana1 - 1: T.Au?en	4.8
2021-03-11 01:36:08.0	Ana2 - 2: T.Zuluft	14.9
2021-03-11 01:36:08.0	Ana3 - 3: T.Abluft	20.1
2021-03-11 01:36:08.0	Ana4 - 4: T.Fortluft	12.3
2021-03-11 01:36:08.0	Ana5 - 5: T.Raum	9999.9
2021-03-11 01:36:08.0	Ana9 - 9: T.Zuluft WRG warm	19.3
2021-03-11 01:36:18.0	Ana1 - 1: T.Au?en	4.8
2021-03-11 01:36:18.0	Ana2 - 2: T.Zuluft	14.9
2021-03-11 01:36:18.0	Ana3 - 3: T.Abluft	20.1
2021-03-11 01:36:18.0	Ana4 - 4: T.Fortluft	12.3
2021-03-11 01:36:18.0	Ana5 - 5: T.Raum	9999.9
2021-03-11 01:36:18.0	Ana9 - 9: T.Zuluft WRG warm	19.3
2021-03-11 01:36:28.0	Ana1 - 1: T.Au?en	4.8
2021-03-11 01:36:28.0	Ana2 - 2: T.Zuluft	14.8
2021-03-11 01:36:28.0	Ana3 - 3: T.Abluft	20.1
2021-03-11 01:36:28.0	Ana4 - 4: T.Fortluft	12.3
2021-03-11 01:36:28.0	Ana5 - 5: T.Raum	9999.9
2021-03-11 01:36:28.0	Ana9 - 9: T.Zuluft WRG warm	19.3
2021-03-11 01:36:38.0	Ana1 - 1: T.Au?en	4.8
2021-03-11 01:36:38.0	Ana2 - 2: T.Zuluft	14.9
2021-03-11 01:36:38.0	Ana3 - 3: T.Abluft	20.1
2021-03-11 01:36:38.0	Ana4 - 4: T.Fortluft	12.3
2021-03-11 01:36:38.0	Ana5 - 5: T.Raum	9999.9
2021-03-11 01:36:38.0	Ana9 - 9: T.Zuluft WRG warm	19.3
2021-03-11 01:36:48.0	Ana1 - 1: T.Au?en	4.8
2021-03-11 01:36:48.0	Ana2 - 2: T.Zuluft	14.8
2021-03-11 01:36:48.0	Ana3 - 3: T.Abluft	20.1
2021-03-11 01:36:48.0	Ana4 - 4: T.Fortluft	12.3
2021-03-11 01:36:48.0	Ana5 - 5: T.Raum	9999.9
2021-03-11 01:36:48.0	Ana9 - 9: T.Zuluft WRG warm	19.3
2021-03-11 01:36:58.0	Ana1 - 1: T.Au?en	4.8
2021-03-11 01:36:58.0	Ana2 - 2: T.Zuluft	14.8
2021-03-11 01:36:58.0	Ana3 - 3: T.Abluft	20.1
2021-03-11 01:36:58.0	Ana4 - 4: T.Fortluft	12.3
2021-03-11 01:36:58.0	Ana5 - 5: T.Raum	9999.9
2021-03-11 01:36:58.0	Ana9 - 9: T.Zuluft WRG warm	19.3
2021-03-11 01:37:08.0	Ana1 - 1: T.Au?en	4.8
2021-03-11 01:37:08.0	Ana2 - 2: T.Zuluft	14.9
2021-03-11 01:37:08.0	Ana3 - 3: T.Abluft	20.1
2021-03-11 01:37:08.0	Ana4 - 4: T.Fortluft	12.3
2021-03-11 01:37:08.0	Ana5 - 5: T.Raum	9999.9
2021-03-11 01:37:08.0	Ana9 - 9: T.Zuluft WRG warm	19.3
2021-03-11 01:37:18.0	Ana1 - 1: T.Au?en	4.7
2021-03-11 01:37:18.0	Ana2 - 2: T.Zuluft	14.9
2021-03-11 01:37:18.0	Ana3 - 3: T.Abluft	20.1
2021-03-11 01:37:18.0	Ana4 - 4: T.Fortluft	12.3
2021-03-11 01:37:18.0	Ana5 - 5: T.Raum	9999.9
2021-03-11 01:37:18.0	Ana9 - 9: T.Zuluft WRG warm	19.3
2021-03-11 01:37:28.0	Ana1 - 1: T.Au?en	4.7
2021-03-11 01:37:28.0	Ana2 - 2: T.Zuluft	14.8
2021-03-11 01:37:28.0	Ana3 - 3: T.Abluft	20.1
2021-03-11 01:37:28.0	Ana4 - 4: T.Fortluft	12.3
2021-03-11 01:37:28.0	Ana5 - 5: T.Raum	9999.9
2021-03-11 01:37:28.0	Ana9 - 9: T.Zuluft WRG warm	19.3
2021-03-11 01:37:38.0	Ana1 - 1: T.Au?en	4.7
2021-03-11 01:37:38.0	Ana2 - 2: T.Zuluft	14.8
2021-03-11 01:37:38.0	Ana3 - 3: T.Abluft	20.1
2021-03-11 01:37:38.0	Ana4 - 4: T.Fortluft	12.3
2021-03-11 01:37:38.0	Ana5 - 5: T.Raum	9999.9
2021-03-11 01:37:38.0	Ana9 - 9: T.Zuluft WRG warm	19.3
2021-03-11 01:37:48.0	Ana1 - 1: T.Au?en	4.7
2021-03-11 01:37:48.0	Ana2 - 2: T.Zuluft	14.8
2021-03-11 01:37:48.0	Ana3 - 3: T.Abluft	20.1
2021-03-11 01:37:48.0	Ana4 - 4: T.Fortluft	12.3
2021-03-11 01:37:48.0	Ana5 - 5: T.Raum	9999.9
2021-03-11 01:37:48.0	Ana9 - 9: T.Zuluft WRG warm	19.3
2021-03-11 01:37:58.0	Ana1 - 1: T.Au?en	4.7
2021-03-11 01:37:58.0	Ana2 - 2: T.Zuluft	14.8
2021-03-11 01:37:58.0	Ana3 - 3: T.Abluft	20.1
2021-03-11 01:37:58.0	Ana4 - 4: T.Fortluft	12.3
2021-03-11 01:37:58.0	Ana5 - 5: T.Raum	9999.9
2021-03-11 01:37:58.0	Ana9 - 9: T.Zuluft WRG warm	19.3
2021-03-11 01:38:08.0	Ana1 - 1: T.Au?en	4.7
2021-03-11 01:38:08.0	Ana2 - 2: T.Zuluft	14.9
2021-03-11 01:38:08.0	Ana3 - 3: T.Abluft	20.1
2021-03-11 01:38:08.0	Ana4 - 4: T.Fortluft	12.3
2021-03-11 01:38:08.0	Ana5 - 5: T.Raum	9999.9
2021-03-11 01:38:08.0	Ana9 - 9: T.Zuluft WRG warm	19.3
2021-03-11 01:38:18.0	Ana1 - 1: T.Au?en	4.7
2021-03-11 01:38:18.0	Ana2 - 2: T.Zuluft	14.8
2021-03-11 01:38:18.0	Ana3 - 3: T.Abluft	20.1
2021-03-11 01:38:18.0	Ana4 - 4: T.Fortluft	12.3
2021-03-11 01:38:18.0	Ana5 - 5: T.Raum	9999.9
2021-03-11 01:38:18.0	Ana9 - 9: T.Zuluft WRG warm	19.3
2021-03-11 01:38:28.0	Ana1 - 1: T.Au?en	4.7
2021-03-11 01:38:28.0	Ana2 - 2: T.Zuluft	14.8
2021-03-11 01:38:28.0	Ana3 - 3: T.Abluft	20.1
2021-03-11 01:38:28.0	Ana4 - 4: T.Fortluft	12.3
2021-03-11 01:38:28.0	Ana5 - 5: T.Raum	9999.9
2021-03-11 01:38:28.0	Ana9 - 9: T.Zuluft WRG warm	19.3
2021-03-11 01:38:38.0	Ana1 - 1: T.Au?en	4.7
2021-03-11 01:38:38.0	Ana2 - 2: T.Zuluft	14.8
2021-03-11 01:38:38.0	Ana3 - 3: T.Abluft	20.1
2021-03-11 01:38:38.0	Ana4 - 4: T.Fortluft	12.3
2021-03-11 01:38:38.0	Ana5 - 5: T.Raum	9999.9
2021-03-11 01:38:38.0	Ana9 - 9: T.Zuluft WRG warm	19.3
2021-03-11 01:38:48.0	Ana1 - 1: T.Au?en	4.7
2021-03-11 01:38:48.0	Ana2 - 2: T.Zuluft	14.8
2021-03-11 01:38:48.0	Ana3 - 3: T.Abluft	20.1
2021-03-11 01:38:48.0	Ana4 - 4: T.Fortluft	12.3
2021-03-11 01:38:48.0	Ana5 - 5: T.Raum	9999.9
2021-03-11 01:38:48.0	Ana9 - 9: T.Zuluft WRG warm	19.3
2021-03-11 01:38:58.0	Ana1 - 1: T.Au?en	4.7
2021-03-11 01:38:58.0	Ana2 - 2: T.Zuluft	14.8
2021-03-11 01:38:58.0	Ana3 - 3: T.Abluft	20.1
2021-03-11 01:38:58.0	Ana4 - 4: T.Fortluft	12.3
2021-03-11 01:38:58.0	Ana5 - 5: T.Raum	9999.9
2021-03-11 01:38:58.0	Ana9 - 9: T.Zuluft WRG warm	19.3
2021-03-11 01:39:08.0	Ana1 - 1: T.Au?en	4.7
2021-03-11 01:39:08.0	Ana2 - 2: T.Zuluft	14.8
2021-03-11 01:39:08.0	Ana3 - 3: T.Abluft	20.1
2021-03-11 01:39:08.0	Ana4 - 4: T.Fortluft	12.3
2021-03-11 01:39:08.0	Ana5 - 5: T.Raum	9999.9
2021-03-11 01:39:08.0	Ana9 - 9: T.Zuluft WRG warm	19.3
2021-03-11 01:39:18.0	Ana1 - 1: T.Au?en	4.7
2021-03-11 01:39:18.0	Ana2 - 2: T.Zuluft	14.8
2021-03-11 01:39:18.0	Ana3 - 3: T.Abluft	20.1
2021-03-11 01:39:18.0	Ana4 - 4: T.Fortluft	12.3
2021-03-11 01:39:18.0	Ana5 - 5: T.Raum	9999.9
2021-03-11 01:39:18.0	Ana9 - 9: T.Zuluft WRG warm	19.3
2021-03-11 01:39:28.0	Ana1 - 1: T.Au?en	4.7
2021-03-11 01:39:28.0	Ana2 - 2: T.Zuluft	14.8
2021-03-11 01:39:28.0	Ana3 - 3: T.Abluft	20.1
2021-03-11 01:39:28.0	Ana4 - 4: T.Fortluft	12.3
2021-03-11 01:39:28.0	Ana5 - 5: T.Raum	9999.9
2021-03-11 01:39:28.0	Ana9 - 9: T.Zuluft WRG warm	19.3
2021-03-11 01:39:38.0	Ana1 - 1: T.Au?en	4.7
2021-03-11 01:39:38.0	Ana2 - 2: T.Zuluft	14.8
2021-03-11 01:39:38.0	Ana3 - 3: T.Abluft	20.1
2021-03-11 01:39:38.0	Ana4 - 4: T.Fortluft	12.3
2021-03-11 01:39:38.0	Ana5 - 5: T.Raum	9999.9
2021-03-11 01:39:38.0	Ana9 - 9: T.Zuluft WRG warm	19.3
2021-03-11 01:39:48.0	Ana1 - 1: T.Au?en	4.7
2021-03-11 01:39:48.0	Ana2 - 2: T.Zuluft	14.8
2021-03-11 01:39:48.0	Ana3 - 3: T.Abluft	20.1
2021-03-11 01:39:48.0	Ana4 - 4: T.Fortluft	12.3
2021-03-11 01:39:48.0	Ana5 - 5: T.Raum	9999.9
2021-03-11 01:39:48.0	Ana9 - 9: T.Zuluft WRG warm	19.3
2021-03-11 01:39:58.0	Ana1 - 1: T.Au?en	4.7
2021-03-11 01:39:58.0	Ana2 - 2: T.Zuluft	14.8
2021-03-11 01:39:58.0	Ana3 - 3: T.Abluft	20.1
2021-03-11 01:39:58.0	Ana4 - 4: T.Fortluft	12.3
2021-03-11 01:39:58.0	Ana5 - 5: T.Raum	9999.9
2021-03-11 01:39:58.0	Ana9 - 9: T.Zuluft WRG warm	19.3
2021-03-11 01:40:08.0	Ana1 - 1: T.Au?en	4.7
2021-03-11 01:40:08.0	Ana2 - 2: T.Zuluft	14.8
2021-03-11 01:40:08.0	Ana3 - 3: T.Abluft	20.1
2021-03-11 01:40:08.0	Ana4 - 4: T.Fortluft	12.3
2021-03-11 01:40:08.0	Ana5 - 5: T.Raum	9999.9
2021-03-11 01:40:08.0	Ana9 - 9: T.Zuluft WRG warm	19.3
2021-03-11 01:40:18.0	Ana1 - 1: T.Au?en	4.7
2021-03-11 01:40:18.0	Ana2 - 2: T.Zuluft	14.8
2021-03-11 01:40:18.0	Ana3 - 3: T.Abluft	20.1
2021-03-11 01:40:18.0	Ana4 - 4: T.Fortluft	12.3
2021-03-11 01:40:18.0	Ana5 - 5: T.Raum	9999.9
2021-03-11 01:40:18.0	Ana9 - 9: T.Zuluft WRG warm	19.3
2021-03-11 01:40:28.0	Ana1 - 1: T.Au?en	4.7
2021-03-11 01:40:28.0	Ana2 - 2: T.Zuluft	14.8
2021-03-11 01:40:28.0	Ana3 - 3: T.Abluft	20.1
2021-03-11 01:40:28.0	Ana4 - 4: T.Fortluft	12.3
2021-03-11 01:40:28.0	Ana5 - 5: T.Raum	9999.9
2021-03-11 01:40:28.0	Ana9 - 9: T.Zuluft WRG warm	19.3
2021-03-11 01:40:38.0	Ana1 - 1: T.Au?en	4.7
2021-03-11 01:40:38.0	Ana2 - 2: T.Zuluft	14.8
2021-03-11 01:40:38.0	Ana3 - 3: T.Abluft	20.1
2021-03-11 01:40:38.0	Ana4 - 4: T.Fortluft	12.3
2021-03-11 01:40:38.0	Ana5 - 5: T.Raum	9999.9
2021-03-11 01:40:38.0	Ana9 - 9: T.Zuluft WRG warm	19.3
2021-03-11 01:40:48.0	Ana1 - 1: T.Au?en	4.6
2021-03-11 01:40:48.0	Ana2 - 2: T.Zuluft	14.8
2021-03-11 01:40:48.0	Ana3 - 3: T.Abluft	20.1
2021-03-11 01:40:48.0	Ana4 - 4: T.Fortluft	12.3
2021-03-11 01:40:48.0	Ana5 - 5: T.Raum	9999.9
2021-03-11 01:40:48.0	Ana9 - 9: T.Zuluft WRG warm	19.3
2021-03-11 01:40:58.0	Ana1 - 1: T.Au?en	4.6
2021-03-11 01:40:58.0	Ana2 - 2: T.Zuluft	14.8
2021-03-11 01:40:58.0	Ana3 - 3: T.Abluft	20.1
2021-03-11 01:40:58.0	Ana4 - 4: T.Fortluft	12.3
2021-03-11 01:40:58.0	Ana5 - 5: T.Raum	9999.9
2021-03-11 01:40:58.0	Ana9 - 9: T.Zuluft WRG warm	19.3
2021-03-11 01:41:08.0	Ana1 - 1: T.Au?en	4.6
2021-03-11 01:41:08.0	Ana2 - 2: T.Zuluft	14.8
2021-03-11 01:41:08.0	Ana3 - 3: T.Abluft	20.1
2021-03-11 01:41:08.0	Ana4 - 4: T.Fortluft	12.3
2021-03-11 01:41:08.0	Ana5 - 5: T.Raum	9999.9
2021-03-11 01:41:08.0	Ana9 - 9: T.Zuluft WRG warm	19.3
2021-03-11 01:41:18.0	Ana1 - 1: T.Au?en	4.6
2021-03-11 01:41:18.0	Ana2 - 2: T.Zuluft	14.8
2021-03-11 01:41:18.0	Ana3 - 3: T.Abluft	20.1
2021-03-11 01:41:18.0	Ana4 - 4: T.Fortluft	12.3
2021-03-11 01:41:18.0	Ana5 - 5: T.Raum	9999.9
2021-03-11 01:41:18.0	Ana9 - 9: T.Zuluft WRG warm	19.3
2021-03-11 01:41:28.0	Ana1 - 1: T.Au?en	4.7
2021-03-11 01:41:28.0	Ana2 - 2: T.Zuluft	14.8
2021-03-11 01:41:28.0	Ana3 - 3: T.Abluft	20.1
2021-03-11 01:41:28.0	Ana4 - 4: T.Fortluft	12.3
2021-03-11 01:41:28.0	Ana5 - 5: T.Raum	9999.9
2021-03-11 01:41:28.0	Ana9 - 9: T.Zuluft WRG warm	19.3
2021-03-11 01:41:38.0	Ana1 - 1: T.Au?en	4.7
2021-03-11 01:41:38.0	Ana2 - 2: T.Zuluft	14.8
2021-03-11 01:41:38.0	Ana3 - 3: T.Abluft	20.1
2021-03-11 01:41:38.0	Ana4 - 4: T.Fortluft	12.3
2021-03-11 01:41:38.0	Ana5 - 5: T.Raum	9999.9
2021-03-11 01:41:38.0	Ana9 - 9: T.Zuluft WRG warm	19.3
2021-03-11 01:41:48.0	Ana1 - 1: T.Au?en	4.7
2021-03-11 01:41:48.0	Ana2 - 2: T.Zuluft	14.8
2021-03-11 01:41:48.0	Ana3 - 3: T.Abluft	20.1
2021-03-11 01:41:48.0	Ana4 - 4: T.Fortluft	12.3
2021-03-11 01:41:48.0	Ana5 - 5: T.Raum	9999.9
2021-03-11 01:41:48.0	Ana9 - 9: T.Zuluft WRG warm	19.3
2021-03-11 01:41:58.0	Ana1 - 1: T.Au?en	4.7
2021-03-11 01:41:58.0	Ana2 - 2: T.Zuluft	14.8
2021-03-11 01:41:58.0	Ana3 - 3: T.Abluft	20.1
2021-03-11 01:41:58.0	Ana4 - 4: T.Fortluft	12.3
2021-03-11 01:41:58.0	Ana5 - 5: T.Raum	9999.9
2021-03-11 01:41:58.0	Ana9 - 9: T.Zuluft WRG warm	19.3
2021-03-11 01:42:08.0	Ana1 - 1: T.Au?en	4.7
2021-03-11 01:42:08.0	Ana2 - 2: T.Zuluft	14.8
2021-03-11 01:42:08.0	Ana3 - 3: T.Abluft	20.1
2021-03-11 01:42:08.0	Ana4 - 4: T.Fortluft	12.3
2021-03-11 01:42:08.0	Ana5 - 5: T.Raum	9999.9
2021-03-11 01:42:08.0	Ana9 - 9: T.Zuluft WRG warm	19.3
2021-03-11 01:42:18.0	Ana1 - 1: T.Au?en	4.7
2021-03-11 01:42:18.0	Ana2 - 2: T.Zuluft	14.8
2021-03-11 01:42:18.0	Ana3 - 3: T.Abluft	20.1
2021-03-11 01:42:18.0	Ana4 - 4: T.Fortluft	12.3
2021-03-11 01:42:18.0	Ana5 - 5: T.Raum	9999.9
2021-03-11 01:42:18.0	Ana9 - 9: T.Zuluft WRG warm	19.3
2021-03-11 01:42:28.0	Ana1 - 1: T.Au?en	4.7
2021-03-11 01:42:28.0	Ana2 - 2: T.Zuluft	14.8
2021-03-11 01:42:28.0	Ana3 - 3: T.Abluft	20.1
2021-03-11 01:42:28.0	Ana4 - 4: T.Fortluft	12.3
2021-03-11 01:42:28.0	Ana5 - 5: T.Raum	9999.9
2021-03-11 01:42:28.0	Ana9 - 9: T.Zuluft WRG warm	19.3
2021-03-11 01:42:38.0	Ana1 - 1: T.Au?en	4.6
2021-03-11 01:42:38.0	Ana2 - 2: T.Zuluft	14.8
2021-03-11 01:42:38.0	Ana3 - 3: T.Abluft	20.1
2021-03-11 01:42:38.0	Ana4 - 4: T.Fortluft	12.3
2021-03-11 01:42:38.0	Ana5 - 5: T.Raum	9999.9
2021-03-11 01:42:38.0	Ana9 - 9: T.Zuluft WRG warm	19.3
2021-03-11 01:42:48.0	Ana1 - 1: T.Au?en	4.6
2021-03-11 01:42:48.0	Ana2 - 2: T.Zuluft	14.8
2021-03-11 01:42:48.0	Ana3 - 3: T.Abluft	20.1
2021-03-11 01:42:48.0	Ana4 - 4: T.Fortluft	12.3
2021-03-11 01:42:48.0	Ana5 - 5: T.Raum	9999.9
2021-03-11 01:42:48.0	Ana9 - 9: T.Zuluft WRG warm	19.3
2021-03-11 01:42:58.0	Ana1 - 1: T.Au?en	4.6
2021-03-11 01:42:58.0	Ana2 - 2: T.Zuluft	14.8
2021-03-11 01:42:58.0	Ana3 - 3: T.Abluft	20.1
2021-03-11 01:42:58.0	Ana4 - 4: T.Fortluft	12.3
2021-03-11 01:42:58.0	Ana5 - 5: T.Raum	9999.9
2021-03-11 01:42:58.0	Ana9 - 9: T.Zuluft WRG warm	19.3
2021-03-11 01:43:08.0	Ana1 - 1: T.Au?en	4.6
2021-03-11 01:43:08.0	Ana2 - 2: T.Zuluft	14.8
2021-03-11 01:43:08.0	Ana3 - 3: T.Abluft	20.1
2021-03-11 01:43:08.0	Ana4 - 4: T.Fortluft	12.3
2021-03-11 01:43:08.0	Ana5 - 5: T.Raum	9999.9
2021-03-11 01:43:08.0	Ana9 - 9: T.Zuluft WRG warm	19.3
2021-03-11 01:43:18.0	Ana1 - 1: T.Au?en	4.6
2021-03-11 01:43:18.0	Ana2 - 2: T.Zuluft	14.8
2021-03-11 01:43:18.0	Ana3 - 3: T.Abluft	20.1
2021-03-11 01:43:18.0	Ana4 - 4: T.Fortluft	12.3
2021-03-11 01:43:18.0	Ana5 - 5: T.Raum	9999.9
2021-03-11 01:43:18.0	Ana9 - 9: T.Zuluft WRG warm	19.3
2021-03-11 01:43:28.0	Ana1 - 1: T.Au?en	4.6
2021-03-11 01:43:28.0	Ana2 - 2: T.Zuluft	14.8
2021-03-11 01:43:28.0	Ana3 - 3: T.Abluft	20.1
2021-03-11 01:43:28.0	Ana4 - 4: T.Fortluft	12.3
2021-03-11 01:43:28.0	Ana5 - 5: T.Raum	9999.9
2021-03-11 01:43:28.0	Ana9 - 9: T.Zuluft WRG warm	19.3
2021-03-11 01:43:38.0	Ana1 - 1: T.Au?en	4.6
2021-03-11 01:43:38.0	Ana2 - 2: T.Zuluft	14.8
2021-03-11 01:43:38.0	Ana3 - 3: T.Abluft	20.1
2021-03-11 01:43:38.0	Ana4 - 4: T.Fortluft	12.3
2021-03-11 01:43:38.0	Ana5 - 5: T.Raum	9999.9
2021-03-11 01:43:38.0	Ana9 - 9: T.Zuluft WRG warm	19.3
2021-03-11 01:43:48.0	Ana1 - 1: T.Au?en	4.6
2021-03-11 01:43:48.0	Ana2 - 2: T.Zuluft	14.8
2021-03-11 01:43:48.0	Ana3 - 3: T.Abluft	20.1
2021-03-11 01:43:48.0	Ana4 - 4: T.Fortluft	12.3
2021-03-11 01:43:48.0	Ana5 - 5: T.Raum	9999.9
2021-03-11 01:43:48.0	Ana9 - 9: T.Zuluft WRG warm	19.3
2021-03-11 01:43:58.0	Ana1 - 1: T.Au?en	4.6
2021-03-11 01:43:58.0	Ana2 - 2: T.Zuluft	14.8
2021-03-11 01:43:58.0	Ana3 - 3: T.Abluft	20.1
2021-03-11 01:43:58.0	Ana4 - 4: T.Fortluft	12.3
2021-03-11 01:43:58.0	Ana5 - 5: T.Raum	9999.9
2021-03-11 01:43:58.0	Ana9 - 9: T.Zuluft WRG warm	19.3
2021-03-11 01:44:08.0	Ana1 - 1: T.Au?en	4.6
2021-03-11 01:44:08.0	Ana2 - 2: T.Zuluft	14.8
2021-03-11 01:44:08.0	Ana3 - 3: T.Abluft	20.1
2021-03-11 01:44:08.0	Ana4 - 4: T.Fortluft	12.3
2021-03-11 01:44:08.0	Ana5 - 5: T.Raum	9999.9
2021-03-11 01:44:08.0	Ana9 - 9: T.Zuluft WRG warm	19.2
2021-03-11 01:44:18.0	Ana1 - 1: T.Au?en	4.6
2021-03-11 01:44:18.0	Ana2 - 2: T.Zuluft	14.8
2021-03-11 01:44:18.0	Ana3 - 3: T.Abluft	20.1
2021-03-11 01:44:18.0	Ana4 - 4: T.Fortluft	12.3
2021-03-11 01:44:18.0	Ana5 - 5: T.Raum	9999.9
2021-03-11 01:44:18.0	Ana9 - 9: T.Zuluft WRG warm	19.2
2021-03-11 01:44:28.0	Ana1 - 1: T.Au?en	4.6
2021-03-11 01:44:28.0	Ana2 - 2: T.Zuluft	14.8
2021-03-11 01:44:28.0	Ana3 - 3: T.Abluft	20.1
2021-03-11 01:44:28.0	Ana4 - 4: T.Fortluft	12.3
2021-03-11 01:44:28.0	Ana5 - 5: T.Raum	9999.9
2021-03-11 01:44:28.0	Ana9 - 9: T.Zuluft WRG warm	19.2
2021-03-11 01:44:38.0	Ana1 - 1: T.Au?en	4.6
2021-03-11 01:44:38.0	Ana2 - 2: T.Zuluft	14.8
2021-03-11 01:44:38.0	Ana3 - 3: T.Abluft	20.1
2021-03-11 01:44:38.0	Ana4 - 4: T.Fortluft	12.3
2021-03-11 01:44:38.0	Ana5 - 5: T.Raum	9999.9
2021-03-11 01:44:38.0	Ana9 - 9: T.Zuluft WRG warm	19.2
2021-03-11 01:44:48.0	Ana1 - 1: T.Au?en	4.6
2021-03-11 01:44:48.0	Ana2 - 2: T.Zuluft	14.8
2021-03-11 01:44:48.0	Ana3 - 3: T.Abluft	20.1
2021-03-11 01:44:48.0	Ana4 - 4: T.Fortluft	12.3
2021-03-11 01:44:48.0	Ana5 - 5: T.Raum	9999.9
2021-03-11 01:44:48.0	Ana9 - 9: T.Zuluft WRG warm	19.2
2021-03-11 01:44:58.0	Ana1 - 1: T.Au?en	4.6
2021-03-11 01:44:58.0	Ana2 - 2: T.Zuluft	14.8
2021-03-11 01:44:58.0	Ana3 - 3: T.Abluft	20.1
2021-03-11 01:44:58.0	Ana4 - 4: T.Fortluft	12.3
2021-03-11 01:44:58.0	Ana5 - 5: T.Raum	9999.9
2021-03-11 01:44:58.0	Ana9 - 9: T.Zuluft WRG warm	19.2
2021-03-11 01:45:08.0	Ana1 - 1: T.Au?en	4.6
2021-03-11 01:45:08.0	Ana2 - 2: T.Zuluft	14.8
2021-03-11 01:45:08.0	Ana3 - 3: T.Abluft	20.1
2021-03-11 01:45:08.0	Ana4 - 4: T.Fortluft	12.3
2021-03-11 01:45:08.0	Ana5 - 5: T.Raum	9999.9
2021-03-11 01:45:08.0	Ana9 - 9: T.Zuluft WRG warm	19.2
2021-03-11 01:45:18.0	Ana1 - 1: T.Au?en	4.6
2021-03-11 01:45:18.0	Ana2 - 2: T.Zuluft	14.8
2021-03-11 01:45:18.0	Ana3 - 3: T.Abluft	20.1
2021-03-11 01:45:18.0	Ana4 - 4: T.Fortluft	12.3
2021-03-11 01:45:18.0	Ana5 - 5: T.Raum	9999.9
2021-03-11 01:45:18.0	Ana9 - 9: T.Zuluft WRG warm	19.2
2021-03-11 01:45:28.0	Ana1 - 1: T.Au?en	4.6
2021-03-11 01:45:28.0	Ana2 - 2: T.Zuluft	14.8
2021-03-11 01:45:28.0	Ana3 - 3: T.Abluft	20.1
2021-03-11 01:45:28.0	Ana4 - 4: T.Fortluft	12.3
2021-03-11 01:45:28.0	Ana5 - 5: T.Raum	9999.9
2021-03-11 01:45:28.0	Ana9 - 9: T.Zuluft WRG warm	19.2
2021-03-11 01:45:38.0	Ana1 - 1: T.Au?en	4.6
2021-03-11 01:45:38.0	Ana2 - 2: T.Zuluft	14.8
2021-03-11 01:45:38.0	Ana3 - 3: T.Abluft	20.1
2021-03-11 01:45:38.0	Ana4 - 4: T.Fortluft	12.3
2021-03-11 01:45:38.0	Ana5 - 5: T.Raum	9999.9
2021-03-11 01:45:38.0	Ana9 - 9: T.Zuluft WRG warm	19.2
2021-03-11 01:45:48.0	Ana1 - 1: T.Au?en	4.6
2021-03-11 01:45:48.0	Ana2 - 2: T.Zuluft	14.8
2021-03-11 01:45:48.0	Ana3 - 3: T.Abluft	20.1
2021-03-11 01:45:48.0	Ana4 - 4: T.Fortluft	12.3
2021-03-11 01:45:48.0	Ana5 - 5: T.Raum	9999.9
2021-03-11 01:45:48.0	Ana9 - 9: T.Zuluft WRG warm	19.2
2021-03-11 01:45:58.0	Ana1 - 1: T.Au?en	4.5
2021-03-11 01:45:58.0	Ana2 - 2: T.Zuluft	14.8
2021-03-11 01:45:58.0	Ana3 - 3: T.Abluft	20.1
2021-03-11 01:45:58.0	Ana4 - 4: T.Fortluft	12.3
2021-03-11 01:45:58.0	Ana5 - 5: T.Raum	9999.9
2021-03-11 01:45:58.0	Ana9 - 9: T.Zuluft WRG warm	19.2
2021-03-11 01:46:08.0	Ana1 - 1: T.Au?en	4.5
2021-03-11 01:46:08.0	Ana2 - 2: T.Zuluft	14.8
2021-03-11 01:46:08.0	Ana3 - 3: T.Abluft	20.1
2021-03-11 01:46:08.0	Ana4 - 4: T.Fortluft	12.3
2021-03-11 01:46:08.0	Ana5 - 5: T.Raum	9999.9
2021-03-11 01:46:08.0	Ana9 - 9: T.Zuluft WRG warm	19.2
2021-03-11 01:46:18.0	Ana1 - 1: T.Au?en	4.5
2021-03-11 01:46:18.0	Ana2 - 2: T.Zuluft	14.8
2021-03-11 01:46:18.0	Ana3 - 3: T.Abluft	20.1
2021-03-11 01:46:18.0	Ana4 - 4: T.Fortluft	12.3
2021-03-11 01:46:18.0	Ana5 - 5: T.Raum	9999.9
2021-03-11 01:46:18.0	Ana9 - 9: T.Zuluft WRG warm	19.2
2021-03-11 01:46:28.0	Ana1 - 1: T.Au?en	4.5
2021-03-11 01:46:28.0	Ana2 - 2: T.Zuluft	14.8
2021-03-11 01:46:28.0	Ana3 - 3: T.Abluft	20.1
2021-03-11 01:46:28.0	Ana4 - 4: T.Fortluft	12.3
2021-03-11 01:46:28.0	Ana5 - 5: T.Raum	9999.9
2021-03-11 01:46:28.0	Ana9 - 9: T.Zuluft WRG warm	19.2
2021-03-11 01:46:38.0	Ana1 - 1: T.Au?en	4.5
2021-03-11 01:46:38.0	Ana2 - 2: T.Zuluft	14.8
2021-03-11 01:46:38.0	Ana3 - 3: T.Abluft	20.1
2021-03-11 01:46:38.0	Ana4 - 4: T.Fortluft	12.3
2021-03-11 01:46:38.0	Ana5 - 5: T.Raum	9999.9
2021-03-11 01:46:38.0	Ana9 - 9: T.Zuluft WRG warm	19.2
2021-03-11 01:46:48.0	Ana1 - 1: T.Au?en	4.5
2021-03-11 01:46:48.0	Ana2 - 2: T.Zuluft	14.8
2021-03-11 01:46:48.0	Ana3 - 3: T.Abluft	20.1
2021-03-11 01:46:48.0	Ana4 - 4: T.Fortluft	12.3
2021-03-11 01:46:48.0	Ana5 - 5: T.Raum	9999.9
2021-03-11 01:46:48.0	Ana9 - 9: T.Zuluft WRG warm	19.2
2021-03-11 01:46:58.0	Ana1 - 1: T.Au?en	4.5
2021-03-11 01:46:58.0	Ana2 - 2: T.Zuluft	14.8
2021-03-11 01:46:58.0	Ana3 - 3: T.Abluft	20.1
2021-03-11 01:46:58.0	Ana4 - 4: T.Fortluft	12.3
2021-03-11 01:46:58.0	Ana5 - 5: T.Raum	9999.9
2021-03-11 01:46:58.0	Ana9 - 9: T.Zuluft WRG warm	19.2
2021-03-11 01:47:08.0	Ana1 - 1: T.Au?en	4.5
2021-03-11 01:47:08.0	Ana2 - 2: T.Zuluft	14.8
2021-03-11 01:47:08.0	Ana3 - 3: T.Abluft	20.1
2021-03-11 01:47:08.0	Ana4 - 4: T.Fortluft	12.3
2021-03-11 01:47:08.0	Ana5 - 5: T.Raum	9999.9
2021-03-11 01:47:08.0	Ana9 - 9: T.Zuluft WRG warm	19.2
2021-03-11 01:47:18.0	Ana1 - 1: T.Au?en	4.5
2021-03-11 01:47:18.0	Ana2 - 2: T.Zuluft	14.8
2021-03-11 01:47:18.0	Ana3 - 3: T.Abluft	20.1
2021-03-11 01:47:18.0	Ana4 - 4: T.Fortluft	12.3
2021-03-11 01:47:18.0	Ana5 - 5: T.Raum	9999.9
2021-03-11 01:47:18.0	Ana9 - 9: T.Zuluft WRG warm	19.2
2021-03-11 01:47:28.0	Ana1 - 1: T.Au?en	4.5
2021-03-11 01:47:28.0	Ana2 - 2: T.Zuluft	14.8
2021-03-11 01:47:28.0	Ana3 - 3: T.Abluft	20.1
2021-03-11 01:47:28.0	Ana4 - 4: T.Fortluft	12.3
2021-03-11 01:47:28.0	Ana5 - 5: T.Raum	9999.9
2021-03-11 01:47:28.0	Ana9 - 9: T.Zuluft WRG warm	19.2
2021-03-11 01:47:38.0	Ana1 - 1: T.Au?en	4.5
2021-03-11 01:47:38.0	Ana2 - 2: T.Zuluft	14.8
2021-03-11 01:47:38.0	Ana3 - 3: T.Abluft	20.1
2021-03-11 01:47:38.0	Ana4 - 4: T.Fortluft	12.3
2021-03-11 01:47:38.0	Ana5 - 5: T.Raum	9999.9
2021-03-11 01:47:38.0	Ana9 - 9: T.Zuluft WRG warm	19.2
2021-03-11 01:47:48.0	Ana1 - 1: T.Au?en	4.6
2021-03-11 01:47:48.0	Ana2 - 2: T.Zuluft	14.8
2021-03-11 01:47:48.0	Ana3 - 3: T.Abluft	20.1
2021-03-11 01:47:48.0	Ana4 - 4: T.Fortluft	12.3
2021-03-11 01:47:48.0	Ana5 - 5: T.Raum	9999.9
2021-03-11 01:47:48.0	Ana9 - 9: T.Zuluft WRG warm	19.2
2021-03-11 01:47:58.0	Ana1 - 1: T.Au?en	4.6
2021-03-11 01:47:58.0	Ana2 - 2: T.Zuluft	14.8
2021-03-11 01:47:58.0	Ana3 - 3: T.Abluft	20.1
2021-03-11 01:47:58.0	Ana4 - 4: T.Fortluft	12.3
2021-03-11 01:47:58.0	Ana5 - 5: T.Raum	9999.9
2021-03-11 01:47:58.0	Ana9 - 9: T.Zuluft WRG warm	19.2
2021-03-11 01:48:08.0	Ana1 - 1: T.Au?en	4.6
2021-03-11 01:48:08.0	Ana2 - 2: T.Zuluft	14.8
2021-03-11 01:48:08.0	Ana3 - 3: T.Abluft	20.1
2021-03-11 01:48:08.0	Ana4 - 4: T.Fortluft	12.3
2021-03-11 01:48:08.0	Ana5 - 5: T.Raum	9999.9
2021-03-11 01:48:08.0	Ana9 - 9: T.Zuluft WRG warm	19.2
2021-03-11 01:48:18.0	Ana1 - 1: T.Au?en	4.6
2021-03-11 01:48:18.0	Ana2 - 2: T.Zuluft	14.8
2021-03-11 01:48:18.0	Ana3 - 3: T.Abluft	20.1
2021-03-11 01:48:18.0	Ana4 - 4: T.Fortluft	12.3
2021-03-11 01:48:18.0	Ana5 - 5: T.Raum	9999.9
2021-03-11 01:48:18.0	Ana9 - 9: T.Zuluft WRG warm	19.2
2021-03-11 01:48:28.0	Ana1 - 1: T.Au?en	4.6
2021-03-11 01:48:28.0	Ana2 - 2: T.Zuluft	14.8
2021-03-11 01:48:28.0	Ana3 - 3: T.Abluft	20.1
2021-03-11 01:48:28.0	Ana4 - 4: T.Fortluft	12.3
2021-03-11 01:48:28.0	Ana5 - 5: T.Raum	9999.9
2021-03-11 01:48:28.0	Ana9 - 9: T.Zuluft WRG warm	19.2
2021-03-11 01:48:38.0	Ana1 - 1: T.Au?en	4.6
2021-03-11 01:48:38.0	Ana2 - 2: T.Zuluft	14.8
2021-03-11 01:48:38.0	Ana3 - 3: T.Abluft	20.1
2021-03-11 01:48:38.0	Ana4 - 4: T.Fortluft	12.3
2021-03-11 01:48:38.0	Ana5 - 5: T.Raum	9999.9
2021-03-11 01:48:38.0	Ana9 - 9: T.Zuluft WRG warm	19.2
2021-03-11 01:48:48.0	Ana1 - 1: T.Au?en	4.6
2021-03-11 01:48:48.0	Ana2 - 2: T.Zuluft	14.8
2021-03-11 01:48:48.0	Ana3 - 3: T.Abluft	20.1
2021-03-11 01:48:48.0	Ana4 - 4: T.Fortluft	12.3
2021-03-11 01:48:48.0	Ana5 - 5: T.Raum	9999.9
2021-03-11 01:48:48.0	Ana9 - 9: T.Zuluft WRG warm	19.2
2021-03-11 01:48:58.0	Ana1 - 1: T.Au?en	4.6
2021-03-11 01:48:58.0	Ana2 - 2: T.Zuluft	14.8
2021-03-11 01:48:58.0	Ana3 - 3: T.Abluft	20.1
2021-03-11 01:48:58.0	Ana4 - 4: T.Fortluft	12.2
2021-03-11 01:48:58.0	Ana5 - 5: T.Raum	9999.9
2021-03-11 01:48:58.0	Ana9 - 9: T.Zuluft WRG warm	19.2
2021-03-11 01:49:08.0	Ana1 - 1: T.Au?en	4.6
2021-03-11 01:49:08.0	Ana2 - 2: T.Zuluft	14.8
2021-03-11 01:49:08.0	Ana3 - 3: T.Abluft	20.1
2021-03-11 01:49:08.0	Ana4 - 4: T.Fortluft	12.3
2021-03-11 01:49:08.0	Ana5 - 5: T.Raum	9999.9
2021-03-11 01:49:08.0	Ana9 - 9: T.Zuluft WRG warm	19.2
2021-03-11 01:49:18.0	Ana1 - 1: T.Au?en	4.6
2021-03-11 01:49:18.0	Ana2 - 2: T.Zuluft	14.8
2021-03-11 01:49:18.0	Ana3 - 3: T.Abluft	20.1
2021-03-11 01:49:18.0	Ana4 - 4: T.Fortluft	12.2
2021-03-11 01:49:18.0	Ana5 - 5: T.Raum	9999.9
2021-03-11 01:49:18.0	Ana9 - 9: T.Zuluft WRG warm	19.2
2021-03-11 01:49:28.0	Ana1 - 1: T.Au?en	4.6
2021-03-11 01:49:28.0	Ana2 - 2: T.Zuluft	14.8
2021-03-11 01:49:28.0	Ana3 - 3: T.Abluft	20.1
2021-03-11 01:49:28.0	Ana4 - 4: T.Fortluft	12.2
2021-03-11 01:49:28.0	Ana5 - 5: T.Raum	9999.9
2021-03-11 01:49:28.0	Ana9 - 9: T.Zuluft WRG warm	19.2
2021-03-11 01:49:38.0	Ana1 - 1: T.Au?en	4.6
2021-03-11 01:49:38.0	Ana2 - 2: T.Zuluft	14.8
2021-03-11 01:49:38.0	Ana3 - 3: T.Abluft	20.1
2021-03-11 01:49:38.0	Ana4 - 4: T.Fortluft	12.3
2021-03-11 01:49:38.0	Ana5 - 5: T.Raum	9999.9
2021-03-11 01:49:38.0	Ana9 - 9: T.Zuluft WRG warm	19.2
2021-03-11 01:49:48.0	Ana1 - 1: T.Au?en	4.5
2021-03-11 01:49:48.0	Ana2 - 2: T.Zuluft	14.8
2021-03-11 01:49:48.0	Ana3 - 3: T.Abluft	20.1
2021-03-11 01:49:48.0	Ana4 - 4: T.Fortluft	12.2
2021-03-11 01:49:48.0	Ana5 - 5: T.Raum	9999.9
2021-03-11 01:49:48.0	Ana9 - 9: T.Zuluft WRG warm	19.2
2021-03-11 01:49:58.0	Ana1 - 1: T.Au?en	4.5
2021-03-11 01:49:58.0	Ana2 - 2: T.Zuluft	14.8
2021-03-11 01:49:58.0	Ana3 - 3: T.Abluft	20.1
2021-03-11 01:49:58.0	Ana4 - 4: T.Fortluft	12.2
2021-03-11 01:49:58.0	Ana5 - 5: T.Raum	9999.9
2021-03-11 01:49:58.0	Ana9 - 9: T.Zuluft WRG warm	19.2
2021-03-11 01:50:08.0	Ana1 - 1: T.Au?en	4.5
2021-03-11 01:50:08.0	Ana2 - 2: T.Zuluft	14.8
2021-03-11 01:50:08.0	Ana3 - 3: T.Abluft	20.1
2021-03-11 01:50:08.0	Ana4 - 4: T.Fortluft	12.3
2021-03-11 01:50:08.0	Ana5 - 5: T.Raum	9999.9
2021-03-11 01:50:08.0	Ana9 - 9: T.Zuluft WRG warm	19.2
2021-03-11 01:50:18.0	Ana1 - 1: T.Au?en	4.5
2021-03-11 01:50:18.0	Ana2 - 2: T.Zuluft	14.8
2021-03-11 01:50:18.0	Ana3 - 3: T.Abluft	20.1
2021-03-11 01:50:18.0	Ana4 - 4: T.Fortluft	12.3
2021-03-11 01:50:18.0	Ana5 - 5: T.Raum	9999.9
2021-03-11 01:50:18.0	Ana9 - 9: T.Zuluft WRG warm	19.2
2021-03-11 01:50:28.0	Ana1 - 1: T.Au?en	4.5
2021-03-11 01:50:28.0	Ana2 - 2: T.Zuluft	14.8
2021-03-11 01:50:28.0	Ana3 - 3: T.Abluft	20.1
2021-03-11 01:50:28.0	Ana4 - 4: T.Fortluft	12.3
2021-03-11 01:50:28.0	Ana5 - 5: T.Raum	9999.9
2021-03-11 01:50:28.0	Ana9 - 9: T.Zuluft WRG warm	19.2
2021-03-11 01:50:38.0	Ana1 - 1: T.Au?en	4.5
2021-03-11 01:50:38.0	Ana2 - 2: T.Zuluft	14.8
2021-03-11 01:50:38.0	Ana3 - 3: T.Abluft	20.1
2021-03-11 01:50:38.0	Ana4 - 4: T.Fortluft	12.3
2021-03-11 01:50:38.0	Ana5 - 5: T.Raum	9999.9
2021-03-11 01:50:38.0	Ana9 - 9: T.Zuluft WRG warm	19.2
2021-03-11 01:50:48.0	Ana1 - 1: T.Au?en	4.5
2021-03-11 01:50:48.0	Ana2 - 2: T.Zuluft	14.8
2021-03-11 01:50:48.0	Ana3 - 3: T.Abluft	20.1
2021-03-11 01:50:48.0	Ana4 - 4: T.Fortluft	12.3
2021-03-11 01:50:48.0	Ana5 - 5: T.Raum	9999.9
2021-03-11 01:50:48.0	Ana9 - 9: T.Zuluft WRG warm	19.2
2021-03-11 01:50:58.0	Ana1 - 1: T.Au?en	4.5
2021-03-11 01:50:58.0	Ana2 - 2: T.Zuluft	14.8
2021-03-11 01:50:58.0	Ana3 - 3: T.Abluft	20.1
2021-03-11 01:50:58.0	Ana4 - 4: T.Fortluft	12.2
2021-03-11 01:50:58.0	Ana5 - 5: T.Raum	9999.9
2021-03-11 01:50:58.0	Ana9 - 9: T.Zuluft WRG warm	19.2
2021-03-11 01:51:08.0	Ana1 - 1: T.Au?en	4.5
2021-03-11 01:51:08.0	Ana2 - 2: T.Zuluft	14.8
2021-03-11 01:51:08.0	Ana3 - 3: T.Abluft	20.0
2021-03-11 01:51:08.0	Ana4 - 4: T.Fortluft	12.2
2021-03-11 01:51:08.0	Ana5 - 5: T.Raum	9999.9
2021-03-11 01:51:08.0	Ana9 - 9: T.Zuluft WRG warm	19.2
2021-03-11 01:51:18.0	Ana1 - 1: T.Au?en	4.5
2021-03-11 01:51:18.0	Ana2 - 2: T.Zuluft	14.8
2021-03-11 01:51:18.0	Ana3 - 3: T.Abluft	20.1
2021-03-11 01:51:18.0	Ana4 - 4: T.Fortluft	12.2
2021-03-11 01:51:18.0	Ana5 - 5: T.Raum	9999.9
2021-03-11 01:51:18.0	Ana9 - 9: T.Zuluft WRG warm	19.2
2021-03-11 01:51:28.0	Ana1 - 1: T.Au?en	4.4
2021-03-11 01:51:28.0	Ana2 - 2: T.Zuluft	14.7
2021-03-11 01:51:28.0	Ana3 - 3: T.Abluft	20.0
2021-03-11 01:51:28.0	Ana4 - 4: T.Fortluft	12.2
2021-03-11 01:51:28.0	Ana5 - 5: T.Raum	9999.9
2021-03-11 01:51:28.0	Ana9 - 9: T.Zuluft WRG warm	19.2
2021-03-11 01:51:38.0	Ana1 - 1: T.Au?en	4.4
2021-03-11 01:51:38.0	Ana2 - 2: T.Zuluft	14.8
2021-03-11 01:51:38.0	Ana3 - 3: T.Abluft	20.0
2021-03-11 01:51:38.0	Ana4 - 4: T.Fortluft	12.2
2021-03-11 01:51:38.0	Ana5 - 5: T.Raum	9999.9
2021-03-11 01:51:38.0	Ana9 - 9: T.Zuluft WRG warm	19.2
2021-03-11 01:51:48.0	Ana1 - 1: T.Au?en	4.4
2021-03-11 01:51:48.0	Ana2 - 2: T.Zuluft	14.7
2021-03-11 01:51:48.0	Ana3 - 3: T.Abluft	20.0
2021-03-11 01:51:48.0	Ana4 - 4: T.Fortluft	12.2
2021-03-11 01:51:48.0	Ana5 - 5: T.Raum	9999.9
2021-03-11 01:51:48.0	Ana9 - 9: T.Zuluft WRG warm	19.2
2021-03-11 01:51:58.0	Ana1 - 1: T.Au?en	4.4
2021-03-11 01:51:58.0	Ana2 - 2: T.Zuluft	14.8
2021-03-11 01:51:58.0	Ana3 - 3: T.Abluft	20.0
2021-03-11 01:51:58.0	Ana4 - 4: T.Fortluft	12.2
2021-03-11 01:51:58.0	Ana5 - 5: T.Raum	9999.9
2021-03-11 01:51:58.0	Ana9 - 9: T.Zuluft WRG warm	19.2
2021-03-11 01:52:08.0	Ana1 - 1: T.Au?en	4.4
2021-03-11 01:52:08.0	Ana2 - 2: T.Zuluft	14.8
2021-03-11 01:52:08.0	Ana3 - 3: T.Abluft	20.0
2021-03-11 01:52:08.0	Ana4 - 4: T.Fortluft	12.2
2021-03-11 01:52:08.0	Ana5 - 5: T.Raum	9999.9
2021-03-11 01:52:08.0	Ana9 - 9: T.Zuluft WRG warm	19.2
2021-03-11 01:52:18.0	Ana1 - 1: T.Au?en	4.5
2021-03-11 01:52:18.0	Ana2 - 2: T.Zuluft	14.8
2021-03-11 01:52:18.0	Ana3 - 3: T.Abluft	20.0
2021-03-11 01:52:18.0	Ana4 - 4: T.Fortluft	12.2
2021-03-11 01:52:18.0	Ana5 - 5: T.Raum	9999.9
2021-03-11 01:52:18.0	Ana9 - 9: T.Zuluft WRG warm	19.2
2021-03-11 01:52:28.0	Ana1 - 1: T.Au?en	4.5
2021-03-11 01:52:28.0	Ana2 - 2: T.Zuluft	14.7
2021-03-11 01:52:28.0	Ana3 - 3: T.Abluft	20.0
2021-03-11 01:52:28.0	Ana4 - 4: T.Fortluft	12.2
2021-03-11 01:52:28.0	Ana5 - 5: T.Raum	9999.9
2021-03-11 01:52:28.0	Ana9 - 9: T.Zuluft WRG warm	19.2
2021-03-11 01:52:38.0	Ana1 - 1: T.Au?en	4.4
2021-03-11 01:52:38.0	Ana2 - 2: T.Zuluft	14.8
2021-03-11 01:52:38.0	Ana3 - 3: T.Abluft	20.0
2021-03-11 01:52:38.0	Ana4 - 4: T.Fortluft	12.2
2021-03-11 01:52:38.0	Ana5 - 5: T.Raum	9999.9
2021-03-11 01:52:38.0	Ana9 - 9: T.Zuluft WRG warm	19.2
2021-03-11 01:52:48.0	Ana1 - 1: T.Au?en	4.4
2021-03-11 01:52:48.0	Ana2 - 2: T.Zuluft	14.8
2021-03-11 01:52:48.0	Ana3 - 3: T.Abluft	20.0
2021-03-11 01:52:48.0	Ana4 - 4: T.Fortluft	12.2
2021-03-11 01:52:48.0	Ana5 - 5: T.Raum	9999.9
2021-03-11 01:52:48.0	Ana9 - 9: T.Zuluft WRG warm	19.2
2021-03-11 01:52:58.0	Ana1 - 1: T.Au?en	4.4
2021-03-11 01:52:58.0	Ana2 - 2: T.Zuluft	14.7
2021-03-11 01:52:58.0	Ana3 - 3: T.Abluft	20.0
2021-03-11 01:52:58.0	Ana4 - 4: T.Fortluft	12.2
2021-03-11 01:52:58.0	Ana5 - 5: T.Raum	9999.9
2021-03-11 01:52:58.0	Ana9 - 9: T.Zuluft WRG warm	19.2
2021-03-11 01:53:08.0	Ana1 - 1: T.Au?en	4.4
2021-03-11 01:53:08.0	Ana2 - 2: T.Zuluft	14.7
2021-03-11 01:53:08.0	Ana3 - 3: T.Abluft	20.0
2021-03-11 01:53:08.0	Ana4 - 4: T.Fortluft	12.2
2021-03-11 01:53:08.0	Ana5 - 5: T.Raum	9999.9
2021-03-11 01:53:08.0	Ana9 - 9: T.Zuluft WRG warm	19.2
2021-03-11 01:53:18.0	Ana1 - 1: T.Au?en	4.4
2021-03-11 01:53:18.0	Ana2 - 2: T.Zuluft	14.7
2021-03-11 01:53:18.0	Ana3 - 3: T.Abluft	20.0
2021-03-11 01:53:18.0	Ana4 - 4: T.Fortluft	12.2
2021-03-11 01:53:18.0	Ana5 - 5: T.Raum	9999.9
2021-03-11 01:53:18.0	Ana9 - 9: T.Zuluft WRG warm	19.2
2021-03-11 01:53:28.0	Ana1 - 1: T.Au?en	4.5
2021-03-11 01:53:28.0	Ana2 - 2: T.Zuluft	14.7
2021-03-11 01:53:28.0	Ana3 - 3: T.Abluft	20.0
2021-03-11 01:53:28.0	Ana4 - 4: T.Fortluft	12.2
2021-03-11 01:53:28.0	Ana5 - 5: T.Raum	9999.9
2021-03-11 01:53:28.0	Ana9 - 9: T.Zuluft WRG warm	19.2
2021-03-11 01:53:38.0	Ana1 - 1: T.Au?en	4.4
2021-03-11 01:53:38.0	Ana2 - 2: T.Zuluft	14.7
2021-03-11 01:53:38.0	Ana3 - 3: T.Abluft	20.0
2021-03-11 01:53:38.0	Ana4 - 4: T.Fortluft	12.2
2021-03-11 01:53:38.0	Ana5 - 5: T.Raum	9999.9
2021-03-11 01:53:38.0	Ana9 - 9: T.Zuluft WRG warm	19.2
2021-03-11 01:53:48.0	Ana1 - 1: T.Au?en	4.4
2021-03-11 01:53:48.0	Ana2 - 2: T.Zuluft	14.7
2021-03-11 01:53:48.0	Ana3 - 3: T.Abluft	20.0
2021-03-11 01:53:48.0	Ana4 - 4: T.Fortluft	12.2
2021-03-11 01:53:48.0	Ana5 - 5: T.Raum	9999.9
2021-03-11 01:53:48.0	Ana9 - 9: T.Zuluft WRG warm	19.2
2021-03-11 01:53:58.0	Ana1 - 1: T.Au?en	4.4
2021-03-11 01:53:58.0	Ana2 - 2: T.Zuluft	14.7
2021-03-11 01:53:58.0	Ana3 - 3: T.Abluft	20.0
2021-03-11 01:53:58.0	Ana4 - 4: T.Fortluft	12.2
2021-03-11 01:53:58.0	Ana5 - 5: T.Raum	9999.9
2021-03-11 01:53:58.0	Ana9 - 9: T.Zuluft WRG warm	19.2
2021-03-11 01:54:08.0	Ana1 - 1: T.Au?en	4.4
2021-03-11 01:54:08.0	Ana2 - 2: T.Zuluft	14.7
2021-03-11 01:54:08.0	Ana3 - 3: T.Abluft	20.0
2021-03-11 01:54:08.0	Ana4 - 4: T.Fortluft	12.2
2021-03-11 01:54:08.0	Ana5 - 5: T.Raum	9999.9
2021-03-11 01:54:08.0	Ana9 - 9: T.Zuluft WRG warm	19.2
2021-03-11 01:54:18.0	Ana1 - 1: T.Au?en	4.4
2021-03-11 01:54:18.0	Ana2 - 2: T.Zuluft	14.7
2021-03-11 01:54:18.0	Ana3 - 3: T.Abluft	20.0
2021-03-11 01:54:18.0	Ana4 - 4: T.Fortluft	12.2
2021-03-11 01:54:18.0	Ana5 - 5: T.Raum	9999.9
2021-03-11 01:54:18.0	Ana9 - 9: T.Zuluft WRG warm	19.2
2021-03-11 01:54:28.0	Ana1 - 1: T.Au?en	4.4
2021-03-11 01:54:28.0	Ana2 - 2: T.Zuluft	14.8
2021-03-11 01:54:28.0	Ana3 - 3: T.Abluft	20.0
2021-03-11 01:54:28.0	Ana4 - 4: T.Fortluft	12.2
2021-03-11 01:54:28.0	Ana5 - 5: T.Raum	9999.9
2021-03-11 01:54:28.0	Ana9 - 9: T.Zuluft WRG warm	19.2
2021-03-11 01:54:38.0	Ana1 - 1: T.Au?en	4.4
2021-03-11 01:54:38.0	Ana2 - 2: T.Zuluft	14.7
2021-03-11 01:54:38.0	Ana3 - 3: T.Abluft	20.0
2021-03-11 01:54:38.0	Ana4 - 4: T.Fortluft	12.2
2021-03-11 01:54:38.0	Ana5 - 5: T.Raum	9999.9
2021-03-11 01:54:38.0	Ana9 - 9: T.Zuluft WRG warm	19.2
2021-03-11 01:54:48.0	Ana1 - 1: T.Au?en	4.4
2021-03-11 01:54:48.0	Ana2 - 2: T.Zuluft	14.7
2021-03-11 01:54:48.0	Ana3 - 3: T.Abluft	20.0
2021-03-11 01:54:48.0	Ana4 - 4: T.Fortluft	12.2
2021-03-11 01:54:48.0	Ana5 - 5: T.Raum	9999.9
2021-03-11 01:54:48.0	Ana9 - 9: T.Zuluft WRG warm	19.2
2021-03-11 01:54:58.0	Ana1 - 1: T.Au?en	4.4
2021-03-11 01:54:58.0	Ana2 - 2: T.Zuluft	14.7
2021-03-11 01:54:58.0	Ana3 - 3: T.Abluft	20.0
2021-03-11 01:54:58.0	Ana4 - 4: T.Fortluft	12.2
2021-03-11 01:54:58.0	Ana5 - 5: T.Raum	9999.9
2021-03-11 01:54:58.0	Ana9 - 9: T.Zuluft WRG warm	19.2
2021-03-11 01:55:08.0	Ana1 - 1: T.Au?en	4.4
2021-03-11 01:55:08.0	Ana2 - 2: T.Zuluft	14.7
2021-03-11 01:55:08.0	Ana3 - 3: T.Abluft	20.0
2021-03-11 01:55:08.0	Ana4 - 4: T.Fortluft	12.2
2021-03-11 01:55:08.0	Ana5 - 5: T.Raum	9999.9
2021-03-11 01:55:08.0	Ana9 - 9: T.Zuluft WRG warm	19.2
2021-03-11 01:55:18.0	Ana1 - 1: T.Au?en	4.4
2021-03-11 01:55:18.0	Ana2 - 2: T.Zuluft	14.7
2021-03-11 01:55:18.0	Ana3 - 3: T.Abluft	20.0
2021-03-11 01:55:18.0	Ana4 - 4: T.Fortluft	12.2
2021-03-11 01:55:18.0	Ana5 - 5: T.Raum	9999.9
2021-03-11 01:55:18.0	Ana9 - 9: T.Zuluft WRG warm	19.2
2021-03-11 01:55:28.0	Ana1 - 1: T.Au?en	4.4
2021-03-11 01:55:28.0	Ana2 - 2: T.Zuluft	14.7
2021-03-11 01:55:28.0	Ana3 - 3: T.Abluft	20.0
2021-03-11 01:55:28.0	Ana4 - 4: T.Fortluft	12.2
2021-03-11 01:55:28.0	Ana5 - 5: T.Raum	9999.9
2021-03-11 01:55:28.0	Ana9 - 9: T.Zuluft WRG warm	19.2
2021-03-11 01:55:38.0	Ana1 - 1: T.Au?en	4.4
2021-03-11 01:55:38.0	Ana2 - 2: T.Zuluft	14.7
2021-03-11 01:55:38.0	Ana3 - 3: T.Abluft	20.0
2021-03-11 01:55:38.0	Ana4 - 4: T.Fortluft	12.2
2021-03-11 01:55:38.0	Ana5 - 5: T.Raum	9999.9
2021-03-11 01:55:38.0	Ana9 - 9: T.Zuluft WRG warm	19.2
2021-03-11 01:55:48.0	Ana1 - 1: T.Au?en	4.4
2021-03-11 01:55:48.0	Ana2 - 2: T.Zuluft	14.7
2021-03-11 01:55:48.0	Ana3 - 3: T.Abluft	20.0
2021-03-11 01:55:48.0	Ana4 - 4: T.Fortluft	12.2
2021-03-11 01:55:48.0	Ana5 - 5: T.Raum	9999.9
2021-03-11 01:55:48.0	Ana9 - 9: T.Zuluft WRG warm	19.2
2021-03-11 01:55:58.0	Ana1 - 1: T.Au?en	4.4
2021-03-11 01:55:58.0	Ana2 - 2: T.Zuluft	14.7
2021-03-11 01:55:58.0	Ana3 - 3: T.Abluft	20.0
2021-03-11 01:55:58.0	Ana4 - 4: T.Fortluft	12.2
2021-03-11 01:55:58.0	Ana5 - 5: T.Raum	9999.9
2021-03-11 01:55:58.0	Ana9 - 9: T.Zuluft WRG warm	19.2
2021-03-11 01:56:08.0	Ana1 - 1: T.Au?en	4.4
2021-03-11 01:56:08.0	Ana2 - 2: T.Zuluft	14.7
2021-03-11 01:56:08.0	Ana3 - 3: T.Abluft	20.0
2021-03-11 01:56:08.0	Ana4 - 4: T.Fortluft	12.2
2021-03-11 01:56:08.0	Ana5 - 5: T.Raum	9999.9
2021-03-11 01:56:08.0	Ana9 - 9: T.Zuluft WRG warm	19.2
2021-03-11 01:56:18.0	Ana1 - 1: T.Au?en	4.4
2021-03-11 01:56:18.0	Ana2 - 2: T.Zuluft	14.7
2021-03-11 01:56:18.0	Ana3 - 3: T.Abluft	20.0
2021-03-11 01:56:18.0	Ana4 - 4: T.Fortluft	12.2
2021-03-11 01:56:18.0	Ana5 - 5: T.Raum	9999.9
2021-03-11 01:56:18.0	Ana9 - 9: T.Zuluft WRG warm	19.2
2021-03-11 01:56:28.0	Ana1 - 1: T.Au?en	4.4
2021-03-11 01:56:28.0	Ana2 - 2: T.Zuluft	14.7
2021-03-11 01:56:28.0	Ana3 - 3: T.Abluft	20.0
2021-03-11 01:56:28.0	Ana4 - 4: T.Fortluft	12.2
2021-03-11 01:56:28.0	Ana5 - 5: T.Raum	9999.9
2021-03-11 01:56:28.0	Ana9 - 9: T.Zuluft WRG warm	19.2
2021-03-11 01:56:38.0	Ana1 - 1: T.Au?en	4.4
2021-03-11 01:56:38.0	Ana2 - 2: T.Zuluft	14.7
2021-03-11 01:56:38.0	Ana3 - 3: T.Abluft	20.0
2021-03-11 01:56:38.0	Ana4 - 4: T.Fortluft	12.2
2021-03-11 01:56:38.0	Ana5 - 5: T.Raum	9999.9
2021-03-11 01:56:38.0	Ana9 - 9: T.Zuluft WRG warm	19.2
2021-03-11 01:56:48.0	Ana1 - 1: T.Au?en	4.4
2021-03-11 01:56:48.0	Ana2 - 2: T.Zuluft	14.7
2021-03-11 01:56:48.0	Ana3 - 3: T.Abluft	20.0
2021-03-11 01:56:48.0	Ana4 - 4: T.Fortluft	12.2
2021-03-11 01:56:48.0	Ana5 - 5: T.Raum	9999.9
2021-03-11 01:56:48.0	Ana9 - 9: T.Zuluft WRG warm	19.2
2021-03-11 01:56:58.0	Ana1 - 1: T.Au?en	4.4
2021-03-11 01:56:58.0	Ana2 - 2: T.Zuluft	14.7
2021-03-11 01:56:58.0	Ana3 - 3: T.Abluft	20.0
2021-03-11 01:56:58.0	Ana4 - 4: T.Fortluft	12.2
2021-03-11 01:56:58.0	Ana5 - 5: T.Raum	9999.9
2021-03-11 01:56:58.0	Ana9 - 9: T.Zuluft WRG warm	19.2
2021-03-11 01:57:08.0	Ana1 - 1: T.Au?en	4.4
2021-03-11 01:57:08.0	Ana2 - 2: T.Zuluft	14.7
2021-03-11 01:57:08.0	Ana3 - 3: T.Abluft	20.0
2021-03-11 01:57:08.0	Ana4 - 4: T.Fortluft	12.2
2021-03-11 01:57:08.0	Ana5 - 5: T.Raum	9999.9
2021-03-11 01:57:08.0	Ana9 - 9: T.Zuluft WRG warm	19.2
2021-03-11 01:57:18.0	Ana1 - 1: T.Au?en	4.4
2021-03-11 01:57:18.0	Ana2 - 2: T.Zuluft	14.7
2021-03-11 01:57:18.0	Ana3 - 3: T.Abluft	20.0
2021-03-11 01:57:18.0	Ana4 - 4: T.Fortluft	12.2
2021-03-11 01:57:18.0	Ana5 - 5: T.Raum	9999.9
2021-03-11 01:57:18.0	Ana9 - 9: T.Zuluft WRG warm	19.2
2021-03-11 01:57:28.0	Ana1 - 1: T.Au?en	4.4
2021-03-11 01:57:28.0	Ana2 - 2: T.Zuluft	14.7
2021-03-11 01:57:28.0	Ana3 - 3: T.Abluft	20.0
2021-03-11 01:57:28.0	Ana4 - 4: T.Fortluft	12.2
2021-03-11 01:57:28.0	Ana5 - 5: T.Raum	9999.9
2021-03-11 01:57:28.0	Ana9 - 9: T.Zuluft WRG warm	19.2
2021-03-11 01:57:38.0	Ana1 - 1: T.Au?en	4.4
2021-03-11 01:57:38.0	Ana2 - 2: T.Zuluft	14.7
2021-03-11 01:57:38.0	Ana3 - 3: T.Abluft	20.0
2021-03-11 01:57:38.0	Ana4 - 4: T.Fortluft	12.2
2021-03-11 01:57:38.0	Ana5 - 5: T.Raum	9999.9
2021-03-11 01:57:38.0	Ana9 - 9: T.Zuluft WRG warm	19.2
2021-03-11 01:57:48.0	Ana1 - 1: T.Au?en	4.3
2021-03-11 01:57:48.0	Ana2 - 2: T.Zuluft	14.7
2021-03-11 01:57:48.0	Ana3 - 3: T.Abluft	20.0
2021-03-11 01:57:48.0	Ana4 - 4: T.Fortluft	12.2
2021-03-11 01:57:48.0	Ana5 - 5: T.Raum	9999.9
2021-03-11 01:57:48.0	Ana9 - 9: T.Zuluft WRG warm	19.2
2021-03-11 01:57:58.0	Ana1 - 1: T.Au?en	4.3
2021-03-11 01:57:58.0	Ana2 - 2: T.Zuluft	14.7
2021-03-11 01:57:58.0	Ana3 - 3: T.Abluft	20.0
2021-03-11 01:57:58.0	Ana4 - 4: T.Fortluft	12.2
2021-03-11 01:57:58.0	Ana5 - 5: T.Raum	9999.9
2021-03-11 01:57:58.0	Ana9 - 9: T.Zuluft WRG warm	19.2
2021-03-11 01:58:08.0	Ana1 - 1: T.Au?en	4.3
2021-03-11 01:58:08.0	Ana2 - 2: T.Zuluft	14.7
2021-03-11 01:58:08.0	Ana3 - 3: T.Abluft	20.0
2021-03-11 01:58:08.0	Ana4 - 4: T.Fortluft	12.2
2021-03-11 01:58:08.0	Ana5 - 5: T.Raum	9999.9
2021-03-11 01:58:08.0	Ana9 - 9: T.Zuluft WRG warm	19.2
2021-03-11 01:58:18.0	Ana1 - 1: T.Au?en	4.3
2021-03-11 01:58:18.0	Ana2 - 2: T.Zuluft	14.7
2021-03-11 01:58:18.0	Ana3 - 3: T.Abluft	20.0
2021-03-11 01:58:18.0	Ana4 - 4: T.Fortluft	12.2
2021-03-11 01:58:18.0	Ana5 - 5: T.Raum	9999.9
2021-03-11 01:58:18.0	Ana9 - 9: T.Zuluft WRG warm	19.2
2021-03-11 01:58:28.0	Ana1 - 1: T.Au?en	4.4
2021-03-11 01:58:28.0	Ana2 - 2: T.Zuluft	14.7
2021-03-11 01:58:28.0	Ana3 - 3: T.Abluft	20.0
2021-03-11 01:58:28.0	Ana4 - 4: T.Fortluft	12.2
2021-03-11 01:58:28.0	Ana5 - 5: T.Raum	9999.9
2021-03-11 01:58:28.0	Ana9 - 9: T.Zuluft WRG warm	19.2
2021-03-11 01:58:38.0	Ana1 - 1: T.Au?en	4.4
2021-03-11 01:58:38.0	Ana2 - 2: T.Zuluft	14.7
2021-03-11 01:58:38.0	Ana3 - 3: T.Abluft	20.0
2021-03-11 01:58:38.0	Ana4 - 4: T.Fortluft	12.2
2021-03-11 01:58:38.0	Ana5 - 5: T.Raum	9999.9
2021-03-11 01:58:38.0	Ana9 - 9: T.Zuluft WRG warm	19.2
2021-03-11 01:58:48.0	Ana1 - 1: T.Au?en	4.4
2021-03-11 01:58:48.0	Ana2 - 2: T.Zuluft	14.7
2021-03-11 01:58:48.0	Ana3 - 3: T.Abluft	20.0
2021-03-11 01:58:48.0	Ana4 - 4: T.Fortluft	12.2
2021-03-11 01:58:48.0	Ana5 - 5: T.Raum	9999.9
2021-03-11 01:58:48.0	Ana9 - 9: T.Zuluft WRG warm	19.2
2021-03-11 01:58:58.0	Ana1 - 1: T.Au?en	4.3
2021-03-11 01:58:58.0	Ana2 - 2: T.Zuluft	14.7
2021-03-11 01:58:58.0	Ana3 - 3: T.Abluft	20.0
2021-03-11 01:58:58.0	Ana4 - 4: T.Fortluft	12.2
2021-03-11 01:58:58.0	Ana5 - 5: T.Raum	9999.9
2021-03-11 01:58:58.0	Ana9 - 9: T.Zuluft WRG warm	19.2
2021-03-11 01:59:08.0	Ana1 - 1: T.Au?en	4.3
2021-03-11 01:59:08.0	Ana2 - 2: T.Zuluft	14.7
2021-03-11 01:59:08.0	Ana3 - 3: T.Abluft	20.0
2021-03-11 01:59:08.0	Ana4 - 4: T.Fortluft	12.2
2021-03-11 01:59:08.0	Ana5 - 5: T.Raum	9999.9
2021-03-11 01:59:08.0	Ana9 - 9: T.Zuluft WRG warm	19.2
2021-03-11 01:59:18.0	Ana1 - 1: T.Au?en	4.3
2021-03-11 01:59:18.0	Ana2 - 2: T.Zuluft	14.7
2021-03-11 01:59:18.0	Ana3 - 3: T.Abluft	20.0
2021-03-11 01:59:18.0	Ana4 - 4: T.Fortluft	12.2
2021-03-11 01:59:18.0	Ana5 - 5: T.Raum	9999.9
2021-03-11 01:59:18.0	Ana9 - 9: T.Zuluft WRG warm	19.2
2021-03-11 01:59:28.0	Ana1 - 1: T.Au?en	4.3
2021-03-11 01:59:28.0	Ana2 - 2: T.Zuluft	14.7
2021-03-11 01:59:28.0	Ana3 - 3: T.Abluft	20.0
2021-03-11 01:59:28.0	Ana4 - 4: T.Fortluft	12.2
2021-03-11 01:59:28.0	Ana5 - 5: T.Raum	9999.9
2021-03-11 01:59:28.0	Ana9 - 9: T.Zuluft WRG warm	19.2
2021-03-11 01:59:38.0	Ana1 - 1: T.Au?en	4.3
2021-03-11 01:59:38.0	Ana2 - 2: T.Zuluft	14.7
2021-03-11 01:59:38.0	Ana3 - 3: T.Abluft	20.0
2021-03-11 01:59:38.0	Ana4 - 4: T.Fortluft	12.2
2021-03-11 01:59:38.0	Ana5 - 5: T.Raum	9999.9
2021-03-11 01:59:38.0	Ana9 - 9: T.Zuluft WRG warm	19.2
2021-03-11 01:59:48.0	Ana1 - 1: T.Au?en	4.3
2021-03-11 01:59:48.0	Ana2 - 2: T.Zuluft	14.7
2021-03-11 01:59:48.0	Ana3 - 3: T.Abluft	20.0
2021-03-11 01:59:48.0	Ana4 - 4: T.Fortluft	12.2
2021-03-11 01:59:48.0	Ana5 - 5: T.Raum	9999.9
2021-03-11 01:59:48.0	Ana9 - 9: T.Zuluft WRG warm	19.2
2021-03-11 01:59:58.0	Ana1 - 1: T.Au?en	4.3
2021-03-11 01:59:58.0	Ana2 - 2: T.Zuluft	14.7
2021-03-11 01:59:58.0	Ana3 - 3: T.Abluft	20.0
2021-03-11 01:59:58.0	Ana4 - 4: T.Fortluft	12.2
2021-03-11 01:59:58.0	Ana5 - 5: T.Raum	9999.9
2021-03-11 01:59:58.0	Ana9 - 9: T.Zuluft WRG warm	19.2
2021-03-11 02:00:08.0	Ana1 - 1: T.Au?en	4.4
2021-03-11 02:00:08.0	Ana2 - 2: T.Zuluft	14.7
2021-03-11 02:00:08.0	Ana3 - 3: T.Abluft	20.0
2021-03-11 02:00:08.0	Ana4 - 4: T.Fortluft	12.2
2021-03-11 02:00:08.0	Ana5 - 5: T.Raum	9999.9
2021-03-11 02:00:08.0	Ana9 - 9: T.Zuluft WRG warm	19.2
2021-03-11 02:00:18.0	Ana1 - 1: T.Au?en	4.4
2021-03-11 02:00:18.0	Ana2 - 2: T.Zuluft	14.7
2021-03-11 02:00:18.0	Ana3 - 3: T.Abluft	20.0
2021-03-11 02:00:18.0	Ana4 - 4: T.Fortluft	12.2
2021-03-11 02:00:18.0	Ana5 - 5: T.Raum	9999.9
2021-03-11 02:00:18.0	Ana9 - 9: T.Zuluft WRG warm	19.2
2021-03-11 02:00:28.0	Ana1 - 1: T.Au?en	4.4
2021-03-11 02:00:28.0	Ana2 - 2: T.Zuluft	14.7
2021-03-11 02:00:28.0	Ana3 - 3: T.Abluft	20.0
2021-03-11 02:00:28.0	Ana4 - 4: T.Fortluft	12.2
2021-03-11 02:00:28.0	Ana5 - 5: T.Raum	9999.9
2021-03-11 02:00:28.0	Ana9 - 9: T.Zuluft WRG warm	19.2
2021-03-11 02:00:38.0	Ana1 - 1: T.Au?en	4.4
2021-03-11 02:00:38.0	Ana2 - 2: T.Zuluft	14.7
2021-03-11 02:00:38.0	Ana3 - 3: T.Abluft	20.0
2021-03-11 02:00:38.0	Ana4 - 4: T.Fortluft	12.2
2021-03-11 02:00:38.0	Ana5 - 5: T.Raum	9999.9
2021-03-11 02:00:38.0	Ana9 - 9: T.Zuluft WRG warm	19.2
2021-03-11 02:00:48.0	Ana1 - 1: T.Au?en	4.3
2021-03-11 02:00:48.0	Ana2 - 2: T.Zuluft	14.7
2021-03-11 02:00:48.0	Ana3 - 3: T.Abluft	20.0
2021-03-11 02:00:48.0	Ana4 - 4: T.Fortluft	12.2
2021-03-11 02:00:48.0	Ana5 - 5: T.Raum	9999.9
2021-03-11 02:00:48.0	Ana9 - 9: T.Zuluft WRG warm	19.2
2021-03-11 02:00:58.0	Ana1 - 1: T.Au?en	4.3
2021-03-11 02:00:58.0	Ana2 - 2: T.Zuluft	14.7
2021-03-11 02:00:58.0	Ana3 - 3: T.Abluft	20.0
2021-03-11 02:00:58.0	Ana4 - 4: T.Fortluft	12.2
2021-03-11 02:00:58.0	Ana5 - 5: T.Raum	9999.9
2021-03-11 02:00:58.0	Ana9 - 9: T.Zuluft WRG warm	19.2
2021-03-11 02:01:08.0	Ana1 - 1: T.Au?en	4.3
2021-03-11 02:01:08.0	Ana2 - 2: T.Zuluft	14.7
2021-03-11 02:01:08.0	Ana3 - 3: T.Abluft	20.0
2021-03-11 02:01:08.0	Ana4 - 4: T.Fortluft	12.2
2021-03-11 02:01:08.0	Ana5 - 5: T.Raum	9999.9
2021-03-11 02:01:08.0	Ana9 - 9: T.Zuluft WRG warm	19.2
2021-03-11 02:01:18.0	Ana1 - 1: T.Au?en	4.3
2021-03-11 02:01:18.0	Ana2 - 2: T.Zuluft	14.7
2021-03-11 02:01:18.0	Ana3 - 3: T.Abluft	20.0
2021-03-11 02:01:18.0	Ana4 - 4: T.Fortluft	12.2
2021-03-11 02:01:18.0	Ana5 - 5: T.Raum	9999.9
2021-03-11 02:01:18.0	Ana9 - 9: T.Zuluft WRG warm	19.2
2021-03-11 02:01:28.0	Ana1 - 1: T.Au?en	4.3
2021-03-11 02:01:28.0	Ana2 - 2: T.Zuluft	14.7
2021-03-11 02:01:28.0	Ana3 - 3: T.Abluft	20.0
2021-03-11 02:01:28.0	Ana4 - 4: T.Fortluft	12.2
2021-03-11 02:01:28.0	Ana5 - 5: T.Raum	9999.9
2021-03-11 02:01:28.0	Ana9 - 9: T.Zuluft WRG warm	19.2
2021-03-11 02:01:38.0	Ana1 - 1: T.Au?en	4.3
2021-03-11 02:01:38.0	Ana2 - 2: T.Zuluft	14.7
2021-03-11 02:01:38.0	Ana3 - 3: T.Abluft	20.0
2021-03-11 02:01:38.0	Ana4 - 4: T.Fortluft	12.2
2021-03-11 02:01:38.0	Ana5 - 5: T.Raum	9999.9
2021-03-11 02:01:38.0	Ana9 - 9: T.Zuluft WRG warm	19.2
2021-03-11 02:01:48.0	Ana1 - 1: T.Au?en	4.3
2021-03-11 02:01:48.0	Ana2 - 2: T.Zuluft	14.7
2021-03-11 02:01:48.0	Ana3 - 3: T.Abluft	20.0
2021-03-11 02:01:48.0	Ana4 - 4: T.Fortluft	12.2
2021-03-11 02:01:48.0	Ana5 - 5: T.Raum	9999.9
2021-03-11 02:01:48.0	Ana9 - 9: T.Zuluft WRG warm	19.2
2021-03-11 02:01:58.0	Ana1 - 1: T.Au?en	4.3
2021-03-11 02:01:58.0	Ana2 - 2: T.Zuluft	14.7
2021-03-11 02:01:58.0	Ana3 - 3: T.Abluft	20.0
2021-03-11 02:01:58.0	Ana4 - 4: T.Fortluft	12.2
2021-03-11 02:01:58.0	Ana5 - 5: T.Raum	9999.9
2021-03-11 02:01:58.0	Ana9 - 9: T.Zuluft WRG warm	19.2
2021-03-11 02:02:08.0	Ana1 - 1: T.Au?en	4.3
2021-03-11 02:02:08.0	Ana2 - 2: T.Zuluft	14.7
2021-03-11 02:02:08.0	Ana3 - 3: T.Abluft	20.0
2021-03-11 02:02:08.0	Ana4 - 4: T.Fortluft	12.2
2021-03-11 02:02:08.0	Ana5 - 5: T.Raum	9999.9
2021-03-11 02:02:08.0	Ana9 - 9: T.Zuluft WRG warm	19.2
2021-03-11 02:02:18.0	Ana1 - 1: T.Au?en	4.3
2021-03-11 02:02:18.0	Ana2 - 2: T.Zuluft	14.7
2021-03-11 02:02:18.0	Ana3 - 3: T.Abluft	20.0
2021-03-11 02:02:18.0	Ana4 - 4: T.Fortluft	12.2
2021-03-11 02:02:18.0	Ana5 - 5: T.Raum	9999.9
2021-03-11 02:02:18.0	Ana9 - 9: T.Zuluft WRG warm	19.2
2021-03-11 02:02:28.0	Ana1 - 1: T.Au?en	4.4
2021-03-11 02:02:28.0	Ana2 - 2: T.Zuluft	14.7
2021-03-11 02:02:28.0	Ana3 - 3: T.Abluft	20.0
2021-03-11 02:02:28.0	Ana4 - 4: T.Fortluft	12.2
2021-03-11 02:02:28.0	Ana5 - 5: T.Raum	9999.9
2021-03-11 02:02:28.0	Ana9 - 9: T.Zuluft WRG warm	19.2
2021-03-11 02:02:38.0	Ana1 - 1: T.Au?en	4.4
2021-03-11 02:02:38.0	Ana2 - 2: T.Zuluft	14.7
2021-03-11 02:02:38.0	Ana3 - 3: T.Abluft	20.0
2021-03-11 02:02:38.0	Ana4 - 4: T.Fortluft	12.2
2021-03-11 02:02:38.0	Ana5 - 5: T.Raum	9999.9
2021-03-11 02:02:38.0	Ana9 - 9: T.Zuluft WRG warm	19.2
2021-03-11 02:02:48.0	Ana1 - 1: T.Au?en	4.4
2021-03-11 02:02:48.0	Ana2 - 2: T.Zuluft	14.7
2021-03-11 02:02:48.0	Ana3 - 3: T.Abluft	20.0
2021-03-11 02:02:48.0	Ana4 - 4: T.Fortluft	12.2
2021-03-11 02:02:48.0	Ana5 - 5: T.Raum	9999.9
2021-03-11 02:02:48.0	Ana9 - 9: T.Zuluft WRG warm	19.2
2021-03-11 02:02:58.0	Ana1 - 1: T.Au?en	4.4
2021-03-11 02:02:58.0	Ana2 - 2: T.Zuluft	14.7
2021-03-11 02:02:58.0	Ana3 - 3: T.Abluft	20.0
2021-03-11 02:02:58.0	Ana4 - 4: T.Fortluft	12.2
2021-03-11 02:02:58.0	Ana5 - 5: T.Raum	9999.9
2021-03-11 02:02:58.0	Ana9 - 9: T.Zuluft WRG warm	19.2
2021-03-11 02:03:08.0	Ana1 - 1: T.Au?en	4.4
2021-03-11 02:03:08.0	Ana2 - 2: T.Zuluft	14.7
2021-03-11 02:03:08.0	Ana3 - 3: T.Abluft	20.0
2021-03-11 02:03:08.0	Ana4 - 4: T.Fortluft	12.2
2021-03-11 02:03:08.0	Ana5 - 5: T.Raum	9999.9
2021-03-11 02:03:08.0	Ana9 - 9: T.Zuluft WRG warm	19.2
2021-03-11 02:03:18.0	Ana1 - 1: T.Au?en	4.4
2021-03-11 02:03:18.0	Ana2 - 2: T.Zuluft	14.7
2021-03-11 02:03:18.0	Ana3 - 3: T.Abluft	20.0
2021-03-11 02:03:18.0	Ana4 - 4: T.Fortluft	12.1
2021-03-11 02:03:18.0	Ana5 - 5: T.Raum	9999.9
2021-03-11 02:03:18.0	Ana9 - 9: T.Zuluft WRG warm	19.2
2021-03-11 02:03:28.0	Ana1 - 1: T.Au?en	4.4
2021-03-11 02:03:28.0	Ana2 - 2: T.Zuluft	14.7
2021-03-11 02:03:28.0	Ana3 - 3: T.Abluft	20.0
2021-03-11 02:03:28.0	Ana4 - 4: T.Fortluft	12.2
2021-03-11 02:03:28.0	Ana5 - 5: T.Raum	9999.9
2021-03-11 02:03:28.0	Ana9 - 9: T.Zuluft WRG warm	19.2
2021-03-11 02:03:38.0	Ana1 - 1: T.Au?en	4.4
2021-03-11 02:03:38.0	Ana2 - 2: T.Zuluft	14.7
2021-03-11 02:03:38.0	Ana3 - 3: T.Abluft	20.0
2021-03-11 02:03:38.0	Ana4 - 4: T.Fortluft	12.2
2021-03-11 02:03:38.0	Ana5 - 5: T.Raum	9999.9
2021-03-11 02:03:38.0	Ana9 - 9: T.Zuluft WRG warm	19.2
2021-03-11 02:03:48.0	Ana1 - 1: T.Au?en	4.3
2021-03-11 02:03:48.0	Ana2 - 2: T.Zuluft	14.7
2021-03-11 02:03:48.0	Ana3 - 3: T.Abluft	20.0
2021-03-11 02:03:48.0	Ana4 - 4: T.Fortluft	12.2
2021-03-11 02:03:48.0	Ana5 - 5: T.Raum	9999.9
2021-03-11 02:03:48.0	Ana9 - 9: T.Zuluft WRG warm	19.2
2021-03-11 02:03:58.0	Ana1 - 1: T.Au?en	4.3
2021-03-11 02:03:58.0	Ana2 - 2: T.Zuluft	14.7
2021-03-11 02:03:58.0	Ana3 - 3: T.Abluft	20.0
2021-03-11 02:03:58.0	Ana4 - 4: T.Fortluft	12.2
2021-03-11 02:03:58.0	Ana5 - 5: T.Raum	9999.9
2021-03-11 02:03:58.0	Ana9 - 9: T.Zuluft WRG warm	19.2
2021-03-11 02:04:08.0	Ana1 - 1: T.Au?en	4.3
2021-03-11 02:04:08.0	Ana2 - 2: T.Zuluft	14.7
2021-03-11 02:04:08.0	Ana3 - 3: T.Abluft	20.0
2021-03-11 02:04:08.0	Ana4 - 4: T.Fortluft	12.1
2021-03-11 02:04:08.0	Ana5 - 5: T.Raum	9999.9
2021-03-11 02:04:08.0	Ana9 - 9: T.Zuluft WRG warm	19.2
2021-03-11 02:04:18.0	Ana1 - 1: T.Au?en	4.3
2021-03-11 02:04:18.0	Ana2 - 2: T.Zuluft	14.7
2021-03-11 02:04:18.0	Ana3 - 3: T.Abluft	20.0
2021-03-11 02:04:18.0	Ana4 - 4: T.Fortluft	12.2
2021-03-11 02:04:18.0	Ana5 - 5: T.Raum	9999.9
2021-03-11 02:04:18.0	Ana9 - 9: T.Zuluft WRG warm	19.2
2021-03-11 02:04:28.0	Ana1 - 1: T.Au?en	4.3
2021-03-11 02:04:28.0	Ana2 - 2: T.Zuluft	14.7
2021-03-11 02:04:28.0	Ana3 - 3: T.Abluft	20.0
2021-03-11 02:04:28.0	Ana4 - 4: T.Fortluft	12.2
2021-03-11 02:04:28.0	Ana5 - 5: T.Raum	9999.9
2021-03-11 02:04:28.0	Ana9 - 9: T.Zuluft WRG warm	19.2
2021-03-11 02:04:38.0	Ana1 - 1: T.Au?en	4.3
2021-03-11 02:04:38.0	Ana2 - 2: T.Zuluft	14.6
2021-03-11 02:04:38.0	Ana3 - 3: T.Abluft	20.0
2021-03-11 02:04:38.0	Ana4 - 4: T.Fortluft	12.2
2021-03-11 02:04:38.0	Ana5 - 5: T.Raum	9999.9
2021-03-11 02:04:38.0	Ana9 - 9: T.Zuluft WRG warm	19.2
2021-03-11 02:04:48.0	Ana1 - 1: T.Au?en	4.3
2021-03-11 02:04:48.0	Ana2 - 2: T.Zuluft	14.6
2021-03-11 02:04:48.0	Ana3 - 3: T.Abluft	20.0
2021-03-11 02:04:48.0	Ana4 - 4: T.Fortluft	12.1
2021-03-11 02:04:48.0	Ana5 - 5: T.Raum	9999.9
2021-03-11 02:04:48.0	Ana9 - 9: T.Zuluft WRG warm	19.2
2021-03-11 02:04:58.0	Ana1 - 1: T.Au?en	4.3
2021-03-11 02:04:58.0	Ana2 - 2: T.Zuluft	14.6
2021-03-11 02:04:58.0	Ana3 - 3: T.Abluft	20.0
2021-03-11 02:04:58.0	Ana4 - 4: T.Fortluft	12.1
2021-03-11 02:04:58.0	Ana5 - 5: T.Raum	9999.9
2021-03-11 02:04:58.0	Ana9 - 9: T.Zuluft WRG warm	19.2
2021-03-11 02:05:08.0	Ana1 - 1: T.Au?en	4.3
2021-03-11 02:05:08.0	Ana2 - 2: T.Zuluft	14.6
2021-03-11 02:05:08.0	Ana3 - 3: T.Abluft	20.0
2021-03-11 02:05:08.0	Ana4 - 4: T.Fortluft	12.1
2021-03-11 02:05:08.0	Ana5 - 5: T.Raum	9999.9
2021-03-11 02:05:08.0	Ana9 - 9: T.Zuluft WRG warm	19.2
2021-03-11 02:05:18.0	Ana1 - 1: T.Au?en	4.3
2021-03-11 02:05:18.0	Ana2 - 2: T.Zuluft	14.6
2021-03-11 02:05:18.0	Ana3 - 3: T.Abluft	20.0
2021-03-11 02:05:18.0	Ana4 - 4: T.Fortluft	12.2
2021-03-11 02:05:18.0	Ana5 - 5: T.Raum	9999.9
2021-03-11 02:05:18.0	Ana9 - 9: T.Zuluft WRG warm	19.2
2021-03-11 02:05:28.0	Ana1 - 1: T.Au?en	4.3
2021-03-11 02:05:28.0	Ana2 - 2: T.Zuluft	14.6
2021-03-11 02:05:28.0	Ana3 - 3: T.Abluft	20.0
2021-03-11 02:05:28.0	Ana4 - 4: T.Fortluft	12.1
2021-03-11 02:05:28.0	Ana5 - 5: T.Raum	9999.9
2021-03-11 02:05:28.0	Ana9 - 9: T.Zuluft WRG warm	19.2
2021-03-11 02:05:38.0	Ana1 - 1: T.Au?en	4.3
2021-03-11 02:05:38.0	Ana2 - 2: T.Zuluft	14.6
2021-03-11 02:05:38.0	Ana3 - 3: T.Abluft	20.0
2021-03-11 02:05:38.0	Ana4 - 4: T.Fortluft	12.1
2021-03-11 02:05:38.0	Ana5 - 5: T.Raum	9999.9
2021-03-11 02:05:38.0	Ana9 - 9: T.Zuluft WRG warm	19.2
2021-03-11 02:05:48.0	Ana1 - 1: T.Au?en	4.3
2021-03-11 02:05:48.0	Ana2 - 2: T.Zuluft	14.6
2021-03-11 02:05:48.0	Ana3 - 3: T.Abluft	20.0
2021-03-11 02:05:48.0	Ana4 - 4: T.Fortluft	12.1
2021-03-11 02:05:48.0	Ana5 - 5: T.Raum	9999.9
2021-03-11 02:05:48.0	Ana9 - 9: T.Zuluft WRG warm	19.2
2021-03-11 02:05:58.0	Ana1 - 1: T.Au?en	4.3
2021-03-11 02:05:58.0	Ana2 - 2: T.Zuluft	14.6
2021-03-11 02:05:58.0	Ana3 - 3: T.Abluft	20.0
2021-03-11 02:05:58.0	Ana4 - 4: T.Fortluft	12.1
2021-03-11 02:05:58.0	Ana5 - 5: T.Raum	9999.9
2021-03-11 02:05:58.0	Ana9 - 9: T.Zuluft WRG warm	19.2
2021-03-11 02:06:08.0	Ana1 - 1: T.Au?en	4.3
2021-03-11 02:06:08.0	Ana2 - 2: T.Zuluft	14.6
2021-03-11 02:06:08.0	Ana3 - 3: T.Abluft	20.0
2021-03-11 02:06:08.0	Ana4 - 4: T.Fortluft	12.1
2021-03-11 02:06:08.0	Ana5 - 5: T.Raum	9999.9
2021-03-11 02:06:08.0	Ana9 - 9: T.Zuluft WRG warm	19.2
2021-03-11 02:06:18.0	Ana1 - 1: T.Au?en	4.3
2021-03-11 02:06:18.0	Ana2 - 2: T.Zuluft	14.6
2021-03-11 02:06:18.0	Ana3 - 3: T.Abluft	20.0
2021-03-11 02:06:18.0	Ana4 - 4: T.Fortluft	12.1
2021-03-11 02:06:18.0	Ana5 - 5: T.Raum	9999.9
2021-03-11 02:06:18.0	Ana9 - 9: T.Zuluft WRG warm	19.2
2021-03-11 02:06:28.0	Ana1 - 1: T.Au?en	4.3
2021-03-11 02:06:28.0	Ana2 - 2: T.Zuluft	14.6
2021-03-11 02:06:28.0	Ana3 - 3: T.Abluft	20.0
2021-03-11 02:06:28.0	Ana4 - 4: T.Fortluft	12.1
2021-03-11 02:06:28.0	Ana5 - 5: T.Raum	9999.9
2021-03-11 02:06:28.0	Ana9 - 9: T.Zuluft WRG warm	19.2
2021-03-11 02:06:38.0	Ana1 - 1: T.Au?en	4.3
2021-03-11 02:06:38.0	Ana2 - 2: T.Zuluft	14.6
2021-03-11 02:06:38.0	Ana3 - 3: T.Abluft	20.0
2021-03-11 02:06:38.0	Ana4 - 4: T.Fortluft	12.1
2021-03-11 02:06:38.0	Ana5 - 5: T.Raum	9999.9
2021-03-11 02:06:38.0	Ana9 - 9: T.Zuluft WRG warm	19.2
2021-03-11 02:06:48.0	Ana1 - 1: T.Au?en	4.3
2021-03-11 02:06:48.0	Ana2 - 2: T.Zuluft	14.6
2021-03-11 02:06:48.0	Ana3 - 3: T.Abluft	20.0
2021-03-11 02:06:48.0	Ana4 - 4: T.Fortluft	12.1
2021-03-11 02:06:48.0	Ana5 - 5: T.Raum	9999.9
2021-03-11 02:06:48.0	Ana9 - 9: T.Zuluft WRG warm	19.2
2021-03-11 02:06:58.0	Ana1 - 1: T.Au?en	4.3
2021-03-11 02:06:58.0	Ana2 - 2: T.Zuluft	14.6
2021-03-11 02:06:58.0	Ana3 - 3: T.Abluft	20.0
2021-03-11 02:06:58.0	Ana4 - 4: T.Fortluft	12.1
2021-03-11 02:06:58.0	Ana5 - 5: T.Raum	9999.9
2021-03-11 02:06:58.0	Ana9 - 9: T.Zuluft WRG warm	19.2
2021-03-11 02:07:08.0	Ana1 - 1: T.Au?en	4.3
2021-03-11 02:07:08.0	Ana2 - 2: T.Zuluft	14.6
2021-03-11 02:07:08.0	Ana3 - 3: T.Abluft	20.0
2021-03-11 02:07:08.0	Ana4 - 4: T.Fortluft	12.1
2021-03-11 02:07:08.0	Ana5 - 5: T.Raum	9999.9
2021-03-11 02:07:08.0	Ana9 - 9: T.Zuluft WRG warm	19.2
2021-03-11 02:07:18.0	Ana1 - 1: T.Au?en	4.3
2021-03-11 02:07:18.0	Ana2 - 2: T.Zuluft	14.6
2021-03-11 02:07:18.0	Ana3 - 3: T.Abluft	20.0
2021-03-11 02:07:18.0	Ana4 - 4: T.Fortluft	12.1
2021-03-11 02:07:18.0	Ana5 - 5: T.Raum	9999.9
2021-03-11 02:07:18.0	Ana9 - 9: T.Zuluft WRG warm	19.2
2021-03-11 02:07:28.0	Ana1 - 1: T.Au?en	4.4
2021-03-11 02:07:28.0	Ana2 - 2: T.Zuluft	14.6
2021-03-11 02:07:28.0	Ana3 - 3: T.Abluft	20.0
2021-03-11 02:07:28.0	Ana4 - 4: T.Fortluft	12.1
2021-03-11 02:07:28.0	Ana5 - 5: T.Raum	9999.9
2021-03-11 02:07:28.0	Ana9 - 9: T.Zuluft WRG warm	19.2
2021-03-11 02:07:38.0	Ana1 - 1: T.Au?en	4.4
2021-03-11 02:07:38.0	Ana2 - 2: T.Zuluft	14.6
2021-03-11 02:07:38.0	Ana3 - 3: T.Abluft	20.0
2021-03-11 02:07:38.0	Ana4 - 4: T.Fortluft	12.1
2021-03-11 02:07:38.0	Ana5 - 5: T.Raum	9999.9
2021-03-11 02:07:38.0	Ana9 - 9: T.Zuluft WRG warm	19.2
2021-03-11 02:07:48.0	Ana1 - 1: T.Au?en	4.4
2021-03-11 02:07:48.0	Ana2 - 2: T.Zuluft	14.6
2021-03-11 02:07:48.0	Ana3 - 3: T.Abluft	20.0
2021-03-11 02:07:48.0	Ana4 - 4: T.Fortluft	12.1
2021-03-11 02:07:48.0	Ana5 - 5: T.Raum	9999.9
2021-03-11 02:07:48.0	Ana9 - 9: T.Zuluft WRG warm	19.2
2021-03-11 02:07:58.0	Ana1 - 1: T.Au?en	4.4
2021-03-11 02:07:58.0	Ana2 - 2: T.Zuluft	14.6
2021-03-11 02:07:58.0	Ana3 - 3: T.Abluft	20.0
2021-03-11 02:07:58.0	Ana4 - 4: T.Fortluft	12.1
2021-03-11 02:07:58.0	Ana5 - 5: T.Raum	9999.9
2021-03-11 02:07:58.0	Ana9 - 9: T.Zuluft WRG warm	19.2
2021-03-11 02:08:08.0	Ana1 - 1: T.Au?en	4.4
2021-03-11 02:08:08.0	Ana2 - 2: T.Zuluft	14.6
2021-03-11 02:08:08.0	Ana3 - 3: T.Abluft	20.0
2021-03-11 02:08:08.0	Ana4 - 4: T.Fortluft	12.1
2021-03-11 02:08:08.0	Ana5 - 5: T.Raum	9999.9
2021-03-11 02:08:08.0	Ana9 - 9: T.Zuluft WRG warm	19.2
2021-03-11 02:08:18.0	Ana1 - 1: T.Au?en	4.4
2021-03-11 02:08:18.0	Ana2 - 2: T.Zuluft	14.6
2021-03-11 02:08:18.0	Ana3 - 3: T.Abluft	20.0
2021-03-11 02:08:18.0	Ana4 - 4: T.Fortluft	12.1
2021-03-11 02:08:18.0	Ana5 - 5: T.Raum	9999.9
2021-03-11 02:08:18.0	Ana9 - 9: T.Zuluft WRG warm	19.2
2021-03-11 02:08:28.0	Ana1 - 1: T.Au?en	4.4
2021-03-11 02:08:28.0	Ana2 - 2: T.Zuluft	14.6
2021-03-11 02:08:28.0	Ana3 - 3: T.Abluft	20.0
2021-03-11 02:08:28.0	Ana4 - 4: T.Fortluft	12.1
2021-03-11 02:08:28.0	Ana5 - 5: T.Raum	9999.9
2021-03-11 02:08:28.0	Ana9 - 9: T.Zuluft WRG warm	19.1
2021-03-11 02:08:38.0	Ana1 - 1: T.Au?en	4.5
2021-03-11 02:08:38.0	Ana2 - 2: T.Zuluft	14.6
2021-03-11 02:08:38.0	Ana3 - 3: T.Abluft	20.0
2021-03-11 02:08:38.0	Ana4 - 4: T.Fortluft	12.1
2021-03-11 02:08:38.0	Ana5 - 5: T.Raum	9999.9
2021-03-11 02:08:38.0	Ana9 - 9: T.Zuluft WRG warm	19.2
2021-03-11 02:08:48.0	Ana1 - 1: T.Au?en	4.5
2021-03-11 02:08:48.0	Ana2 - 2: T.Zuluft	14.6
2021-03-11 02:08:48.0	Ana3 - 3: T.Abluft	20.0
2021-03-11 02:08:48.0	Ana4 - 4: T.Fortluft	12.1
2021-03-11 02:08:48.0	Ana5 - 5: T.Raum	9999.9
2021-03-11 02:08:48.0	Ana9 - 9: T.Zuluft WRG warm	19.2
2021-03-11 02:08:58.0	Ana1 - 1: T.Au?en	4.6
2021-03-11 02:08:58.0	Ana2 - 2: T.Zuluft	14.6
2021-03-11 02:08:58.0	Ana3 - 3: T.Abluft	20.0
2021-03-11 02:08:58.0	Ana4 - 4: T.Fortluft	12.1
2021-03-11 02:08:58.0	Ana5 - 5: T.Raum	9999.9
2021-03-11 02:08:58.0	Ana9 - 9: T.Zuluft WRG warm	19.2
2021-03-11 02:09:08.0	Ana1 - 1: T.Au?en	4.5
2021-03-11 02:09:08.0	Ana2 - 2: T.Zuluft	14.6
2021-03-11 02:09:08.0	Ana3 - 3: T.Abluft	20.0
2021-03-11 02:09:08.0	Ana4 - 4: T.Fortluft	12.1
2021-03-11 02:09:08.0	Ana5 - 5: T.Raum	9999.9
2021-03-11 02:09:08.0	Ana9 - 9: T.Zuluft WRG warm	19.2
2021-03-11 02:09:18.0	Ana1 - 1: T.Au?en	4.5
2021-03-11 02:09:18.0	Ana2 - 2: T.Zuluft	14.6
2021-03-11 02:09:18.0	Ana3 - 3: T.Abluft	20.0
2021-03-11 02:09:18.0	Ana4 - 4: T.Fortluft	12.1
2021-03-11 02:09:18.0	Ana5 - 5: T.Raum	9999.9
2021-03-11 02:09:18.0	Ana9 - 9: T.Zuluft WRG warm	19.2
2021-03-11 02:09:28.0	Ana1 - 1: T.Au?en	4.5
2021-03-11 02:09:28.0	Ana2 - 2: T.Zuluft	14.6
2021-03-11 02:09:28.0	Ana3 - 3: T.Abluft	20.0
2021-03-11 02:09:28.0	Ana4 - 4: T.Fortluft	12.1
2021-03-11 02:09:28.0	Ana5 - 5: T.Raum	9999.9
2021-03-11 02:09:28.0	Ana9 - 9: T.Zuluft WRG warm	19.2
2021-03-11 02:09:38.0	Ana1 - 1: T.Au?en	4.5
2021-03-11 02:09:38.0	Ana2 - 2: T.Zuluft	14.6
2021-03-11 02:09:38.0	Ana3 - 3: T.Abluft	20.0
2021-03-11 02:09:38.0	Ana4 - 4: T.Fortluft	12.1
2021-03-11 02:09:38.0	Ana5 - 5: T.Raum	9999.9
2021-03-11 02:09:38.0	Ana9 - 9: T.Zuluft WRG warm	19.2
2021-03-11 02:09:48.0	Ana1 - 1: T.Au?en	4.5
2021-03-11 02:09:48.0	Ana2 - 2: T.Zuluft	14.6
2021-03-11 02:09:48.0	Ana3 - 3: T.Abluft	20.0
2021-03-11 02:09:48.0	Ana4 - 4: T.Fortluft	12.1
2021-03-11 02:09:48.0	Ana5 - 5: T.Raum	9999.9
2021-03-11 02:09:48.0	Ana9 - 9: T.Zuluft WRG warm	19.2
2021-03-11 02:09:58.0	Ana1 - 1: T.Au?en	4.5
2021-03-11 02:09:58.0	Ana2 - 2: T.Zuluft	14.6
2021-03-11 02:09:58.0	Ana3 - 3: T.Abluft	20.0
2021-03-11 02:09:58.0	Ana4 - 4: T.Fortluft	12.1
2021-03-11 02:09:58.0	Ana5 - 5: T.Raum	9999.9
2021-03-11 02:09:58.0	Ana9 - 9: T.Zuluft WRG warm	19.2
2021-03-11 02:10:08.0	Ana1 - 1: T.Au?en	4.5
2021-03-11 02:10:08.0	Ana2 - 2: T.Zuluft	14.6
2021-03-11 02:10:08.0	Ana3 - 3: T.Abluft	20.0
2021-03-11 02:10:08.0	Ana4 - 4: T.Fortluft	12.1
2021-03-11 02:10:08.0	Ana5 - 5: T.Raum	9999.9
2021-03-11 02:10:08.0	Ana9 - 9: T.Zuluft WRG warm	19.2
2021-03-11 02:10:18.0	Ana1 - 1: T.Au?en	4.5
2021-03-11 02:10:18.0	Ana2 - 2: T.Zuluft	14.6
2021-03-11 02:10:18.0	Ana3 - 3: T.Abluft	20.0
2021-03-11 02:10:18.0	Ana4 - 4: T.Fortluft	12.1
2021-03-11 02:10:18.0	Ana5 - 5: T.Raum	9999.9
2021-03-11 02:10:18.0	Ana9 - 9: T.Zuluft WRG warm	19.2
2021-03-11 02:10:28.0	Ana1 - 1: T.Au?en	4.5
2021-03-11 02:10:28.0	Ana2 - 2: T.Zuluft	14.6
2021-03-11 02:10:28.0	Ana3 - 3: T.Abluft	20.0
2021-03-11 02:10:28.0	Ana4 - 4: T.Fortluft	12.1
2021-03-11 02:10:28.0	Ana5 - 5: T.Raum	9999.9
2021-03-11 02:10:28.0	Ana9 - 9: T.Zuluft WRG warm	19.2
2021-03-11 02:10:38.0	Ana1 - 1: T.Au?en	4.4
2021-03-11 02:10:38.0	Ana2 - 2: T.Zuluft	14.6
2021-03-11 02:10:38.0	Ana3 - 3: T.Abluft	20.0
2021-03-11 02:10:38.0	Ana4 - 4: T.Fortluft	12.1
2021-03-11 02:10:38.0	Ana5 - 5: T.Raum	9999.9
2021-03-11 02:10:38.0	Ana9 - 9: T.Zuluft WRG warm	19.2
2021-03-11 02:10:48.0	Ana1 - 1: T.Au?en	4.4
2021-03-11 02:10:48.0	Ana2 - 2: T.Zuluft	14.6
2021-03-11 02:10:48.0	Ana3 - 3: T.Abluft	20.0
2021-03-11 02:10:48.0	Ana4 - 4: T.Fortluft	12.1
2021-03-11 02:10:48.0	Ana5 - 5: T.Raum	9999.9
2021-03-11 02:10:48.0	Ana9 - 9: T.Zuluft WRG warm	19.2
2021-03-11 02:10:58.0	Ana1 - 1: T.Au?en	4.4
2021-03-11 02:10:58.0	Ana2 - 2: T.Zuluft	14.6
2021-03-11 02:10:58.0	Ana3 - 3: T.Abluft	20.0
2021-03-11 02:10:58.0	Ana4 - 4: T.Fortluft	12.1
2021-03-11 02:10:58.0	Ana5 - 5: T.Raum	9999.9
2021-03-11 02:10:58.0	Ana9 - 9: T.Zuluft WRG warm	19.2
2021-03-11 02:11:08.0	Ana1 - 1: T.Au?en	4.3
2021-03-11 02:11:08.0	Ana2 - 2: T.Zuluft	14.6
2021-03-11 02:11:08.0	Ana3 - 3: T.Abluft	20.0
2021-03-11 02:11:08.0	Ana4 - 4: T.Fortluft	12.1
2021-03-11 02:11:08.0	Ana5 - 5: T.Raum	9999.9
2021-03-11 02:11:08.0	Ana9 - 9: T.Zuluft WRG warm	19.2
2021-03-11 02:11:18.0	Ana1 - 1: T.Au?en	4.2
2021-03-11 02:11:18.0	Ana2 - 2: T.Zuluft	14.6
2021-03-11 02:11:18.0	Ana3 - 3: T.Abluft	20.0
2021-03-11 02:11:18.0	Ana4 - 4: T.Fortluft	12.1
2021-03-11 02:11:18.0	Ana5 - 5: T.Raum	9999.9
2021-03-11 02:11:18.0	Ana9 - 9: T.Zuluft WRG warm	19.2
2021-03-11 02:11:28.0	Ana1 - 1: T.Au?en	4.2
2021-03-11 02:11:28.0	Ana2 - 2: T.Zuluft	14.6
2021-03-11 02:11:28.0	Ana3 - 3: T.Abluft	20.0
2021-03-11 02:11:28.0	Ana4 - 4: T.Fortluft	12.1
2021-03-11 02:11:28.0	Ana5 - 5: T.Raum	9999.9
2021-03-11 02:11:28.0	Ana9 - 9: T.Zuluft WRG warm	19.2
2021-03-11 02:11:38.0	Ana1 - 1: T.Au?en	4.1
2021-03-11 02:11:38.0	Ana2 - 2: T.Zuluft	14.6
2021-03-11 02:11:38.0	Ana3 - 3: T.Abluft	20.0
2021-03-11 02:11:38.0	Ana4 - 4: T.Fortluft	12.1
2021-03-11 02:11:38.0	Ana5 - 5: T.Raum	9999.9
2021-03-11 02:11:38.0	Ana9 - 9: T.Zuluft WRG warm	19.2
2021-03-11 02:11:48.0	Ana1 - 1: T.Au?en	4.1
2021-03-11 02:11:48.0	Ana2 - 2: T.Zuluft	14.6
2021-03-11 02:11:48.0	Ana3 - 3: T.Abluft	20.0
2021-03-11 02:11:48.0	Ana4 - 4: T.Fortluft	12.1
2021-03-11 02:11:48.0	Ana5 - 5: T.Raum	9999.9
2021-03-11 02:11:48.0	Ana9 - 9: T.Zuluft WRG warm	19.1
2021-03-11 02:11:58.0	Ana1 - 1: T.Au?en	4.1
2021-03-11 02:11:58.0	Ana2 - 2: T.Zuluft	14.6
2021-03-11 02:11:58.0	Ana3 - 3: T.Abluft	20.0
2021-03-11 02:11:58.0	Ana4 - 4: T.Fortluft	12.1
2021-03-11 02:11:58.0	Ana5 - 5: T.Raum	9999.9
2021-03-11 02:11:58.0	Ana9 - 9: T.Zuluft WRG warm	19.2
2021-03-11 02:12:08.0	Ana1 - 1: T.Au?en	4.1
2021-03-11 02:12:08.0	Ana2 - 2: T.Zuluft	14.6
2021-03-11 02:12:08.0	Ana3 - 3: T.Abluft	20.0
2021-03-11 02:12:08.0	Ana4 - 4: T.Fortluft	12.1
2021-03-11 02:12:08.0	Ana5 - 5: T.Raum	9999.9
2021-03-11 02:12:08.0	Ana9 - 9: T.Zuluft WRG warm	19.2
2021-03-11 02:12:18.0	Ana1 - 1: T.Au?en	4.1
2021-03-11 02:12:18.0	Ana2 - 2: T.Zuluft	14.6
2021-03-11 02:12:18.0	Ana3 - 3: T.Abluft	20.0
2021-03-11 02:12:18.0	Ana4 - 4: T.Fortluft	12.1
2021-03-11 02:12:18.0	Ana5 - 5: T.Raum	9999.9
2021-03-11 02:12:18.0	Ana9 - 9: T.Zuluft WRG warm	19.2
2021-03-11 02:12:28.0	Ana1 - 1: T.Au?en	4.1
2021-03-11 02:12:28.0	Ana2 - 2: T.Zuluft	14.6
2021-03-11 02:12:28.0	Ana3 - 3: T.Abluft	20.0
2021-03-11 02:12:28.0	Ana4 - 4: T.Fortluft	12.1
2021-03-11 02:12:28.0	Ana5 - 5: T.Raum	9999.9
2021-03-11 02:12:28.0	Ana9 - 9: T.Zuluft WRG warm	19.2
2021-03-11 02:12:38.0	Ana1 - 1: T.Au?en	4.1
2021-03-11 02:12:38.0	Ana2 - 2: T.Zuluft	14.6
2021-03-11 02:12:38.0	Ana3 - 3: T.Abluft	20.0
2021-03-11 02:12:38.0	Ana4 - 4: T.Fortluft	12.1
2021-03-11 02:12:38.0	Ana5 - 5: T.Raum	9999.9
2021-03-11 02:12:38.0	Ana9 - 9: T.Zuluft WRG warm	19.1
2021-03-11 02:12:48.0	Ana1 - 1: T.Au?en	4.1
2021-03-11 02:12:48.0	Ana2 - 2: T.Zuluft	14.6
2021-03-11 02:12:48.0	Ana3 - 3: T.Abluft	20.0
2021-03-11 02:12:48.0	Ana4 - 4: T.Fortluft	12.1
2021-03-11 02:12:48.0	Ana5 - 5: T.Raum	9999.9
2021-03-11 02:12:48.0	Ana9 - 9: T.Zuluft WRG warm	19.2
2021-03-11 02:12:58.0	Ana1 - 1: T.Au?en	4.2
2021-03-11 02:12:58.0	Ana2 - 2: T.Zuluft	14.6
2021-03-11 02:12:58.0	Ana3 - 3: T.Abluft	20.0
2021-03-11 02:12:58.0	Ana4 - 4: T.Fortluft	12.1
2021-03-11 02:12:58.0	Ana5 - 5: T.Raum	9999.9
2021-03-11 02:12:58.0	Ana9 - 9: T.Zuluft WRG warm	19.1
2021-03-11 02:13:08.0	Ana1 - 1: T.Au?en	4.2
2021-03-11 02:13:08.0	Ana2 - 2: T.Zuluft	14.6
2021-03-11 02:13:08.0	Ana3 - 3: T.Abluft	20.0
2021-03-11 02:13:08.0	Ana4 - 4: T.Fortluft	12.1
2021-03-11 02:13:08.0	Ana5 - 5: T.Raum	9999.9
2021-03-11 02:13:08.0	Ana9 - 9: T.Zuluft WRG warm	19.1
2021-03-11 02:13:18.0	Ana1 - 1: T.Au?en	4.2
2021-03-11 02:13:18.0	Ana2 - 2: T.Zuluft	14.6
2021-03-11 02:13:18.0	Ana3 - 3: T.Abluft	20.0
2021-03-11 02:13:18.0	Ana4 - 4: T.Fortluft	12.1
2021-03-11 02:13:18.0	Ana5 - 5: T.Raum	9999.9
2021-03-11 02:13:18.0	Ana9 - 9: T.Zuluft WRG warm	19.1
2021-03-11 02:13:28.0	Ana1 - 1: T.Au?en	4.3
2021-03-11 02:13:28.0	Ana2 - 2: T.Zuluft	14.6
2021-03-11 02:13:28.0	Ana3 - 3: T.Abluft	20.0
2021-03-11 02:13:28.0	Ana4 - 4: T.Fortluft	12.1
2021-03-11 02:13:28.0	Ana5 - 5: T.Raum	9999.9
2021-03-11 02:13:28.0	Ana9 - 9: T.Zuluft WRG warm	19.1
2021-03-11 02:13:38.0	Ana1 - 1: T.Au?en	4.3
2021-03-11 02:13:38.0	Ana2 - 2: T.Zuluft	14.6
2021-03-11 02:13:38.0	Ana3 - 3: T.Abluft	20.0
2021-03-11 02:13:38.0	Ana4 - 4: T.Fortluft	12.1
2021-03-11 02:13:38.0	Ana5 - 5: T.Raum	9999.9
2021-03-11 02:13:38.0	Ana9 - 9: T.Zuluft WRG warm	19.1
2021-03-11 02:13:48.0	Ana1 - 1: T.Au?en	4.3
2021-03-11 02:13:48.0	Ana2 - 2: T.Zuluft	14.6
2021-03-11 02:13:48.0	Ana3 - 3: T.Abluft	20.0
2021-03-11 02:13:48.0	Ana4 - 4: T.Fortluft	12.1
2021-03-11 02:13:48.0	Ana5 - 5: T.Raum	9999.9
2021-03-11 02:13:48.0	Ana9 - 9: T.Zuluft WRG warm	19.1
2021-03-11 02:13:58.0	Ana1 - 1: T.Au?en	4.4
2021-03-11 02:13:58.0	Ana2 - 2: T.Zuluft	14.6
2021-03-11 02:13:58.0	Ana3 - 3: T.Abluft	20.0
2021-03-11 02:13:58.0	Ana4 - 4: T.Fortluft	12.1
2021-03-11 02:13:58.0	Ana5 - 5: T.Raum	9999.9
2021-03-11 02:13:58.0	Ana9 - 9: T.Zuluft WRG warm	19.1
2021-03-11 02:14:08.0	Ana1 - 1: T.Au?en	4.4
2021-03-11 02:14:08.0	Ana2 - 2: T.Zuluft	14.6
2021-03-11 02:14:08.0	Ana3 - 3: T.Abluft	20.0
2021-03-11 02:14:08.0	Ana4 - 4: T.Fortluft	12.1
2021-03-11 02:14:08.0	Ana5 - 5: T.Raum	9999.9
2021-03-11 02:14:08.0	Ana9 - 9: T.Zuluft WRG warm	19.1
2021-03-11 02:14:18.0	Ana1 - 1: T.Au?en	4.3
2021-03-11 02:14:18.0	Ana2 - 2: T.Zuluft	14.6
2021-03-11 02:14:18.0	Ana3 - 3: T.Abluft	20.0
2021-03-11 02:14:18.0	Ana4 - 4: T.Fortluft	12.1
2021-03-11 02:14:18.0	Ana5 - 5: T.Raum	9999.9
2021-03-11 02:14:18.0	Ana9 - 9: T.Zuluft WRG warm	19.1
2021-03-11 02:14:28.0	Ana1 - 1: T.Au?en	4.3
2021-03-11 02:14:28.0	Ana2 - 2: T.Zuluft	14.6
2021-03-11 02:14:28.0	Ana3 - 3: T.Abluft	20.0
2021-03-11 02:14:28.0	Ana4 - 4: T.Fortluft	12.1
2021-03-11 02:14:28.0	Ana5 - 5: T.Raum	9999.9
2021-03-11 02:14:28.0	Ana9 - 9: T.Zuluft WRG warm	19.1
2021-03-11 02:14:38.0	Ana1 - 1: T.Au?en	4.2
2021-03-11 02:14:38.0	Ana2 - 2: T.Zuluft	14.6
2021-03-11 02:14:38.0	Ana3 - 3: T.Abluft	20.0
2021-03-11 02:14:38.0	Ana4 - 4: T.Fortluft	12.1
2021-03-11 02:14:38.0	Ana5 - 5: T.Raum	9999.9
2021-03-11 02:14:38.0	Ana9 - 9: T.Zuluft WRG warm	19.2
2021-03-11 02:14:48.0	Ana1 - 1: T.Au?en	4.2
2021-03-11 02:14:48.0	Ana2 - 2: T.Zuluft	14.6
2021-03-11 02:14:48.0	Ana3 - 3: T.Abluft	20.0
2021-03-11 02:14:48.0	Ana4 - 4: T.Fortluft	12.1
2021-03-11 02:14:48.0	Ana5 - 5: T.Raum	9999.9
2021-03-11 02:14:48.0	Ana9 - 9: T.Zuluft WRG warm	19.1
2021-03-11 02:14:58.0	Ana1 - 1: T.Au?en	4.1
2021-03-11 02:14:58.0	Ana2 - 2: T.Zuluft	14.6
2021-03-11 02:14:58.0	Ana3 - 3: T.Abluft	20.0
2021-03-11 02:14:58.0	Ana4 - 4: T.Fortluft	12.1
2021-03-11 02:14:58.0	Ana5 - 5: T.Raum	9999.9
2021-03-11 02:14:58.0	Ana9 - 9: T.Zuluft WRG warm	19.1
2021-03-11 02:15:08.0	Ana1 - 1: T.Au?en	4.1
2021-03-11 02:15:08.0	Ana2 - 2: T.Zuluft	14.6
2021-03-11 02:15:08.0	Ana3 - 3: T.Abluft	20.0
2021-03-11 02:15:08.0	Ana4 - 4: T.Fortluft	12.1
2021-03-11 02:15:08.0	Ana5 - 5: T.Raum	9999.9
2021-03-11 02:15:08.0	Ana9 - 9: T.Zuluft WRG warm	19.1
2021-03-11 02:15:18.0	Ana1 - 1: T.Au?en	4.1
2021-03-11 02:15:18.0	Ana2 - 2: T.Zuluft	14.6
2021-03-11 02:15:18.0	Ana3 - 3: T.Abluft	20.0
2021-03-11 02:15:18.0	Ana4 - 4: T.Fortluft	12.1
2021-03-11 02:15:18.0	Ana5 - 5: T.Raum	9999.9
2021-03-11 02:15:18.0	Ana9 - 9: T.Zuluft WRG warm	19.1
2021-03-11 02:15:28.0	Ana1 - 1: T.Au?en	4.0
2021-03-11 02:15:28.0	Ana2 - 2: T.Zuluft	14.6
2021-03-11 02:15:28.0	Ana3 - 3: T.Abluft	20.0
2021-03-11 02:15:28.0	Ana4 - 4: T.Fortluft	12.1
2021-03-11 02:15:28.0	Ana5 - 5: T.Raum	9999.9
2021-03-11 02:15:28.0	Ana9 - 9: T.Zuluft WRG warm	19.1
2021-03-11 02:15:38.0	Ana1 - 1: T.Au?en	4.0
2021-03-11 02:15:38.0	Ana2 - 2: T.Zuluft	14.6
2021-03-11 02:15:38.0	Ana3 - 3: T.Abluft	20.0
2021-03-11 02:15:38.0	Ana4 - 4: T.Fortluft	12.1
2021-03-11 02:15:38.0	Ana5 - 5: T.Raum	9999.9
2021-03-11 02:15:38.0	Ana9 - 9: T.Zuluft WRG warm	19.1
2021-03-11 02:15:48.0	Ana1 - 1: T.Au?en	4.0
2021-03-11 02:15:48.0	Ana2 - 2: T.Zuluft	14.6
2021-03-11 02:15:48.0	Ana3 - 3: T.Abluft	20.0
2021-03-11 02:15:48.0	Ana4 - 4: T.Fortluft	12.1
2021-03-11 02:15:48.0	Ana5 - 5: T.Raum	9999.9
2021-03-11 02:15:48.0	Ana9 - 9: T.Zuluft WRG warm	19.1
2021-03-11 02:15:58.0	Ana1 - 1: T.Au?en	4.0
2021-03-11 02:15:58.0	Ana2 - 2: T.Zuluft	14.6
2021-03-11 02:15:58.0	Ana3 - 3: T.Abluft	20.0
2021-03-11 02:15:58.0	Ana4 - 4: T.Fortluft	12.1
2021-03-11 02:15:58.0	Ana5 - 5: T.Raum	9999.9
2021-03-11 02:15:58.0	Ana9 - 9: T.Zuluft WRG warm	19.1
2021-03-11 02:16:08.0	Ana1 - 1: T.Au?en	4.0
2021-03-11 02:16:08.0	Ana2 - 2: T.Zuluft	14.6
2021-03-11 02:16:08.0	Ana3 - 3: T.Abluft	20.0
2021-03-11 02:16:08.0	Ana4 - 4: T.Fortluft	12.1
2021-03-11 02:16:08.0	Ana5 - 5: T.Raum	9999.9
2021-03-11 02:16:08.0	Ana9 - 9: T.Zuluft WRG warm	19.1
2021-03-11 02:16:18.0	Ana1 - 1: T.Au?en	4.0
2021-03-11 02:16:18.0	Ana2 - 2: T.Zuluft	14.6
2021-03-11 02:16:18.0	Ana3 - 3: T.Abluft	20.0
2021-03-11 02:16:18.0	Ana4 - 4: T.Fortluft	12.1
2021-03-11 02:16:18.0	Ana5 - 5: T.Raum	9999.9
2021-03-11 02:16:18.0	Ana9 - 9: T.Zuluft WRG warm	19.1
2021-03-11 02:16:28.0	Ana1 - 1: T.Au?en	4.1
2021-03-11 02:16:28.0	Ana2 - 2: T.Zuluft	14.6
2021-03-11 02:16:28.0	Ana3 - 3: T.Abluft	20.0
2021-03-11 02:16:28.0	Ana4 - 4: T.Fortluft	12.1
2021-03-11 02:16:28.0	Ana5 - 5: T.Raum	9999.9
2021-03-11 02:16:28.0	Ana9 - 9: T.Zuluft WRG warm	19.1
2021-03-11 02:16:38.0	Ana1 - 1: T.Au?en	4.1
2021-03-11 02:16:38.0	Ana2 - 2: T.Zuluft	14.5
2021-03-11 02:16:38.0	Ana3 - 3: T.Abluft	20.0
2021-03-11 02:16:38.0	Ana4 - 4: T.Fortluft	12.1
2021-03-11 02:16:38.0	Ana5 - 5: T.Raum	9999.9
2021-03-11 02:16:38.0	Ana9 - 9: T.Zuluft WRG warm	19.1
2021-03-11 02:16:48.0	Ana1 - 1: T.Au?en	4.1
2021-03-11 02:16:48.0	Ana2 - 2: T.Zuluft	14.5
2021-03-11 02:16:48.0	Ana3 - 3: T.Abluft	19.9
2021-03-11 02:16:48.0	Ana4 - 4: T.Fortluft	12.1
2021-03-11 02:16:48.0	Ana5 - 5: T.Raum	9999.9
2021-03-11 02:16:48.0	Ana9 - 9: T.Zuluft WRG warm	19.1
2021-03-11 02:16:58.0	Ana1 - 1: T.Au?en	4.1
2021-03-11 02:16:58.0	Ana2 - 2: T.Zuluft	14.5
2021-03-11 02:16:58.0	Ana3 - 3: T.Abluft	19.9
2021-03-11 02:16:58.0	Ana4 - 4: T.Fortluft	12.0
2021-03-11 02:16:58.0	Ana5 - 5: T.Raum	9999.9
2021-03-11 02:16:58.0	Ana9 - 9: T.Zuluft WRG warm	19.1
2021-03-11 02:17:08.0	Ana1 - 1: T.Au?en	4.1
2021-03-11 02:17:08.0	Ana2 - 2: T.Zuluft	14.5
2021-03-11 02:17:08.0	Ana3 - 3: T.Abluft	20.0
2021-03-11 02:17:08.0	Ana4 - 4: T.Fortluft	12.0
2021-03-11 02:17:08.0	Ana5 - 5: T.Raum	9999.9
2021-03-11 02:17:08.0	Ana9 - 9: T.Zuluft WRG warm	19.1
2021-03-11 02:17:18.0	Ana1 - 1: T.Au?en	4.1
2021-03-11 02:17:18.0	Ana2 - 2: T.Zuluft	14.5
2021-03-11 02:17:18.0	Ana3 - 3: T.Abluft	20.0
2021-03-11 02:17:18.0	Ana4 - 4: T.Fortluft	12.0
2021-03-11 02:17:18.0	Ana5 - 5: T.Raum	9999.9
2021-03-11 02:17:18.0	Ana9 - 9: T.Zuluft WRG warm	19.1
2021-03-11 02:17:28.0	Ana1 - 1: T.Au?en	4.1
2021-03-11 02:17:28.0	Ana2 - 2: T.Zuluft	14.5
2021-03-11 02:17:28.0	Ana3 - 3: T.Abluft	19.9
2021-03-11 02:17:28.0	Ana4 - 4: T.Fortluft	12.1
2021-03-11 02:17:28.0	Ana5 - 5: T.Raum	9999.9
2021-03-11 02:17:28.0	Ana9 - 9: T.Zuluft WRG warm	19.1
2021-03-11 02:17:38.0	Ana1 - 1: T.Au?en	4.1
2021-03-11 02:17:38.0	Ana2 - 2: T.Zuluft	14.5
2021-03-11 02:17:38.0	Ana3 - 3: T.Abluft	19.9
2021-03-11 02:17:38.0	Ana4 - 4: T.Fortluft	12.1
2021-03-11 02:17:38.0	Ana5 - 5: T.Raum	9999.9
2021-03-11 02:17:38.0	Ana9 - 9: T.Zuluft WRG warm	19.1
2021-03-11 02:17:48.0	Ana1 - 1: T.Au?en	4.1
2021-03-11 02:17:48.0	Ana2 - 2: T.Zuluft	14.5
2021-03-11 02:17:48.0	Ana3 - 3: T.Abluft	19.9
2021-03-11 02:17:48.0	Ana4 - 4: T.Fortluft	12.1
2021-03-11 02:17:48.0	Ana5 - 5: T.Raum	9999.9
2021-03-11 02:17:48.0	Ana9 - 9: T.Zuluft WRG warm	19.1
2021-03-11 02:17:58.0	Ana1 - 1: T.Au?en	4.1
2021-03-11 02:17:58.0	Ana2 - 2: T.Zuluft	14.5
2021-03-11 02:17:58.0	Ana3 - 3: T.Abluft	19.9
2021-03-11 02:17:58.0	Ana4 - 4: T.Fortluft	12.1
2021-03-11 02:17:58.0	Ana5 - 5: T.Raum	9999.9
2021-03-11 02:17:58.0	Ana9 - 9: T.Zuluft WRG warm	19.1
2021-03-11 02:18:08.0	Ana1 - 1: T.Au?en	4.1
2021-03-11 02:18:08.0	Ana2 - 2: T.Zuluft	14.5
2021-03-11 02:18:08.0	Ana3 - 3: T.Abluft	20.0
2021-03-11 02:18:08.0	Ana4 - 4: T.Fortluft	12.1
2021-03-11 02:18:08.0	Ana5 - 5: T.Raum	9999.9
2021-03-11 02:18:08.0	Ana9 - 9: T.Zuluft WRG warm	19.1
2021-03-11 02:18:18.0	Ana1 - 1: T.Au?en	4.1
2021-03-11 02:18:18.0	Ana2 - 2: T.Zuluft	14.5
2021-03-11 02:18:18.0	Ana3 - 3: T.Abluft	19.9
2021-03-11 02:18:18.0	Ana4 - 4: T.Fortluft	12.1
2021-03-11 02:18:18.0	Ana5 - 5: T.Raum	9999.9
2021-03-11 02:18:18.0	Ana9 - 9: T.Zuluft WRG warm	19.1
2021-03-11 02:18:28.0	Ana1 - 1: T.Au?en	4.1
2021-03-11 02:18:28.0	Ana2 - 2: T.Zuluft	14.5
2021-03-11 02:18:28.0	Ana3 - 3: T.Abluft	19.9
2021-03-11 02:18:28.0	Ana4 - 4: T.Fortluft	12.1
2021-03-11 02:18:28.0	Ana5 - 5: T.Raum	9999.9
2021-03-11 02:18:28.0	Ana9 - 9: T.Zuluft WRG warm	19.1
2021-03-11 02:18:38.0	Ana1 - 1: T.Au?en	4.1
2021-03-11 02:18:38.0	Ana2 - 2: T.Zuluft	14.5
2021-03-11 02:18:38.0	Ana3 - 3: T.Abluft	19.9
2021-03-11 02:18:38.0	Ana4 - 4: T.Fortluft	12.1
2021-03-11 02:18:38.0	Ana5 - 5: T.Raum	9999.9
2021-03-11 02:18:38.0	Ana9 - 9: T.Zuluft WRG warm	19.1
2021-03-11 02:18:48.0	Ana1 - 1: T.Au?en	4.1
2021-03-11 02:18:48.0	Ana2 - 2: T.Zuluft	14.5
2021-03-11 02:18:48.0	Ana3 - 3: T.Abluft	19.9
2021-03-11 02:18:48.0	Ana4 - 4: T.Fortluft	12.1
2021-03-11 02:18:48.0	Ana5 - 5: T.Raum	9999.9
2021-03-11 02:18:48.0	Ana9 - 9: T.Zuluft WRG warm	19.1
2021-03-11 02:18:58.0	Ana1 - 1: T.Au?en	4.1
2021-03-11 02:18:58.0	Ana2 - 2: T.Zuluft	14.5
2021-03-11 02:18:58.0	Ana3 - 3: T.Abluft	20.0
2021-03-11 02:18:58.0	Ana4 - 4: T.Fortluft	12.1
2021-03-11 02:18:58.0	Ana5 - 5: T.Raum	9999.9
2021-03-11 02:18:58.0	Ana9 - 9: T.Zuluft WRG warm	19.1
2021-03-11 02:19:08.0	Ana1 - 1: T.Au?en	4.1
2021-03-11 02:19:08.0	Ana2 - 2: T.Zuluft	14.5
2021-03-11 02:19:08.0	Ana3 - 3: T.Abluft	19.9
2021-03-11 02:19:08.0	Ana4 - 4: T.Fortluft	12.1
2021-03-11 02:19:08.0	Ana5 - 5: T.Raum	9999.9
2021-03-11 02:19:08.0	Ana9 - 9: T.Zuluft WRG warm	19.1
2021-03-11 02:19:18.0	Ana1 - 1: T.Au?en	4.1
2021-03-11 02:19:18.0	Ana2 - 2: T.Zuluft	14.5
2021-03-11 02:19:18.0	Ana3 - 3: T.Abluft	19.9
2021-03-11 02:19:18.0	Ana4 - 4: T.Fortluft	12.0
2021-03-11 02:19:18.0	Ana5 - 5: T.Raum	9999.9
2021-03-11 02:19:18.0	Ana9 - 9: T.Zuluft WRG warm	19.1
2021-03-11 02:19:28.0	Ana1 - 1: T.Au?en	4.1
2021-03-11 02:19:28.0	Ana2 - 2: T.Zuluft	14.5
2021-03-11 02:19:28.0	Ana3 - 3: T.Abluft	19.9
2021-03-11 02:19:28.0	Ana4 - 4: T.Fortluft	12.0
2021-03-11 02:19:28.0	Ana5 - 5: T.Raum	9999.9
2021-03-11 02:19:28.0	Ana9 - 9: T.Zuluft WRG warm	19.1
2021-03-11 02:19:38.0	Ana1 - 1: T.Au?en	4.1
2021-03-11 02:19:38.0	Ana2 - 2: T.Zuluft	14.5
2021-03-11 02:19:38.0	Ana3 - 3: T.Abluft	19.9
2021-03-11 02:19:38.0	Ana4 - 4: T.Fortluft	12.0
2021-03-11 02:19:38.0	Ana5 - 5: T.Raum	9999.9
2021-03-11 02:19:38.0	Ana9 - 9: T.Zuluft WRG warm	19.1
2021-03-11 02:19:48.0	Ana1 - 1: T.Au?en	4.2
2021-03-11 02:19:48.0	Ana2 - 2: T.Zuluft	14.5
2021-03-11 02:19:48.0	Ana3 - 3: T.Abluft	19.9
2021-03-11 02:19:48.0	Ana4 - 4: T.Fortluft	12.1
2021-03-11 02:19:48.0	Ana5 - 5: T.Raum	9999.9
2021-03-11 02:19:48.0	Ana9 - 9: T.Zuluft WRG warm	19.1
2021-03-11 02:19:58.0	Ana1 - 1: T.Au?en	4.2
2021-03-11 02:19:58.0	Ana2 - 2: T.Zuluft	14.5
2021-03-11 02:19:58.0	Ana3 - 3: T.Abluft	20.0
2021-03-11 02:19:58.0	Ana4 - 4: T.Fortluft	12.1
2021-03-11 02:19:58.0	Ana5 - 5: T.Raum	9999.9
2021-03-11 02:19:58.0	Ana9 - 9: T.Zuluft WRG warm	19.1
2021-03-11 02:20:08.0	Ana1 - 1: T.Au?en	4.2
2021-03-11 02:20:08.0	Ana2 - 2: T.Zuluft	14.5
2021-03-11 02:20:08.0	Ana3 - 3: T.Abluft	19.9
2021-03-11 02:20:08.0	Ana4 - 4: T.Fortluft	12.0
2021-03-11 02:20:08.0	Ana5 - 5: T.Raum	9999.9
2021-03-11 02:20:08.0	Ana9 - 9: T.Zuluft WRG warm	19.1
2021-03-11 02:20:18.0	Ana1 - 1: T.Au?en	4.2
2021-03-11 02:20:18.0	Ana2 - 2: T.Zuluft	14.5
2021-03-11 02:20:18.0	Ana3 - 3: T.Abluft	19.9
2021-03-11 02:20:18.0	Ana4 - 4: T.Fortluft	12.0
2021-03-11 02:20:18.0	Ana5 - 5: T.Raum	9999.9
2021-03-11 02:20:18.0	Ana9 - 9: T.Zuluft WRG warm	19.1
2021-03-11 02:20:28.0	Ana1 - 1: T.Au?en	4.1
2021-03-11 02:20:28.0	Ana2 - 2: T.Zuluft	14.5
2021-03-11 02:20:28.0	Ana3 - 3: T.Abluft	19.9
2021-03-11 02:20:28.0	Ana4 - 4: T.Fortluft	12.0
2021-03-11 02:20:28.0	Ana5 - 5: T.Raum	9999.9
2021-03-11 02:20:28.0	Ana9 - 9: T.Zuluft WRG warm	19.1
2021-03-11 02:20:38.0	Ana1 - 1: T.Au?en	4.1
2021-03-11 02:20:38.0	Ana2 - 2: T.Zuluft	14.5
2021-03-11 02:20:38.0	Ana3 - 3: T.Abluft	19.9
2021-03-11 02:20:38.0	Ana4 - 4: T.Fortluft	12.0
2021-03-11 02:20:38.0	Ana5 - 5: T.Raum	9999.9
2021-03-11 02:20:38.0	Ana9 - 9: T.Zuluft WRG warm	19.1
2021-03-11 02:20:48.0	Ana1 - 1: T.Au?en	4.1
2021-03-11 02:20:48.0	Ana2 - 2: T.Zuluft	14.5
2021-03-11 02:20:48.0	Ana3 - 3: T.Abluft	19.9
2021-03-11 02:20:48.0	Ana4 - 4: T.Fortluft	12.0
2021-03-11 02:20:48.0	Ana5 - 5: T.Raum	9999.9
2021-03-11 02:20:48.0	Ana9 - 9: T.Zuluft WRG warm	19.1
2021-03-11 02:20:58.0	Ana1 - 1: T.Au?en	4.1
2021-03-11 02:20:58.0	Ana2 - 2: T.Zuluft	14.5
2021-03-11 02:20:58.0	Ana3 - 3: T.Abluft	19.9
2021-03-11 02:20:58.0	Ana4 - 4: T.Fortluft	12.0
2021-03-11 02:20:58.0	Ana5 - 5: T.Raum	9999.9
2021-03-11 02:20:58.0	Ana9 - 9: T.Zuluft WRG warm	19.1
2021-03-11 02:21:08.0	Ana1 - 1: T.Au?en	4.2
2021-03-11 02:21:08.0	Ana2 - 2: T.Zuluft	14.5
2021-03-11 02:21:08.0	Ana3 - 3: T.Abluft	19.9
2021-03-11 02:21:08.0	Ana4 - 4: T.Fortluft	12.0
2021-03-11 02:21:08.0	Ana5 - 5: T.Raum	9999.9
2021-03-11 02:21:08.0	Ana9 - 9: T.Zuluft WRG warm	19.1
2021-03-11 02:21:18.0	Ana1 - 1: T.Au?en	4.2
2021-03-11 02:21:18.0	Ana2 - 2: T.Zuluft	14.5
2021-03-11 02:21:18.0	Ana3 - 3: T.Abluft	19.9
2021-03-11 02:21:18.0	Ana4 - 4: T.Fortluft	12.0
2021-03-11 02:21:18.0	Ana5 - 5: T.Raum	9999.9
2021-03-11 02:21:18.0	Ana9 - 9: T.Zuluft WRG warm	19.1
2021-03-11 02:21:28.0	Ana1 - 1: T.Au?en	4.3
2021-03-11 02:21:28.0	Ana2 - 2: T.Zuluft	14.5
2021-03-11 02:21:28.0	Ana3 - 3: T.Abluft	20.0
2021-03-11 02:21:28.0	Ana4 - 4: T.Fortluft	12.0
2021-03-11 02:21:28.0	Ana5 - 5: T.Raum	9999.9
2021-03-11 02:21:28.0	Ana9 - 9: T.Zuluft WRG warm	19.1
2021-03-11 02:21:38.0	Ana1 - 1: T.Au?en	4.3
2021-03-11 02:21:38.0	Ana2 - 2: T.Zuluft	14.5
2021-03-11 02:21:38.0	Ana3 - 3: T.Abluft	19.9
2021-03-11 02:21:38.0	Ana4 - 4: T.Fortluft	12.0
2021-03-11 02:21:38.0	Ana5 - 5: T.Raum	9999.9
2021-03-11 02:21:38.0	Ana9 - 9: T.Zuluft WRG warm	19.1
2021-03-11 02:21:48.0	Ana1 - 1: T.Au?en	4.2
2021-03-11 02:21:48.0	Ana2 - 2: T.Zuluft	14.5
2021-03-11 02:21:48.0	Ana3 - 3: T.Abluft	19.9
2021-03-11 02:21:48.0	Ana4 - 4: T.Fortluft	12.0
2021-03-11 02:21:48.0	Ana5 - 5: T.Raum	9999.9
2021-03-11 02:21:48.0	Ana9 - 9: T.Zuluft WRG warm	19.1
2021-03-11 02:21:58.0	Ana1 - 1: T.Au?en	4.3
2021-03-11 02:21:58.0	Ana2 - 2: T.Zuluft	14.5
2021-03-11 02:21:58.0	Ana3 - 3: T.Abluft	19.9
2021-03-11 02:21:58.0	Ana4 - 4: T.Fortluft	12.0
2021-03-11 02:21:58.0	Ana5 - 5: T.Raum	9999.9
2021-03-11 02:21:58.0	Ana9 - 9: T.Zuluft WRG warm	19.1
2021-03-11 02:22:08.0	Ana1 - 1: T.Au?en	4.3
2021-03-11 02:22:08.0	Ana2 - 2: T.Zuluft	14.5
2021-03-11 02:22:08.0	Ana3 - 3: T.Abluft	19.9
2021-03-11 02:22:08.0	Ana4 - 4: T.Fortluft	12.0
2021-03-11 02:22:08.0	Ana5 - 5: T.Raum	9999.9
2021-03-11 02:22:08.0	Ana9 - 9: T.Zuluft WRG warm	19.1
2021-03-11 02:22:18.0	Ana1 - 1: T.Au?en	4.3
2021-03-11 02:22:18.0	Ana2 - 2: T.Zuluft	14.5
2021-03-11 02:22:18.0	Ana3 - 3: T.Abluft	19.9
2021-03-11 02:22:18.0	Ana4 - 4: T.Fortluft	12.0
2021-03-11 02:22:18.0	Ana5 - 5: T.Raum	9999.9
2021-03-11 02:22:18.0	Ana9 - 9: T.Zuluft WRG warm	19.1
2021-03-11 02:22:28.0	Ana1 - 1: T.Au?en	4.3
2021-03-11 02:22:28.0	Ana2 - 2: T.Zuluft	14.5
2021-03-11 02:22:28.0	Ana3 - 3: T.Abluft	19.9
2021-03-11 02:22:28.0	Ana4 - 4: T.Fortluft	12.0
2021-03-11 02:22:28.0	Ana5 - 5: T.Raum	9999.9
2021-03-11 02:22:28.0	Ana9 - 9: T.Zuluft WRG warm	19.1
2021-03-11 02:22:38.0	Ana1 - 1: T.Au?en	4.2
2021-03-11 02:22:38.0	Ana2 - 2: T.Zuluft	14.5
2021-03-11 02:22:38.0	Ana3 - 3: T.Abluft	19.9
2021-03-11 02:22:38.0	Ana4 - 4: T.Fortluft	12.0
2021-03-11 02:22:38.0	Ana5 - 5: T.Raum	9999.9
2021-03-11 02:22:38.0	Ana9 - 9: T.Zuluft WRG warm	19.1
2021-03-11 02:22:48.0	Ana1 - 1: T.Au?en	4.2
2021-03-11 02:22:48.0	Ana2 - 2: T.Zuluft	14.5
2021-03-11 02:22:48.0	Ana3 - 3: T.Abluft	19.9
2021-03-11 02:22:48.0	Ana4 - 4: T.Fortluft	12.0
2021-03-11 02:22:48.0	Ana5 - 5: T.Raum	9999.9
2021-03-11 02:22:48.0	Ana9 - 9: T.Zuluft WRG warm	19.1
2021-03-11 02:22:58.0	Ana1 - 1: T.Au?en	4.2
2021-03-11 02:22:58.0	Ana2 - 2: T.Zuluft	14.5
2021-03-11 02:22:58.0	Ana3 - 3: T.Abluft	19.9
2021-03-11 02:22:58.0	Ana4 - 4: T.Fortluft	12.0
2021-03-11 02:22:58.0	Ana5 - 5: T.Raum	9999.9
2021-03-11 02:22:58.0	Ana9 - 9: T.Zuluft WRG warm	19.1
2021-03-11 02:23:08.0	Ana1 - 1: T.Au?en	4.1
2021-03-11 02:23:08.0	Ana2 - 2: T.Zuluft	14.5
2021-03-11 02:23:08.0	Ana3 - 3: T.Abluft	19.9
2021-03-11 02:23:08.0	Ana4 - 4: T.Fortluft	12.0
2021-03-11 02:23:08.0	Ana5 - 5: T.Raum	9999.9
2021-03-11 02:23:08.0	Ana9 - 9: T.Zuluft WRG warm	19.1
2021-03-11 02:23:18.0	Ana1 - 1: T.Au?en	4.1
2021-03-11 02:23:18.0	Ana2 - 2: T.Zuluft	14.5
2021-03-11 02:23:18.0	Ana3 - 3: T.Abluft	19.9
2021-03-11 02:23:18.0	Ana4 - 4: T.Fortluft	12.0
2021-03-11 02:23:18.0	Ana5 - 5: T.Raum	9999.9
2021-03-11 02:23:18.0	Ana9 - 9: T.Zuluft WRG warm	19.1
2021-03-11 02:23:28.0	Ana1 - 1: T.Au?en	4.1
2021-03-11 02:23:28.0	Ana2 - 2: T.Zuluft	14.5
2021-03-11 02:23:28.0	Ana3 - 3: T.Abluft	19.9
2021-03-11 02:23:28.0	Ana4 - 4: T.Fortluft	12.0
2021-03-11 02:23:28.0	Ana5 - 5: T.Raum	9999.9
2021-03-11 02:23:28.0	Ana9 - 9: T.Zuluft WRG warm	19.1
2021-03-11 02:23:38.0	Ana1 - 1: T.Au?en	4.1
2021-03-11 02:23:38.0	Ana2 - 2: T.Zuluft	14.5
2021-03-11 02:23:38.0	Ana3 - 3: T.Abluft	19.9
2021-03-11 02:23:38.0	Ana4 - 4: T.Fortluft	12.0
2021-03-11 02:23:38.0	Ana5 - 5: T.Raum	9999.9
2021-03-11 02:23:38.0	Ana9 - 9: T.Zuluft WRG warm	19.1
2021-03-11 02:23:48.0	Ana1 - 1: T.Au?en	4.1
2021-03-11 02:23:48.0	Ana2 - 2: T.Zuluft	14.5
2021-03-11 02:23:48.0	Ana3 - 3: T.Abluft	19.9
2021-03-11 02:23:48.0	Ana4 - 4: T.Fortluft	12.0
2021-03-11 02:23:48.0	Ana5 - 5: T.Raum	9999.9
2021-03-11 02:23:48.0	Ana9 - 9: T.Zuluft WRG warm	19.1
2021-03-11 02:23:58.0	Ana1 - 1: T.Au?en	4.1
2021-03-11 02:23:58.0	Ana2 - 2: T.Zuluft	14.5
2021-03-11 02:23:58.0	Ana3 - 3: T.Abluft	19.9
2021-03-11 02:23:58.0	Ana4 - 4: T.Fortluft	12.0
2021-03-11 02:23:58.0	Ana5 - 5: T.Raum	9999.9
2021-03-11 02:23:58.0	Ana9 - 9: T.Zuluft WRG warm	19.1
2021-03-11 02:24:08.0	Ana1 - 1: T.Au?en	4.1
2021-03-11 02:24:08.0	Ana2 - 2: T.Zuluft	14.5
2021-03-11 02:24:08.0	Ana3 - 3: T.Abluft	19.9
2021-03-11 02:24:08.0	Ana4 - 4: T.Fortluft	12.0
2021-03-11 02:24:08.0	Ana5 - 5: T.Raum	9999.9
2021-03-11 02:24:08.0	Ana9 - 9: T.Zuluft WRG warm	19.1
2021-03-11 02:24:18.0	Ana1 - 1: T.Au?en	4.1
2021-03-11 02:24:18.0	Ana2 - 2: T.Zuluft	14.5
2021-03-11 02:24:18.0	Ana3 - 3: T.Abluft	19.9
2021-03-11 02:24:18.0	Ana4 - 4: T.Fortluft	12.0
2021-03-11 02:24:18.0	Ana5 - 5: T.Raum	9999.9
2021-03-11 02:24:18.0	Ana9 - 9: T.Zuluft WRG warm	19.1
2021-03-11 02:24:28.0	Ana1 - 1: T.Au?en	4.1
2021-03-11 02:24:28.0	Ana2 - 2: T.Zuluft	14.5
2021-03-11 02:24:28.0	Ana3 - 3: T.Abluft	19.9
2021-03-11 02:24:28.0	Ana4 - 4: T.Fortluft	12.0
2021-03-11 02:24:28.0	Ana5 - 5: T.Raum	9999.9
2021-03-11 02:24:28.0	Ana9 - 9: T.Zuluft WRG warm	19.1
2021-03-11 02:24:38.0	Ana1 - 1: T.Au?en	4.1
2021-03-11 02:24:38.0	Ana2 - 2: T.Zuluft	14.5
2021-03-11 02:24:38.0	Ana3 - 3: T.Abluft	19.9
2021-03-11 02:24:38.0	Ana4 - 4: T.Fortluft	12.0
2021-03-11 02:24:38.0	Ana5 - 5: T.Raum	9999.9
2021-03-11 02:24:38.0	Ana9 - 9: T.Zuluft WRG warm	19.1
2021-03-11 02:24:48.0	Ana1 - 1: T.Au?en	4.1
2021-03-11 02:24:48.0	Ana2 - 2: T.Zuluft	14.5
2021-03-11 02:24:48.0	Ana3 - 3: T.Abluft	19.9
2021-03-11 02:24:48.0	Ana4 - 4: T.Fortluft	12.0
2021-03-11 02:24:48.0	Ana5 - 5: T.Raum	9999.9
2021-03-11 02:24:48.0	Ana9 - 9: T.Zuluft WRG warm	19.1
2021-03-11 02:24:58.0	Ana1 - 1: T.Au?en	4.0
2021-03-11 02:24:58.0	Ana2 - 2: T.Zuluft	14.5
2021-03-11 02:24:58.0	Ana3 - 3: T.Abluft	19.9
2021-03-11 02:24:58.0	Ana4 - 4: T.Fortluft	12.0
2021-03-11 02:24:58.0	Ana5 - 5: T.Raum	9999.9
2021-03-11 02:24:58.0	Ana9 - 9: T.Zuluft WRG warm	19.1
2021-03-11 02:25:08.0	Ana1 - 1: T.Au?en	4.0
2021-03-11 02:25:08.0	Ana2 - 2: T.Zuluft	14.5
2021-03-11 02:25:08.0	Ana3 - 3: T.Abluft	19.9
2021-03-11 02:25:08.0	Ana4 - 4: T.Fortluft	12.0
2021-03-11 02:25:08.0	Ana5 - 5: T.Raum	9999.9
2021-03-11 02:25:08.0	Ana9 - 9: T.Zuluft WRG warm	19.1
2021-03-11 02:25:18.0	Ana1 - 1: T.Au?en	4.0
2021-03-11 02:25:18.0	Ana2 - 2: T.Zuluft	14.5
2021-03-11 02:25:18.0	Ana3 - 3: T.Abluft	19.9
2021-03-11 02:25:18.0	Ana4 - 4: T.Fortluft	12.0
2021-03-11 02:25:18.0	Ana5 - 5: T.Raum	9999.9
2021-03-11 02:25:18.0	Ana9 - 9: T.Zuluft WRG warm	19.1
2021-03-11 02:25:28.0	Ana1 - 1: T.Au?en	4.0
2021-03-11 02:25:28.0	Ana2 - 2: T.Zuluft	14.5
2021-03-11 02:25:28.0	Ana3 - 3: T.Abluft	19.9
2021-03-11 02:25:28.0	Ana4 - 4: T.Fortluft	12.0
2021-03-11 02:25:28.0	Ana5 - 5: T.Raum	9999.9
2021-03-11 02:25:28.0	Ana9 - 9: T.Zuluft WRG warm	19.1
2021-03-11 02:25:38.0	Ana1 - 1: T.Au?en	3.9
2021-03-11 02:25:38.0	Ana2 - 2: T.Zuluft	14.5
2021-03-11 02:25:38.0	Ana3 - 3: T.Abluft	19.9
2021-03-11 02:25:38.0	Ana4 - 4: T.Fortluft	12.0
2021-03-11 02:25:38.0	Ana5 - 5: T.Raum	9999.9
2021-03-11 02:25:38.0	Ana9 - 9: T.Zuluft WRG warm	19.1
2021-03-11 02:25:48.0	Ana1 - 1: T.Au?en	3.9
2021-03-11 02:25:48.0	Ana2 - 2: T.Zuluft	14.5
2021-03-11 02:25:48.0	Ana3 - 3: T.Abluft	19.9
2021-03-11 02:25:48.0	Ana4 - 4: T.Fortluft	12.0
2021-03-11 02:25:48.0	Ana5 - 5: T.Raum	9999.9
2021-03-11 02:25:48.0	Ana9 - 9: T.Zuluft WRG warm	19.1
2021-03-11 02:25:58.0	Ana1 - 1: T.Au?en	3.9
2021-03-11 02:25:58.0	Ana2 - 2: T.Zuluft	14.5
2021-03-11 02:25:58.0	Ana3 - 3: T.Abluft	19.9
2021-03-11 02:25:58.0	Ana4 - 4: T.Fortluft	12.0
2021-03-11 02:25:58.0	Ana5 - 5: T.Raum	9999.9
2021-03-11 02:25:58.0	Ana9 - 9: T.Zuluft WRG warm	19.1
2021-03-11 02:26:08.0	Ana1 - 1: T.Au?en	3.9
2021-03-11 02:26:08.0	Ana2 - 2: T.Zuluft	14.5
2021-03-11 02:26:08.0	Ana3 - 3: T.Abluft	19.9
2021-03-11 02:26:08.0	Ana4 - 4: T.Fortluft	12.0
2021-03-11 02:26:08.0	Ana5 - 5: T.Raum	9999.9
2021-03-11 02:26:08.0	Ana9 - 9: T.Zuluft WRG warm	19.1
2021-03-11 02:26:18.0	Ana1 - 1: T.Au?en	3.9
2021-03-11 02:26:18.0	Ana2 - 2: T.Zuluft	14.5
2021-03-11 02:26:18.0	Ana3 - 3: T.Abluft	19.9
2021-03-11 02:26:18.0	Ana4 - 4: T.Fortluft	12.0
2021-03-11 02:26:18.0	Ana5 - 5: T.Raum	9999.9
2021-03-11 02:26:18.0	Ana9 - 9: T.Zuluft WRG warm	19.1
2021-03-11 02:26:28.0	Ana1 - 1: T.Au?en	3.9
2021-03-11 02:26:28.0	Ana2 - 2: T.Zuluft	14.5
2021-03-11 02:26:28.0	Ana3 - 3: T.Abluft	19.9
2021-03-11 02:26:28.0	Ana4 - 4: T.Fortluft	12.0
2021-03-11 02:26:28.0	Ana5 - 5: T.Raum	9999.9
2021-03-11 02:26:28.0	Ana9 - 9: T.Zuluft WRG warm	19.1
2021-03-11 02:26:38.0	Ana1 - 1: T.Au?en	3.9
2021-03-11 02:26:38.0	Ana2 - 2: T.Zuluft	14.5
2021-03-11 02:26:38.0	Ana3 - 3: T.Abluft	19.9
2021-03-11 02:26:38.0	Ana4 - 4: T.Fortluft	12.0
2021-03-11 02:26:38.0	Ana5 - 5: T.Raum	9999.9
2021-03-11 02:26:38.0	Ana9 - 9: T.Zuluft WRG warm	19.1
2021-03-11 02:26:48.0	Ana1 - 1: T.Au?en	3.9
2021-03-11 02:26:48.0	Ana2 - 2: T.Zuluft	14.5
2021-03-11 02:26:48.0	Ana3 - 3: T.Abluft	19.9
2021-03-11 02:26:48.0	Ana4 - 4: T.Fortluft	12.0
2021-03-11 02:26:48.0	Ana5 - 5: T.Raum	9999.9
2021-03-11 02:26:48.0	Ana9 - 9: T.Zuluft WRG warm	19.1
2021-03-11 02:26:58.0	Ana1 - 1: T.Au?en	3.9
2021-03-11 02:26:58.0	Ana2 - 2: T.Zuluft	14.5
2021-03-11 02:26:58.0	Ana3 - 3: T.Abluft	19.9
2021-03-11 02:26:58.0	Ana4 - 4: T.Fortluft	12.0
2021-03-11 02:26:58.0	Ana5 - 5: T.Raum	9999.9
2021-03-11 02:26:58.0	Ana9 - 9: T.Zuluft WRG warm	19.1
2021-03-11 02:27:08.0	Ana1 - 1: T.Au?en	3.9
2021-03-11 02:27:08.0	Ana2 - 2: T.Zuluft	14.5
2021-03-11 02:27:08.0	Ana3 - 3: T.Abluft	19.9
2021-03-11 02:27:08.0	Ana4 - 4: T.Fortluft	12.0
2021-03-11 02:27:08.0	Ana5 - 5: T.Raum	9999.9
2021-03-11 02:27:08.0	Ana9 - 9: T.Zuluft WRG warm	19.1
2021-03-11 02:27:18.0	Ana1 - 1: T.Au?en	3.9
2021-03-11 02:27:18.0	Ana2 - 2: T.Zuluft	14.5
2021-03-11 02:27:18.0	Ana3 - 3: T.Abluft	19.9
2021-03-11 02:27:18.0	Ana4 - 4: T.Fortluft	12.0
2021-03-11 02:27:18.0	Ana5 - 5: T.Raum	9999.9
2021-03-11 02:27:18.0	Ana9 - 9: T.Zuluft WRG warm	19.1
2021-03-11 02:27:28.0	Ana1 - 1: T.Au?en	3.9
2021-03-11 02:27:28.0	Ana2 - 2: T.Zuluft	14.5
2021-03-11 02:27:28.0	Ana3 - 3: T.Abluft	19.9
2021-03-11 02:27:28.0	Ana4 - 4: T.Fortluft	12.0
2021-03-11 02:27:28.0	Ana5 - 5: T.Raum	9999.9
2021-03-11 02:27:28.0	Ana9 - 9: T.Zuluft WRG warm	19.1
2021-03-11 02:27:38.0	Ana1 - 1: T.Au?en	3.9
2021-03-11 02:27:38.0	Ana2 - 2: T.Zuluft	14.5
2021-03-11 02:27:38.0	Ana3 - 3: T.Abluft	19.9
2021-03-11 02:27:38.0	Ana4 - 4: T.Fortluft	12.0
2021-03-11 02:27:38.0	Ana5 - 5: T.Raum	9999.9
2021-03-11 02:27:38.0	Ana9 - 9: T.Zuluft WRG warm	19.1
2021-03-11 02:27:48.0	Ana1 - 1: T.Au?en	3.9
2021-03-11 02:27:48.0	Ana2 - 2: T.Zuluft	14.5
2021-03-11 02:27:48.0	Ana3 - 3: T.Abluft	19.9
2021-03-11 02:27:48.0	Ana4 - 4: T.Fortluft	12.0
2021-03-11 02:27:48.0	Ana5 - 5: T.Raum	9999.9
2021-03-11 02:27:48.0	Ana9 - 9: T.Zuluft WRG warm	19.1
2021-03-11 02:27:58.0	Ana1 - 1: T.Au?en	3.9
2021-03-11 02:27:58.0	Ana2 - 2: T.Zuluft	14.5
2021-03-11 02:27:58.0	Ana3 - 3: T.Abluft	19.9
2021-03-11 02:27:58.0	Ana4 - 4: T.Fortluft	12.0
2021-03-11 02:27:58.0	Ana5 - 5: T.Raum	9999.9
2021-03-11 02:27:58.0	Ana9 - 9: T.Zuluft WRG warm	19.1
2021-03-11 02:28:08.0	Ana1 - 1: T.Au?en	3.9
2021-03-11 02:28:08.0	Ana2 - 2: T.Zuluft	14.5
2021-03-11 02:28:08.0	Ana3 - 3: T.Abluft	19.9
2021-03-11 02:28:08.0	Ana4 - 4: T.Fortluft	12.0
2021-03-11 02:28:08.0	Ana5 - 5: T.Raum	9999.9
2021-03-11 02:28:08.0	Ana9 - 9: T.Zuluft WRG warm	19.1
2021-03-11 02:28:18.0	Ana1 - 1: T.Au?en	3.9
2021-03-11 02:28:18.0	Ana2 - 2: T.Zuluft	14.5
2021-03-11 02:28:18.0	Ana3 - 3: T.Abluft	19.9
2021-03-11 02:28:18.0	Ana4 - 4: T.Fortluft	12.0
2021-03-11 02:28:18.0	Ana5 - 5: T.Raum	9999.9
2021-03-11 02:28:18.0	Ana9 - 9: T.Zuluft WRG warm	19.1
2021-03-11 02:28:28.0	Ana1 - 1: T.Au?en	3.9
2021-03-11 02:28:28.0	Ana2 - 2: T.Zuluft	14.5
2021-03-11 02:28:28.0	Ana3 - 3: T.Abluft	19.9
2021-03-11 02:28:28.0	Ana4 - 4: T.Fortluft	12.0
2021-03-11 02:28:28.0	Ana5 - 5: T.Raum	9999.9
2021-03-11 02:28:28.0	Ana9 - 9: T.Zuluft WRG warm	19.1
2021-03-11 02:28:38.0	Ana1 - 1: T.Au?en	3.9
2021-03-11 02:28:38.0	Ana2 - 2: T.Zuluft	14.5
2021-03-11 02:28:38.0	Ana3 - 3: T.Abluft	19.9
2021-03-11 02:28:38.0	Ana4 - 4: T.Fortluft	12.0
2021-03-11 02:28:38.0	Ana5 - 5: T.Raum	9999.9
2021-03-11 02:28:38.0	Ana9 - 9: T.Zuluft WRG warm	19.1
2021-03-11 02:28:48.0	Ana1 - 1: T.Au?en	3.9
2021-03-11 02:28:48.0	Ana2 - 2: T.Zuluft	14.5
2021-03-11 02:28:48.0	Ana3 - 3: T.Abluft	19.9
2021-03-11 02:28:48.0	Ana4 - 4: T.Fortluft	11.9
2021-03-11 02:28:48.0	Ana5 - 5: T.Raum	9999.9
2021-03-11 02:28:48.0	Ana9 - 9: T.Zuluft WRG warm	19.1
2021-03-11 02:28:58.0	Ana1 - 1: T.Au?en	3.9
2021-03-11 02:28:58.0	Ana2 - 2: T.Zuluft	14.5
2021-03-11 02:28:58.0	Ana3 - 3: T.Abluft	19.9
2021-03-11 02:28:58.0	Ana4 - 4: T.Fortluft	12.0
2021-03-11 02:28:58.0	Ana5 - 5: T.Raum	9999.9
2021-03-11 02:28:58.0	Ana9 - 9: T.Zuluft WRG warm	19.1
2021-03-11 02:29:08.0	Ana1 - 1: T.Au?en	3.9
2021-03-11 02:29:08.0	Ana2 - 2: T.Zuluft	14.5
2021-03-11 02:29:08.0	Ana3 - 3: T.Abluft	19.9
2021-03-11 02:29:08.0	Ana4 - 4: T.Fortluft	12.0
2021-03-11 02:29:08.0	Ana5 - 5: T.Raum	9999.9
2021-03-11 02:29:08.0	Ana9 - 9: T.Zuluft WRG warm	19.1
2021-03-11 02:29:18.0	Ana1 - 1: T.Au?en	3.9
2021-03-11 02:29:18.0	Ana2 - 2: T.Zuluft	14.4
2021-03-11 02:29:18.0	Ana3 - 3: T.Abluft	19.9
2021-03-11 02:29:18.0	Ana4 - 4: T.Fortluft	12.0
2021-03-11 02:29:18.0	Ana5 - 5: T.Raum	9999.9
2021-03-11 02:29:18.0	Ana9 - 9: T.Zuluft WRG warm	19.1
2021-03-11 02:29:28.0	Ana1 - 1: T.Au?en	3.9
2021-03-11 02:29:28.0	Ana2 - 2: T.Zuluft	14.4
2021-03-11 02:29:28.0	Ana3 - 3: T.Abluft	19.9
2021-03-11 02:29:28.0	Ana4 - 4: T.Fortluft	12.0
2021-03-11 02:29:28.0	Ana5 - 5: T.Raum	9999.9
2021-03-11 02:29:28.0	Ana9 - 9: T.Zuluft WRG warm	19.1
2021-03-11 02:29:38.0	Ana1 - 1: T.Au?en	3.9
2021-03-11 02:29:38.0	Ana2 - 2: T.Zuluft	14.5
2021-03-11 02:29:38.0	Ana3 - 3: T.Abluft	19.9
2021-03-11 02:29:38.0	Ana4 - 4: T.Fortluft	12.0
2021-03-11 02:29:38.0	Ana5 - 5: T.Raum	9999.9
2021-03-11 02:29:38.0	Ana9 - 9: T.Zuluft WRG warm	19.1
2021-03-11 02:29:48.0	Ana1 - 1: T.Au?en	3.9
2021-03-11 02:29:48.0	Ana2 - 2: T.Zuluft	14.5
2021-03-11 02:29:48.0	Ana3 - 3: T.Abluft	19.9
2021-03-11 02:29:48.0	Ana4 - 4: T.Fortluft	12.0
2021-03-11 02:29:48.0	Ana5 - 5: T.Raum	9999.9
2021-03-11 02:29:48.0	Ana9 - 9: T.Zuluft WRG warm	19.1
2021-03-11 02:29:58.0	Ana1 - 1: T.Au?en	3.9
2021-03-11 02:29:58.0	Ana2 - 2: T.Zuluft	14.4
2021-03-11 02:29:58.0	Ana3 - 3: T.Abluft	19.9
2021-03-11 02:29:58.0	Ana4 - 4: T.Fortluft	12.0
2021-03-11 02:29:58.0	Ana5 - 5: T.Raum	9999.9
2021-03-11 02:29:58.0	Ana9 - 9: T.Zuluft WRG warm	19.1
2021-03-11 02:30:08.0	Ana1 - 1: T.Au?en	3.9
2021-03-11 02:30:08.0	Ana2 - 2: T.Zuluft	14.4
2021-03-11 02:30:08.0	Ana3 - 3: T.Abluft	19.9
2021-03-11 02:30:08.0	Ana4 - 4: T.Fortluft	12.0
2021-03-11 02:30:08.0	Ana5 - 5: T.Raum	9999.9
2021-03-11 02:30:08.0	Ana9 - 9: T.Zuluft WRG warm	19.1
2021-03-11 02:30:18.0	Ana1 - 1: T.Au?en	3.9
2021-03-11 02:30:18.0	Ana2 - 2: T.Zuluft	14.5
2021-03-11 02:30:18.0	Ana3 - 3: T.Abluft	19.9
2021-03-11 02:30:18.0	Ana4 - 4: T.Fortluft	12.0
2021-03-11 02:30:18.0	Ana5 - 5: T.Raum	9999.9
2021-03-11 02:30:18.0	Ana9 - 9: T.Zuluft WRG warm	19.1
2021-03-11 02:30:28.0	Ana1 - 1: T.Au?en	3.8
2021-03-11 02:30:28.0	Ana2 - 2: T.Zuluft	14.4
2021-03-11 02:30:28.0	Ana3 - 3: T.Abluft	19.9
2021-03-11 02:30:28.0	Ana4 - 4: T.Fortluft	12.0
2021-03-11 02:30:28.0	Ana5 - 5: T.Raum	9999.9
2021-03-11 02:30:28.0	Ana9 - 9: T.Zuluft WRG warm	19.1
2021-03-11 02:30:38.0	Ana1 - 1: T.Au?en	3.9
2021-03-11 02:30:38.0	Ana2 - 2: T.Zuluft	14.4
2021-03-11 02:30:38.0	Ana3 - 3: T.Abluft	19.9
2021-03-11 02:30:38.0	Ana4 - 4: T.Fortluft	12.0
2021-03-11 02:30:38.0	Ana5 - 5: T.Raum	9999.9
2021-03-11 02:30:38.0	Ana9 - 9: T.Zuluft WRG warm	19.1
2021-03-11 02:30:48.0	Ana1 - 1: T.Au?en	3.9
2021-03-11 02:30:48.0	Ana2 - 2: T.Zuluft	14.4
2021-03-11 02:30:48.0	Ana3 - 3: T.Abluft	19.9
2021-03-11 02:30:48.0	Ana4 - 4: T.Fortluft	12.0
2021-03-11 02:30:48.0	Ana5 - 5: T.Raum	9999.9
2021-03-11 02:30:48.0	Ana9 - 9: T.Zuluft WRG warm	19.1
2021-03-11 02:30:58.0	Ana1 - 1: T.Au?en	3.9
2021-03-11 02:30:58.0	Ana2 - 2: T.Zuluft	14.5
2021-03-11 02:30:58.0	Ana3 - 3: T.Abluft	19.9
2021-03-11 02:30:58.0	Ana4 - 4: T.Fortluft	12.0
2021-03-11 02:30:58.0	Ana5 - 5: T.Raum	9999.9
2021-03-11 02:30:58.0	Ana9 - 9: T.Zuluft WRG warm	19.1
2021-03-11 02:31:08.0	Ana1 - 1: T.Au?en	3.8
2021-03-11 02:31:08.0	Ana2 - 2: T.Zuluft	14.4
2021-03-11 02:31:08.0	Ana3 - 3: T.Abluft	19.9
2021-03-11 02:31:08.0	Ana4 - 4: T.Fortluft	12.0
2021-03-11 02:31:08.0	Ana5 - 5: T.Raum	9999.9
2021-03-11 02:31:08.0	Ana9 - 9: T.Zuluft WRG warm	19.1
2021-03-11 02:31:18.0	Ana1 - 1: T.Au?en	3.8
2021-03-11 02:31:18.0	Ana2 - 2: T.Zuluft	14.4
2021-03-11 02:31:18.0	Ana3 - 3: T.Abluft	19.9
2021-03-11 02:31:18.0	Ana4 - 4: T.Fortluft	12.0
2021-03-11 02:31:18.0	Ana5 - 5: T.Raum	9999.9
2021-03-11 02:31:18.0	Ana9 - 9: T.Zuluft WRG warm	19.1
2021-03-11 02:31:28.0	Ana1 - 1: T.Au?en	3.8
2021-03-11 02:31:28.0	Ana2 - 2: T.Zuluft	14.4
2021-03-11 02:31:28.0	Ana3 - 3: T.Abluft	19.9
2021-03-11 02:31:28.0	Ana4 - 4: T.Fortluft	12.0
2021-03-11 02:31:28.0	Ana5 - 5: T.Raum	9999.9
2021-03-11 02:31:28.0	Ana9 - 9: T.Zuluft WRG warm	19.1
2021-03-11 02:31:38.0	Ana1 - 1: T.Au?en	3.8
2021-03-11 02:31:38.0	Ana2 - 2: T.Zuluft	14.4
2021-03-11 02:31:38.0	Ana3 - 3: T.Abluft	19.9
2021-03-11 02:31:38.0	Ana4 - 4: T.Fortluft	12.0
2021-03-11 02:31:38.0	Ana5 - 5: T.Raum	9999.9
2021-03-11 02:31:38.0	Ana9 - 9: T.Zuluft WRG warm	19.1
2021-03-11 02:31:48.0	Ana1 - 1: T.Au?en	3.8
2021-03-11 02:31:48.0	Ana2 - 2: T.Zuluft	14.4
2021-03-11 02:31:48.0	Ana3 - 3: T.Abluft	19.9
2021-03-11 02:31:48.0	Ana4 - 4: T.Fortluft	11.9
2021-03-11 02:31:48.0	Ana5 - 5: T.Raum	9999.9
2021-03-11 02:31:48.0	Ana9 - 9: T.Zuluft WRG warm	19.1
2021-03-11 02:31:58.0	Ana1 - 1: T.Au?en	3.8
2021-03-11 02:31:58.0	Ana2 - 2: T.Zuluft	14.4
2021-03-11 02:31:58.0	Ana3 - 3: T.Abluft	19.9
2021-03-11 02:31:58.0	Ana4 - 4: T.Fortluft	12.0
2021-03-11 02:31:58.0	Ana5 - 5: T.Raum	9999.9
2021-03-11 02:31:58.0	Ana9 - 9: T.Zuluft WRG warm	19.1
2021-03-11 02:32:08.0	Ana1 - 1: T.Au?en	3.9
2021-03-11 02:32:08.0	Ana2 - 2: T.Zuluft	14.4
2021-03-11 02:32:08.0	Ana3 - 3: T.Abluft	19.9
2021-03-11 02:32:08.0	Ana4 - 4: T.Fortluft	12.0
2021-03-11 02:32:08.0	Ana5 - 5: T.Raum	9999.9
2021-03-11 02:32:08.0	Ana9 - 9: T.Zuluft WRG warm	19.1
2021-03-11 02:32:18.0	Ana1 - 1: T.Au?en	3.9
2021-03-11 02:32:18.0	Ana2 - 2: T.Zuluft	14.4
2021-03-11 02:32:18.0	Ana3 - 3: T.Abluft	19.9
2021-03-11 02:32:18.0	Ana4 - 4: T.Fortluft	12.0
2021-03-11 02:32:18.0	Ana5 - 5: T.Raum	9999.9
2021-03-11 02:32:18.0	Ana9 - 9: T.Zuluft WRG warm	19.1
2021-03-11 02:32:28.0	Ana1 - 1: T.Au?en	3.9
2021-03-11 02:32:28.0	Ana2 - 2: T.Zuluft	14.4
2021-03-11 02:32:28.0	Ana3 - 3: T.Abluft	19.9
2021-03-11 02:32:28.0	Ana4 - 4: T.Fortluft	11.9
2021-03-11 02:32:28.0	Ana5 - 5: T.Raum	9999.9
2021-03-11 02:32:28.0	Ana9 - 9: T.Zuluft WRG warm	19.1
2021-03-11 02:32:38.0	Ana1 - 1: T.Au?en	3.9
2021-03-11 02:32:38.0	Ana2 - 2: T.Zuluft	14.4
2021-03-11 02:32:38.0	Ana3 - 3: T.Abluft	19.9
2021-03-11 02:32:38.0	Ana4 - 4: T.Fortluft	11.9
2021-03-11 02:32:38.0	Ana5 - 5: T.Raum	9999.9
2021-03-11 02:32:38.0	Ana9 - 9: T.Zuluft WRG warm	19.1
2021-03-11 02:32:48.0	Ana1 - 1: T.Au?en	3.9
2021-03-11 02:32:48.0	Ana2 - 2: T.Zuluft	14.4
2021-03-11 02:32:48.0	Ana3 - 3: T.Abluft	19.9
2021-03-11 02:32:48.0	Ana4 - 4: T.Fortluft	11.9
2021-03-11 02:32:48.0	Ana5 - 5: T.Raum	9999.9
2021-03-11 02:32:48.0	Ana9 - 9: T.Zuluft WRG warm	19.1
2021-03-11 02:32:58.0	Ana1 - 1: T.Au?en	3.9
2021-03-11 02:32:58.0	Ana2 - 2: T.Zuluft	14.4
2021-03-11 02:32:58.0	Ana3 - 3: T.Abluft	19.9
2021-03-11 02:32:58.0	Ana4 - 4: T.Fortluft	11.9
2021-03-11 02:32:58.0	Ana5 - 5: T.Raum	9999.9
2021-03-11 02:32:58.0	Ana9 - 9: T.Zuluft WRG warm	19.1
2021-03-11 02:33:08.0	Ana1 - 1: T.Au?en	3.9
2021-03-11 02:33:08.0	Ana2 - 2: T.Zuluft	14.4
2021-03-11 02:33:08.0	Ana3 - 3: T.Abluft	19.9
2021-03-11 02:33:08.0	Ana4 - 4: T.Fortluft	11.9
2021-03-11 02:33:08.0	Ana5 - 5: T.Raum	9999.9
2021-03-11 02:33:08.0	Ana9 - 9: T.Zuluft WRG warm	19.1
2021-03-11 02:33:18.0	Ana1 - 1: T.Au?en	3.9
2021-03-11 02:33:18.0	Ana2 - 2: T.Zuluft	14.4
2021-03-11 02:33:18.0	Ana3 - 3: T.Abluft	19.9
2021-03-11 02:33:18.0	Ana4 - 4: T.Fortluft	11.9
2021-03-11 02:33:18.0	Ana5 - 5: T.Raum	9999.9
2021-03-11 02:33:18.0	Ana9 - 9: T.Zuluft WRG warm	19.1
2021-03-11 02:33:28.0	Ana1 - 1: T.Au?en	3.9
2021-03-11 02:33:28.0	Ana2 - 2: T.Zuluft	14.4
2021-03-11 02:33:28.0	Ana3 - 3: T.Abluft	19.9
2021-03-11 02:33:28.0	Ana4 - 4: T.Fortluft	11.9
2021-03-11 02:33:28.0	Ana5 - 5: T.Raum	9999.9
2021-03-11 02:33:28.0	Ana9 - 9: T.Zuluft WRG warm	19.1
2021-03-11 02:33:38.0	Ana1 - 1: T.Au?en	3.9
2021-03-11 02:33:38.0	Ana2 - 2: T.Zuluft	14.4
2021-03-11 02:33:38.0	Ana3 - 3: T.Abluft	19.9
2021-03-11 02:33:38.0	Ana4 - 4: T.Fortluft	11.9
2021-03-11 02:33:38.0	Ana5 - 5: T.Raum	9999.9
2021-03-11 02:33:38.0	Ana9 - 9: T.Zuluft WRG warm	19.1
2021-03-11 02:33:48.0	Ana1 - 1: T.Au?en	3.9
2021-03-11 02:33:48.0	Ana2 - 2: T.Zuluft	14.4
2021-03-11 02:33:48.0	Ana3 - 3: T.Abluft	19.9
2021-03-11 02:33:48.0	Ana4 - 4: T.Fortluft	11.9
2021-03-11 02:33:48.0	Ana5 - 5: T.Raum	9999.9
2021-03-11 02:33:48.0	Ana9 - 9: T.Zuluft WRG warm	19.1
2021-03-11 02:33:58.0	Ana1 - 1: T.Au?en	3.9
2021-03-11 02:33:58.0	Ana2 - 2: T.Zuluft	14.4
2021-03-11 02:33:58.0	Ana3 - 3: T.Abluft	19.9
2021-03-11 02:33:58.0	Ana4 - 4: T.Fortluft	11.9
2021-03-11 02:33:58.0	Ana5 - 5: T.Raum	9999.9
2021-03-11 02:33:58.0	Ana9 - 9: T.Zuluft WRG warm	19.1
2021-03-11 02:34:08.0	Ana1 - 1: T.Au?en	3.9
2021-03-11 02:34:08.0	Ana2 - 2: T.Zuluft	14.4
2021-03-11 02:34:08.0	Ana3 - 3: T.Abluft	19.9
2021-03-11 02:34:08.0	Ana4 - 4: T.Fortluft	11.9
2021-03-11 02:34:08.0	Ana5 - 5: T.Raum	9999.9
2021-03-11 02:34:08.0	Ana9 - 9: T.Zuluft WRG warm	19.1
2021-03-11 02:34:18.0	Ana1 - 1: T.Au?en	3.9
2021-03-11 02:34:18.0	Ana2 - 2: T.Zuluft	14.4
2021-03-11 02:34:18.0	Ana3 - 3: T.Abluft	19.9
2021-03-11 02:34:18.0	Ana4 - 4: T.Fortluft	11.9
2021-03-11 02:34:18.0	Ana5 - 5: T.Raum	9999.9
2021-03-11 02:34:18.0	Ana9 - 9: T.Zuluft WRG warm	19.1
2021-03-11 02:34:28.0	Ana1 - 1: T.Au?en	3.8
2021-03-11 02:34:28.0	Ana2 - 2: T.Zuluft	14.4
2021-03-11 02:34:28.0	Ana3 - 3: T.Abluft	19.9
2021-03-11 02:34:28.0	Ana4 - 4: T.Fortluft	11.9
2021-03-11 02:34:28.0	Ana5 - 5: T.Raum	9999.9
2021-03-11 02:34:28.0	Ana9 - 9: T.Zuluft WRG warm	19.1
2021-03-11 02:34:38.0	Ana1 - 1: T.Au?en	3.8
2021-03-11 02:34:38.0	Ana2 - 2: T.Zuluft	14.4
2021-03-11 02:34:38.0	Ana3 - 3: T.Abluft	19.9
2021-03-11 02:34:38.0	Ana4 - 4: T.Fortluft	11.9
2021-03-11 02:34:38.0	Ana5 - 5: T.Raum	9999.9
2021-03-11 02:34:38.0	Ana9 - 9: T.Zuluft WRG warm	19.1
2021-03-11 02:34:48.0	Ana1 - 1: T.Au?en	3.8
2021-03-11 02:34:48.0	Ana2 - 2: T.Zuluft	14.4
2021-03-11 02:34:48.0	Ana3 - 3: T.Abluft	19.9
2021-03-11 02:34:48.0	Ana4 - 4: T.Fortluft	11.9
2021-03-11 02:34:48.0	Ana5 - 5: T.Raum	9999.9
2021-03-11 02:34:48.0	Ana9 - 9: T.Zuluft WRG warm	19.1
2021-03-11 02:34:58.0	Ana1 - 1: T.Au?en	3.8
2021-03-11 02:34:58.0	Ana2 - 2: T.Zuluft	14.4
2021-03-11 02:34:58.0	Ana3 - 3: T.Abluft	19.9
2021-03-11 02:34:58.0	Ana4 - 4: T.Fortluft	11.9
2021-03-11 02:34:58.0	Ana5 - 5: T.Raum	9999.9
2021-03-11 02:34:58.0	Ana9 - 9: T.Zuluft WRG warm	19.1
2021-03-11 02:35:08.0	Ana1 - 1: T.Au?en	3.8
2021-03-11 02:35:08.0	Ana2 - 2: T.Zuluft	14.4
2021-03-11 02:35:08.0	Ana3 - 3: T.Abluft	19.9
2021-03-11 02:35:08.0	Ana4 - 4: T.Fortluft	11.9
2021-03-11 02:35:08.0	Ana5 - 5: T.Raum	9999.9
2021-03-11 02:35:08.0	Ana9 - 9: T.Zuluft WRG warm	19.1
2021-03-11 02:35:18.0	Ana1 - 1: T.Au?en	3.8
2021-03-11 02:35:18.0	Ana2 - 2: T.Zuluft	14.4
2021-03-11 02:35:18.0	Ana3 - 3: T.Abluft	19.9
2021-03-11 02:35:18.0	Ana4 - 4: T.Fortluft	11.9
2021-03-11 02:35:18.0	Ana5 - 5: T.Raum	9999.9
2021-03-11 02:35:18.0	Ana9 - 9: T.Zuluft WRG warm	19.1
2021-03-11 02:35:28.0	Ana1 - 1: T.Au?en	3.8
2021-03-11 02:35:28.0	Ana2 - 2: T.Zuluft	14.4
2021-03-11 02:35:28.0	Ana3 - 3: T.Abluft	19.9
2021-03-11 02:35:28.0	Ana4 - 4: T.Fortluft	11.9
2021-03-11 02:35:28.0	Ana5 - 5: T.Raum	9999.9
2021-03-11 02:35:28.0	Ana9 - 9: T.Zuluft WRG warm	19.1
2021-03-11 02:35:38.0	Ana1 - 1: T.Au?en	3.8
2021-03-11 02:35:38.0	Ana2 - 2: T.Zuluft	14.4
2021-03-11 02:35:38.0	Ana3 - 3: T.Abluft	19.9
2021-03-11 02:35:38.0	Ana4 - 4: T.Fortluft	11.9
2021-03-11 02:35:38.0	Ana5 - 5: T.Raum	9999.9
2021-03-11 02:35:38.0	Ana9 - 9: T.Zuluft WRG warm	19.1
2021-03-11 02:35:48.0	Ana1 - 1: T.Au?en	3.8
2021-03-11 02:35:48.0	Ana2 - 2: T.Zuluft	14.4
2021-03-11 02:35:48.0	Ana3 - 3: T.Abluft	19.9
2021-03-11 02:35:48.0	Ana4 - 4: T.Fortluft	11.9
2021-03-11 02:35:48.0	Ana5 - 5: T.Raum	9999.9
2021-03-11 02:35:48.0	Ana9 - 9: T.Zuluft WRG warm	19.1
2021-03-11 02:35:58.0	Ana1 - 1: T.Au?en	3.8
2021-03-11 02:35:58.0	Ana2 - 2: T.Zuluft	14.4
2021-03-11 02:35:58.0	Ana3 - 3: T.Abluft	19.9
2021-03-11 02:35:58.0	Ana4 - 4: T.Fortluft	11.9
2021-03-11 02:35:58.0	Ana5 - 5: T.Raum	9999.9
2021-03-11 02:35:58.0	Ana9 - 9: T.Zuluft WRG warm	19.1
2021-03-11 02:36:08.0	Ana1 - 1: T.Au?en	3.8
2021-03-11 02:36:08.0	Ana2 - 2: T.Zuluft	14.4
2021-03-11 02:36:08.0	Ana3 - 3: T.Abluft	19.9
2021-03-11 02:36:08.0	Ana4 - 4: T.Fortluft	11.9
2021-03-11 02:36:08.0	Ana5 - 5: T.Raum	9999.9
2021-03-11 02:36:08.0	Ana9 - 9: T.Zuluft WRG warm	19.1
2021-03-11 02:36:18.0	Ana1 - 1: T.Au?en	3.7
2021-03-11 02:36:18.0	Ana2 - 2: T.Zuluft	14.4
2021-03-11 02:36:18.0	Ana3 - 3: T.Abluft	19.9
2021-03-11 02:36:18.0	Ana4 - 4: T.Fortluft	11.9
2021-03-11 02:36:18.0	Ana5 - 5: T.Raum	9999.9
2021-03-11 02:36:18.0	Ana9 - 9: T.Zuluft WRG warm	19.1
2021-03-11 02:36:28.0	Ana1 - 1: T.Au?en	3.7
2021-03-11 02:36:28.0	Ana2 - 2: T.Zuluft	14.4
2021-03-11 02:36:28.0	Ana3 - 3: T.Abluft	19.9
2021-03-11 02:36:28.0	Ana4 - 4: T.Fortluft	11.9
2021-03-11 02:36:28.0	Ana5 - 5: T.Raum	9999.9
2021-03-11 02:36:28.0	Ana9 - 9: T.Zuluft WRG warm	19.1
2021-03-11 02:36:38.0	Ana1 - 1: T.Au?en	3.7
2021-03-11 02:36:38.0	Ana2 - 2: T.Zuluft	14.4
2021-03-11 02:36:38.0	Ana3 - 3: T.Abluft	19.9
2021-03-11 02:36:38.0	Ana4 - 4: T.Fortluft	11.9
2021-03-11 02:36:38.0	Ana5 - 5: T.Raum	9999.9
2021-03-11 02:36:38.0	Ana9 - 9: T.Zuluft WRG warm	19.1
2021-03-11 02:36:48.0	Ana1 - 1: T.Au?en	3.8
2021-03-11 02:36:48.0	Ana2 - 2: T.Zuluft	14.4
2021-03-11 02:36:48.0	Ana3 - 3: T.Abluft	19.9
2021-03-11 02:36:48.0	Ana4 - 4: T.Fortluft	11.9
2021-03-11 02:36:48.0	Ana5 - 5: T.Raum	9999.9
2021-03-11 02:36:48.0	Ana9 - 9: T.Zuluft WRG warm	19.1
2021-03-11 02:36:58.0	Ana1 - 1: T.Au?en	3.8
2021-03-11 02:36:58.0	Ana2 - 2: T.Zuluft	14.4
2021-03-11 02:36:58.0	Ana3 - 3: T.Abluft	19.9
2021-03-11 02:36:58.0	Ana4 - 4: T.Fortluft	11.9
2021-03-11 02:36:58.0	Ana5 - 5: T.Raum	9999.9
2021-03-11 02:36:58.0	Ana9 - 9: T.Zuluft WRG warm	19.1
2021-03-11 02:37:08.0	Ana1 - 1: T.Au?en	3.8
2021-03-11 02:37:08.0	Ana2 - 2: T.Zuluft	14.4
2021-03-11 02:37:08.0	Ana3 - 3: T.Abluft	19.9
2021-03-11 02:37:08.0	Ana4 - 4: T.Fortluft	11.9
2021-03-11 02:37:08.0	Ana5 - 5: T.Raum	9999.9
2021-03-11 02:37:08.0	Ana9 - 9: T.Zuluft WRG warm	19.1
2021-03-11 02:37:18.0	Ana1 - 1: T.Au?en	3.8
2021-03-11 02:37:18.0	Ana2 - 2: T.Zuluft	14.4
2021-03-11 02:37:18.0	Ana3 - 3: T.Abluft	19.9
2021-03-11 02:37:18.0	Ana4 - 4: T.Fortluft	11.9
2021-03-11 02:37:18.0	Ana5 - 5: T.Raum	9999.9
2021-03-11 02:37:18.0	Ana9 - 9: T.Zuluft WRG warm	19.1
2021-03-11 02:37:28.0	Ana1 - 1: T.Au?en	3.8
2021-03-11 02:37:28.0	Ana2 - 2: T.Zuluft	14.4
2021-03-11 02:37:28.0	Ana3 - 3: T.Abluft	19.9
2021-03-11 02:37:28.0	Ana4 - 4: T.Fortluft	11.9
2021-03-11 02:37:28.0	Ana5 - 5: T.Raum	9999.9
2021-03-11 02:37:28.0	Ana9 - 9: T.Zuluft WRG warm	19.1
2021-03-11 02:37:38.0	Ana1 - 1: T.Au?en	3.8
2021-03-11 02:37:38.0	Ana2 - 2: T.Zuluft	14.4
2021-03-11 02:37:38.0	Ana3 - 3: T.Abluft	19.9
2021-03-11 02:37:38.0	Ana4 - 4: T.Fortluft	11.9
2021-03-11 02:37:38.0	Ana5 - 5: T.Raum	9999.9
2021-03-11 02:37:38.0	Ana9 - 9: T.Zuluft WRG warm	19.1
2021-03-11 02:37:48.0	Ana1 - 1: T.Au?en	3.8
2021-03-11 02:37:48.0	Ana2 - 2: T.Zuluft	14.4
2021-03-11 02:37:48.0	Ana3 - 3: T.Abluft	19.9
2021-03-11 02:37:48.0	Ana4 - 4: T.Fortluft	11.9
2021-03-11 02:37:48.0	Ana5 - 5: T.Raum	9999.9
2021-03-11 02:37:48.0	Ana9 - 9: T.Zuluft WRG warm	19.1
2021-03-11 02:37:58.0	Ana1 - 1: T.Au?en	3.8
2021-03-11 02:37:58.0	Ana2 - 2: T.Zuluft	14.4
2021-03-11 02:37:58.0	Ana3 - 3: T.Abluft	19.9
2021-03-11 02:37:58.0	Ana4 - 4: T.Fortluft	11.9
2021-03-11 02:37:58.0	Ana5 - 5: T.Raum	9999.9
2021-03-11 02:37:58.0	Ana9 - 9: T.Zuluft WRG warm	19.1
2021-03-11 02:38:08.0	Ana1 - 1: T.Au?en	3.8
2021-03-11 02:38:08.0	Ana2 - 2: T.Zuluft	14.4
2021-03-11 02:38:08.0	Ana3 - 3: T.Abluft	19.9
2021-03-11 02:38:08.0	Ana4 - 4: T.Fortluft	11.9
2021-03-11 02:38:08.0	Ana5 - 5: T.Raum	9999.9
2021-03-11 02:38:08.0	Ana9 - 9: T.Zuluft WRG warm	19.1
2021-03-11 02:38:18.0	Ana1 - 1: T.Au?en	3.8
2021-03-11 02:38:18.0	Ana2 - 2: T.Zuluft	14.4
2021-03-11 02:38:18.0	Ana3 - 3: T.Abluft	19.9
2021-03-11 02:38:18.0	Ana4 - 4: T.Fortluft	11.9
2021-03-11 02:38:18.0	Ana5 - 5: T.Raum	9999.9
2021-03-11 02:38:18.0	Ana9 - 9: T.Zuluft WRG warm	19.1
2021-03-11 02:38:28.0	Ana1 - 1: T.Au?en	3.8
2021-03-11 02:38:28.0	Ana2 - 2: T.Zuluft	14.4
2021-03-11 02:38:28.0	Ana3 - 3: T.Abluft	19.9
2021-03-11 02:38:28.0	Ana4 - 4: T.Fortluft	11.9
2021-03-11 02:38:28.0	Ana5 - 5: T.Raum	9999.9
2021-03-11 02:38:28.0	Ana9 - 9: T.Zuluft WRG warm	19.1
2021-03-11 02:38:38.0	Ana1 - 1: T.Au?en	3.8
2021-03-11 02:38:38.0	Ana2 - 2: T.Zuluft	14.4
2021-03-11 02:38:38.0	Ana3 - 3: T.Abluft	19.9
2021-03-11 02:38:38.0	Ana4 - 4: T.Fortluft	11.9
2021-03-11 02:38:38.0	Ana5 - 5: T.Raum	9999.9
2021-03-11 02:38:38.0	Ana9 - 9: T.Zuluft WRG warm	19.1
2021-03-11 02:38:48.0	Ana1 - 1: T.Au?en	3.8
2021-03-11 02:38:48.0	Ana2 - 2: T.Zuluft	14.4
2021-03-11 02:38:48.0	Ana3 - 3: T.Abluft	19.9
2021-03-11 02:38:48.0	Ana4 - 4: T.Fortluft	11.9
2021-03-11 02:38:48.0	Ana5 - 5: T.Raum	9999.9
2021-03-11 02:38:48.0	Ana9 - 9: T.Zuluft WRG warm	19.1
2021-03-11 02:38:58.0	Ana1 - 1: T.Au?en	3.8
2021-03-11 02:38:58.0	Ana2 - 2: T.Zuluft	14.4
2021-03-11 02:38:58.0	Ana3 - 3: T.Abluft	19.9
2021-03-11 02:38:58.0	Ana4 - 4: T.Fortluft	11.9
2021-03-11 02:38:58.0	Ana5 - 5: T.Raum	9999.9
2021-03-11 02:38:58.0	Ana9 - 9: T.Zuluft WRG warm	19.1
2021-03-11 02:39:08.0	Ana1 - 1: T.Au?en	3.8
2021-03-11 02:39:08.0	Ana2 - 2: T.Zuluft	14.4
2021-03-11 02:39:08.0	Ana3 - 3: T.Abluft	19.9
2021-03-11 02:39:08.0	Ana4 - 4: T.Fortluft	11.9
2021-03-11 02:39:08.0	Ana5 - 5: T.Raum	9999.9
2021-03-11 02:39:08.0	Ana9 - 9: T.Zuluft WRG warm	19.1
2021-03-11 02:39:18.0	Ana1 - 1: T.Au?en	3.8
2021-03-11 02:39:18.0	Ana2 - 2: T.Zuluft	14.3
2021-03-11 02:39:18.0	Ana3 - 3: T.Abluft	19.8
2021-03-11 02:39:18.0	Ana4 - 4: T.Fortluft	11.9
2021-03-11 02:39:18.0	Ana5 - 5: T.Raum	9999.9
2021-03-11 02:39:18.0	Ana9 - 9: T.Zuluft WRG warm	19.1
2021-03-11 02:39:28.0	Ana1 - 1: T.Au?en	3.8
2021-03-11 02:39:28.0	Ana2 - 2: T.Zuluft	14.4
2021-03-11 02:39:28.0	Ana3 - 3: T.Abluft	19.9
2021-03-11 02:39:28.0	Ana4 - 4: T.Fortluft	11.9
2021-03-11 02:39:28.0	Ana5 - 5: T.Raum	9999.9
2021-03-11 02:39:28.0	Ana9 - 9: T.Zuluft WRG warm	19.1
2021-03-11 02:39:38.0	Ana1 - 1: T.Au?en	3.8
2021-03-11 02:39:38.0	Ana2 - 2: T.Zuluft	14.4
2021-03-11 02:39:38.0	Ana3 - 3: T.Abluft	19.9
2021-03-11 02:39:38.0	Ana4 - 4: T.Fortluft	11.9
2021-03-11 02:39:38.0	Ana5 - 5: T.Raum	9999.9
2021-03-11 02:39:38.0	Ana9 - 9: T.Zuluft WRG warm	19.1
2021-03-11 02:39:48.0	Ana1 - 1: T.Au?en	3.8
2021-03-11 02:39:48.0	Ana2 - 2: T.Zuluft	14.4
2021-03-11 02:39:48.0	Ana3 - 3: T.Abluft	19.9
2021-03-11 02:39:48.0	Ana4 - 4: T.Fortluft	11.9
2021-03-11 02:39:48.0	Ana5 - 5: T.Raum	9999.9
2021-03-11 02:39:48.0	Ana9 - 9: T.Zuluft WRG warm	19.1
2021-03-11 02:39:58.0	Ana1 - 1: T.Au?en	3.8
2021-03-11 02:39:58.0	Ana2 - 2: T.Zuluft	14.3
2021-03-11 02:39:58.0	Ana3 - 3: T.Abluft	19.8
2021-03-11 02:39:58.0	Ana4 - 4: T.Fortluft	11.9
2021-03-11 02:39:58.0	Ana5 - 5: T.Raum	9999.9
2021-03-11 02:39:58.0	Ana9 - 9: T.Zuluft WRG warm	19.0
2021-03-11 02:40:08.0	Ana1 - 1: T.Au?en	3.8
2021-03-11 02:40:08.0	Ana2 - 2: T.Zuluft	14.4
2021-03-11 02:40:08.0	Ana3 - 3: T.Abluft	19.9
2021-03-11 02:40:08.0	Ana4 - 4: T.Fortluft	11.9
2021-03-11 02:40:08.0	Ana5 - 5: T.Raum	9999.9
2021-03-11 02:40:08.0	Ana9 - 9: T.Zuluft WRG warm	19.1
2021-03-11 02:40:18.0	Ana1 - 1: T.Au?en	3.8
2021-03-11 02:40:18.0	Ana2 - 2: T.Zuluft	14.4
2021-03-11 02:40:18.0	Ana3 - 3: T.Abluft	19.8
2021-03-11 02:40:18.0	Ana4 - 4: T.Fortluft	11.9
2021-03-11 02:40:18.0	Ana5 - 5: T.Raum	9999.9
2021-03-11 02:40:18.0	Ana9 - 9: T.Zuluft WRG warm	19.1
2021-03-11 02:40:28.0	Ana1 - 1: T.Au?en	3.8
2021-03-11 02:40:28.0	Ana2 - 2: T.Zuluft	14.4
2021-03-11 02:40:28.0	Ana3 - 3: T.Abluft	19.8
2021-03-11 02:40:28.0	Ana4 - 4: T.Fortluft	11.9
2021-03-11 02:40:28.0	Ana5 - 5: T.Raum	9999.9
2021-03-11 02:40:28.0	Ana9 - 9: T.Zuluft WRG warm	19.1
2021-03-11 02:40:38.0	Ana1 - 1: T.Au?en	3.8
2021-03-11 02:40:38.0	Ana2 - 2: T.Zuluft	14.4
2021-03-11 02:40:38.0	Ana3 - 3: T.Abluft	19.8
2021-03-11 02:40:38.0	Ana4 - 4: T.Fortluft	11.9
2021-03-11 02:40:38.0	Ana5 - 5: T.Raum	9999.9
2021-03-11 02:40:38.0	Ana9 - 9: T.Zuluft WRG warm	19.1
2021-03-11 02:40:48.0	Ana1 - 1: T.Au?en	3.8
2021-03-11 02:40:48.0	Ana2 - 2: T.Zuluft	14.3
2021-03-11 02:40:48.0	Ana3 - 3: T.Abluft	19.9
2021-03-11 02:40:48.0	Ana4 - 4: T.Fortluft	11.9
2021-03-11 02:40:48.0	Ana5 - 5: T.Raum	9999.9
2021-03-11 02:40:48.0	Ana9 - 9: T.Zuluft WRG warm	19.1
2021-03-11 02:40:58.0	Ana1 - 1: T.Au?en	3.8
2021-03-11 02:40:58.0	Ana2 - 2: T.Zuluft	14.3
2021-03-11 02:40:58.0	Ana3 - 3: T.Abluft	19.9
2021-03-11 02:40:58.0	Ana4 - 4: T.Fortluft	11.9
2021-03-11 02:40:58.0	Ana5 - 5: T.Raum	9999.9
2021-03-11 02:40:58.0	Ana9 - 9: T.Zuluft WRG warm	19.1
2021-03-11 02:41:08.0	Ana1 - 1: T.Au?en	3.8
2021-03-11 02:41:08.0	Ana2 - 2: T.Zuluft	14.4
2021-03-11 02:41:08.0	Ana3 - 3: T.Abluft	19.8
2021-03-11 02:41:08.0	Ana4 - 4: T.Fortluft	11.9
2021-03-11 02:41:08.0	Ana5 - 5: T.Raum	9999.9
2021-03-11 02:41:08.0	Ana9 - 9: T.Zuluft WRG warm	19.1
2021-03-11 02:41:18.0	Ana1 - 1: T.Au?en	3.8
2021-03-11 02:41:18.0	Ana2 - 2: T.Zuluft	14.3
2021-03-11 02:41:18.0	Ana3 - 3: T.Abluft	19.9
2021-03-11 02:41:18.0	Ana4 - 4: T.Fortluft	11.9
2021-03-11 02:41:18.0	Ana5 - 5: T.Raum	9999.9
2021-03-11 02:41:18.0	Ana9 - 9: T.Zuluft WRG warm	19.1
2021-03-11 02:41:28.0	Ana1 - 1: T.Au?en	3.8
2021-03-11 02:41:28.0	Ana2 - 2: T.Zuluft	14.3
2021-03-11 02:41:28.0	Ana3 - 3: T.Abluft	19.9
2021-03-11 02:41:28.0	Ana4 - 4: T.Fortluft	11.8
2021-03-11 02:41:28.0	Ana5 - 5: T.Raum	9999.9
2021-03-11 02:41:28.0	Ana9 - 9: T.Zuluft WRG warm	19.1
2021-03-11 02:41:38.0	Ana1 - 1: T.Au?en	3.8
2021-03-11 02:41:38.0	Ana2 - 2: T.Zuluft	14.3
2021-03-11 02:41:38.0	Ana3 - 3: T.Abluft	19.9
2021-03-11 02:41:38.0	Ana4 - 4: T.Fortluft	11.9
2021-03-11 02:41:38.0	Ana5 - 5: T.Raum	9999.9
2021-03-11 02:41:38.0	Ana9 - 9: T.Zuluft WRG warm	19.1
2021-03-11 02:41:48.0	Ana1 - 1: T.Au?en	3.8
2021-03-11 02:41:48.0	Ana2 - 2: T.Zuluft	14.3
2021-03-11 02:41:48.0	Ana3 - 3: T.Abluft	19.9
2021-03-11 02:41:48.0	Ana4 - 4: T.Fortluft	11.8
2021-03-11 02:41:48.0	Ana5 - 5: T.Raum	9999.9
2021-03-11 02:41:48.0	Ana9 - 9: T.Zuluft WRG warm	19.0
2021-03-11 02:41:58.0	Ana1 - 1: T.Au?en	3.8
2021-03-11 02:41:58.0	Ana2 - 2: T.Zuluft	14.3
2021-03-11 02:41:58.0	Ana3 - 3: T.Abluft	19.9
2021-03-11 02:41:58.0	Ana4 - 4: T.Fortluft	11.8
2021-03-11 02:41:58.0	Ana5 - 5: T.Raum	9999.9
2021-03-11 02:41:58.0	Ana9 - 9: T.Zuluft WRG warm	19.0
2021-03-11 02:42:08.0	Ana1 - 1: T.Au?en	3.9
2021-03-11 02:42:08.0	Ana2 - 2: T.Zuluft	14.3
2021-03-11 02:42:08.0	Ana3 - 3: T.Abluft	19.9
2021-03-11 02:42:08.0	Ana4 - 4: T.Fortluft	11.8
2021-03-11 02:42:08.0	Ana5 - 5: T.Raum	9999.9
2021-03-11 02:42:08.0	Ana9 - 9: T.Zuluft WRG warm	19.1
2021-03-11 02:42:18.0	Ana1 - 1: T.Au?en	3.9
2021-03-11 02:42:18.0	Ana2 - 2: T.Zuluft	14.3
2021-03-11 02:42:18.0	Ana3 - 3: T.Abluft	19.9
2021-03-11 02:42:18.0	Ana4 - 4: T.Fortluft	11.8
2021-03-11 02:42:18.0	Ana5 - 5: T.Raum	9999.9
2021-03-11 02:42:18.0	Ana9 - 9: T.Zuluft WRG warm	19.1
2021-03-11 02:42:28.0	Ana1 - 1: T.Au?en	3.9
2021-03-11 02:42:28.0	Ana2 - 2: T.Zuluft	14.3
2021-03-11 02:42:28.0	Ana3 - 3: T.Abluft	19.8
2021-03-11 02:42:28.0	Ana4 - 4: T.Fortluft	11.8
2021-03-11 02:42:28.0	Ana5 - 5: T.Raum	9999.9
2021-03-11 02:42:28.0	Ana9 - 9: T.Zuluft WRG warm	19.1
2021-03-11 02:42:38.0	Ana1 - 1: T.Au?en	3.9
2021-03-11 02:42:38.0	Ana2 - 2: T.Zuluft	14.3
2021-03-11 02:42:38.0	Ana3 - 3: T.Abluft	19.9
2021-03-11 02:42:38.0	Ana4 - 4: T.Fortluft	11.8
2021-03-11 02:42:38.0	Ana5 - 5: T.Raum	9999.9
2021-03-11 02:42:38.0	Ana9 - 9: T.Zuluft WRG warm	19.1
2021-03-11 02:42:48.0	Ana1 - 1: T.Au?en	3.9
2021-03-11 02:42:48.0	Ana2 - 2: T.Zuluft	14.3
2021-03-11 02:42:48.0	Ana3 - 3: T.Abluft	19.8
2021-03-11 02:42:48.0	Ana4 - 4: T.Fortluft	11.8
2021-03-11 02:42:48.0	Ana5 - 5: T.Raum	9999.9
2021-03-11 02:42:48.0	Ana9 - 9: T.Zuluft WRG warm	19.1
2021-03-11 02:42:58.0	Ana1 - 1: T.Au?en	3.9
2021-03-11 02:42:58.0	Ana2 - 2: T.Zuluft	14.3
2021-03-11 02:42:58.0	Ana3 - 3: T.Abluft	19.8
2021-03-11 02:42:58.0	Ana4 - 4: T.Fortluft	11.8
2021-03-11 02:42:58.0	Ana5 - 5: T.Raum	9999.9
2021-03-11 02:42:58.0	Ana9 - 9: T.Zuluft WRG warm	19.0
2021-03-11 02:43:08.0	Ana1 - 1: T.Au?en	3.9
2021-03-11 02:43:08.0	Ana2 - 2: T.Zuluft	14.3
2021-03-11 02:43:08.0	Ana3 - 3: T.Abluft	19.8
2021-03-11 02:43:08.0	Ana4 - 4: T.Fortluft	11.8
2021-03-11 02:43:08.0	Ana5 - 5: T.Raum	9999.9
2021-03-11 02:43:08.0	Ana9 - 9: T.Zuluft WRG warm	19.0
2021-03-11 02:43:18.0	Ana1 - 1: T.Au?en	3.9
2021-03-11 02:43:18.0	Ana2 - 2: T.Zuluft	14.3
2021-03-11 02:43:18.0	Ana3 - 3: T.Abluft	19.8
2021-03-11 02:43:18.0	Ana4 - 4: T.Fortluft	11.8
2021-03-11 02:43:18.0	Ana5 - 5: T.Raum	9999.9
2021-03-11 02:43:18.0	Ana9 - 9: T.Zuluft WRG warm	19.1
2021-03-11 02:43:28.0	Ana1 - 1: T.Au?en	3.8
2021-03-11 02:43:28.0	Ana2 - 2: T.Zuluft	14.3
2021-03-11 02:43:28.0	Ana3 - 3: T.Abluft	19.8
2021-03-11 02:43:28.0	Ana4 - 4: T.Fortluft	11.8
2021-03-11 02:43:28.0	Ana5 - 5: T.Raum	9999.9
2021-03-11 02:43:28.0	Ana9 - 9: T.Zuluft WRG warm	19.0
2021-03-11 02:43:38.0	Ana1 - 1: T.Au?en	3.8
2021-03-11 02:43:38.0	Ana2 - 2: T.Zuluft	14.3
2021-03-11 02:43:38.0	Ana3 - 3: T.Abluft	19.8
2021-03-11 02:43:38.0	Ana4 - 4: T.Fortluft	11.8
2021-03-11 02:43:38.0	Ana5 - 5: T.Raum	9999.9
2021-03-11 02:43:38.0	Ana9 - 9: T.Zuluft WRG warm	19.0
2021-03-11 02:43:48.0	Ana1 - 1: T.Au?en	3.8
2021-03-11 02:43:48.0	Ana2 - 2: T.Zuluft	14.3
2021-03-11 02:43:48.0	Ana3 - 3: T.Abluft	19.8
2021-03-11 02:43:48.0	Ana4 - 4: T.Fortluft	11.8
2021-03-11 02:43:48.0	Ana5 - 5: T.Raum	9999.9
2021-03-11 02:43:48.0	Ana9 - 9: T.Zuluft WRG warm	19.0
2021-03-11 02:43:58.0	Ana1 - 1: T.Au?en	3.9
2021-03-11 02:43:58.0	Ana2 - 2: T.Zuluft	14.3
2021-03-11 02:43:58.0	Ana3 - 3: T.Abluft	19.8
2021-03-11 02:43:58.0	Ana4 - 4: T.Fortluft	11.8
2021-03-11 02:43:58.0	Ana5 - 5: T.Raum	9999.9
2021-03-11 02:43:58.0	Ana9 - 9: T.Zuluft WRG warm	19.0
2021-03-11 02:44:08.0	Ana1 - 1: T.Au?en	3.9
2021-03-11 02:44:08.0	Ana2 - 2: T.Zuluft	14.3
2021-03-11 02:44:08.0	Ana3 - 3: T.Abluft	19.8
2021-03-11 02:44:08.0	Ana4 - 4: T.Fortluft	11.8
2021-03-11 02:44:08.0	Ana5 - 5: T.Raum	9999.9
2021-03-11 02:44:08.0	Ana9 - 9: T.Zuluft WRG warm	19.0
2021-03-11 02:44:18.0	Ana1 - 1: T.Au?en	3.9
2021-03-11 02:44:18.0	Ana2 - 2: T.Zuluft	14.3
2021-03-11 02:44:18.0	Ana3 - 3: T.Abluft	19.8
2021-03-11 02:44:18.0	Ana4 - 4: T.Fortluft	11.8
2021-03-11 02:44:18.0	Ana5 - 5: T.Raum	9999.9
2021-03-11 02:44:18.0	Ana9 - 9: T.Zuluft WRG warm	19.0
2021-03-11 02:44:28.0	Ana1 - 1: T.Au?en	3.9
2021-03-11 02:44:28.0	Ana2 - 2: T.Zuluft	14.3
2021-03-11 02:44:28.0	Ana3 - 3: T.Abluft	19.8
2021-03-11 02:44:28.0	Ana4 - 4: T.Fortluft	11.8
2021-03-11 02:44:28.0	Ana5 - 5: T.Raum	9999.9
2021-03-11 02:44:28.0	Ana9 - 9: T.Zuluft WRG warm	19.0
2021-03-11 02:44:38.0	Ana1 - 1: T.Au?en	3.9
2021-03-11 02:44:38.0	Ana2 - 2: T.Zuluft	14.3
2021-03-11 02:44:38.0	Ana3 - 3: T.Abluft	19.8
2021-03-11 02:44:38.0	Ana4 - 4: T.Fortluft	11.8
2021-03-11 02:44:38.0	Ana5 - 5: T.Raum	9999.9
2021-03-11 02:44:38.0	Ana9 - 9: T.Zuluft WRG warm	19.0
2021-03-11 02:44:48.0	Ana1 - 1: T.Au?en	3.9
2021-03-11 02:44:48.0	Ana2 - 2: T.Zuluft	14.3
2021-03-11 02:44:48.0	Ana3 - 3: T.Abluft	19.8
2021-03-11 02:44:48.0	Ana4 - 4: T.Fortluft	11.8
2021-03-11 02:44:48.0	Ana5 - 5: T.Raum	9999.9
2021-03-11 02:44:48.0	Ana9 - 9: T.Zuluft WRG warm	19.0
2021-03-11 02:44:58.0	Ana1 - 1: T.Au?en	3.9
2021-03-11 02:44:58.0	Ana2 - 2: T.Zuluft	14.3
2021-03-11 02:44:58.0	Ana3 - 3: T.Abluft	19.8
2021-03-11 02:44:58.0	Ana4 - 4: T.Fortluft	11.8
2021-03-11 02:44:58.0	Ana5 - 5: T.Raum	9999.9
2021-03-11 02:44:58.0	Ana9 - 9: T.Zuluft WRG warm	19.0
2021-03-11 02:45:08.0	Ana1 - 1: T.Au?en	3.9
2021-03-11 02:45:08.0	Ana2 - 2: T.Zuluft	14.3
2021-03-11 02:45:08.0	Ana3 - 3: T.Abluft	19.9
2021-03-11 02:45:08.0	Ana4 - 4: T.Fortluft	11.8
2021-03-11 02:45:08.0	Ana5 - 5: T.Raum	9999.9
2021-03-11 02:45:08.0	Ana9 - 9: T.Zuluft WRG warm	19.0
2021-03-11 02:45:18.0	Ana1 - 1: T.Au?en	3.9
2021-03-11 02:45:18.0	Ana2 - 2: T.Zuluft	14.3
2021-03-11 02:45:18.0	Ana3 - 3: T.Abluft	19.8
2021-03-11 02:45:18.0	Ana4 - 4: T.Fortluft	11.8
2021-03-11 02:45:18.0	Ana5 - 5: T.Raum	9999.9
2021-03-11 02:45:18.0	Ana9 - 9: T.Zuluft WRG warm	19.0
2021-03-11 02:45:28.0	Ana1 - 1: T.Au?en	3.9
2021-03-11 02:45:28.0	Ana2 - 2: T.Zuluft	14.3
2021-03-11 02:45:28.0	Ana3 - 3: T.Abluft	19.9
2021-03-11 02:45:28.0	Ana4 - 4: T.Fortluft	11.8
2021-03-11 02:45:28.0	Ana5 - 5: T.Raum	9999.9
2021-03-11 02:45:28.0	Ana9 - 9: T.Zuluft WRG warm	19.0
2021-03-11 02:45:38.0	Ana1 - 1: T.Au?en	3.9
2021-03-11 02:45:38.0	Ana2 - 2: T.Zuluft	14.3
2021-03-11 02:45:38.0	Ana3 - 3: T.Abluft	19.8
2021-03-11 02:45:38.0	Ana4 - 4: T.Fortluft	11.8
2021-03-11 02:45:38.0	Ana5 - 5: T.Raum	9999.9
2021-03-11 02:45:38.0	Ana9 - 9: T.Zuluft WRG warm	19.0
2021-03-11 02:45:48.0	Ana1 - 1: T.Au?en	3.9
2021-03-11 02:45:48.0	Ana2 - 2: T.Zuluft	14.3
2021-03-11 02:45:48.0	Ana3 - 3: T.Abluft	19.9
2021-03-11 02:45:48.0	Ana4 - 4: T.Fortluft	11.8
2021-03-11 02:45:48.0	Ana5 - 5: T.Raum	9999.9
2021-03-11 02:45:48.0	Ana9 - 9: T.Zuluft WRG warm	19.0
2021-03-11 02:45:58.0	Ana1 - 1: T.Au?en	3.9
2021-03-11 02:45:58.0	Ana2 - 2: T.Zuluft	14.3
2021-03-11 02:45:58.0	Ana3 - 3: T.Abluft	19.8
2021-03-11 02:45:58.0	Ana4 - 4: T.Fortluft	11.8
2021-03-11 02:45:58.0	Ana5 - 5: T.Raum	9999.9
2021-03-11 02:45:58.0	Ana9 - 9: T.Zuluft WRG warm	19.0
2021-03-11 02:46:08.0	Ana1 - 1: T.Au?en	3.8
2021-03-11 02:46:08.0	Ana2 - 2: T.Zuluft	14.3
2021-03-11 02:46:08.0	Ana3 - 3: T.Abluft	19.9
2021-03-11 02:46:08.0	Ana4 - 4: T.Fortluft	11.8
2021-03-11 02:46:08.0	Ana5 - 5: T.Raum	9999.9
2021-03-11 02:46:08.0	Ana9 - 9: T.Zuluft WRG warm	19.0
2021-03-11 02:46:18.0	Ana1 - 1: T.Au?en	3.8
2021-03-11 02:46:18.0	Ana2 - 2: T.Zuluft	14.3
2021-03-11 02:46:18.0	Ana3 - 3: T.Abluft	19.9
2021-03-11 02:46:18.0	Ana4 - 4: T.Fortluft	11.8
2021-03-11 02:46:18.0	Ana5 - 5: T.Raum	9999.9
2021-03-11 02:46:18.0	Ana9 - 9: T.Zuluft WRG warm	19.0
2021-03-11 02:46:28.0	Ana1 - 1: T.Au?en	3.8
2021-03-11 02:46:28.0	Ana2 - 2: T.Zuluft	14.3
2021-03-11 02:46:28.0	Ana3 - 3: T.Abluft	19.9
2021-03-11 02:46:28.0	Ana4 - 4: T.Fortluft	11.8
2021-03-11 02:46:28.0	Ana5 - 5: T.Raum	9999.9
2021-03-11 02:46:28.0	Ana9 - 9: T.Zuluft WRG warm	19.0
2021-03-11 02:46:38.0	Ana1 - 1: T.Au?en	3.8
2021-03-11 02:46:38.0	Ana2 - 2: T.Zuluft	14.3
2021-03-11 02:46:38.0	Ana3 - 3: T.Abluft	19.9
2021-03-11 02:46:38.0	Ana4 - 4: T.Fortluft	11.8
2021-03-11 02:46:38.0	Ana5 - 5: T.Raum	9999.9
2021-03-11 02:46:38.0	Ana9 - 9: T.Zuluft WRG warm	19.0
2021-03-11 02:46:48.0	Ana1 - 1: T.Au?en	3.8
2021-03-11 02:46:48.0	Ana2 - 2: T.Zuluft	14.3
2021-03-11 02:46:48.0	Ana3 - 3: T.Abluft	19.9
2021-03-11 02:46:48.0	Ana4 - 4: T.Fortluft	11.8
2021-03-11 02:46:48.0	Ana5 - 5: T.Raum	9999.9
2021-03-11 02:46:48.0	Ana9 - 9: T.Zuluft WRG warm	19.0
2021-03-11 02:46:58.0	Ana1 - 1: T.Au?en	3.8
2021-03-11 02:46:58.0	Ana2 - 2: T.Zuluft	14.3
2021-03-11 02:46:58.0	Ana3 - 3: T.Abluft	19.9
2021-03-11 02:46:58.0	Ana4 - 4: T.Fortluft	11.8
2021-03-11 02:46:58.0	Ana5 - 5: T.Raum	9999.9
2021-03-11 02:46:58.0	Ana9 - 9: T.Zuluft WRG warm	19.0
2021-03-11 02:47:08.0	Ana1 - 1: T.Au?en	3.8
2021-03-11 02:47:08.0	Ana2 - 2: T.Zuluft	14.3
2021-03-11 02:47:08.0	Ana3 - 3: T.Abluft	19.9
2021-03-11 02:47:08.0	Ana4 - 4: T.Fortluft	11.8
2021-03-11 02:47:08.0	Ana5 - 5: T.Raum	9999.9
2021-03-11 02:47:08.0	Ana9 - 9: T.Zuluft WRG warm	19.0
2021-03-11 02:47:18.0	Ana1 - 1: T.Au?en	3.8
2021-03-11 02:47:18.0	Ana2 - 2: T.Zuluft	14.3
2021-03-11 02:47:18.0	Ana3 - 3: T.Abluft	19.9
2021-03-11 02:47:18.0	Ana4 - 4: T.Fortluft	11.8
2021-03-11 02:47:18.0	Ana5 - 5: T.Raum	9999.9
2021-03-11 02:47:18.0	Ana9 - 9: T.Zuluft WRG warm	19.0
2021-03-11 02:47:28.0	Ana1 - 1: T.Au?en	3.8
2021-03-11 02:47:28.0	Ana2 - 2: T.Zuluft	14.3
2021-03-11 02:47:28.0	Ana3 - 3: T.Abluft	19.9
2021-03-11 02:47:28.0	Ana4 - 4: T.Fortluft	11.8
2021-03-11 02:47:28.0	Ana5 - 5: T.Raum	9999.9
2021-03-11 02:47:28.0	Ana9 - 9: T.Zuluft WRG warm	19.0
2021-03-11 02:47:38.0	Ana1 - 1: T.Au?en	3.8
2021-03-11 02:47:38.0	Ana2 - 2: T.Zuluft	14.3
2021-03-11 02:47:38.0	Ana3 - 3: T.Abluft	19.9
2021-03-11 02:47:38.0	Ana4 - 4: T.Fortluft	11.8
2021-03-11 02:47:38.0	Ana5 - 5: T.Raum	9999.9
2021-03-11 02:47:38.0	Ana9 - 9: T.Zuluft WRG warm	19.0
2021-03-11 02:47:48.0	Ana1 - 1: T.Au?en	3.8
2021-03-11 02:47:48.0	Ana2 - 2: T.Zuluft	14.3
2021-03-11 02:47:48.0	Ana3 - 3: T.Abluft	19.8
2021-03-11 02:47:48.0	Ana4 - 4: T.Fortluft	11.8
2021-03-11 02:47:48.0	Ana5 - 5: T.Raum	9999.9
2021-03-11 02:47:48.0	Ana9 - 9: T.Zuluft WRG warm	19.0
2021-03-11 02:47:58.0	Ana1 - 1: T.Au?en	3.8
2021-03-11 02:47:58.0	Ana2 - 2: T.Zuluft	14.3
2021-03-11 02:47:58.0	Ana3 - 3: T.Abluft	19.8
2021-03-11 02:47:58.0	Ana4 - 4: T.Fortluft	11.8
2021-03-11 02:47:58.0	Ana5 - 5: T.Raum	9999.9
2021-03-11 02:47:58.0	Ana9 - 9: T.Zuluft WRG warm	19.0
2021-03-11 02:48:08.0	Ana1 - 1: T.Au?en	3.8
2021-03-11 02:48:08.0	Ana2 - 2: T.Zuluft	14.3
2021-03-11 02:48:08.0	Ana3 - 3: T.Abluft	19.9
2021-03-11 02:48:08.0	Ana4 - 4: T.Fortluft	11.8
2021-03-11 02:48:08.0	Ana5 - 5: T.Raum	9999.9
2021-03-11 02:48:08.0	Ana9 - 9: T.Zuluft WRG warm	19.0
2021-03-11 02:48:18.0	Ana1 - 1: T.Au?en	3.8
2021-03-11 02:48:18.0	Ana2 - 2: T.Zuluft	14.3
2021-03-11 02:48:18.0	Ana3 - 3: T.Abluft	19.8
2021-03-11 02:48:18.0	Ana4 - 4: T.Fortluft	11.8
2021-03-11 02:48:18.0	Ana5 - 5: T.Raum	9999.9
2021-03-11 02:48:18.0	Ana9 - 9: T.Zuluft WRG warm	19.0
2021-03-11 02:48:28.0	Ana1 - 1: T.Au?en	3.8
2021-03-11 02:48:28.0	Ana2 - 2: T.Zuluft	14.3
2021-03-11 02:48:28.0	Ana3 - 3: T.Abluft	19.9
2021-03-11 02:48:28.0	Ana4 - 4: T.Fortluft	11.8
2021-03-11 02:48:28.0	Ana5 - 5: T.Raum	9999.9
2021-03-11 02:48:28.0	Ana9 - 9: T.Zuluft WRG warm	19.0
2021-03-11 02:48:38.0	Ana1 - 1: T.Au?en	3.8
2021-03-11 02:48:38.0	Ana2 - 2: T.Zuluft	14.3
2021-03-11 02:48:38.0	Ana3 - 3: T.Abluft	19.8
2021-03-11 02:48:38.0	Ana4 - 4: T.Fortluft	11.8
2021-03-11 02:48:38.0	Ana5 - 5: T.Raum	9999.9
2021-03-11 02:48:38.0	Ana9 - 9: T.Zuluft WRG warm	19.0
2021-03-11 02:48:48.0	Ana1 - 1: T.Au?en	3.8
2021-03-11 02:48:48.0	Ana2 - 2: T.Zuluft	14.3
2021-03-11 02:48:48.0	Ana3 - 3: T.Abluft	19.8
2021-03-11 02:48:48.0	Ana4 - 4: T.Fortluft	11.8
2021-03-11 02:48:48.0	Ana5 - 5: T.Raum	9999.9
2021-03-11 02:48:48.0	Ana9 - 9: T.Zuluft WRG warm	19.0
2021-03-11 02:48:58.0	Ana1 - 1: T.Au?en	3.8
2021-03-11 02:48:58.0	Ana2 - 2: T.Zuluft	14.3
2021-03-11 02:48:58.0	Ana3 - 3: T.Abluft	19.8
2021-03-11 02:48:58.0	Ana4 - 4: T.Fortluft	11.8
2021-03-11 02:48:58.0	Ana5 - 5: T.Raum	9999.9
2021-03-11 02:48:58.0	Ana9 - 9: T.Zuluft WRG warm	19.0
2021-03-11 02:49:08.0	Ana1 - 1: T.Au?en	3.8
2021-03-11 02:49:08.0	Ana2 - 2: T.Zuluft	14.3
2021-03-11 02:49:08.0	Ana3 - 3: T.Abluft	19.8
2021-03-11 02:49:08.0	Ana4 - 4: T.Fortluft	11.8
2021-03-11 02:49:08.0	Ana5 - 5: T.Raum	9999.9
2021-03-11 02:49:08.0	Ana9 - 9: T.Zuluft WRG warm	19.0
2021-03-11 02:49:18.0	Ana1 - 1: T.Au?en	3.8
2021-03-11 02:49:18.0	Ana2 - 2: T.Zuluft	14.3
2021-03-11 02:49:18.0	Ana3 - 3: T.Abluft	19.8
2021-03-11 02:49:18.0	Ana4 - 4: T.Fortluft	11.8
2021-03-11 02:49:18.0	Ana5 - 5: T.Raum	9999.9
2021-03-11 02:49:18.0	Ana9 - 9: T.Zuluft WRG warm	19.0
2021-03-11 02:49:28.0	Ana1 - 1: T.Au?en	3.8
2021-03-11 02:49:28.0	Ana2 - 2: T.Zuluft	14.3
2021-03-11 02:49:28.0	Ana3 - 3: T.Abluft	19.8
2021-03-11 02:49:28.0	Ana4 - 4: T.Fortluft	11.8
2021-03-11 02:49:28.0	Ana5 - 5: T.Raum	9999.9
2021-03-11 02:49:28.0	Ana9 - 9: T.Zuluft WRG warm	19.0
2021-03-11 02:49:38.0	Ana1 - 1: T.Au?en	3.8
2021-03-11 02:49:38.0	Ana2 - 2: T.Zuluft	14.3
2021-03-11 02:49:38.0	Ana3 - 3: T.Abluft	19.8
2021-03-11 02:49:38.0	Ana4 - 4: T.Fortluft	11.8
2021-03-11 02:49:38.0	Ana5 - 5: T.Raum	9999.9
2021-03-11 02:49:38.0	Ana9 - 9: T.Zuluft WRG warm	19.0
2021-03-11 02:49:48.0	Ana1 - 1: T.Au?en	3.8
2021-03-11 02:49:48.0	Ana2 - 2: T.Zuluft	14.3
2021-03-11 02:49:48.0	Ana3 - 3: T.Abluft	19.8
2021-03-11 02:49:48.0	Ana4 - 4: T.Fortluft	11.8
2021-03-11 02:49:48.0	Ana5 - 5: T.Raum	9999.9
2021-03-11 02:49:48.0	Ana9 - 9: T.Zuluft WRG warm	19.0
2021-03-11 02:49:58.0	Ana1 - 1: T.Au?en	3.8
2021-03-11 02:49:58.0	Ana2 - 2: T.Zuluft	14.3
2021-03-11 02:49:58.0	Ana3 - 3: T.Abluft	19.8
2021-03-11 02:49:58.0	Ana4 - 4: T.Fortluft	11.8
2021-03-11 02:49:58.0	Ana5 - 5: T.Raum	9999.9
2021-03-11 02:49:58.0	Ana9 - 9: T.Zuluft WRG warm	19.0
2021-03-11 02:50:08.0	Ana1 - 1: T.Au?en	3.7
2021-03-11 02:50:08.0	Ana2 - 2: T.Zuluft	14.3
2021-03-11 02:50:08.0	Ana3 - 3: T.Abluft	19.8
2021-03-11 02:50:08.0	Ana4 - 4: T.Fortluft	11.8
2021-03-11 02:50:08.0	Ana5 - 5: T.Raum	9999.9
2021-03-11 02:50:08.0	Ana9 - 9: T.Zuluft WRG warm	19.0
2021-03-11 02:50:18.0	Ana1 - 1: T.Au?en	3.7
2021-03-11 02:50:18.0	Ana2 - 2: T.Zuluft	14.3
2021-03-11 02:50:18.0	Ana3 - 3: T.Abluft	19.8
2021-03-11 02:50:18.0	Ana4 - 4: T.Fortluft	11.8
2021-03-11 02:50:18.0	Ana5 - 5: T.Raum	9999.9
2021-03-11 02:50:18.0	Ana9 - 9: T.Zuluft WRG warm	19.0
2021-03-11 02:50:28.0	Ana1 - 1: T.Au?en	3.7
2021-03-11 02:50:28.0	Ana2 - 2: T.Zuluft	14.3
2021-03-11 02:50:28.0	Ana3 - 3: T.Abluft	19.8
2021-03-11 02:50:28.0	Ana4 - 4: T.Fortluft	11.8
2021-03-11 02:50:28.0	Ana5 - 5: T.Raum	9999.9
2021-03-11 02:50:28.0	Ana9 - 9: T.Zuluft WRG warm	19.0
2021-03-11 02:50:38.0	Ana1 - 1: T.Au?en	3.7
2021-03-11 02:50:38.0	Ana2 - 2: T.Zuluft	14.3
2021-03-11 02:50:38.0	Ana3 - 3: T.Abluft	19.8
2021-03-11 02:50:38.0	Ana4 - 4: T.Fortluft	11.8
2021-03-11 02:50:38.0	Ana5 - 5: T.Raum	9999.9
2021-03-11 02:50:38.0	Ana9 - 9: T.Zuluft WRG warm	19.0
2021-03-11 02:50:48.0	Ana1 - 1: T.Au?en	3.7
2021-03-11 02:50:48.0	Ana2 - 2: T.Zuluft	14.3
2021-03-11 02:50:48.0	Ana3 - 3: T.Abluft	19.8
2021-03-11 02:50:48.0	Ana4 - 4: T.Fortluft	11.8
2021-03-11 02:50:48.0	Ana5 - 5: T.Raum	9999.9
2021-03-11 02:50:48.0	Ana9 - 9: T.Zuluft WRG warm	19.0
2021-03-11 02:50:58.0	Ana1 - 1: T.Au?en	3.7
2021-03-11 02:50:58.0	Ana2 - 2: T.Zuluft	14.3
2021-03-11 02:50:58.0	Ana3 - 3: T.Abluft	19.8
2021-03-11 02:50:58.0	Ana4 - 4: T.Fortluft	11.8
2021-03-11 02:50:58.0	Ana5 - 5: T.Raum	9999.9
2021-03-11 02:50:58.0	Ana9 - 9: T.Zuluft WRG warm	19.0
2021-03-11 02:51:08.0	Ana1 - 1: T.Au?en	3.7
2021-03-11 02:51:08.0	Ana2 - 2: T.Zuluft	14.3
2021-03-11 02:51:08.0	Ana3 - 3: T.Abluft	19.8
2021-03-11 02:51:08.0	Ana4 - 4: T.Fortluft	11.8
2021-03-11 02:51:08.0	Ana5 - 5: T.Raum	9999.9
2021-03-11 02:51:08.0	Ana9 - 9: T.Zuluft WRG warm	19.0
2021-03-11 02:51:18.0	Ana1 - 1: T.Au?en	3.7
2021-03-11 02:51:18.0	Ana2 - 2: T.Zuluft	14.3
2021-03-11 02:51:18.0	Ana3 - 3: T.Abluft	19.8
2021-03-11 02:51:18.0	Ana4 - 4: T.Fortluft	11.8
2021-03-11 02:51:18.0	Ana5 - 5: T.Raum	9999.9
2021-03-11 02:51:18.0	Ana9 - 9: T.Zuluft WRG warm	19.0
2021-03-11 02:51:28.0	Ana1 - 1: T.Au?en	3.7
2021-03-11 02:51:28.0	Ana2 - 2: T.Zuluft	14.2
2021-03-11 02:51:28.0	Ana3 - 3: T.Abluft	19.8
2021-03-11 02:51:28.0	Ana4 - 4: T.Fortluft	11.8
2021-03-11 02:51:28.0	Ana5 - 5: T.Raum	9999.9
2021-03-11 02:51:28.0	Ana9 - 9: T.Zuluft WRG warm	19.0
2021-03-11 02:51:38.0	Ana1 - 1: T.Au?en	3.7
2021-03-11 02:51:38.0	Ana2 - 2: T.Zuluft	14.3
2021-03-11 02:51:38.0	Ana3 - 3: T.Abluft	19.8
2021-03-11 02:51:38.0	Ana4 - 4: T.Fortluft	11.8
2021-03-11 02:51:38.0	Ana5 - 5: T.Raum	9999.9
2021-03-11 02:51:38.0	Ana9 - 9: T.Zuluft WRG warm	19.0
2021-03-11 02:51:48.0	Ana1 - 1: T.Au?en	3.7
2021-03-11 02:51:48.0	Ana2 - 2: T.Zuluft	14.2
2021-03-11 02:51:48.0	Ana3 - 3: T.Abluft	19.8
2021-03-11 02:51:48.0	Ana4 - 4: T.Fortluft	11.8
2021-03-11 02:51:48.0	Ana5 - 5: T.Raum	9999.9
2021-03-11 02:51:48.0	Ana9 - 9: T.Zuluft WRG warm	19.0
2021-03-11 02:51:58.0	Ana1 - 1: T.Au?en	3.7
2021-03-11 02:51:58.0	Ana2 - 2: T.Zuluft	14.3
2021-03-11 02:51:58.0	Ana3 - 3: T.Abluft	19.8
2021-03-11 02:51:58.0	Ana4 - 4: T.Fortluft	11.8
2021-03-11 02:51:58.0	Ana5 - 5: T.Raum	9999.9
2021-03-11 02:51:58.0	Ana9 - 9: T.Zuluft WRG warm	19.0
2021-03-11 02:52:08.0	Ana1 - 1: T.Au?en	3.7
2021-03-11 02:52:08.0	Ana2 - 2: T.Zuluft	14.2
2021-03-11 02:52:08.0	Ana3 - 3: T.Abluft	19.8
2021-03-11 02:52:08.0	Ana4 - 4: T.Fortluft	11.8
2021-03-11 02:52:08.0	Ana5 - 5: T.Raum	9999.9
2021-03-11 02:52:08.0	Ana9 - 9: T.Zuluft WRG warm	19.0
2021-03-11 02:52:18.0	Ana1 - 1: T.Au?en	3.6
2021-03-11 02:52:18.0	Ana2 - 2: T.Zuluft	14.2
2021-03-11 02:52:18.0	Ana3 - 3: T.Abluft	19.8
2021-03-11 02:52:18.0	Ana4 - 4: T.Fortluft	11.8
2021-03-11 02:52:18.0	Ana5 - 5: T.Raum	9999.9
2021-03-11 02:52:18.0	Ana9 - 9: T.Zuluft WRG warm	19.0
2021-03-11 02:52:28.0	Ana1 - 1: T.Au?en	3.6
2021-03-11 02:52:28.0	Ana2 - 2: T.Zuluft	14.2
2021-03-11 02:52:28.0	Ana3 - 3: T.Abluft	19.8
2021-03-11 02:52:28.0	Ana4 - 4: T.Fortluft	11.8
2021-03-11 02:52:28.0	Ana5 - 5: T.Raum	9999.9
2021-03-11 02:52:28.0	Ana9 - 9: T.Zuluft WRG warm	19.0
2021-03-11 02:52:38.0	Ana1 - 1: T.Au?en	3.6
2021-03-11 02:52:38.0	Ana2 - 2: T.Zuluft	14.2
2021-03-11 02:52:38.0	Ana3 - 3: T.Abluft	19.8
2021-03-11 02:52:38.0	Ana4 - 4: T.Fortluft	11.8
2021-03-11 02:52:38.0	Ana5 - 5: T.Raum	9999.9
2021-03-11 02:52:38.0	Ana9 - 9: T.Zuluft WRG warm	19.0
2021-03-11 02:52:48.0	Ana1 - 1: T.Au?en	3.6
2021-03-11 02:52:48.0	Ana2 - 2: T.Zuluft	14.3
2021-03-11 02:52:48.0	Ana3 - 3: T.Abluft	19.8
2021-03-11 02:52:48.0	Ana4 - 4: T.Fortluft	11.8
2021-03-11 02:52:48.0	Ana5 - 5: T.Raum	9999.9
2021-03-11 02:52:48.0	Ana9 - 9: T.Zuluft WRG warm	19.0
2021-03-11 02:52:58.0	Ana1 - 1: T.Au?en	3.6
2021-03-11 02:52:58.0	Ana2 - 2: T.Zuluft	14.2
2021-03-11 02:52:58.0	Ana3 - 3: T.Abluft	19.8
2021-03-11 02:52:58.0	Ana4 - 4: T.Fortluft	11.8
2021-03-11 02:52:58.0	Ana5 - 5: T.Raum	9999.9
2021-03-11 02:52:58.0	Ana9 - 9: T.Zuluft WRG warm	19.0
2021-03-11 02:53:08.0	Ana1 - 1: T.Au?en	3.6
2021-03-11 02:53:08.0	Ana2 - 2: T.Zuluft	14.2
2021-03-11 02:53:08.0	Ana3 - 3: T.Abluft	19.8
2021-03-11 02:53:08.0	Ana4 - 4: T.Fortluft	11.8
2021-03-11 02:53:08.0	Ana5 - 5: T.Raum	9999.9
2021-03-11 02:53:08.0	Ana9 - 9: T.Zuluft WRG warm	19.0
2021-03-11 02:53:18.0	Ana1 - 1: T.Au?en	3.6
2021-03-11 02:53:18.0	Ana2 - 2: T.Zuluft	14.2
2021-03-11 02:53:18.0	Ana3 - 3: T.Abluft	19.8
2021-03-11 02:53:18.0	Ana4 - 4: T.Fortluft	11.8
2021-03-11 02:53:18.0	Ana5 - 5: T.Raum	9999.9
2021-03-11 02:53:18.0	Ana9 - 9: T.Zuluft WRG warm	19.0
2021-03-11 02:53:28.0	Ana1 - 1: T.Au?en	3.6
2021-03-11 02:53:28.0	Ana2 - 2: T.Zuluft	14.2
2021-03-11 02:53:28.0	Ana3 - 3: T.Abluft	19.8
2021-03-11 02:53:28.0	Ana4 - 4: T.Fortluft	11.8
2021-03-11 02:53:28.0	Ana5 - 5: T.Raum	9999.9
2021-03-11 02:53:28.0	Ana9 - 9: T.Zuluft WRG warm	19.0
2021-03-11 02:53:38.0	Ana1 - 1: T.Au?en	3.6
2021-03-11 02:53:38.0	Ana2 - 2: T.Zuluft	14.2
2021-03-11 02:53:38.0	Ana3 - 3: T.Abluft	19.8
2021-03-11 02:53:38.0	Ana4 - 4: T.Fortluft	11.8
2021-03-11 02:53:38.0	Ana5 - 5: T.Raum	9999.9
2021-03-11 02:53:38.0	Ana9 - 9: T.Zuluft WRG warm	19.0
2021-03-11 02:53:48.0	Ana1 - 1: T.Au?en	3.6
2021-03-11 02:53:48.0	Ana2 - 2: T.Zuluft	14.2
2021-03-11 02:53:48.0	Ana3 - 3: T.Abluft	19.8
2021-03-11 02:53:48.0	Ana4 - 4: T.Fortluft	11.8
2021-03-11 02:53:48.0	Ana5 - 5: T.Raum	9999.9
2021-03-11 02:53:48.0	Ana9 - 9: T.Zuluft WRG warm	19.0
2021-03-11 02:53:58.0	Ana1 - 1: T.Au?en	3.6
2021-03-11 02:53:58.0	Ana2 - 2: T.Zuluft	14.2
2021-03-11 02:53:58.0	Ana3 - 3: T.Abluft	19.8
2021-03-11 02:53:58.0	Ana4 - 4: T.Fortluft	11.8
2021-03-11 02:53:58.0	Ana5 - 5: T.Raum	9999.9
2021-03-11 02:53:58.0	Ana9 - 9: T.Zuluft WRG warm	19.0
2021-03-11 02:54:08.0	Ana1 - 1: T.Au?en	3.6
2021-03-11 02:54:08.0	Ana2 - 2: T.Zuluft	14.2
2021-03-11 02:54:08.0	Ana3 - 3: T.Abluft	19.8
2021-03-11 02:54:08.0	Ana4 - 4: T.Fortluft	11.8
2021-03-11 02:54:08.0	Ana5 - 5: T.Raum	9999.9
2021-03-11 02:54:08.0	Ana9 - 9: T.Zuluft WRG warm	19.0
2021-03-11 02:54:18.0	Ana1 - 1: T.Au?en	3.6
2021-03-11 02:54:18.0	Ana2 - 2: T.Zuluft	14.2
2021-03-11 02:54:18.0	Ana3 - 3: T.Abluft	19.8
2021-03-11 02:54:18.0	Ana4 - 4: T.Fortluft	11.8
2021-03-11 02:54:18.0	Ana5 - 5: T.Raum	9999.9
2021-03-11 02:54:18.0	Ana9 - 9: T.Zuluft WRG warm	19.0
2021-03-11 02:54:28.0	Ana1 - 1: T.Au?en	3.6
2021-03-11 02:54:28.0	Ana2 - 2: T.Zuluft	14.2
2021-03-11 02:54:28.0	Ana3 - 3: T.Abluft	19.8
2021-03-11 02:54:28.0	Ana4 - 4: T.Fortluft	11.8
2021-03-11 02:54:28.0	Ana5 - 5: T.Raum	9999.9
2021-03-11 02:54:28.0	Ana9 - 9: T.Zuluft WRG warm	19.0
2021-03-11 02:54:38.0	Ana1 - 1: T.Au?en	3.6
2021-03-11 02:54:38.0	Ana2 - 2: T.Zuluft	14.2
2021-03-11 02:54:38.0	Ana3 - 3: T.Abluft	19.8
2021-03-11 02:54:38.0	Ana4 - 4: T.Fortluft	11.8
2021-03-11 02:54:38.0	Ana5 - 5: T.Raum	9999.9
2021-03-11 02:54:38.0	Ana9 - 9: T.Zuluft WRG warm	19.0
2021-03-11 02:54:48.0	Ana1 - 1: T.Au?en	3.6
2021-03-11 02:54:48.0	Ana2 - 2: T.Zuluft	14.2
2021-03-11 02:54:48.0	Ana3 - 3: T.Abluft	19.8
2021-03-11 02:54:48.0	Ana4 - 4: T.Fortluft	11.8
2021-03-11 02:54:48.0	Ana5 - 5: T.Raum	9999.9
2021-03-11 02:54:48.0	Ana9 - 9: T.Zuluft WRG warm	19.0
2021-03-11 02:54:58.0	Ana1 - 1: T.Au?en	3.6
2021-03-11 02:54:58.0	Ana2 - 2: T.Zuluft	14.2
2021-03-11 02:54:58.0	Ana3 - 3: T.Abluft	19.8
2021-03-11 02:54:58.0	Ana4 - 4: T.Fortluft	11.8
2021-03-11 02:54:58.0	Ana5 - 5: T.Raum	9999.9
2021-03-11 02:54:58.0	Ana9 - 9: T.Zuluft WRG warm	19.0
2021-03-11 02:55:08.0	Ana1 - 1: T.Au?en	3.6
2021-03-11 02:55:08.0	Ana2 - 2: T.Zuluft	14.2
2021-03-11 02:55:08.0	Ana3 - 3: T.Abluft	19.8
2021-03-11 02:55:08.0	Ana4 - 4: T.Fortluft	11.8
2021-03-11 02:55:08.0	Ana5 - 5: T.Raum	9999.9
2021-03-11 02:55:08.0	Ana9 - 9: T.Zuluft WRG warm	19.0
2021-03-11 02:55:18.0	Ana1 - 1: T.Au?en	3.6
2021-03-11 02:55:18.0	Ana2 - 2: T.Zuluft	14.2
2021-03-11 02:55:18.0	Ana3 - 3: T.Abluft	19.8
2021-03-11 02:55:18.0	Ana4 - 4: T.Fortluft	11.8
2021-03-11 02:55:18.0	Ana5 - 5: T.Raum	9999.9
2021-03-11 02:55:18.0	Ana9 - 9: T.Zuluft WRG warm	19.0
2021-03-11 02:55:28.0	Ana1 - 1: T.Au?en	3.6
2021-03-11 02:55:28.0	Ana2 - 2: T.Zuluft	14.2
2021-03-11 02:55:28.0	Ana3 - 3: T.Abluft	19.8
2021-03-11 02:55:28.0	Ana4 - 4: T.Fortluft	11.8
2021-03-11 02:55:28.0	Ana5 - 5: T.Raum	9999.9
2021-03-11 02:55:28.0	Ana9 - 9: T.Zuluft WRG warm	19.0
2021-03-11 02:55:38.0	Ana1 - 1: T.Au?en	3.6
2021-03-11 02:55:38.0	Ana2 - 2: T.Zuluft	14.2
2021-03-11 02:55:38.0	Ana3 - 3: T.Abluft	19.8
2021-03-11 02:55:38.0	Ana4 - 4: T.Fortluft	11.8
2021-03-11 02:55:38.0	Ana5 - 5: T.Raum	9999.9
2021-03-11 02:55:38.0	Ana9 - 9: T.Zuluft WRG warm	19.0
2021-03-11 02:55:48.0	Ana1 - 1: T.Au?en	3.6
2021-03-11 02:55:48.0	Ana2 - 2: T.Zuluft	14.2
2021-03-11 02:55:48.0	Ana3 - 3: T.Abluft	19.8
2021-03-11 02:55:48.0	Ana4 - 4: T.Fortluft	11.8
2021-03-11 02:55:48.0	Ana5 - 5: T.Raum	9999.9
2021-03-11 02:55:48.0	Ana9 - 9: T.Zuluft WRG warm	19.0
2021-03-11 02:55:58.0	Ana1 - 1: T.Au?en	3.6
2021-03-11 02:55:58.0	Ana2 - 2: T.Zuluft	14.2
2021-03-11 02:55:58.0	Ana3 - 3: T.Abluft	19.8
2021-03-11 02:55:58.0	Ana4 - 4: T.Fortluft	11.8
2021-03-11 02:55:58.0	Ana5 - 5: T.Raum	9999.9
2021-03-11 02:55:58.0	Ana9 - 9: T.Zuluft WRG warm	19.0
2021-03-11 02:56:08.0	Ana1 - 1: T.Au?en	3.6
2021-03-11 02:56:08.0	Ana2 - 2: T.Zuluft	14.2
2021-03-11 02:56:08.0	Ana3 - 3: T.Abluft	19.8
2021-03-11 02:56:08.0	Ana4 - 4: T.Fortluft	11.8
2021-03-11 02:56:08.0	Ana5 - 5: T.Raum	9999.9
2021-03-11 02:56:08.0	Ana9 - 9: T.Zuluft WRG warm	19.0
2021-03-11 02:56:18.0	Ana1 - 1: T.Au?en	3.6
2021-03-11 02:56:18.0	Ana2 - 2: T.Zuluft	14.2
2021-03-11 02:56:18.0	Ana3 - 3: T.Abluft	19.8
2021-03-11 02:56:18.0	Ana4 - 4: T.Fortluft	11.8
2021-03-11 02:56:18.0	Ana5 - 5: T.Raum	9999.9
2021-03-11 02:56:18.0	Ana9 - 9: T.Zuluft WRG warm	19.0
2021-03-11 02:56:28.0	Ana1 - 1: T.Au?en	3.6
2021-03-11 02:56:28.0	Ana2 - 2: T.Zuluft	14.2
2021-03-11 02:56:28.0	Ana3 - 3: T.Abluft	19.8
2021-03-11 02:56:28.0	Ana4 - 4: T.Fortluft	11.8
2021-03-11 02:56:28.0	Ana5 - 5: T.Raum	9999.9
2021-03-11 02:56:28.0	Ana9 - 9: T.Zuluft WRG warm	19.0
2021-03-11 02:56:38.0	Ana1 - 1: T.Au?en	3.6
2021-03-11 02:56:38.0	Ana2 - 2: T.Zuluft	14.2
2021-03-11 02:56:38.0	Ana3 - 3: T.Abluft	19.8
2021-03-11 02:56:38.0	Ana4 - 4: T.Fortluft	11.8
2021-03-11 02:56:38.0	Ana5 - 5: T.Raum	9999.9
2021-03-11 02:56:38.0	Ana9 - 9: T.Zuluft WRG warm	19.0
2021-03-11 02:56:48.0	Ana1 - 1: T.Au?en	3.5
2021-03-11 02:56:48.0	Ana2 - 2: T.Zuluft	14.2
2021-03-11 02:56:48.0	Ana3 - 3: T.Abluft	19.8
2021-03-11 02:56:48.0	Ana4 - 4: T.Fortluft	11.8
2021-03-11 02:56:48.0	Ana5 - 5: T.Raum	9999.9
2021-03-11 02:56:48.0	Ana9 - 9: T.Zuluft WRG warm	19.0
2021-03-11 02:56:58.0	Ana1 - 1: T.Au?en	3.5
2021-03-11 02:56:58.0	Ana2 - 2: T.Zuluft	14.2
2021-03-11 02:56:58.0	Ana3 - 3: T.Abluft	19.8
2021-03-11 02:56:58.0	Ana4 - 4: T.Fortluft	11.8
2021-03-11 02:56:58.0	Ana5 - 5: T.Raum	9999.9
2021-03-11 02:56:58.0	Ana9 - 9: T.Zuluft WRG warm	19.0
2021-03-11 02:57:08.0	Ana1 - 1: T.Au?en	3.6
2021-03-11 02:57:08.0	Ana2 - 2: T.Zuluft	14.2
2021-03-11 02:57:08.0	Ana3 - 3: T.Abluft	19.8
2021-03-11 02:57:08.0	Ana4 - 4: T.Fortluft	11.7
2021-03-11 02:57:08.0	Ana5 - 5: T.Raum	9999.9
2021-03-11 02:57:08.0	Ana9 - 9: T.Zuluft WRG warm	19.0
2021-03-11 02:57:18.0	Ana1 - 1: T.Au?en	3.6
2021-03-11 02:57:18.0	Ana2 - 2: T.Zuluft	14.2
2021-03-11 02:57:18.0	Ana3 - 3: T.Abluft	19.8
2021-03-11 02:57:18.0	Ana4 - 4: T.Fortluft	11.7
2021-03-11 02:57:18.0	Ana5 - 5: T.Raum	9999.9
2021-03-11 02:57:18.0	Ana9 - 9: T.Zuluft WRG warm	19.0
2021-03-11 02:57:28.0	Ana1 - 1: T.Au?en	3.6
2021-03-11 02:57:28.0	Ana2 - 2: T.Zuluft	14.2
2021-03-11 02:57:28.0	Ana3 - 3: T.Abluft	19.8
2021-03-11 02:57:28.0	Ana4 - 4: T.Fortluft	11.8
2021-03-11 02:57:28.0	Ana5 - 5: T.Raum	9999.9
2021-03-11 02:57:28.0	Ana9 - 9: T.Zuluft WRG warm	19.0
2021-03-11 02:57:38.0	Ana1 - 1: T.Au?en	3.6
2021-03-11 02:57:38.0	Ana2 - 2: T.Zuluft	14.2
2021-03-11 02:57:38.0	Ana3 - 3: T.Abluft	19.8
2021-03-11 02:57:38.0	Ana4 - 4: T.Fortluft	11.7
2021-03-11 02:57:38.0	Ana5 - 5: T.Raum	9999.9
2021-03-11 02:57:38.0	Ana9 - 9: T.Zuluft WRG warm	19.0
2021-03-11 02:57:48.0	Ana1 - 1: T.Au?en	3.6
2021-03-11 02:57:48.0	Ana2 - 2: T.Zuluft	14.2
2021-03-11 02:57:48.0	Ana3 - 3: T.Abluft	19.8
2021-03-11 02:57:48.0	Ana4 - 4: T.Fortluft	11.7
2021-03-11 02:57:48.0	Ana5 - 5: T.Raum	9999.9
2021-03-11 02:57:48.0	Ana9 - 9: T.Zuluft WRG warm	19.0
2021-03-11 02:57:58.0	Ana1 - 1: T.Au?en	3.6
2021-03-11 02:57:58.0	Ana2 - 2: T.Zuluft	14.2
2021-03-11 02:57:58.0	Ana3 - 3: T.Abluft	19.8
2021-03-11 02:57:58.0	Ana4 - 4: T.Fortluft	11.7
2021-03-11 02:57:58.0	Ana5 - 5: T.Raum	9999.9
2021-03-11 02:57:58.0	Ana9 - 9: T.Zuluft WRG warm	19.0
2021-03-11 02:58:08.0	Ana1 - 1: T.Au?en	3.6
2021-03-11 02:58:08.0	Ana2 - 2: T.Zuluft	14.2
2021-03-11 02:58:08.0	Ana3 - 3: T.Abluft	19.8
2021-03-11 02:58:08.0	Ana4 - 4: T.Fortluft	11.8
2021-03-11 02:58:08.0	Ana5 - 5: T.Raum	9999.9
2021-03-11 02:58:08.0	Ana9 - 9: T.Zuluft WRG warm	19.0
2021-03-11 02:58:18.0	Ana1 - 1: T.Au?en	3.6
2021-03-11 02:58:18.0	Ana2 - 2: T.Zuluft	14.2
2021-03-11 02:58:18.0	Ana3 - 3: T.Abluft	19.8
2021-03-11 02:58:18.0	Ana4 - 4: T.Fortluft	11.7
2021-03-11 02:58:18.0	Ana5 - 5: T.Raum	9999.9
2021-03-11 02:58:18.0	Ana9 - 9: T.Zuluft WRG warm	19.0
2021-03-11 02:58:28.0	Ana1 - 1: T.Au?en	3.6
2021-03-11 02:58:28.0	Ana2 - 2: T.Zuluft	14.2
2021-03-11 02:58:28.0	Ana3 - 3: T.Abluft	19.8
2021-03-11 02:58:28.0	Ana4 - 4: T.Fortluft	11.7
2021-03-11 02:58:28.0	Ana5 - 5: T.Raum	9999.9
2021-03-11 02:58:28.0	Ana9 - 9: T.Zuluft WRG warm	19.0
2021-03-11 02:58:38.0	Ana1 - 1: T.Au?en	3.5
2021-03-11 02:58:38.0	Ana2 - 2: T.Zuluft	14.2
2021-03-11 02:58:38.0	Ana3 - 3: T.Abluft	19.8
2021-03-11 02:58:38.0	Ana4 - 4: T.Fortluft	11.7
2021-03-11 02:58:38.0	Ana5 - 5: T.Raum	9999.9
2021-03-11 02:58:38.0	Ana9 - 9: T.Zuluft WRG warm	19.0
2021-03-11 02:58:48.0	Ana1 - 1: T.Au?en	3.5
2021-03-11 02:58:48.0	Ana2 - 2: T.Zuluft	14.2
2021-03-11 02:58:48.0	Ana3 - 3: T.Abluft	19.8
2021-03-11 02:58:48.0	Ana4 - 4: T.Fortluft	11.7
2021-03-11 02:58:48.0	Ana5 - 5: T.Raum	9999.9
2021-03-11 02:58:48.0	Ana9 - 9: T.Zuluft WRG warm	19.0
2021-03-11 02:58:58.0	Ana1 - 1: T.Au?en	3.5
2021-03-11 02:58:58.0	Ana2 - 2: T.Zuluft	14.2
2021-03-11 02:58:58.0	Ana3 - 3: T.Abluft	19.8
2021-03-11 02:58:58.0	Ana4 - 4: T.Fortluft	11.7
2021-03-11 02:58:58.0	Ana5 - 5: T.Raum	9999.9
2021-03-11 02:58:58.0	Ana9 - 9: T.Zuluft WRG warm	19.0
2021-03-11 02:59:08.0	Ana1 - 1: T.Au?en	3.5
2021-03-11 02:59:08.0	Ana2 - 2: T.Zuluft	14.2
2021-03-11 02:59:08.0	Ana3 - 3: T.Abluft	19.8
2021-03-11 02:59:08.0	Ana4 - 4: T.Fortluft	11.7
2021-03-11 02:59:08.0	Ana5 - 5: T.Raum	9999.9
2021-03-11 02:59:08.0	Ana9 - 9: T.Zuluft WRG warm	19.0
2021-03-11 02:59:18.0	Ana1 - 1: T.Au?en	3.5
2021-03-11 02:59:18.0	Ana2 - 2: T.Zuluft	14.2
2021-03-11 02:59:18.0	Ana3 - 3: T.Abluft	19.8
2021-03-11 02:59:18.0	Ana4 - 4: T.Fortluft	11.7
2021-03-11 02:59:18.0	Ana5 - 5: T.Raum	9999.9
2021-03-11 02:59:18.0	Ana9 - 9: T.Zuluft WRG warm	19.0
2021-03-11 02:59:28.0	Ana1 - 1: T.Au?en	3.5
2021-03-11 02:59:28.0	Ana2 - 2: T.Zuluft	14.2
2021-03-11 02:59:28.0	Ana3 - 3: T.Abluft	19.8
2021-03-11 02:59:28.0	Ana4 - 4: T.Fortluft	11.7
2021-03-11 02:59:28.0	Ana5 - 5: T.Raum	9999.9
2021-03-11 02:59:28.0	Ana9 - 9: T.Zuluft WRG warm	19.0
2021-03-11 02:59:38.0	Ana1 - 1: T.Au?en	3.5
2021-03-11 02:59:38.0	Ana2 - 2: T.Zuluft	14.2
2021-03-11 02:59:38.0	Ana3 - 3: T.Abluft	19.8
2021-03-11 02:59:38.0	Ana4 - 4: T.Fortluft	11.7
2021-03-11 02:59:38.0	Ana5 - 5: T.Raum	9999.9
2021-03-11 02:59:38.0	Ana9 - 9: T.Zuluft WRG warm	19.0
2021-03-11 02:59:48.0	Ana1 - 1: T.Au?en	3.5
2021-03-11 02:59:48.0	Ana2 - 2: T.Zuluft	14.2
2021-03-11 02:59:48.0	Ana3 - 3: T.Abluft	19.8
2021-03-11 02:59:48.0	Ana4 - 4: T.Fortluft	11.7
2021-03-11 02:59:48.0	Ana5 - 5: T.Raum	9999.9
2021-03-11 02:59:48.0	Ana9 - 9: T.Zuluft WRG warm	19.0
2021-03-11 02:59:58.0	Ana1 - 1: T.Au?en	3.5
2021-03-11 02:59:58.0	Ana2 - 2: T.Zuluft	14.2
2021-03-11 02:59:58.0	Ana3 - 3: T.Abluft	19.8
2021-03-11 02:59:58.0	Ana4 - 4: T.Fortluft	11.7
2021-03-11 02:59:58.0	Ana5 - 5: T.Raum	9999.9
2021-03-11 02:59:58.0	Ana9 - 9: T.Zuluft WRG warm	19.0
2021-03-11 03:00:08.0	Ana1 - 1: T.Au?en	3.5
2021-03-11 03:00:08.0	Ana2 - 2: T.Zuluft	14.2
2021-03-11 03:00:08.0	Ana3 - 3: T.Abluft	19.8
2021-03-11 03:00:08.0	Ana4 - 4: T.Fortluft	11.7
2021-03-11 03:00:08.0	Ana5 - 5: T.Raum	9999.9
2021-03-11 03:00:08.0	Ana9 - 9: T.Zuluft WRG warm	19.0
2021-03-11 03:00:18.0	Ana1 - 1: T.Au?en	3.5
2021-03-11 03:00:18.0	Ana2 - 2: T.Zuluft	14.2
2021-03-11 03:00:18.0	Ana3 - 3: T.Abluft	19.8
2021-03-11 03:00:18.0	Ana4 - 4: T.Fortluft	11.7
2021-03-11 03:00:18.0	Ana5 - 5: T.Raum	9999.9
2021-03-11 03:00:18.0	Ana9 - 9: T.Zuluft WRG warm	19.0
2021-03-11 03:00:28.0	Ana1 - 1: T.Au?en	3.5
2021-03-11 03:00:28.0	Ana2 - 2: T.Zuluft	14.2
2021-03-11 03:00:28.0	Ana3 - 3: T.Abluft	19.8
2021-03-11 03:00:28.0	Ana4 - 4: T.Fortluft	11.7
2021-03-11 03:00:28.0	Ana5 - 5: T.Raum	9999.9
2021-03-11 03:00:28.0	Ana9 - 9: T.Zuluft WRG warm	19.0
2021-03-11 03:00:38.0	Ana1 - 1: T.Au?en	3.5
2021-03-11 03:00:38.0	Ana2 - 2: T.Zuluft	14.2
2021-03-11 03:00:38.0	Ana3 - 3: T.Abluft	19.8
2021-03-11 03:00:38.0	Ana4 - 4: T.Fortluft	11.7
2021-03-11 03:00:38.0	Ana5 - 5: T.Raum	9999.9
2021-03-11 03:00:38.0	Ana9 - 9: T.Zuluft WRG warm	19.0
2021-03-11 03:00:48.0	Ana1 - 1: T.Au?en	3.5
2021-03-11 03:00:48.0	Ana2 - 2: T.Zuluft	14.2
2021-03-11 03:00:48.0	Ana3 - 3: T.Abluft	19.8
2021-03-11 03:00:48.0	Ana4 - 4: T.Fortluft	11.7
2021-03-11 03:00:48.0	Ana5 - 5: T.Raum	9999.9
2021-03-11 03:00:48.0	Ana9 - 9: T.Zuluft WRG warm	19.0
2021-03-11 03:00:58.0	Ana1 - 1: T.Au?en	3.5
2021-03-11 03:00:58.0	Ana2 - 2: T.Zuluft	14.2
2021-03-11 03:00:58.0	Ana3 - 3: T.Abluft	19.8
2021-03-11 03:00:58.0	Ana4 - 4: T.Fortluft	11.7
2021-03-11 03:00:58.0	Ana5 - 5: T.Raum	9999.9
2021-03-11 03:00:58.0	Ana9 - 9: T.Zuluft WRG warm	19.0
2021-03-11 03:01:08.0	Ana1 - 1: T.Au?en	3.5
2021-03-11 03:01:08.0	Ana2 - 2: T.Zuluft	14.2
2021-03-11 03:01:08.0	Ana3 - 3: T.Abluft	19.8
2021-03-11 03:01:08.0	Ana4 - 4: T.Fortluft	11.7
2021-03-11 03:01:08.0	Ana5 - 5: T.Raum	9999.9
2021-03-11 03:01:08.0	Ana9 - 9: T.Zuluft WRG warm	19.0
2021-03-11 03:01:18.0	Ana1 - 1: T.Au?en	3.5
2021-03-11 03:01:18.0	Ana2 - 2: T.Zuluft	14.2
2021-03-11 03:01:18.0	Ana3 - 3: T.Abluft	19.8
2021-03-11 03:01:18.0	Ana4 - 4: T.Fortluft	11.7
2021-03-11 03:01:18.0	Ana5 - 5: T.Raum	9999.9
2021-03-11 03:01:18.0	Ana9 - 9: T.Zuluft WRG warm	19.0
2021-03-11 03:01:28.0	Ana1 - 1: T.Au?en	3.5
2021-03-11 03:01:28.0	Ana2 - 2: T.Zuluft	14.2
2021-03-11 03:01:28.0	Ana3 - 3: T.Abluft	19.8
2021-03-11 03:01:28.0	Ana4 - 4: T.Fortluft	11.7
2021-03-11 03:01:28.0	Ana5 - 5: T.Raum	9999.9
2021-03-11 03:01:28.0	Ana9 - 9: T.Zuluft WRG warm	19.0
2021-03-11 03:01:38.0	Ana1 - 1: T.Au?en	3.5
2021-03-11 03:01:38.0	Ana2 - 2: T.Zuluft	14.2
2021-03-11 03:01:38.0	Ana3 - 3: T.Abluft	19.8
2021-03-11 03:01:38.0	Ana4 - 4: T.Fortluft	11.7
2021-03-11 03:01:38.0	Ana5 - 5: T.Raum	9999.9
2021-03-11 03:01:38.0	Ana9 - 9: T.Zuluft WRG warm	19.0
2021-03-11 03:01:48.0	Ana1 - 1: T.Au?en	3.5
2021-03-11 03:01:48.0	Ana2 - 2: T.Zuluft	14.2
2021-03-11 03:01:48.0	Ana3 - 3: T.Abluft	19.8
2021-03-11 03:01:48.0	Ana4 - 4: T.Fortluft	11.7
2021-03-11 03:01:48.0	Ana5 - 5: T.Raum	9999.9
2021-03-11 03:01:48.0	Ana9 - 9: T.Zuluft WRG warm	19.0
2021-03-11 03:01:58.0	Ana1 - 1: T.Au?en	3.5
2021-03-11 03:01:58.0	Ana2 - 2: T.Zuluft	14.2
2021-03-11 03:01:58.0	Ana3 - 3: T.Abluft	19.8
2021-03-11 03:01:58.0	Ana4 - 4: T.Fortluft	11.7
2021-03-11 03:01:58.0	Ana5 - 5: T.Raum	9999.9
2021-03-11 03:01:58.0	Ana9 - 9: T.Zuluft WRG warm	19.0
2021-03-11 03:02:08.0	Ana1 - 1: T.Au?en	3.5
2021-03-11 03:02:08.0	Ana2 - 2: T.Zuluft	14.2
2021-03-11 03:02:08.0	Ana3 - 3: T.Abluft	19.8
2021-03-11 03:02:08.0	Ana4 - 4: T.Fortluft	11.7
2021-03-11 03:02:08.0	Ana5 - 5: T.Raum	9999.9
2021-03-11 03:02:08.0	Ana9 - 9: T.Zuluft WRG warm	19.0
2021-03-11 03:02:18.0	Ana1 - 1: T.Au?en	3.5
2021-03-11 03:02:18.0	Ana2 - 2: T.Zuluft	14.2
2021-03-11 03:02:18.0	Ana3 - 3: T.Abluft	19.8
2021-03-11 03:02:18.0	Ana4 - 4: T.Fortluft	11.7
2021-03-11 03:02:18.0	Ana5 - 5: T.Raum	9999.9
2021-03-11 03:02:18.0	Ana9 - 9: T.Zuluft WRG warm	19.0
2021-03-11 03:02:28.0	Ana1 - 1: T.Au?en	3.5
2021-03-11 03:02:28.0	Ana2 - 2: T.Zuluft	14.2
2021-03-11 03:02:28.0	Ana3 - 3: T.Abluft	19.8
2021-03-11 03:02:28.0	Ana4 - 4: T.Fortluft	11.7
2021-03-11 03:02:28.0	Ana5 - 5: T.Raum	9999.9
2021-03-11 03:02:28.0	Ana9 - 9: T.Zuluft WRG warm	19.0
2021-03-11 03:02:38.0	Ana1 - 1: T.Au?en	3.5
2021-03-11 03:02:38.0	Ana2 - 2: T.Zuluft	14.2
2021-03-11 03:02:38.0	Ana3 - 3: T.Abluft	19.8
2021-03-11 03:02:38.0	Ana4 - 4: T.Fortluft	11.7
2021-03-11 03:02:38.0	Ana5 - 5: T.Raum	9999.9
2021-03-11 03:02:38.0	Ana9 - 9: T.Zuluft WRG warm	19.0
2021-03-11 03:02:48.0	Ana1 - 1: T.Au?en	3.5
2021-03-11 03:02:48.0	Ana2 - 2: T.Zuluft	14.2
2021-03-11 03:02:48.0	Ana3 - 3: T.Abluft	19.8
2021-03-11 03:02:48.0	Ana4 - 4: T.Fortluft	11.7
2021-03-11 03:02:48.0	Ana5 - 5: T.Raum	9999.9
2021-03-11 03:02:48.0	Ana9 - 9: T.Zuluft WRG warm	19.0
2021-03-11 03:02:58.0	Ana1 - 1: T.Au?en	3.5
2021-03-11 03:02:58.0	Ana2 - 2: T.Zuluft	14.2
2021-03-11 03:02:58.0	Ana3 - 3: T.Abluft	19.8
2021-03-11 03:02:58.0	Ana4 - 4: T.Fortluft	11.7
2021-03-11 03:02:58.0	Ana5 - 5: T.Raum	9999.9
2021-03-11 03:02:58.0	Ana9 - 9: T.Zuluft WRG warm	19.0
2021-03-11 03:03:08.0	Ana1 - 1: T.Au?en	3.5
2021-03-11 03:03:08.0	Ana2 - 2: T.Zuluft	14.2
2021-03-11 03:03:08.0	Ana3 - 3: T.Abluft	19.8
2021-03-11 03:03:08.0	Ana4 - 4: T.Fortluft	11.7
2021-03-11 03:03:08.0	Ana5 - 5: T.Raum	9999.9
2021-03-11 03:03:08.0	Ana9 - 9: T.Zuluft WRG warm	19.0
2021-03-11 03:03:18.0	Ana1 - 1: T.Au?en	3.5
2021-03-11 03:03:18.0	Ana2 - 2: T.Zuluft	14.2
2021-03-11 03:03:18.0	Ana3 - 3: T.Abluft	19.8
2021-03-11 03:03:18.0	Ana4 - 4: T.Fortluft	11.7
2021-03-11 03:03:18.0	Ana5 - 5: T.Raum	9999.9
2021-03-11 03:03:18.0	Ana9 - 9: T.Zuluft WRG warm	19.0
2021-03-11 03:03:28.0	Ana1 - 1: T.Au?en	3.5
2021-03-11 03:03:28.0	Ana2 - 2: T.Zuluft	14.2
2021-03-11 03:03:28.0	Ana3 - 3: T.Abluft	19.8
2021-03-11 03:03:28.0	Ana4 - 4: T.Fortluft	11.7
2021-03-11 03:03:28.0	Ana5 - 5: T.Raum	9999.9
2021-03-11 03:03:28.0	Ana9 - 9: T.Zuluft WRG warm	19.0
2021-03-11 03:03:38.0	Ana1 - 1: T.Au?en	3.5
2021-03-11 03:03:38.0	Ana2 - 2: T.Zuluft	14.2
2021-03-11 03:03:38.0	Ana3 - 3: T.Abluft	19.8
2021-03-11 03:03:38.0	Ana4 - 4: T.Fortluft	11.7
2021-03-11 03:03:38.0	Ana5 - 5: T.Raum	9999.9
2021-03-11 03:03:38.0	Ana9 - 9: T.Zuluft WRG warm	19.0
2021-03-11 03:03:48.0	Ana1 - 1: T.Au?en	3.5
2021-03-11 03:03:48.0	Ana2 - 2: T.Zuluft	14.2
2021-03-11 03:03:48.0	Ana3 - 3: T.Abluft	19.8
2021-03-11 03:03:48.0	Ana4 - 4: T.Fortluft	11.7
2021-03-11 03:03:48.0	Ana5 - 5: T.Raum	9999.9
2021-03-11 03:03:48.0	Ana9 - 9: T.Zuluft WRG warm	19.0
2021-03-11 03:03:58.0	Ana1 - 1: T.Au?en	3.5
2021-03-11 03:03:58.0	Ana2 - 2: T.Zuluft	14.2
2021-03-11 03:03:58.0	Ana3 - 3: T.Abluft	19.8
2021-03-11 03:03:58.0	Ana4 - 4: T.Fortluft	11.7
2021-03-11 03:03:58.0	Ana5 - 5: T.Raum	9999.9
2021-03-11 03:03:58.0	Ana9 - 9: T.Zuluft WRG warm	19.0
2021-03-11 03:04:08.0	Ana1 - 1: T.Au?en	3.5
2021-03-11 03:04:08.0	Ana2 - 2: T.Zuluft	14.2
2021-03-11 03:04:08.0	Ana3 - 3: T.Abluft	19.8
2021-03-11 03:04:08.0	Ana4 - 4: T.Fortluft	11.7
2021-03-11 03:04:08.0	Ana5 - 5: T.Raum	9999.9
2021-03-11 03:04:08.0	Ana9 - 9: T.Zuluft WRG warm	19.0
2021-03-11 03:04:18.0	Ana1 - 1: T.Au?en	3.5
2021-03-11 03:04:18.0	Ana2 - 2: T.Zuluft	14.2
2021-03-11 03:04:18.0	Ana3 - 3: T.Abluft	19.8
2021-03-11 03:04:18.0	Ana4 - 4: T.Fortluft	11.7
2021-03-11 03:04:18.0	Ana5 - 5: T.Raum	9999.9
2021-03-11 03:04:18.0	Ana9 - 9: T.Zuluft WRG warm	19.0
2021-03-11 03:04:28.0	Ana1 - 1: T.Au?en	3.5
2021-03-11 03:04:28.0	Ana2 - 2: T.Zuluft	14.2
2021-03-11 03:04:28.0	Ana3 - 3: T.Abluft	19.8
2021-03-11 03:04:28.0	Ana4 - 4: T.Fortluft	11.7
2021-03-11 03:04:28.0	Ana5 - 5: T.Raum	9999.9
2021-03-11 03:04:28.0	Ana9 - 9: T.Zuluft WRG warm	19.0
2021-03-11 03:04:38.0	Ana1 - 1: T.Au?en	3.5
2021-03-11 03:04:38.0	Ana2 - 2: T.Zuluft	14.2
2021-03-11 03:04:38.0	Ana3 - 3: T.Abluft	19.8
2021-03-11 03:04:38.0	Ana4 - 4: T.Fortluft	11.7
2021-03-11 03:04:38.0	Ana5 - 5: T.Raum	9999.9
2021-03-11 03:04:38.0	Ana9 - 9: T.Zuluft WRG warm	19.0
2021-03-11 03:04:48.0	Ana1 - 1: T.Au?en	3.5
2021-03-11 03:04:48.0	Ana2 - 2: T.Zuluft	14.1
2021-03-11 03:04:48.0	Ana3 - 3: T.Abluft	19.8
2021-03-11 03:04:48.0	Ana4 - 4: T.Fortluft	11.7
2021-03-11 03:04:48.0	Ana5 - 5: T.Raum	9999.9
2021-03-11 03:04:48.0	Ana9 - 9: T.Zuluft WRG warm	19.0
2021-03-11 03:04:58.0	Ana1 - 1: T.Au?en	3.5
2021-03-11 03:04:58.0	Ana2 - 2: T.Zuluft	14.1
2021-03-11 03:04:58.0	Ana3 - 3: T.Abluft	19.8
2021-03-11 03:04:58.0	Ana4 - 4: T.Fortluft	11.7
2021-03-11 03:04:58.0	Ana5 - 5: T.Raum	9999.9
2021-03-11 03:04:58.0	Ana9 - 9: T.Zuluft WRG warm	19.0
2021-03-11 03:05:08.0	Ana1 - 1: T.Au?en	3.5
2021-03-11 03:05:08.0	Ana2 - 2: T.Zuluft	14.1
2021-03-11 03:05:08.0	Ana3 - 3: T.Abluft	19.8
2021-03-11 03:05:08.0	Ana4 - 4: T.Fortluft	11.7
2021-03-11 03:05:08.0	Ana5 - 5: T.Raum	9999.9
2021-03-11 03:05:08.0	Ana9 - 9: T.Zuluft WRG warm	19.0
2021-03-11 03:05:18.0	Ana1 - 1: T.Au?en	3.5
2021-03-11 03:05:18.0	Ana2 - 2: T.Zuluft	14.2
2021-03-11 03:05:18.0	Ana3 - 3: T.Abluft	19.8
2021-03-11 03:05:18.0	Ana4 - 4: T.Fortluft	11.7
2021-03-11 03:05:18.0	Ana5 - 5: T.Raum	9999.9
2021-03-11 03:05:18.0	Ana9 - 9: T.Zuluft WRG warm	19.0
2021-03-11 03:05:28.0	Ana1 - 1: T.Au?en	3.5
2021-03-11 03:05:28.0	Ana2 - 2: T.Zuluft	14.1
2021-03-11 03:05:28.0	Ana3 - 3: T.Abluft	19.8
2021-03-11 03:05:28.0	Ana4 - 4: T.Fortluft	11.7
2021-03-11 03:05:28.0	Ana5 - 5: T.Raum	9999.9
2021-03-11 03:05:28.0	Ana9 - 9: T.Zuluft WRG warm	19.0
2021-03-11 03:05:38.0	Ana1 - 1: T.Au?en	3.5
2021-03-11 03:05:38.0	Ana2 - 2: T.Zuluft	14.1
2021-03-11 03:05:38.0	Ana3 - 3: T.Abluft	19.8
2021-03-11 03:05:38.0	Ana4 - 4: T.Fortluft	11.7
2021-03-11 03:05:38.0	Ana5 - 5: T.Raum	9999.9
2021-03-11 03:05:38.0	Ana9 - 9: T.Zuluft WRG warm	19.0
2021-03-11 03:05:48.0	Ana1 - 1: T.Au?en	3.5
2021-03-11 03:05:48.0	Ana2 - 2: T.Zuluft	14.1
2021-03-11 03:05:48.0	Ana3 - 3: T.Abluft	19.8
2021-03-11 03:05:48.0	Ana4 - 4: T.Fortluft	11.7
2021-03-11 03:05:48.0	Ana5 - 5: T.Raum	9999.9
2021-03-11 03:05:48.0	Ana9 - 9: T.Zuluft WRG warm	19.0
2021-03-11 03:05:58.0	Ana1 - 1: T.Au?en	3.5
2021-03-11 03:05:58.0	Ana2 - 2: T.Zuluft	14.1
2021-03-11 03:05:58.0	Ana3 - 3: T.Abluft	19.8
2021-03-11 03:05:58.0	Ana4 - 4: T.Fortluft	11.7
2021-03-11 03:05:58.0	Ana5 - 5: T.Raum	9999.9
2021-03-11 03:05:58.0	Ana9 - 9: T.Zuluft WRG warm	19.0
2021-03-11 03:06:08.0	Ana1 - 1: T.Au?en	3.5
2021-03-11 03:06:08.0	Ana2 - 2: T.Zuluft	14.1
2021-03-11 03:06:08.0	Ana3 - 3: T.Abluft	19.8
2021-03-11 03:06:08.0	Ana4 - 4: T.Fortluft	11.7
2021-03-11 03:06:08.0	Ana5 - 5: T.Raum	9999.9
2021-03-11 03:06:08.0	Ana9 - 9: T.Zuluft WRG warm	19.0
2021-03-11 03:06:18.0	Ana1 - 1: T.Au?en	3.5
2021-03-11 03:06:18.0	Ana2 - 2: T.Zuluft	14.1
2021-03-11 03:06:18.0	Ana3 - 3: T.Abluft	19.8
2021-03-11 03:06:18.0	Ana4 - 4: T.Fortluft	11.7
2021-03-11 03:06:18.0	Ana5 - 5: T.Raum	9999.9
2021-03-11 03:06:18.0	Ana9 - 9: T.Zuluft WRG warm	19.0
2021-03-11 03:06:28.0	Ana1 - 1: T.Au?en	3.5
2021-03-11 03:06:28.0	Ana2 - 2: T.Zuluft	14.2
2021-03-11 03:06:28.0	Ana3 - 3: T.Abluft	19.8
2021-03-11 03:06:28.0	Ana4 - 4: T.Fortluft	11.7
2021-03-11 03:06:28.0	Ana5 - 5: T.Raum	9999.9
2021-03-11 03:06:28.0	Ana9 - 9: T.Zuluft WRG warm	19.0
2021-03-11 03:06:38.0	Ana1 - 1: T.Au?en	3.5
2021-03-11 03:06:38.0	Ana2 - 2: T.Zuluft	14.1
2021-03-11 03:06:38.0	Ana3 - 3: T.Abluft	19.8
2021-03-11 03:06:38.0	Ana4 - 4: T.Fortluft	11.7
2021-03-11 03:06:38.0	Ana5 - 5: T.Raum	9999.9
2021-03-11 03:06:38.0	Ana9 - 9: T.Zuluft WRG warm	19.0
2021-03-11 03:06:48.0	Ana1 - 1: T.Au?en	3.5
2021-03-11 03:06:48.0	Ana2 - 2: T.Zuluft	14.1
2021-03-11 03:06:48.0	Ana3 - 3: T.Abluft	19.8
2021-03-11 03:06:48.0	Ana4 - 4: T.Fortluft	11.7
2021-03-11 03:06:48.0	Ana5 - 5: T.Raum	9999.9
2021-03-11 03:06:48.0	Ana9 - 9: T.Zuluft WRG warm	19.0
2021-03-11 03:06:58.0	Ana1 - 1: T.Au?en	3.5
2021-03-11 03:06:58.0	Ana2 - 2: T.Zuluft	14.1
2021-03-11 03:06:58.0	Ana3 - 3: T.Abluft	19.8
2021-03-11 03:06:58.0	Ana4 - 4: T.Fortluft	11.7
2021-03-11 03:06:58.0	Ana5 - 5: T.Raum	9999.9
2021-03-11 03:06:58.0	Ana9 - 9: T.Zuluft WRG warm	19.0
2021-03-11 03:07:08.0	Ana1 - 1: T.Au?en	3.5
2021-03-11 03:07:08.0	Ana2 - 2: T.Zuluft	14.2
2021-03-11 03:07:08.0	Ana3 - 3: T.Abluft	19.8
2021-03-11 03:07:08.0	Ana4 - 4: T.Fortluft	11.7
2021-03-11 03:07:08.0	Ana5 - 5: T.Raum	9999.9
2021-03-11 03:07:08.0	Ana9 - 9: T.Zuluft WRG warm	19.0
2021-03-11 03:07:18.0	Ana1 - 1: T.Au?en	3.5
2021-03-11 03:07:18.0	Ana2 - 2: T.Zuluft	14.1
2021-03-11 03:07:18.0	Ana3 - 3: T.Abluft	19.8
2021-03-11 03:07:18.0	Ana4 - 4: T.Fortluft	11.7
2021-03-11 03:07:18.0	Ana5 - 5: T.Raum	9999.9
2021-03-11 03:07:18.0	Ana9 - 9: T.Zuluft WRG warm	19.0
2021-03-11 03:07:28.0	Ana1 - 1: T.Au?en	3.5
2021-03-11 03:07:28.0	Ana2 - 2: T.Zuluft	14.1
2021-03-11 03:07:28.0	Ana3 - 3: T.Abluft	19.8
2021-03-11 03:07:28.0	Ana4 - 4: T.Fortluft	11.7
2021-03-11 03:07:28.0	Ana5 - 5: T.Raum	9999.9
2021-03-11 03:07:28.0	Ana9 - 9: T.Zuluft WRG warm	19.0
2021-03-11 03:07:38.0	Ana1 - 1: T.Au?en	3.5
2021-03-11 03:07:38.0	Ana2 - 2: T.Zuluft	14.1
2021-03-11 03:07:38.0	Ana3 - 3: T.Abluft	19.8
2021-03-11 03:07:38.0	Ana4 - 4: T.Fortluft	11.7
2021-03-11 03:07:38.0	Ana5 - 5: T.Raum	9999.9
2021-03-11 03:07:38.0	Ana9 - 9: T.Zuluft WRG warm	19.0
2021-03-11 03:07:48.0	Ana1 - 1: T.Au?en	3.5
2021-03-11 03:07:48.0	Ana2 - 2: T.Zuluft	14.1
2021-03-11 03:07:48.0	Ana3 - 3: T.Abluft	19.8
2021-03-11 03:07:48.0	Ana4 - 4: T.Fortluft	11.7
2021-03-11 03:07:48.0	Ana5 - 5: T.Raum	9999.9
2021-03-11 03:07:48.0	Ana9 - 9: T.Zuluft WRG warm	19.0
2021-03-11 03:07:58.0	Ana1 - 1: T.Au?en	3.5
2021-03-11 03:07:58.0	Ana2 - 2: T.Zuluft	14.1
2021-03-11 03:07:58.0	Ana3 - 3: T.Abluft	19.8
2021-03-11 03:07:58.0	Ana4 - 4: T.Fortluft	11.7
2021-03-11 03:07:58.0	Ana5 - 5: T.Raum	9999.9
2021-03-11 03:07:58.0	Ana9 - 9: T.Zuluft WRG warm	19.0
2021-03-11 03:08:08.0	Ana1 - 1: T.Au?en	3.5
2021-03-11 03:08:08.0	Ana2 - 2: T.Zuluft	14.1
2021-03-11 03:08:08.0	Ana3 - 3: T.Abluft	19.8
2021-03-11 03:08:08.0	Ana4 - 4: T.Fortluft	11.7
2021-03-11 03:08:08.0	Ana5 - 5: T.Raum	9999.9
2021-03-11 03:08:08.0	Ana9 - 9: T.Zuluft WRG warm	19.0
2021-03-11 03:08:18.0	Ana1 - 1: T.Au?en	3.5
2021-03-11 03:08:18.0	Ana2 - 2: T.Zuluft	14.1
2021-03-11 03:08:18.0	Ana3 - 3: T.Abluft	19.7
2021-03-11 03:08:18.0	Ana4 - 4: T.Fortluft	11.7
2021-03-11 03:08:18.0	Ana5 - 5: T.Raum	9999.9
2021-03-11 03:08:18.0	Ana9 - 9: T.Zuluft WRG warm	19.0
2021-03-11 03:08:28.0	Ana1 - 1: T.Au?en	3.5
2021-03-11 03:08:28.0	Ana2 - 2: T.Zuluft	14.1
2021-03-11 03:08:28.0	Ana3 - 3: T.Abluft	19.8
2021-03-11 03:08:28.0	Ana4 - 4: T.Fortluft	11.7
2021-03-11 03:08:28.0	Ana5 - 5: T.Raum	9999.9
2021-03-11 03:08:28.0	Ana9 - 9: T.Zuluft WRG warm	19.0
2021-03-11 03:08:38.0	Ana1 - 1: T.Au?en	3.5
2021-03-11 03:08:38.0	Ana2 - 2: T.Zuluft	14.1
2021-03-11 03:08:38.0	Ana3 - 3: T.Abluft	19.8
2021-03-11 03:08:38.0	Ana4 - 4: T.Fortluft	11.7
2021-03-11 03:08:38.0	Ana5 - 5: T.Raum	9999.9
2021-03-11 03:08:38.0	Ana9 - 9: T.Zuluft WRG warm	19.0
2021-03-11 03:08:48.0	Ana1 - 1: T.Au?en	3.6
2021-03-11 03:08:48.0	Ana2 - 2: T.Zuluft	14.1
2021-03-11 03:08:48.0	Ana3 - 3: T.Abluft	19.8
2021-03-11 03:08:48.0	Ana4 - 4: T.Fortluft	11.7
2021-03-11 03:08:48.0	Ana5 - 5: T.Raum	9999.9
2021-03-11 03:08:48.0	Ana9 - 9: T.Zuluft WRG warm	19.0
2021-03-11 03:08:58.0	Ana1 - 1: T.Au?en	3.6
2021-03-11 03:08:58.0	Ana2 - 2: T.Zuluft	14.1
2021-03-11 03:08:58.0	Ana3 - 3: T.Abluft	19.8
2021-03-11 03:08:58.0	Ana4 - 4: T.Fortluft	11.6
2021-03-11 03:08:58.0	Ana5 - 5: T.Raum	9999.9
2021-03-11 03:08:58.0	Ana9 - 9: T.Zuluft WRG warm	19.0
2021-03-11 03:09:08.0	Ana1 - 1: T.Au?en	3.6
2021-03-11 03:09:08.0	Ana2 - 2: T.Zuluft	14.1
2021-03-11 03:09:08.0	Ana3 - 3: T.Abluft	19.7
2021-03-11 03:09:08.0	Ana4 - 4: T.Fortluft	11.6
2021-03-11 03:09:08.0	Ana5 - 5: T.Raum	9999.9
2021-03-11 03:09:08.0	Ana9 - 9: T.Zuluft WRG warm	19.0
2021-03-11 03:09:18.0	Ana1 - 1: T.Au?en	3.5
2021-03-11 03:09:18.0	Ana2 - 2: T.Zuluft	14.1
2021-03-11 03:09:18.0	Ana3 - 3: T.Abluft	19.7
2021-03-11 03:09:18.0	Ana4 - 4: T.Fortluft	11.6
2021-03-11 03:09:18.0	Ana5 - 5: T.Raum	9999.9
2021-03-11 03:09:18.0	Ana9 - 9: T.Zuluft WRG warm	19.0
2021-03-11 03:09:28.0	Ana1 - 1: T.Au?en	3.5
2021-03-11 03:09:28.0	Ana2 - 2: T.Zuluft	14.1
2021-03-11 03:09:28.0	Ana3 - 3: T.Abluft	19.8
2021-03-11 03:09:28.0	Ana4 - 4: T.Fortluft	11.7
2021-03-11 03:09:28.0	Ana5 - 5: T.Raum	9999.9
2021-03-11 03:09:28.0	Ana9 - 9: T.Zuluft WRG warm	19.0
2021-03-11 03:09:38.0	Ana1 - 1: T.Au?en	3.5
2021-03-11 03:09:38.0	Ana2 - 2: T.Zuluft	14.1
2021-03-11 03:09:38.0	Ana3 - 3: T.Abluft	19.8
2021-03-11 03:09:38.0	Ana4 - 4: T.Fortluft	11.7
2021-03-11 03:09:38.0	Ana5 - 5: T.Raum	9999.9
2021-03-11 03:09:38.0	Ana9 - 9: T.Zuluft WRG warm	19.0
2021-03-11 03:09:48.0	Ana1 - 1: T.Au?en	3.5
2021-03-11 03:09:48.0	Ana2 - 2: T.Zuluft	14.1
2021-03-11 03:09:48.0	Ana3 - 3: T.Abluft	19.8
2021-03-11 03:09:48.0	Ana4 - 4: T.Fortluft	11.7
2021-03-11 03:09:48.0	Ana5 - 5: T.Raum	9999.9
2021-03-11 03:09:48.0	Ana9 - 9: T.Zuluft WRG warm	19.0
2021-03-11 03:09:58.0	Ana1 - 1: T.Au?en	3.5
2021-03-11 03:09:58.0	Ana2 - 2: T.Zuluft	14.1
2021-03-11 03:09:58.0	Ana3 - 3: T.Abluft	19.8
2021-03-11 03:09:58.0	Ana4 - 4: T.Fortluft	11.6
2021-03-11 03:09:58.0	Ana5 - 5: T.Raum	9999.9
2021-03-11 03:09:58.0	Ana9 - 9: T.Zuluft WRG warm	19.0
2021-03-11 03:10:08.0	Ana1 - 1: T.Au?en	3.5
2021-03-11 03:10:08.0	Ana2 - 2: T.Zuluft	14.1
2021-03-11 03:10:08.0	Ana3 - 3: T.Abluft	19.8
2021-03-11 03:10:08.0	Ana4 - 4: T.Fortluft	11.6
2021-03-11 03:10:08.0	Ana5 - 5: T.Raum	9999.9
2021-03-11 03:10:08.0	Ana9 - 9: T.Zuluft WRG warm	19.0
2021-03-11 03:10:18.0	Ana1 - 1: T.Au?en	3.5
2021-03-11 03:10:18.0	Ana2 - 2: T.Zuluft	14.1
2021-03-11 03:10:18.0	Ana3 - 3: T.Abluft	19.7
2021-03-11 03:10:18.0	Ana4 - 4: T.Fortluft	11.6
2021-03-11 03:10:18.0	Ana5 - 5: T.Raum	9999.9
2021-03-11 03:10:18.0	Ana9 - 9: T.Zuluft WRG warm	19.0
2021-03-11 03:10:28.0	Ana1 - 1: T.Au?en	3.5
2021-03-11 03:10:28.0	Ana2 - 2: T.Zuluft	14.1
2021-03-11 03:10:28.0	Ana3 - 3: T.Abluft	19.8
2021-03-11 03:10:28.0	Ana4 - 4: T.Fortluft	11.6
2021-03-11 03:10:28.0	Ana5 - 5: T.Raum	9999.9
2021-03-11 03:10:28.0	Ana9 - 9: T.Zuluft WRG warm	19.0
2021-03-11 03:10:38.0	Ana1 - 1: T.Au?en	3.5
2021-03-11 03:10:38.0	Ana2 - 2: T.Zuluft	14.1
2021-03-11 03:10:38.0	Ana3 - 3: T.Abluft	19.8
2021-03-11 03:10:38.0	Ana4 - 4: T.Fortluft	11.6
2021-03-11 03:10:38.0	Ana5 - 5: T.Raum	9999.9
2021-03-11 03:10:38.0	Ana9 - 9: T.Zuluft WRG warm	19.0
2021-03-11 03:10:48.0	Ana1 - 1: T.Au?en	3.5
2021-03-11 03:10:48.0	Ana2 - 2: T.Zuluft	14.1
2021-03-11 03:10:48.0	Ana3 - 3: T.Abluft	19.8
2021-03-11 03:10:48.0	Ana4 - 4: T.Fortluft	11.6
2021-03-11 03:10:48.0	Ana5 - 5: T.Raum	9999.9
2021-03-11 03:10:48.0	Ana9 - 9: T.Zuluft WRG warm	19.0
2021-03-11 03:10:58.0	Ana1 - 1: T.Au?en	3.5
2021-03-11 03:10:58.0	Ana2 - 2: T.Zuluft	14.1
2021-03-11 03:10:58.0	Ana3 - 3: T.Abluft	19.8
2021-03-11 03:10:58.0	Ana4 - 4: T.Fortluft	11.6
2021-03-11 03:10:58.0	Ana5 - 5: T.Raum	9999.9
2021-03-11 03:10:58.0	Ana9 - 9: T.Zuluft WRG warm	19.0
2021-03-11 03:11:08.0	Ana1 - 1: T.Au?en	3.5
2021-03-11 03:11:08.0	Ana2 - 2: T.Zuluft	14.1
2021-03-11 03:11:08.0	Ana3 - 3: T.Abluft	19.7
2021-03-11 03:11:08.0	Ana4 - 4: T.Fortluft	11.6
2021-03-11 03:11:08.0	Ana5 - 5: T.Raum	9999.9
2021-03-11 03:11:08.0	Ana9 - 9: T.Zuluft WRG warm	19.0
2021-03-11 03:11:18.0	Ana1 - 1: T.Au?en	3.5
2021-03-11 03:11:18.0	Ana2 - 2: T.Zuluft	14.1
2021-03-11 03:11:18.0	Ana3 - 3: T.Abluft	19.7
2021-03-11 03:11:18.0	Ana4 - 4: T.Fortluft	11.6
2021-03-11 03:11:18.0	Ana5 - 5: T.Raum	9999.9
2021-03-11 03:11:18.0	Ana9 - 9: T.Zuluft WRG warm	19.0
2021-03-11 03:11:28.0	Ana1 - 1: T.Au?en	3.5
2021-03-11 03:11:28.0	Ana2 - 2: T.Zuluft	14.1
2021-03-11 03:11:28.0	Ana3 - 3: T.Abluft	19.8
2021-03-11 03:11:28.0	Ana4 - 4: T.Fortluft	11.6
2021-03-11 03:11:28.0	Ana5 - 5: T.Raum	9999.9
2021-03-11 03:11:28.0	Ana9 - 9: T.Zuluft WRG warm	19.0
2021-03-11 03:11:38.0	Ana1 - 1: T.Au?en	3.4
2021-03-11 03:11:38.0	Ana2 - 2: T.Zuluft	14.1
2021-03-11 03:11:38.0	Ana3 - 3: T.Abluft	19.8
2021-03-11 03:11:38.0	Ana4 - 4: T.Fortluft	11.6
2021-03-11 03:11:38.0	Ana5 - 5: T.Raum	9999.9
2021-03-11 03:11:38.0	Ana9 - 9: T.Zuluft WRG warm	19.0
2021-03-11 03:11:48.0	Ana1 - 1: T.Au?en	3.4
2021-03-11 03:11:48.0	Ana2 - 2: T.Zuluft	14.1
2021-03-11 03:11:48.0	Ana3 - 3: T.Abluft	19.7
2021-03-11 03:11:48.0	Ana4 - 4: T.Fortluft	11.6
2021-03-11 03:11:48.0	Ana5 - 5: T.Raum	9999.9
2021-03-11 03:11:48.0	Ana9 - 9: T.Zuluft WRG warm	19.0
2021-03-11 03:11:58.0	Ana1 - 1: T.Au?en	3.4
2021-03-11 03:11:58.0	Ana2 - 2: T.Zuluft	14.1
2021-03-11 03:11:58.0	Ana3 - 3: T.Abluft	19.7
2021-03-11 03:11:58.0	Ana4 - 4: T.Fortluft	11.6
2021-03-11 03:11:58.0	Ana5 - 5: T.Raum	9999.9
2021-03-11 03:11:58.0	Ana9 - 9: T.Zuluft WRG warm	19.0
2021-03-11 03:12:08.0	Ana1 - 1: T.Au?en	3.4
2021-03-11 03:12:08.0	Ana2 - 2: T.Zuluft	14.1
2021-03-11 03:12:08.0	Ana3 - 3: T.Abluft	19.7
2021-03-11 03:12:08.0	Ana4 - 4: T.Fortluft	11.6
2021-03-11 03:12:08.0	Ana5 - 5: T.Raum	9999.9
2021-03-11 03:12:08.0	Ana9 - 9: T.Zuluft WRG warm	19.0
2021-03-11 03:12:18.0	Ana1 - 1: T.Au?en	3.4
2021-03-11 03:12:18.0	Ana2 - 2: T.Zuluft	14.1
2021-03-11 03:12:18.0	Ana3 - 3: T.Abluft	19.8
2021-03-11 03:12:18.0	Ana4 - 4: T.Fortluft	11.6
2021-03-11 03:12:18.0	Ana5 - 5: T.Raum	9999.9
2021-03-11 03:12:18.0	Ana9 - 9: T.Zuluft WRG warm	19.0
2021-03-11 03:12:28.0	Ana1 - 1: T.Au?en	3.4
2021-03-11 03:12:28.0	Ana2 - 2: T.Zuluft	14.1
2021-03-11 03:12:28.0	Ana3 - 3: T.Abluft	19.7
2021-03-11 03:12:28.0	Ana4 - 4: T.Fortluft	11.6
2021-03-11 03:12:28.0	Ana5 - 5: T.Raum	9999.9
2021-03-11 03:12:28.0	Ana9 - 9: T.Zuluft WRG warm	18.9
2021-03-11 03:12:38.0	Ana1 - 1: T.Au?en	3.4
2021-03-11 03:12:38.0	Ana2 - 2: T.Zuluft	14.1
2021-03-11 03:12:38.0	Ana3 - 3: T.Abluft	19.7
2021-03-11 03:12:38.0	Ana4 - 4: T.Fortluft	11.6
2021-03-11 03:12:38.0	Ana5 - 5: T.Raum	9999.9
2021-03-11 03:12:38.0	Ana9 - 9: T.Zuluft WRG warm	19.0
2021-03-11 03:12:48.0	Ana1 - 1: T.Au?en	3.4
2021-03-11 03:12:48.0	Ana2 - 2: T.Zuluft	14.1
2021-03-11 03:12:48.0	Ana3 - 3: T.Abluft	19.7
2021-03-11 03:12:48.0	Ana4 - 4: T.Fortluft	11.6
2021-03-11 03:12:48.0	Ana5 - 5: T.Raum	9999.9
2021-03-11 03:12:48.0	Ana9 - 9: T.Zuluft WRG warm	19.0
2021-03-11 03:12:58.0	Ana1 - 1: T.Au?en	3.4
2021-03-11 03:12:58.0	Ana2 - 2: T.Zuluft	14.1
2021-03-11 03:12:58.0	Ana3 - 3: T.Abluft	19.7
2021-03-11 03:12:58.0	Ana4 - 4: T.Fortluft	11.6
2021-03-11 03:12:58.0	Ana5 - 5: T.Raum	9999.9
2021-03-11 03:12:58.0	Ana9 - 9: T.Zuluft WRG warm	18.9
2021-03-11 03:13:08.0	Ana1 - 1: T.Au?en	3.4
2021-03-11 03:13:08.0	Ana2 - 2: T.Zuluft	14.1
2021-03-11 03:13:08.0	Ana3 - 3: T.Abluft	19.7
2021-03-11 03:13:08.0	Ana4 - 4: T.Fortluft	11.6
2021-03-11 03:13:08.0	Ana5 - 5: T.Raum	9999.9
2021-03-11 03:13:08.0	Ana9 - 9: T.Zuluft WRG warm	19.0
2021-03-11 03:13:18.0	Ana1 - 1: T.Au?en	3.4
2021-03-11 03:13:18.0	Ana2 - 2: T.Zuluft	14.1
2021-03-11 03:13:18.0	Ana3 - 3: T.Abluft	19.7
2021-03-11 03:13:18.0	Ana4 - 4: T.Fortluft	11.6
2021-03-11 03:13:18.0	Ana5 - 5: T.Raum	9999.9
2021-03-11 03:13:18.0	Ana9 - 9: T.Zuluft WRG warm	19.0
2021-03-11 03:13:28.0	Ana1 - 1: T.Au?en	3.4
2021-03-11 03:13:28.0	Ana2 - 2: T.Zuluft	14.1
2021-03-11 03:13:28.0	Ana3 - 3: T.Abluft	19.7
2021-03-11 03:13:28.0	Ana4 - 4: T.Fortluft	11.6
2021-03-11 03:13:28.0	Ana5 - 5: T.Raum	9999.9
2021-03-11 03:13:28.0	Ana9 - 9: T.Zuluft WRG warm	18.9
2021-03-11 03:13:38.0	Ana1 - 1: T.Au?en	3.4
2021-03-11 03:13:38.0	Ana2 - 2: T.Zuluft	14.1
2021-03-11 03:13:38.0	Ana3 - 3: T.Abluft	19.7
2021-03-11 03:13:38.0	Ana4 - 4: T.Fortluft	11.6
2021-03-11 03:13:38.0	Ana5 - 5: T.Raum	9999.9
2021-03-11 03:13:38.0	Ana9 - 9: T.Zuluft WRG warm	18.9
2021-03-11 03:13:48.0	Ana1 - 1: T.Au?en	3.4
2021-03-11 03:13:48.0	Ana2 - 2: T.Zuluft	14.1
2021-03-11 03:13:48.0	Ana3 - 3: T.Abluft	19.7
2021-03-11 03:13:48.0	Ana4 - 4: T.Fortluft	11.6
2021-03-11 03:13:48.0	Ana5 - 5: T.Raum	9999.9
2021-03-11 03:13:48.0	Ana9 - 9: T.Zuluft WRG warm	18.9
2021-03-11 03:13:58.0	Ana1 - 1: T.Au?en	3.5
2021-03-11 03:13:58.0	Ana2 - 2: T.Zuluft	14.1
2021-03-11 03:13:58.0	Ana3 - 3: T.Abluft	19.7
2021-03-11 03:13:58.0	Ana4 - 4: T.Fortluft	11.6
2021-03-11 03:13:58.0	Ana5 - 5: T.Raum	9999.9
2021-03-11 03:13:58.0	Ana9 - 9: T.Zuluft WRG warm	19.0
2021-03-11 03:14:08.0	Ana1 - 1: T.Au?en	3.4
2021-03-11 03:14:08.0	Ana2 - 2: T.Zuluft	14.1
2021-03-11 03:14:08.0	Ana3 - 3: T.Abluft	19.7
2021-03-11 03:14:08.0	Ana4 - 4: T.Fortluft	11.6
2021-03-11 03:14:08.0	Ana5 - 5: T.Raum	9999.9
2021-03-11 03:14:08.0	Ana9 - 9: T.Zuluft WRG warm	18.9
2021-03-11 03:14:18.0	Ana1 - 1: T.Au?en	3.4
2021-03-11 03:14:18.0	Ana2 - 2: T.Zuluft	14.1
2021-03-11 03:14:18.0	Ana3 - 3: T.Abluft	19.7
2021-03-11 03:14:18.0	Ana4 - 4: T.Fortluft	11.6
2021-03-11 03:14:18.0	Ana5 - 5: T.Raum	9999.9
2021-03-11 03:14:18.0	Ana9 - 9: T.Zuluft WRG warm	18.9
2021-03-11 03:14:28.0	Ana1 - 1: T.Au?en	3.4
2021-03-11 03:14:28.0	Ana2 - 2: T.Zuluft	14.1
2021-03-11 03:14:28.0	Ana3 - 3: T.Abluft	19.7
2021-03-11 03:14:28.0	Ana4 - 4: T.Fortluft	11.6
2021-03-11 03:14:28.0	Ana5 - 5: T.Raum	9999.9
2021-03-11 03:14:28.0	Ana9 - 9: T.Zuluft WRG warm	18.9
2021-03-11 03:14:38.0	Ana1 - 1: T.Au?en	3.4
2021-03-11 03:14:38.0	Ana2 - 2: T.Zuluft	14.1
2021-03-11 03:14:38.0	Ana3 - 3: T.Abluft	19.7
2021-03-11 03:14:38.0	Ana4 - 4: T.Fortluft	11.6
2021-03-11 03:14:38.0	Ana5 - 5: T.Raum	9999.9
2021-03-11 03:14:38.0	Ana9 - 9: T.Zuluft WRG warm	18.9
2021-03-11 03:14:48.0	Ana1 - 1: T.Au?en	3.4
2021-03-11 03:14:48.0	Ana2 - 2: T.Zuluft	14.1
2021-03-11 03:14:48.0	Ana3 - 3: T.Abluft	19.7
2021-03-11 03:14:48.0	Ana4 - 4: T.Fortluft	11.6
2021-03-11 03:14:48.0	Ana5 - 5: T.Raum	9999.9
2021-03-11 03:14:48.0	Ana9 - 9: T.Zuluft WRG warm	18.9
2021-03-11 03:14:58.0	Ana1 - 1: T.Au?en	3.4
2021-03-11 03:14:58.0	Ana2 - 2: T.Zuluft	14.1
2021-03-11 03:14:58.0	Ana3 - 3: T.Abluft	19.7
2021-03-11 03:14:58.0	Ana4 - 4: T.Fortluft	11.6
2021-03-11 03:14:58.0	Ana5 - 5: T.Raum	9999.9
2021-03-11 03:14:58.0	Ana9 - 9: T.Zuluft WRG warm	18.9
2021-03-11 03:15:08.0	Ana1 - 1: T.Au?en	3.4
2021-03-11 03:15:08.0	Ana2 - 2: T.Zuluft	14.1
2021-03-11 03:15:08.0	Ana3 - 3: T.Abluft	19.7
2021-03-11 03:15:08.0	Ana4 - 4: T.Fortluft	11.6
2021-03-11 03:15:08.0	Ana5 - 5: T.Raum	9999.9
2021-03-11 03:15:08.0	Ana9 - 9: T.Zuluft WRG warm	18.9
2021-03-11 03:15:18.0	Ana1 - 1: T.Au?en	3.4
2021-03-11 03:15:18.0	Ana2 - 2: T.Zuluft	14.1
2021-03-11 03:15:18.0	Ana3 - 3: T.Abluft	19.7
2021-03-11 03:15:18.0	Ana4 - 4: T.Fortluft	11.6
2021-03-11 03:15:18.0	Ana5 - 5: T.Raum	9999.9
2021-03-11 03:15:18.0	Ana9 - 9: T.Zuluft WRG warm	18.9
2021-03-11 03:15:28.0	Ana1 - 1: T.Au?en	3.4
2021-03-11 03:15:28.0	Ana2 - 2: T.Zuluft	14.1
2021-03-11 03:15:28.0	Ana3 - 3: T.Abluft	19.7
2021-03-11 03:15:28.0	Ana4 - 4: T.Fortluft	11.6
2021-03-11 03:15:28.0	Ana5 - 5: T.Raum	9999.9
2021-03-11 03:15:28.0	Ana9 - 9: T.Zuluft WRG warm	18.9
2021-03-11 03:15:38.0	Ana1 - 1: T.Au?en	3.4
2021-03-11 03:15:38.0	Ana2 - 2: T.Zuluft	14.1
2021-03-11 03:15:38.0	Ana3 - 3: T.Abluft	19.7
2021-03-11 03:15:38.0	Ana4 - 4: T.Fortluft	11.6
2021-03-11 03:15:38.0	Ana5 - 5: T.Raum	9999.9
2021-03-11 03:15:38.0	Ana9 - 9: T.Zuluft WRG warm	18.9
2021-03-11 03:15:48.0	Ana1 - 1: T.Au?en	3.4
2021-03-11 03:15:48.0	Ana2 - 2: T.Zuluft	14.1
2021-03-11 03:15:48.0	Ana3 - 3: T.Abluft	19.7
2021-03-11 03:15:48.0	Ana4 - 4: T.Fortluft	11.6
2021-03-11 03:15:48.0	Ana5 - 5: T.Raum	9999.9
2021-03-11 03:15:48.0	Ana9 - 9: T.Zuluft WRG warm	18.9
2021-03-11 03:15:58.0	Ana1 - 1: T.Au?en	3.4
2021-03-11 03:15:58.0	Ana2 - 2: T.Zuluft	14.1
2021-03-11 03:15:58.0	Ana3 - 3: T.Abluft	19.7
2021-03-11 03:15:58.0	Ana4 - 4: T.Fortluft	11.6
2021-03-11 03:15:58.0	Ana5 - 5: T.Raum	9999.9
2021-03-11 03:15:58.0	Ana9 - 9: T.Zuluft WRG warm	18.9
2021-03-11 03:16:08.0	Ana1 - 1: T.Au?en	3.4
2021-03-11 03:16:08.0	Ana2 - 2: T.Zuluft	14.0
2021-03-11 03:16:08.0	Ana3 - 3: T.Abluft	19.7
2021-03-11 03:16:08.0	Ana4 - 4: T.Fortluft	11.6
2021-03-11 03:16:08.0	Ana5 - 5: T.Raum	9999.9
2021-03-11 03:16:08.0	Ana9 - 9: T.Zuluft WRG warm	18.9
2021-03-11 03:16:18.0	Ana1 - 1: T.Au?en	3.4
2021-03-11 03:16:18.0	Ana2 - 2: T.Zuluft	14.0
2021-03-11 03:16:18.0	Ana3 - 3: T.Abluft	19.7
2021-03-11 03:16:18.0	Ana4 - 4: T.Fortluft	11.6
2021-03-11 03:16:18.0	Ana5 - 5: T.Raum	9999.9
2021-03-11 03:16:18.0	Ana9 - 9: T.Zuluft WRG warm	18.9
2021-03-11 03:16:28.0	Ana1 - 1: T.Au?en	3.4
2021-03-11 03:16:28.0	Ana2 - 2: T.Zuluft	14.1
2021-03-11 03:16:28.0	Ana3 - 3: T.Abluft	19.7
2021-03-11 03:16:28.0	Ana4 - 4: T.Fortluft	11.6
2021-03-11 03:16:28.0	Ana5 - 5: T.Raum	9999.9
2021-03-11 03:16:28.0	Ana9 - 9: T.Zuluft WRG warm	18.9
2021-03-11 03:16:38.0	Ana1 - 1: T.Au?en	3.4
2021-03-11 03:16:38.0	Ana2 - 2: T.Zuluft	14.1
2021-03-11 03:16:38.0	Ana3 - 3: T.Abluft	19.7
2021-03-11 03:16:38.0	Ana4 - 4: T.Fortluft	11.6
2021-03-11 03:16:38.0	Ana5 - 5: T.Raum	9999.9
2021-03-11 03:16:38.0	Ana9 - 9: T.Zuluft WRG warm	18.9
2021-03-11 03:16:48.0	Ana1 - 1: T.Au?en	3.4
2021-03-11 03:16:48.0	Ana2 - 2: T.Zuluft	14.1
2021-03-11 03:16:48.0	Ana3 - 3: T.Abluft	19.7
2021-03-11 03:16:48.0	Ana4 - 4: T.Fortluft	11.6
2021-03-11 03:16:48.0	Ana5 - 5: T.Raum	9999.9
2021-03-11 03:16:48.0	Ana9 - 9: T.Zuluft WRG warm	18.9
2021-03-11 03:16:58.0	Ana1 - 1: T.Au?en	3.4
2021-03-11 03:16:58.0	Ana2 - 2: T.Zuluft	14.1
2021-03-11 03:16:58.0	Ana3 - 3: T.Abluft	19.7
2021-03-11 03:16:58.0	Ana4 - 4: T.Fortluft	11.6
2021-03-11 03:16:58.0	Ana5 - 5: T.Raum	9999.9
2021-03-11 03:16:58.0	Ana9 - 9: T.Zuluft WRG warm	18.9
2021-03-11 03:17:08.0	Ana1 - 1: T.Au?en	3.4
2021-03-11 03:17:08.0	Ana2 - 2: T.Zuluft	14.1
2021-03-11 03:17:08.0	Ana3 - 3: T.Abluft	19.7
2021-03-11 03:17:08.0	Ana4 - 4: T.Fortluft	11.6
2021-03-11 03:17:08.0	Ana5 - 5: T.Raum	9999.9
2021-03-11 03:17:08.0	Ana9 - 9: T.Zuluft WRG warm	18.9
2021-03-11 03:17:18.0	Ana1 - 1: T.Au?en	3.4
2021-03-11 03:17:18.0	Ana2 - 2: T.Zuluft	14.1
2021-03-11 03:17:18.0	Ana3 - 3: T.Abluft	19.7
2021-03-11 03:17:18.0	Ana4 - 4: T.Fortluft	11.6
2021-03-11 03:17:18.0	Ana5 - 5: T.Raum	9999.9
2021-03-11 03:17:18.0	Ana9 - 9: T.Zuluft WRG warm	18.9
2021-03-11 03:17:28.0	Ana1 - 1: T.Au?en	3.4
2021-03-11 03:17:28.0	Ana2 - 2: T.Zuluft	14.1
2021-03-11 03:17:28.0	Ana3 - 3: T.Abluft	19.7
2021-03-11 03:17:28.0	Ana4 - 4: T.Fortluft	11.6
2021-03-11 03:17:28.0	Ana5 - 5: T.Raum	9999.9
2021-03-11 03:17:28.0	Ana9 - 9: T.Zuluft WRG warm	18.9
2021-03-11 03:17:38.0	Ana1 - 1: T.Au?en	3.4
2021-03-11 03:17:38.0	Ana2 - 2: T.Zuluft	14.1
2021-03-11 03:17:38.0	Ana3 - 3: T.Abluft	19.7
2021-03-11 03:17:38.0	Ana4 - 4: T.Fortluft	11.6
2021-03-11 03:17:38.0	Ana5 - 5: T.Raum	9999.9
2021-03-11 03:17:38.0	Ana9 - 9: T.Zuluft WRG warm	18.9
2021-03-11 03:17:48.0	Ana1 - 1: T.Au?en	3.4
2021-03-11 03:17:48.0	Ana2 - 2: T.Zuluft	14.1
2021-03-11 03:17:48.0	Ana3 - 3: T.Abluft	19.7
2021-03-11 03:17:48.0	Ana4 - 4: T.Fortluft	11.6
2021-03-11 03:17:48.0	Ana5 - 5: T.Raum	9999.9
2021-03-11 03:17:48.0	Ana9 - 9: T.Zuluft WRG warm	18.9
2021-03-11 03:17:58.0	Ana1 - 1: T.Au?en	3.4
2021-03-11 03:17:58.0	Ana2 - 2: T.Zuluft	14.1
2021-03-11 03:17:58.0	Ana3 - 3: T.Abluft	19.7
2021-03-11 03:17:58.0	Ana4 - 4: T.Fortluft	11.6
2021-03-11 03:17:58.0	Ana5 - 5: T.Raum	9999.9
2021-03-11 03:17:58.0	Ana9 - 9: T.Zuluft WRG warm	18.9
2021-03-11 03:18:08.0	Ana1 - 1: T.Au?en	3.4
2021-03-11 03:18:08.0	Ana2 - 2: T.Zuluft	14.0
2021-03-11 03:18:08.0	Ana3 - 3: T.Abluft	19.7
2021-03-11 03:18:08.0	Ana4 - 4: T.Fortluft	11.6
2021-03-11 03:18:08.0	Ana5 - 5: T.Raum	9999.9
2021-03-11 03:18:08.0	Ana9 - 9: T.Zuluft WRG warm	18.9
2021-03-11 03:18:18.0	Ana1 - 1: T.Au?en	3.4
2021-03-11 03:18:18.0	Ana2 - 2: T.Zuluft	14.0
2021-03-11 03:18:18.0	Ana3 - 3: T.Abluft	19.7
2021-03-11 03:18:18.0	Ana4 - 4: T.Fortluft	11.6
2021-03-11 03:18:18.0	Ana5 - 5: T.Raum	9999.9
2021-03-11 03:18:18.0	Ana9 - 9: T.Zuluft WRG warm	18.9
2021-03-11 03:18:28.0	Ana1 - 1: T.Au?en	3.4
2021-03-11 03:18:28.0	Ana2 - 2: T.Zuluft	14.0
2021-03-11 03:18:28.0	Ana3 - 3: T.Abluft	19.7
2021-03-11 03:18:28.0	Ana4 - 4: T.Fortluft	11.6
2021-03-11 03:18:28.0	Ana5 - 5: T.Raum	9999.9
2021-03-11 03:18:28.0	Ana9 - 9: T.Zuluft WRG warm	18.9
2021-03-11 03:18:38.0	Ana1 - 1: T.Au?en	3.4
2021-03-11 03:18:38.0	Ana2 - 2: T.Zuluft	14.1
2021-03-11 03:18:38.0	Ana3 - 3: T.Abluft	19.7
2021-03-11 03:18:38.0	Ana4 - 4: T.Fortluft	11.6
2021-03-11 03:18:38.0	Ana5 - 5: T.Raum	9999.9
2021-03-11 03:18:38.0	Ana9 - 9: T.Zuluft WRG warm	18.9
2021-03-11 03:18:48.0	Ana1 - 1: T.Au?en	3.4
2021-03-11 03:18:48.0	Ana2 - 2: T.Zuluft	14.1
2021-03-11 03:18:48.0	Ana3 - 3: T.Abluft	19.7
2021-03-11 03:18:48.0	Ana4 - 4: T.Fortluft	11.6
2021-03-11 03:18:48.0	Ana5 - 5: T.Raum	9999.9
2021-03-11 03:18:48.0	Ana9 - 9: T.Zuluft WRG warm	18.9
2021-03-11 03:18:58.0	Ana1 - 1: T.Au?en	3.4
2021-03-11 03:18:58.0	Ana2 - 2: T.Zuluft	14.0
2021-03-11 03:18:58.0	Ana3 - 3: T.Abluft	19.7
2021-03-11 03:18:58.0	Ana4 - 4: T.Fortluft	11.6
2021-03-11 03:18:58.0	Ana5 - 5: T.Raum	9999.9
2021-03-11 03:18:58.0	Ana9 - 9: T.Zuluft WRG warm	18.9
2021-03-11 03:19:08.0	Ana1 - 1: T.Au?en	3.4
2021-03-11 03:19:08.0	Ana2 - 2: T.Zuluft	14.0
2021-03-11 03:19:08.0	Ana3 - 3: T.Abluft	19.7
2021-03-11 03:19:08.0	Ana4 - 4: T.Fortluft	11.6
2021-03-11 03:19:08.0	Ana5 - 5: T.Raum	9999.9
2021-03-11 03:19:08.0	Ana9 - 9: T.Zuluft WRG warm	18.9
2021-03-11 03:19:18.0	Ana1 - 1: T.Au?en	3.4
2021-03-11 03:19:18.0	Ana2 - 2: T.Zuluft	14.0
2021-03-11 03:19:18.0	Ana3 - 3: T.Abluft	19.7
2021-03-11 03:19:18.0	Ana4 - 4: T.Fortluft	11.6
2021-03-11 03:19:18.0	Ana5 - 5: T.Raum	9999.9
2021-03-11 03:19:18.0	Ana9 - 9: T.Zuluft WRG warm	18.9
2021-03-11 03:19:28.0	Ana1 - 1: T.Au?en	3.4
2021-03-11 03:19:28.0	Ana2 - 2: T.Zuluft	14.0
2021-03-11 03:19:28.0	Ana3 - 3: T.Abluft	19.7
2021-03-11 03:19:28.0	Ana4 - 4: T.Fortluft	11.6
2021-03-11 03:19:28.0	Ana5 - 5: T.Raum	9999.9
2021-03-11 03:19:28.0	Ana9 - 9: T.Zuluft WRG warm	18.9
2021-03-11 03:19:38.0	Ana1 - 1: T.Au?en	3.4
2021-03-11 03:19:38.0	Ana2 - 2: T.Zuluft	14.0
2021-03-11 03:19:38.0	Ana3 - 3: T.Abluft	19.7
2021-03-11 03:19:38.0	Ana4 - 4: T.Fortluft	11.6
2021-03-11 03:19:38.0	Ana5 - 5: T.Raum	9999.9
2021-03-11 03:19:38.0	Ana9 - 9: T.Zuluft WRG warm	18.9
2021-03-11 03:19:48.0	Ana1 - 1: T.Au?en	3.3
2021-03-11 03:19:48.0	Ana2 - 2: T.Zuluft	14.0
2021-03-11 03:19:48.0	Ana3 - 3: T.Abluft	19.7
2021-03-11 03:19:48.0	Ana4 - 4: T.Fortluft	11.6
2021-03-11 03:19:48.0	Ana5 - 5: T.Raum	9999.9
2021-03-11 03:19:48.0	Ana9 - 9: T.Zuluft WRG warm	18.9
2021-03-11 03:19:58.0	Ana1 - 1: T.Au?en	3.3
2021-03-11 03:19:58.0	Ana2 - 2: T.Zuluft	14.0
2021-03-11 03:19:58.0	Ana3 - 3: T.Abluft	19.7
2021-03-11 03:19:58.0	Ana4 - 4: T.Fortluft	11.6
2021-03-11 03:19:58.0	Ana5 - 5: T.Raum	9999.9
2021-03-11 03:19:58.0	Ana9 - 9: T.Zuluft WRG warm	18.9
2021-03-11 03:20:08.0	Ana1 - 1: T.Au?en	3.3
2021-03-11 03:20:08.0	Ana2 - 2: T.Zuluft	14.0
2021-03-11 03:20:08.0	Ana3 - 3: T.Abluft	19.7
2021-03-11 03:20:08.0	Ana4 - 4: T.Fortluft	11.6
2021-03-11 03:20:08.0	Ana5 - 5: T.Raum	9999.9
2021-03-11 03:20:08.0	Ana9 - 9: T.Zuluft WRG warm	18.9
2021-03-11 03:20:18.0	Ana1 - 1: T.Au?en	3.3
2021-03-11 03:20:18.0	Ana2 - 2: T.Zuluft	14.0
2021-03-11 03:20:18.0	Ana3 - 3: T.Abluft	19.7
2021-03-11 03:20:18.0	Ana4 - 4: T.Fortluft	11.6
2021-03-11 03:20:18.0	Ana5 - 5: T.Raum	9999.9
2021-03-11 03:20:18.0	Ana9 - 9: T.Zuluft WRG warm	18.9
2021-03-11 03:20:28.0	Ana1 - 1: T.Au?en	3.3
2021-03-11 03:20:28.0	Ana2 - 2: T.Zuluft	14.0
2021-03-11 03:20:28.0	Ana3 - 3: T.Abluft	19.7
2021-03-11 03:20:28.0	Ana4 - 4: T.Fortluft	11.6
2021-03-11 03:20:28.0	Ana5 - 5: T.Raum	9999.9
2021-03-11 03:20:28.0	Ana9 - 9: T.Zuluft WRG warm	18.9
2021-03-11 03:20:38.0	Ana1 - 1: T.Au?en	3.3
2021-03-11 03:20:38.0	Ana2 - 2: T.Zuluft	14.0
2021-03-11 03:20:38.0	Ana3 - 3: T.Abluft	19.7
2021-03-11 03:20:38.0	Ana4 - 4: T.Fortluft	11.6
2021-03-11 03:20:38.0	Ana5 - 5: T.Raum	9999.9
2021-03-11 03:20:38.0	Ana9 - 9: T.Zuluft WRG warm	18.9
2021-03-11 03:20:48.0	Ana1 - 1: T.Au?en	3.3
2021-03-11 03:20:48.0	Ana2 - 2: T.Zuluft	14.0
2021-03-11 03:20:48.0	Ana3 - 3: T.Abluft	19.7
2021-03-11 03:20:48.0	Ana4 - 4: T.Fortluft	11.6
2021-03-11 03:20:48.0	Ana5 - 5: T.Raum	9999.9
2021-03-11 03:20:48.0	Ana9 - 9: T.Zuluft WRG warm	18.9
2021-03-11 03:20:58.0	Ana1 - 1: T.Au?en	3.3
2021-03-11 03:20:58.0	Ana2 - 2: T.Zuluft	14.0
2021-03-11 03:20:58.0	Ana3 - 3: T.Abluft	19.7
2021-03-11 03:20:58.0	Ana4 - 4: T.Fortluft	11.6
2021-03-11 03:20:58.0	Ana5 - 5: T.Raum	9999.9
2021-03-11 03:20:58.0	Ana9 - 9: T.Zuluft WRG warm	18.9
2021-03-11 03:21:08.0	Ana1 - 1: T.Au?en	3.3
2021-03-11 03:21:08.0	Ana2 - 2: T.Zuluft	14.0
2021-03-11 03:21:08.0	Ana3 - 3: T.Abluft	19.7
2021-03-11 03:21:08.0	Ana4 - 4: T.Fortluft	11.6
2021-03-11 03:21:08.0	Ana5 - 5: T.Raum	9999.9
2021-03-11 03:21:08.0	Ana9 - 9: T.Zuluft WRG warm	18.9
2021-03-11 03:21:18.0	Ana1 - 1: T.Au?en	3.3
2021-03-11 03:21:18.0	Ana2 - 2: T.Zuluft	14.0
2021-03-11 03:21:18.0	Ana3 - 3: T.Abluft	19.7
2021-03-11 03:21:18.0	Ana4 - 4: T.Fortluft	11.6
2021-03-11 03:21:18.0	Ana5 - 5: T.Raum	9999.9
2021-03-11 03:21:18.0	Ana9 - 9: T.Zuluft WRG warm	18.9
2021-03-11 03:21:28.0	Ana1 - 1: T.Au?en	3.3
2021-03-11 03:21:28.0	Ana2 - 2: T.Zuluft	14.0
2021-03-11 03:21:28.0	Ana3 - 3: T.Abluft	19.7
2021-03-11 03:21:28.0	Ana4 - 4: T.Fortluft	11.6
2021-03-11 03:21:28.0	Ana5 - 5: T.Raum	9999.9
2021-03-11 03:21:28.0	Ana9 - 9: T.Zuluft WRG warm	18.9
2021-03-11 03:21:38.0	Ana1 - 1: T.Au?en	3.3
2021-03-11 03:21:38.0	Ana2 - 2: T.Zuluft	14.0
2021-03-11 03:21:38.0	Ana3 - 3: T.Abluft	19.7
2021-03-11 03:21:38.0	Ana4 - 4: T.Fortluft	11.6
2021-03-11 03:21:38.0	Ana5 - 5: T.Raum	9999.9
2021-03-11 03:21:38.0	Ana9 - 9: T.Zuluft WRG warm	18.9
2021-03-11 03:21:48.0	Ana1 - 1: T.Au?en	3.3
2021-03-11 03:21:48.0	Ana2 - 2: T.Zuluft	14.0
2021-03-11 03:21:48.0	Ana3 - 3: T.Abluft	19.7
2021-03-11 03:21:48.0	Ana4 - 4: T.Fortluft	11.5
2021-03-11 03:21:48.0	Ana5 - 5: T.Raum	9999.9
2021-03-11 03:21:48.0	Ana9 - 9: T.Zuluft WRG warm	18.9
2021-03-11 03:21:58.0	Ana1 - 1: T.Au?en	3.3
2021-03-11 03:21:58.0	Ana2 - 2: T.Zuluft	14.0
2021-03-11 03:21:58.0	Ana3 - 3: T.Abluft	19.7
2021-03-11 03:21:58.0	Ana4 - 4: T.Fortluft	11.5
2021-03-11 03:21:58.0	Ana5 - 5: T.Raum	9999.9
2021-03-11 03:21:58.0	Ana9 - 9: T.Zuluft WRG warm	18.9
2021-03-11 03:22:08.0	Ana1 - 1: T.Au?en	3.3
2021-03-11 03:22:08.0	Ana2 - 2: T.Zuluft	14.0
2021-03-11 03:22:08.0	Ana3 - 3: T.Abluft	19.7
2021-03-11 03:22:08.0	Ana4 - 4: T.Fortluft	11.5
2021-03-11 03:22:08.0	Ana5 - 5: T.Raum	9999.9
2021-03-11 03:22:08.0	Ana9 - 9: T.Zuluft WRG warm	18.9
2021-03-11 03:22:18.0	Ana1 - 1: T.Au?en	3.3
2021-03-11 03:22:18.0	Ana2 - 2: T.Zuluft	14.0
2021-03-11 03:22:18.0	Ana3 - 3: T.Abluft	19.7
2021-03-11 03:22:18.0	Ana4 - 4: T.Fortluft	11.5
2021-03-11 03:22:18.0	Ana5 - 5: T.Raum	9999.9
2021-03-11 03:22:18.0	Ana9 - 9: T.Zuluft WRG warm	18.9
2021-03-11 03:22:28.0	Ana1 - 1: T.Au?en	3.3
2021-03-11 03:22:28.0	Ana2 - 2: T.Zuluft	14.0
2021-03-11 03:22:28.0	Ana3 - 3: T.Abluft	19.7
2021-03-11 03:22:28.0	Ana4 - 4: T.Fortluft	11.5
2021-03-11 03:22:28.0	Ana5 - 5: T.Raum	9999.9
2021-03-11 03:22:28.0	Ana9 - 9: T.Zuluft WRG warm	18.9
2021-03-11 03:22:38.0	Ana1 - 1: T.Au?en	3.3
2021-03-11 03:22:38.0	Ana2 - 2: T.Zuluft	14.0
2021-03-11 03:22:38.0	Ana3 - 3: T.Abluft	19.7
2021-03-11 03:22:38.0	Ana4 - 4: T.Fortluft	11.5
2021-03-11 03:22:38.0	Ana5 - 5: T.Raum	9999.9
2021-03-11 03:22:38.0	Ana9 - 9: T.Zuluft WRG warm	18.9
2021-03-11 03:22:48.0	Ana1 - 1: T.Au?en	3.3
2021-03-11 03:22:48.0	Ana2 - 2: T.Zuluft	14.0
2021-03-11 03:22:48.0	Ana3 - 3: T.Abluft	19.7
2021-03-11 03:22:48.0	Ana4 - 4: T.Fortluft	11.6
2021-03-11 03:22:48.0	Ana5 - 5: T.Raum	9999.9
2021-03-11 03:22:48.0	Ana9 - 9: T.Zuluft WRG warm	18.9
2021-03-11 03:22:58.0	Ana1 - 1: T.Au?en	3.3
2021-03-11 03:22:58.0	Ana2 - 2: T.Zuluft	14.0
2021-03-11 03:22:58.0	Ana3 - 3: T.Abluft	19.7
2021-03-11 03:22:58.0	Ana4 - 4: T.Fortluft	11.5
2021-03-11 03:22:58.0	Ana5 - 5: T.Raum	9999.9
2021-03-11 03:22:58.0	Ana9 - 9: T.Zuluft WRG warm	18.9
2021-03-11 03:23:08.0	Ana1 - 1: T.Au?en	3.3
2021-03-11 03:23:08.0	Ana2 - 2: T.Zuluft	14.0
2021-03-11 03:23:08.0	Ana3 - 3: T.Abluft	19.7
2021-03-11 03:23:08.0	Ana4 - 4: T.Fortluft	11.5
2021-03-11 03:23:08.0	Ana5 - 5: T.Raum	9999.9
2021-03-11 03:23:08.0	Ana9 - 9: T.Zuluft WRG warm	18.9
2021-03-11 03:23:18.0	Ana1 - 1: T.Au?en	3.3
2021-03-11 03:23:18.0	Ana2 - 2: T.Zuluft	14.0
2021-03-11 03:23:18.0	Ana3 - 3: T.Abluft	19.7
2021-03-11 03:23:18.0	Ana4 - 4: T.Fortluft	11.5
2021-03-11 03:23:18.0	Ana5 - 5: T.Raum	9999.9
2021-03-11 03:23:18.0	Ana9 - 9: T.Zuluft WRG warm	18.9
2021-03-11 03:23:28.0	Ana1 - 1: T.Au?en	3.3
2021-03-11 03:23:28.0	Ana2 - 2: T.Zuluft	14.0
2021-03-11 03:23:28.0	Ana3 - 3: T.Abluft	19.7
2021-03-11 03:23:28.0	Ana4 - 4: T.Fortluft	11.5
2021-03-11 03:23:28.0	Ana5 - 5: T.Raum	9999.9
2021-03-11 03:23:28.0	Ana9 - 9: T.Zuluft WRG warm	18.9
2021-03-11 03:23:38.0	Ana1 - 1: T.Au?en	3.3
2021-03-11 03:23:38.0	Ana2 - 2: T.Zuluft	14.0
2021-03-11 03:23:38.0	Ana3 - 3: T.Abluft	19.7
2021-03-11 03:23:38.0	Ana4 - 4: T.Fortluft	11.5
2021-03-11 03:23:38.0	Ana5 - 5: T.Raum	9999.9
2021-03-11 03:23:38.0	Ana9 - 9: T.Zuluft WRG warm	18.9
2021-03-11 03:23:48.0	Ana1 - 1: T.Au?en	3.3
2021-03-11 03:23:48.0	Ana2 - 2: T.Zuluft	14.0
2021-03-11 03:23:48.0	Ana3 - 3: T.Abluft	19.7
2021-03-11 03:23:48.0	Ana4 - 4: T.Fortluft	11.5
2021-03-11 03:23:48.0	Ana5 - 5: T.Raum	9999.9
2021-03-11 03:23:48.0	Ana9 - 9: T.Zuluft WRG warm	18.9
2021-03-11 03:23:58.0	Ana1 - 1: T.Au?en	3.3
2021-03-11 03:23:58.0	Ana2 - 2: T.Zuluft	14.0
2021-03-11 03:23:58.0	Ana3 - 3: T.Abluft	19.7
2021-03-11 03:23:58.0	Ana4 - 4: T.Fortluft	11.5
2021-03-11 03:23:58.0	Ana5 - 5: T.Raum	9999.9
2021-03-11 03:23:58.0	Ana9 - 9: T.Zuluft WRG warm	18.9
2021-03-11 03:24:08.0	Ana1 - 1: T.Au?en	3.3
2021-03-11 03:24:08.0	Ana2 - 2: T.Zuluft	14.0
2021-03-11 03:24:08.0	Ana3 - 3: T.Abluft	19.7
2021-03-11 03:24:08.0	Ana4 - 4: T.Fortluft	11.5
2021-03-11 03:24:08.0	Ana5 - 5: T.Raum	9999.9
2021-03-11 03:24:08.0	Ana9 - 9: T.Zuluft WRG warm	18.9
2021-03-11 03:24:18.0	Ana1 - 1: T.Au?en	3.3
2021-03-11 03:24:18.0	Ana2 - 2: T.Zuluft	14.0
2021-03-11 03:24:18.0	Ana3 - 3: T.Abluft	19.7
2021-03-11 03:24:18.0	Ana4 - 4: T.Fortluft	11.5
2021-03-11 03:24:18.0	Ana5 - 5: T.Raum	9999.9
2021-03-11 03:24:18.0	Ana9 - 9: T.Zuluft WRG warm	18.9
2021-03-11 03:24:28.0	Ana1 - 1: T.Au?en	3.3
2021-03-11 03:24:28.0	Ana2 - 2: T.Zuluft	14.0
2021-03-11 03:24:28.0	Ana3 - 3: T.Abluft	19.7
2021-03-11 03:24:28.0	Ana4 - 4: T.Fortluft	11.5
2021-03-11 03:24:28.0	Ana5 - 5: T.Raum	9999.9
2021-03-11 03:24:28.0	Ana9 - 9: T.Zuluft WRG warm	18.9
2021-03-11 03:24:38.0	Ana1 - 1: T.Au?en	3.3
2021-03-11 03:24:38.0	Ana2 - 2: T.Zuluft	14.0
2021-03-11 03:24:38.0	Ana3 - 3: T.Abluft	19.7
2021-03-11 03:24:38.0	Ana4 - 4: T.Fortluft	11.5
2021-03-11 03:24:38.0	Ana5 - 5: T.Raum	9999.9
2021-03-11 03:24:38.0	Ana9 - 9: T.Zuluft WRG warm	18.9
2021-03-11 03:24:48.0	Ana1 - 1: T.Au?en	3.3
2021-03-11 03:24:48.0	Ana2 - 2: T.Zuluft	14.0
2021-03-11 03:24:48.0	Ana3 - 3: T.Abluft	19.7
2021-03-11 03:24:48.0	Ana4 - 4: T.Fortluft	11.5
2021-03-11 03:24:48.0	Ana5 - 5: T.Raum	9999.9
2021-03-11 03:24:48.0	Ana9 - 9: T.Zuluft WRG warm	18.9
2021-03-11 03:24:58.0	Ana1 - 1: T.Au?en	3.3
2021-03-11 03:24:58.0	Ana2 - 2: T.Zuluft	14.0
2021-03-11 03:24:58.0	Ana3 - 3: T.Abluft	19.7
2021-03-11 03:24:58.0	Ana4 - 4: T.Fortluft	11.5
2021-03-11 03:24:58.0	Ana5 - 5: T.Raum	9999.9
2021-03-11 03:24:58.0	Ana9 - 9: T.Zuluft WRG warm	18.9
2021-03-11 03:25:08.0	Ana1 - 1: T.Au?en	3.3
2021-03-11 03:25:08.0	Ana2 - 2: T.Zuluft	14.0
2021-03-11 03:25:08.0	Ana3 - 3: T.Abluft	19.7
2021-03-11 03:25:08.0	Ana4 - 4: T.Fortluft	11.5
2021-03-11 03:25:08.0	Ana5 - 5: T.Raum	9999.9
2021-03-11 03:25:08.0	Ana9 - 9: T.Zuluft WRG warm	18.9
2021-03-11 03:25:18.0	Ana1 - 1: T.Au?en	3.3
2021-03-11 03:25:18.0	Ana2 - 2: T.Zuluft	14.0
2021-03-11 03:25:18.0	Ana3 - 3: T.Abluft	19.7
2021-03-11 03:25:18.0	Ana4 - 4: T.Fortluft	11.5
2021-03-11 03:25:18.0	Ana5 - 5: T.Raum	9999.9
2021-03-11 03:25:18.0	Ana9 - 9: T.Zuluft WRG warm	18.9
2021-03-11 03:25:28.0	Ana1 - 1: T.Au?en	3.3
2021-03-11 03:25:28.0	Ana2 - 2: T.Zuluft	14.0
2021-03-11 03:25:28.0	Ana3 - 3: T.Abluft	19.7
2021-03-11 03:25:28.0	Ana4 - 4: T.Fortluft	11.5
2021-03-11 03:25:28.0	Ana5 - 5: T.Raum	9999.9
2021-03-11 03:25:28.0	Ana9 - 9: T.Zuluft WRG warm	18.9
2021-03-11 03:25:38.0	Ana1 - 1: T.Au?en	3.2
2021-03-11 03:25:38.0	Ana2 - 2: T.Zuluft	14.0
2021-03-11 03:25:38.0	Ana3 - 3: T.Abluft	19.7
2021-03-11 03:25:38.0	Ana4 - 4: T.Fortluft	11.5
2021-03-11 03:25:38.0	Ana5 - 5: T.Raum	9999.9
2021-03-11 03:25:38.0	Ana9 - 9: T.Zuluft WRG warm	18.9
2021-03-11 03:25:48.0	Ana1 - 1: T.Au?en	3.2
2021-03-11 03:25:48.0	Ana2 - 2: T.Zuluft	14.0
2021-03-11 03:25:48.0	Ana3 - 3: T.Abluft	19.7
2021-03-11 03:25:48.0	Ana4 - 4: T.Fortluft	11.5
2021-03-11 03:25:48.0	Ana5 - 5: T.Raum	9999.9
2021-03-11 03:25:48.0	Ana9 - 9: T.Zuluft WRG warm	18.9
2021-03-11 03:25:58.0	Ana1 - 1: T.Au?en	3.2
2021-03-11 03:25:58.0	Ana2 - 2: T.Zuluft	14.0
2021-03-11 03:25:58.0	Ana3 - 3: T.Abluft	19.7
2021-03-11 03:25:58.0	Ana4 - 4: T.Fortluft	11.5
2021-03-11 03:25:58.0	Ana5 - 5: T.Raum	9999.9
2021-03-11 03:25:58.0	Ana9 - 9: T.Zuluft WRG warm	18.9
2021-03-11 03:26:08.0	Ana1 - 1: T.Au?en	3.2
2021-03-11 03:26:08.0	Ana2 - 2: T.Zuluft	14.0
2021-03-11 03:26:08.0	Ana3 - 3: T.Abluft	19.7
2021-03-11 03:26:08.0	Ana4 - 4: T.Fortluft	11.5
2021-03-11 03:26:08.0	Ana5 - 5: T.Raum	9999.9
2021-03-11 03:26:08.0	Ana9 - 9: T.Zuluft WRG warm	18.9
2021-03-11 03:26:18.0	Ana1 - 1: T.Au?en	3.2
2021-03-11 03:26:18.0	Ana2 - 2: T.Zuluft	14.0
2021-03-11 03:26:18.0	Ana3 - 3: T.Abluft	19.7
2021-03-11 03:26:18.0	Ana4 - 4: T.Fortluft	11.5
2021-03-11 03:26:18.0	Ana5 - 5: T.Raum	9999.9
2021-03-11 03:26:18.0	Ana9 - 9: T.Zuluft WRG warm	18.9
2021-03-11 03:26:28.0	Ana1 - 1: T.Au?en	3.2
2021-03-11 03:26:28.0	Ana2 - 2: T.Zuluft	14.0
2021-03-11 03:26:28.0	Ana3 - 3: T.Abluft	19.7
2021-03-11 03:26:28.0	Ana4 - 4: T.Fortluft	11.5
2021-03-11 03:26:28.0	Ana5 - 5: T.Raum	9999.9
2021-03-11 03:26:28.0	Ana9 - 9: T.Zuluft WRG warm	18.9
2021-03-11 03:26:38.0	Ana1 - 1: T.Au?en	3.2
2021-03-11 03:26:38.0	Ana2 - 2: T.Zuluft	14.0
2021-03-11 03:26:38.0	Ana3 - 3: T.Abluft	19.7
2021-03-11 03:26:38.0	Ana4 - 4: T.Fortluft	11.5
2021-03-11 03:26:38.0	Ana5 - 5: T.Raum	9999.9
2021-03-11 03:26:38.0	Ana9 - 9: T.Zuluft WRG warm	18.9
2021-03-11 03:26:48.0	Ana1 - 1: T.Au?en	3.2
2021-03-11 03:26:48.0	Ana2 - 2: T.Zuluft	14.0
2021-03-11 03:26:48.0	Ana3 - 3: T.Abluft	19.7
2021-03-11 03:26:48.0	Ana4 - 4: T.Fortluft	11.5
2021-03-11 03:26:48.0	Ana5 - 5: T.Raum	9999.9
2021-03-11 03:26:48.0	Ana9 - 9: T.Zuluft WRG warm	18.9
2021-03-11 03:26:58.0	Ana1 - 1: T.Au?en	3.3
2021-03-11 03:26:58.0	Ana2 - 2: T.Zuluft	14.0
2021-03-11 03:26:58.0	Ana3 - 3: T.Abluft	19.7
2021-03-11 03:26:58.0	Ana4 - 4: T.Fortluft	11.5
2021-03-11 03:26:58.0	Ana5 - 5: T.Raum	9999.9
2021-03-11 03:26:58.0	Ana9 - 9: T.Zuluft WRG warm	18.9
2021-03-11 03:27:08.0	Ana1 - 1: T.Au?en	3.3
2021-03-11 03:27:08.0	Ana2 - 2: T.Zuluft	14.0
2021-03-11 03:27:08.0	Ana3 - 3: T.Abluft	19.7
2021-03-11 03:27:08.0	Ana4 - 4: T.Fortluft	11.5
2021-03-11 03:27:08.0	Ana5 - 5: T.Raum	9999.9
2021-03-11 03:27:08.0	Ana9 - 9: T.Zuluft WRG warm	18.9
2021-03-11 03:27:18.0	Ana1 - 1: T.Au?en	3.2
2021-03-11 03:27:18.0	Ana2 - 2: T.Zuluft	14.0
2021-03-11 03:27:18.0	Ana3 - 3: T.Abluft	19.7
2021-03-11 03:27:18.0	Ana4 - 4: T.Fortluft	11.5
2021-03-11 03:27:18.0	Ana5 - 5: T.Raum	9999.9
2021-03-11 03:27:18.0	Ana9 - 9: T.Zuluft WRG warm	18.9
2021-03-11 03:27:28.0	Ana1 - 1: T.Au?en	3.2
2021-03-11 03:27:28.0	Ana2 - 2: T.Zuluft	14.0
2021-03-11 03:27:28.0	Ana3 - 3: T.Abluft	19.7
2021-03-11 03:27:28.0	Ana4 - 4: T.Fortluft	11.5
2021-03-11 03:27:28.0	Ana5 - 5: T.Raum	9999.9
2021-03-11 03:27:28.0	Ana9 - 9: T.Zuluft WRG warm	18.9
2021-03-11 03:27:38.0	Ana1 - 1: T.Au?en	3.2
2021-03-11 03:27:38.0	Ana2 - 2: T.Zuluft	14.0
2021-03-11 03:27:38.0	Ana3 - 3: T.Abluft	19.7
2021-03-11 03:27:38.0	Ana4 - 4: T.Fortluft	11.5
2021-03-11 03:27:38.0	Ana5 - 5: T.Raum	9999.9
2021-03-11 03:27:38.0	Ana9 - 9: T.Zuluft WRG warm	18.9
2021-03-11 03:27:48.0	Ana1 - 1: T.Au?en	3.2
2021-03-11 03:27:48.0	Ana2 - 2: T.Zuluft	14.0
2021-03-11 03:27:48.0	Ana3 - 3: T.Abluft	19.7
2021-03-11 03:27:48.0	Ana4 - 4: T.Fortluft	11.5
2021-03-11 03:27:48.0	Ana5 - 5: T.Raum	9999.9
2021-03-11 03:27:48.0	Ana9 - 9: T.Zuluft WRG warm	18.9
2021-03-11 03:27:58.0	Ana1 - 1: T.Au?en	3.2
2021-03-11 03:27:58.0	Ana2 - 2: T.Zuluft	14.0
2021-03-11 03:27:58.0	Ana3 - 3: T.Abluft	19.7
2021-03-11 03:27:58.0	Ana4 - 4: T.Fortluft	11.5
2021-03-11 03:27:58.0	Ana5 - 5: T.Raum	9999.9
2021-03-11 03:27:58.0	Ana9 - 9: T.Zuluft WRG warm	18.9
2021-03-11 03:28:08.0	Ana1 - 1: T.Au?en	3.2
2021-03-11 03:28:08.0	Ana2 - 2: T.Zuluft	14.0
2021-03-11 03:28:08.0	Ana3 - 3: T.Abluft	19.7
2021-03-11 03:28:08.0	Ana4 - 4: T.Fortluft	11.5
2021-03-11 03:28:08.0	Ana5 - 5: T.Raum	9999.9
2021-03-11 03:28:08.0	Ana9 - 9: T.Zuluft WRG warm	18.9
2021-03-11 03:28:18.0	Ana1 - 1: T.Au?en	3.2
2021-03-11 03:28:18.0	Ana2 - 2: T.Zuluft	14.0
2021-03-11 03:28:18.0	Ana3 - 3: T.Abluft	19.7
2021-03-11 03:28:18.0	Ana4 - 4: T.Fortluft	11.5
2021-03-11 03:28:18.0	Ana5 - 5: T.Raum	9999.9
2021-03-11 03:28:18.0	Ana9 - 9: T.Zuluft WRG warm	18.9
2021-03-11 03:28:28.0	Ana1 - 1: T.Au?en	3.2
2021-03-11 03:28:28.0	Ana2 - 2: T.Zuluft	14.0
2021-03-11 03:28:28.0	Ana3 - 3: T.Abluft	19.7
2021-03-11 03:28:28.0	Ana4 - 4: T.Fortluft	11.5
2021-03-11 03:28:28.0	Ana5 - 5: T.Raum	9999.9
2021-03-11 03:28:28.0	Ana9 - 9: T.Zuluft WRG warm	18.9
2021-03-11 03:28:38.0	Ana1 - 1: T.Au?en	3.2
2021-03-11 03:28:38.0	Ana2 - 2: T.Zuluft	14.0
2021-03-11 03:28:38.0	Ana3 - 3: T.Abluft	19.7
2021-03-11 03:28:38.0	Ana4 - 4: T.Fortluft	11.5
2021-03-11 03:28:38.0	Ana5 - 5: T.Raum	9999.9
2021-03-11 03:28:38.0	Ana9 - 9: T.Zuluft WRG warm	18.9
2021-03-11 03:28:48.0	Ana1 - 1: T.Au?en	3.2
2021-03-11 03:28:48.0	Ana2 - 2: T.Zuluft	14.0
2021-03-11 03:28:48.0	Ana3 - 3: T.Abluft	19.7
2021-03-11 03:28:48.0	Ana4 - 4: T.Fortluft	11.5
2021-03-11 03:28:48.0	Ana5 - 5: T.Raum	9999.9
2021-03-11 03:28:48.0	Ana9 - 9: T.Zuluft WRG warm	18.9
2021-03-11 03:28:58.0	Ana1 - 1: T.Au?en	3.2
2021-03-11 03:28:58.0	Ana2 - 2: T.Zuluft	14.0
2021-03-11 03:28:58.0	Ana3 - 3: T.Abluft	19.7
2021-03-11 03:28:58.0	Ana4 - 4: T.Fortluft	11.5
2021-03-11 03:28:58.0	Ana5 - 5: T.Raum	9999.9
2021-03-11 03:28:58.0	Ana9 - 9: T.Zuluft WRG warm	18.9
2021-03-11 03:29:08.0	Ana1 - 1: T.Au?en	3.2
2021-03-11 03:29:08.0	Ana2 - 2: T.Zuluft	13.9
2021-03-11 03:29:08.0	Ana3 - 3: T.Abluft	19.7
2021-03-11 03:29:08.0	Ana4 - 4: T.Fortluft	11.5
2021-03-11 03:29:08.0	Ana5 - 5: T.Raum	9999.9
2021-03-11 03:29:08.0	Ana9 - 9: T.Zuluft WRG warm	18.9
2021-03-11 03:29:18.0	Ana1 - 1: T.Au?en	3.2
2021-03-11 03:29:18.0	Ana2 - 2: T.Zuluft	13.9
2021-03-11 03:29:18.0	Ana3 - 3: T.Abluft	19.7
2021-03-11 03:29:18.0	Ana4 - 4: T.Fortluft	11.5
2021-03-11 03:29:18.0	Ana5 - 5: T.Raum	9999.9
2021-03-11 03:29:18.0	Ana9 - 9: T.Zuluft WRG warm	18.9
2021-03-11 03:29:28.0	Ana1 - 1: T.Au?en	3.2
2021-03-11 03:29:28.0	Ana2 - 2: T.Zuluft	13.9
2021-03-11 03:29:28.0	Ana3 - 3: T.Abluft	19.7
2021-03-11 03:29:28.0	Ana4 - 4: T.Fortluft	11.5
2021-03-11 03:29:28.0	Ana5 - 5: T.Raum	9999.9
2021-03-11 03:29:28.0	Ana9 - 9: T.Zuluft WRG warm	18.9
2021-03-11 03:29:38.0	Ana1 - 1: T.Au?en	3.2
2021-03-11 03:29:38.0	Ana2 - 2: T.Zuluft	13.9
2021-03-11 03:29:38.0	Ana3 - 3: T.Abluft	19.7
2021-03-11 03:29:38.0	Ana4 - 4: T.Fortluft	11.5
2021-03-11 03:29:38.0	Ana5 - 5: T.Raum	9999.9
2021-03-11 03:29:38.0	Ana9 - 9: T.Zuluft WRG warm	18.9
2021-03-11 03:29:48.0	Ana1 - 1: T.Au?en	3.2
2021-03-11 03:29:48.0	Ana2 - 2: T.Zuluft	13.9
2021-03-11 03:29:48.0	Ana3 - 3: T.Abluft	19.7
2021-03-11 03:29:48.0	Ana4 - 4: T.Fortluft	11.5
2021-03-11 03:29:48.0	Ana5 - 5: T.Raum	9999.9
2021-03-11 03:29:48.0	Ana9 - 9: T.Zuluft WRG warm	18.9
2021-03-11 03:29:58.0	Ana1 - 1: T.Au?en	3.2
2021-03-11 03:29:58.0	Ana2 - 2: T.Zuluft	13.9
2021-03-11 03:29:58.0	Ana3 - 3: T.Abluft	19.7
2021-03-11 03:29:58.0	Ana4 - 4: T.Fortluft	11.5
2021-03-11 03:29:58.0	Ana5 - 5: T.Raum	9999.9
2021-03-11 03:29:58.0	Ana9 - 9: T.Zuluft WRG warm	18.9
2021-03-11 03:30:08.0	Ana1 - 1: T.Au?en	3.2
2021-03-11 03:30:08.0	Ana2 - 2: T.Zuluft	13.9
2021-03-11 03:30:08.0	Ana3 - 3: T.Abluft	19.6
2021-03-11 03:30:08.0	Ana4 - 4: T.Fortluft	11.5
2021-03-11 03:30:08.0	Ana5 - 5: T.Raum	9999.9
2021-03-11 03:30:08.0	Ana9 - 9: T.Zuluft WRG warm	18.9
2021-03-11 03:30:18.0	Ana1 - 1: T.Au?en	3.2
2021-03-11 03:30:18.0	Ana2 - 2: T.Zuluft	13.9
2021-03-11 03:30:18.0	Ana3 - 3: T.Abluft	19.6
2021-03-11 03:30:18.0	Ana4 - 4: T.Fortluft	11.5
2021-03-11 03:30:18.0	Ana5 - 5: T.Raum	9999.9
2021-03-11 03:30:18.0	Ana9 - 9: T.Zuluft WRG warm	18.9
2021-03-11 03:30:28.0	Ana1 - 1: T.Au?en	3.2
2021-03-11 03:30:28.0	Ana2 - 2: T.Zuluft	13.9
2021-03-11 03:30:28.0	Ana3 - 3: T.Abluft	19.6
2021-03-11 03:30:28.0	Ana4 - 4: T.Fortluft	11.5
2021-03-11 03:30:28.0	Ana5 - 5: T.Raum	9999.9
2021-03-11 03:30:28.0	Ana9 - 9: T.Zuluft WRG warm	18.9
2021-03-11 03:30:38.0	Ana1 - 1: T.Au?en	3.2
2021-03-11 03:30:38.0	Ana2 - 2: T.Zuluft	13.9
2021-03-11 03:30:38.0	Ana3 - 3: T.Abluft	19.7
2021-03-11 03:30:38.0	Ana4 - 4: T.Fortluft	11.5
2021-03-11 03:30:38.0	Ana5 - 5: T.Raum	9999.9
2021-03-11 03:30:38.0	Ana9 - 9: T.Zuluft WRG warm	18.9
2021-03-11 03:30:48.0	Ana1 - 1: T.Au?en	3.2
2021-03-11 03:30:48.0	Ana2 - 2: T.Zuluft	13.9
2021-03-11 03:30:48.0	Ana3 - 3: T.Abluft	19.6
2021-03-11 03:30:48.0	Ana4 - 4: T.Fortluft	11.5
2021-03-11 03:30:48.0	Ana5 - 5: T.Raum	9999.9
2021-03-11 03:30:48.0	Ana9 - 9: T.Zuluft WRG warm	18.9
2021-03-11 03:30:58.0	Ana1 - 1: T.Au?en	3.2
2021-03-11 03:30:58.0	Ana2 - 2: T.Zuluft	13.9
2021-03-11 03:30:58.0	Ana3 - 3: T.Abluft	19.6
2021-03-11 03:30:58.0	Ana4 - 4: T.Fortluft	11.5
2021-03-11 03:30:58.0	Ana5 - 5: T.Raum	9999.9
2021-03-11 03:30:58.0	Ana9 - 9: T.Zuluft WRG warm	18.9
2021-03-11 03:31:08.0	Ana1 - 1: T.Au?en	3.1
2021-03-11 03:31:08.0	Ana2 - 2: T.Zuluft	13.9
2021-03-11 03:31:08.0	Ana3 - 3: T.Abluft	19.6
2021-03-11 03:31:08.0	Ana4 - 4: T.Fortluft	11.5
2021-03-11 03:31:08.0	Ana5 - 5: T.Raum	9999.9
2021-03-11 03:31:08.0	Ana9 - 9: T.Zuluft WRG warm	18.9
2021-03-11 03:31:18.0	Ana1 - 1: T.Au?en	3.1
2021-03-11 03:31:18.0	Ana2 - 2: T.Zuluft	13.9
2021-03-11 03:31:18.0	Ana3 - 3: T.Abluft	19.7
2021-03-11 03:31:18.0	Ana4 - 4: T.Fortluft	11.5
2021-03-11 03:31:18.0	Ana5 - 5: T.Raum	9999.9
2021-03-11 03:31:18.0	Ana9 - 9: T.Zuluft WRG warm	18.9
2021-03-11 03:31:28.0	Ana1 - 1: T.Au?en	3.1
2021-03-11 03:31:28.0	Ana2 - 2: T.Zuluft	13.9
2021-03-11 03:31:28.0	Ana3 - 3: T.Abluft	19.6
2021-03-11 03:31:28.0	Ana4 - 4: T.Fortluft	11.5
2021-03-11 03:31:28.0	Ana5 - 5: T.Raum	9999.9
2021-03-11 03:31:28.0	Ana9 - 9: T.Zuluft WRG warm	18.9
2021-03-11 03:31:38.0	Ana1 - 1: T.Au?en	3.1
2021-03-11 03:31:38.0	Ana2 - 2: T.Zuluft	13.9
2021-03-11 03:31:38.0	Ana3 - 3: T.Abluft	19.6
2021-03-11 03:31:38.0	Ana4 - 4: T.Fortluft	11.5
2021-03-11 03:31:38.0	Ana5 - 5: T.Raum	9999.9
2021-03-11 03:31:38.0	Ana9 - 9: T.Zuluft WRG warm	18.9
2021-03-11 03:31:48.0	Ana1 - 1: T.Au?en	3.2
2021-03-11 03:31:48.0	Ana2 - 2: T.Zuluft	13.9
2021-03-11 03:31:48.0	Ana3 - 3: T.Abluft	19.6
2021-03-11 03:31:48.0	Ana4 - 4: T.Fortluft	11.5
2021-03-11 03:31:48.0	Ana5 - 5: T.Raum	9999.9
2021-03-11 03:31:48.0	Ana9 - 9: T.Zuluft WRG warm	18.9
2021-03-11 03:31:58.0	Ana1 - 1: T.Au?en	3.1
2021-03-11 03:31:58.0	Ana2 - 2: T.Zuluft	13.9
2021-03-11 03:31:58.0	Ana3 - 3: T.Abluft	19.6
2021-03-11 03:31:58.0	Ana4 - 4: T.Fortluft	11.5
2021-03-11 03:31:58.0	Ana5 - 5: T.Raum	9999.9
2021-03-11 03:31:58.0	Ana9 - 9: T.Zuluft WRG warm	18.9
2021-03-11 03:32:08.0	Ana1 - 1: T.Au?en	3.1
2021-03-11 03:32:08.0	Ana2 - 2: T.Zuluft	13.9
2021-03-11 03:32:08.0	Ana3 - 3: T.Abluft	19.6
2021-03-11 03:32:08.0	Ana4 - 4: T.Fortluft	11.5
2021-03-11 03:32:08.0	Ana5 - 5: T.Raum	9999.9
2021-03-11 03:32:08.0	Ana9 - 9: T.Zuluft WRG warm	18.9
2021-03-11 03:32:18.0	Ana1 - 1: T.Au?en	3.1
2021-03-11 03:32:18.0	Ana2 - 2: T.Zuluft	13.9
2021-03-11 03:32:18.0	Ana3 - 3: T.Abluft	19.6
2021-03-11 03:32:18.0	Ana4 - 4: T.Fortluft	11.5
2021-03-11 03:32:18.0	Ana5 - 5: T.Raum	9999.9
2021-03-11 03:32:18.0	Ana9 - 9: T.Zuluft WRG warm	18.9
2021-03-11 03:32:28.0	Ana1 - 1: T.Au?en	3.1
2021-03-11 03:32:28.0	Ana2 - 2: T.Zuluft	13.9
2021-03-11 03:32:28.0	Ana3 - 3: T.Abluft	19.6
2021-03-11 03:32:28.0	Ana4 - 4: T.Fortluft	11.5
2021-03-11 03:32:28.0	Ana5 - 5: T.Raum	9999.9
2021-03-11 03:32:28.0	Ana9 - 9: T.Zuluft WRG warm	18.9
2021-03-11 03:32:38.0	Ana1 - 1: T.Au?en	3.1
2021-03-11 03:32:38.0	Ana2 - 2: T.Zuluft	13.9
2021-03-11 03:32:38.0	Ana3 - 3: T.Abluft	19.6
2021-03-11 03:32:38.0	Ana4 - 4: T.Fortluft	11.5
2021-03-11 03:32:38.0	Ana5 - 5: T.Raum	9999.9
2021-03-11 03:32:38.0	Ana9 - 9: T.Zuluft WRG warm	18.9
2021-03-11 03:32:48.0	Ana1 - 1: T.Au?en	3.1
2021-03-11 03:32:48.0	Ana2 - 2: T.Zuluft	13.9
2021-03-11 03:32:48.0	Ana3 - 3: T.Abluft	19.6
2021-03-11 03:32:48.0	Ana4 - 4: T.Fortluft	11.5
2021-03-11 03:32:48.0	Ana5 - 5: T.Raum	9999.9
2021-03-11 03:32:48.0	Ana9 - 9: T.Zuluft WRG warm	18.9
2021-03-11 03:32:58.0	Ana1 - 1: T.Au?en	3.2
2021-03-11 03:32:58.0	Ana2 - 2: T.Zuluft	13.9
2021-03-11 03:32:58.0	Ana3 - 3: T.Abluft	19.6
2021-03-11 03:32:58.0	Ana4 - 4: T.Fortluft	11.5
2021-03-11 03:32:58.0	Ana5 - 5: T.Raum	9999.9
2021-03-11 03:32:58.0	Ana9 - 9: T.Zuluft WRG warm	18.9
2021-03-11 03:33:08.0	Ana1 - 1: T.Au?en	3.2
2021-03-11 03:33:08.0	Ana2 - 2: T.Zuluft	13.9
2021-03-11 03:33:08.0	Ana3 - 3: T.Abluft	19.6
2021-03-11 03:33:08.0	Ana4 - 4: T.Fortluft	11.5
2021-03-11 03:33:08.0	Ana5 - 5: T.Raum	9999.9
2021-03-11 03:33:08.0	Ana9 - 9: T.Zuluft WRG warm	18.9
2021-03-11 03:33:18.0	Ana1 - 1: T.Au?en	3.2
2021-03-11 03:33:18.0	Ana2 - 2: T.Zuluft	13.9
2021-03-11 03:33:18.0	Ana3 - 3: T.Abluft	19.6
2021-03-11 03:33:18.0	Ana4 - 4: T.Fortluft	11.5
2021-03-11 03:33:18.0	Ana5 - 5: T.Raum	9999.9
2021-03-11 03:33:18.0	Ana9 - 9: T.Zuluft WRG warm	18.9
2021-03-11 03:33:28.0	Ana1 - 1: T.Au?en	3.2
2021-03-11 03:33:28.0	Ana2 - 2: T.Zuluft	13.9
2021-03-11 03:33:28.0	Ana3 - 3: T.Abluft	19.6
2021-03-11 03:33:28.0	Ana4 - 4: T.Fortluft	11.5
2021-03-11 03:33:28.0	Ana5 - 5: T.Raum	9999.9
2021-03-11 03:33:28.0	Ana9 - 9: T.Zuluft WRG warm	18.9
2021-03-11 03:33:38.0	Ana1 - 1: T.Au?en	3.2
2021-03-11 03:33:38.0	Ana2 - 2: T.Zuluft	13.9
2021-03-11 03:33:38.0	Ana3 - 3: T.Abluft	19.6
2021-03-11 03:33:38.0	Ana4 - 4: T.Fortluft	11.5
2021-03-11 03:33:38.0	Ana5 - 5: T.Raum	9999.9
2021-03-11 03:33:38.0	Ana9 - 9: T.Zuluft WRG warm	18.9
2021-03-11 03:33:48.0	Ana1 - 1: T.Au?en	3.2
2021-03-11 03:33:48.0	Ana2 - 2: T.Zuluft	13.9
2021-03-11 03:33:48.0	Ana3 - 3: T.Abluft	19.6
2021-03-11 03:33:48.0	Ana4 - 4: T.Fortluft	11.5
2021-03-11 03:33:48.0	Ana5 - 5: T.Raum	9999.9
2021-03-11 03:33:48.0	Ana9 - 9: T.Zuluft WRG warm	18.9
2021-03-11 03:33:58.0	Ana1 - 1: T.Au?en	3.2
2021-03-11 03:33:58.0	Ana2 - 2: T.Zuluft	13.9
2021-03-11 03:33:58.0	Ana3 - 3: T.Abluft	19.6
2021-03-11 03:33:58.0	Ana4 - 4: T.Fortluft	11.5
2021-03-11 03:33:58.0	Ana5 - 5: T.Raum	9999.9
2021-03-11 03:33:58.0	Ana9 - 9: T.Zuluft WRG warm	18.9
2021-03-11 03:34:08.0	Ana1 - 1: T.Au?en	3.1
2021-03-11 03:34:08.0	Ana2 - 2: T.Zuluft	13.9
2021-03-11 03:34:08.0	Ana3 - 3: T.Abluft	19.6
2021-03-11 03:34:08.0	Ana4 - 4: T.Fortluft	11.5
2021-03-11 03:34:08.0	Ana5 - 5: T.Raum	9999.9
2021-03-11 03:34:08.0	Ana9 - 9: T.Zuluft WRG warm	18.9
2021-03-11 03:34:18.0	Ana1 - 1: T.Au?en	3.1
2021-03-11 03:34:18.0	Ana2 - 2: T.Zuluft	13.9
2021-03-11 03:34:18.0	Ana3 - 3: T.Abluft	19.6
2021-03-11 03:34:18.0	Ana4 - 4: T.Fortluft	11.5
2021-03-11 03:34:18.0	Ana5 - 5: T.Raum	9999.9
2021-03-11 03:34:18.0	Ana9 - 9: T.Zuluft WRG warm	18.9
2021-03-11 03:34:28.0	Ana1 - 1: T.Au?en	3.1
2021-03-11 03:34:28.0	Ana2 - 2: T.Zuluft	13.9
2021-03-11 03:34:28.0	Ana3 - 3: T.Abluft	19.6
2021-03-11 03:34:28.0	Ana4 - 4: T.Fortluft	11.5
2021-03-11 03:34:28.0	Ana5 - 5: T.Raum	9999.9
2021-03-11 03:34:28.0	Ana9 - 9: T.Zuluft WRG warm	18.9
2021-03-11 03:34:38.0	Ana1 - 1: T.Au?en	3.1
2021-03-11 03:34:38.0	Ana2 - 2: T.Zuluft	13.9
2021-03-11 03:34:38.0	Ana3 - 3: T.Abluft	19.6
2021-03-11 03:34:38.0	Ana4 - 4: T.Fortluft	11.5
2021-03-11 03:34:38.0	Ana5 - 5: T.Raum	9999.9
2021-03-11 03:34:38.0	Ana9 - 9: T.Zuluft WRG warm	18.9
2021-03-11 03:34:48.0	Ana1 - 1: T.Au?en	3.1
2021-03-11 03:34:48.0	Ana2 - 2: T.Zuluft	13.9
2021-03-11 03:34:48.0	Ana3 - 3: T.Abluft	19.6
2021-03-11 03:34:48.0	Ana4 - 4: T.Fortluft	11.5
2021-03-11 03:34:48.0	Ana5 - 5: T.Raum	9999.9
2021-03-11 03:34:48.0	Ana9 - 9: T.Zuluft WRG warm	18.9
2021-03-11 03:34:58.0	Ana1 - 1: T.Au?en	3.1
2021-03-11 03:34:58.0	Ana2 - 2: T.Zuluft	13.9
2021-03-11 03:34:58.0	Ana3 - 3: T.Abluft	19.6
2021-03-11 03:34:58.0	Ana4 - 4: T.Fortluft	11.5
2021-03-11 03:34:58.0	Ana5 - 5: T.Raum	9999.9
2021-03-11 03:34:58.0	Ana9 - 9: T.Zuluft WRG warm	18.9
2021-03-11 03:35:08.0	Ana1 - 1: T.Au?en	3.1
2021-03-11 03:35:08.0	Ana2 - 2: T.Zuluft	13.9
2021-03-11 03:35:08.0	Ana3 - 3: T.Abluft	19.6
2021-03-11 03:35:08.0	Ana4 - 4: T.Fortluft	11.5
2021-03-11 03:35:08.0	Ana5 - 5: T.Raum	9999.9
2021-03-11 03:35:08.0	Ana9 - 9: T.Zuluft WRG warm	18.9
2021-03-11 03:35:18.0	Ana1 - 1: T.Au?en	3.1
2021-03-11 03:35:18.0	Ana2 - 2: T.Zuluft	13.9
2021-03-11 03:35:18.0	Ana3 - 3: T.Abluft	19.6
2021-03-11 03:35:18.0	Ana4 - 4: T.Fortluft	11.5
2021-03-11 03:35:18.0	Ana5 - 5: T.Raum	9999.9
2021-03-11 03:35:18.0	Ana9 - 9: T.Zuluft WRG warm	18.9
2021-03-11 03:35:28.0	Ana1 - 1: T.Au?en	3.1
2021-03-11 03:35:28.0	Ana2 - 2: T.Zuluft	13.9
2021-03-11 03:35:28.0	Ana3 - 3: T.Abluft	19.6
2021-03-11 03:35:28.0	Ana4 - 4: T.Fortluft	11.5
2021-03-11 03:35:28.0	Ana5 - 5: T.Raum	9999.9
2021-03-11 03:35:28.0	Ana9 - 9: T.Zuluft WRG warm	18.9
2021-03-11 03:35:38.0	Ana1 - 1: T.Au?en	3.1
2021-03-11 03:35:38.0	Ana2 - 2: T.Zuluft	13.9
2021-03-11 03:35:38.0	Ana3 - 3: T.Abluft	19.6
2021-03-11 03:35:38.0	Ana4 - 4: T.Fortluft	11.5
2021-03-11 03:35:38.0	Ana5 - 5: T.Raum	9999.9
2021-03-11 03:35:38.0	Ana9 - 9: T.Zuluft WRG warm	18.9
2021-03-11 03:35:48.0	Ana1 - 1: T.Au?en	3.1
2021-03-11 03:35:48.0	Ana2 - 2: T.Zuluft	13.9
2021-03-11 03:35:48.0	Ana3 - 3: T.Abluft	19.6
2021-03-11 03:35:48.0	Ana4 - 4: T.Fortluft	11.5
2021-03-11 03:35:48.0	Ana5 - 5: T.Raum	9999.9
2021-03-11 03:35:48.0	Ana9 - 9: T.Zuluft WRG warm	18.9
2021-03-11 03:35:58.0	Ana1 - 1: T.Au?en	3.1
2021-03-11 03:35:58.0	Ana2 - 2: T.Zuluft	13.9
2021-03-11 03:35:58.0	Ana3 - 3: T.Abluft	19.6
2021-03-11 03:35:58.0	Ana4 - 4: T.Fortluft	11.5
2021-03-11 03:35:58.0	Ana5 - 5: T.Raum	9999.9
2021-03-11 03:35:58.0	Ana9 - 9: T.Zuluft WRG warm	18.9
2021-03-11 03:36:08.0	Ana1 - 1: T.Au?en	3.0
2021-03-11 03:36:08.0	Ana2 - 2: T.Zuluft	13.9
2021-03-11 03:36:08.0	Ana3 - 3: T.Abluft	19.6
2021-03-11 03:36:08.0	Ana4 - 4: T.Fortluft	11.5
2021-03-11 03:36:08.0	Ana5 - 5: T.Raum	9999.9
2021-03-11 03:36:08.0	Ana9 - 9: T.Zuluft WRG warm	18.9
2021-03-11 03:36:18.0	Ana1 - 1: T.Au?en	3.0
2021-03-11 03:36:18.0	Ana2 - 2: T.Zuluft	13.9
2021-03-11 03:36:18.0	Ana3 - 3: T.Abluft	19.6
2021-03-11 03:36:18.0	Ana4 - 4: T.Fortluft	11.5
2021-03-11 03:36:18.0	Ana5 - 5: T.Raum	9999.9
2021-03-11 03:36:18.0	Ana9 - 9: T.Zuluft WRG warm	18.9
2021-03-11 03:36:28.0	Ana1 - 1: T.Au?en	3.0
2021-03-11 03:36:28.0	Ana2 - 2: T.Zuluft	13.9
2021-03-11 03:36:28.0	Ana3 - 3: T.Abluft	19.6
2021-03-11 03:36:28.0	Ana4 - 4: T.Fortluft	11.5
2021-03-11 03:36:28.0	Ana5 - 5: T.Raum	9999.9
2021-03-11 03:36:28.0	Ana9 - 9: T.Zuluft WRG warm	18.9
2021-03-11 03:36:38.0	Ana1 - 1: T.Au?en	3.0
2021-03-11 03:36:38.0	Ana2 - 2: T.Zuluft	13.9
2021-03-11 03:36:38.0	Ana3 - 3: T.Abluft	19.6
2021-03-11 03:36:38.0	Ana4 - 4: T.Fortluft	11.5
2021-03-11 03:36:38.0	Ana5 - 5: T.Raum	9999.9
2021-03-11 03:36:38.0	Ana9 - 9: T.Zuluft WRG warm	18.9
2021-03-11 03:36:48.0	Ana1 - 1: T.Au?en	3.0
2021-03-11 03:36:48.0	Ana2 - 2: T.Zuluft	13.9
2021-03-11 03:36:48.0	Ana3 - 3: T.Abluft	19.6
2021-03-11 03:36:48.0	Ana4 - 4: T.Fortluft	11.5
2021-03-11 03:36:48.0	Ana5 - 5: T.Raum	9999.9
2021-03-11 03:36:48.0	Ana9 - 9: T.Zuluft WRG warm	18.9
2021-03-11 03:36:58.0	Ana1 - 1: T.Au?en	3.0
2021-03-11 03:36:58.0	Ana2 - 2: T.Zuluft	13.9
2021-03-11 03:36:58.0	Ana3 - 3: T.Abluft	19.6
2021-03-11 03:36:58.0	Ana4 - 4: T.Fortluft	11.5
2021-03-11 03:36:58.0	Ana5 - 5: T.Raum	9999.9
2021-03-11 03:36:58.0	Ana9 - 9: T.Zuluft WRG warm	18.9
2021-03-11 03:37:08.0	Ana1 - 1: T.Au?en	3.0
2021-03-11 03:37:08.0	Ana2 - 2: T.Zuluft	13.9
2021-03-11 03:37:08.0	Ana3 - 3: T.Abluft	19.6
2021-03-11 03:37:08.0	Ana4 - 4: T.Fortluft	11.5
2021-03-11 03:37:08.0	Ana5 - 5: T.Raum	9999.9
2021-03-11 03:37:08.0	Ana9 - 9: T.Zuluft WRG warm	18.9
2021-03-11 03:37:18.0	Ana1 - 1: T.Au?en	3.0
2021-03-11 03:37:18.0	Ana2 - 2: T.Zuluft	13.9
2021-03-11 03:37:18.0	Ana3 - 3: T.Abluft	19.6
2021-03-11 03:37:18.0	Ana4 - 4: T.Fortluft	11.5
2021-03-11 03:37:18.0	Ana5 - 5: T.Raum	9999.9
2021-03-11 03:37:18.0	Ana9 - 9: T.Zuluft WRG warm	18.9
2021-03-11 03:37:28.0	Ana1 - 1: T.Au?en	3.0
2021-03-11 03:37:28.0	Ana2 - 2: T.Zuluft	13.9
2021-03-11 03:37:28.0	Ana3 - 3: T.Abluft	19.6
2021-03-11 03:37:28.0	Ana4 - 4: T.Fortluft	11.4
2021-03-11 03:37:28.0	Ana5 - 5: T.Raum	9999.9
2021-03-11 03:37:28.0	Ana9 - 9: T.Zuluft WRG warm	18.9
2021-03-11 03:37:38.0	Ana1 - 1: T.Au?en	3.0
2021-03-11 03:37:38.0	Ana2 - 2: T.Zuluft	13.9
2021-03-11 03:37:38.0	Ana3 - 3: T.Abluft	19.6
2021-03-11 03:37:38.0	Ana4 - 4: T.Fortluft	11.4
2021-03-11 03:37:38.0	Ana5 - 5: T.Raum	9999.9
2021-03-11 03:37:38.0	Ana9 - 9: T.Zuluft WRG warm	18.9
2021-03-11 03:37:48.0	Ana1 - 1: T.Au?en	3.0
2021-03-11 03:37:48.0	Ana2 - 2: T.Zuluft	13.9
2021-03-11 03:37:48.0	Ana3 - 3: T.Abluft	19.6
2021-03-11 03:37:48.0	Ana4 - 4: T.Fortluft	11.4
2021-03-11 03:37:48.0	Ana5 - 5: T.Raum	9999.9
2021-03-11 03:37:48.0	Ana9 - 9: T.Zuluft WRG warm	18.9
2021-03-11 03:37:58.0	Ana1 - 1: T.Au?en	3.0
2021-03-11 03:37:58.0	Ana2 - 2: T.Zuluft	13.9
2021-03-11 03:37:58.0	Ana3 - 3: T.Abluft	19.6
2021-03-11 03:37:58.0	Ana4 - 4: T.Fortluft	11.4
2021-03-11 03:37:58.0	Ana5 - 5: T.Raum	9999.9
2021-03-11 03:37:58.0	Ana9 - 9: T.Zuluft WRG warm	18.9
2021-03-11 03:38:08.0	Ana1 - 1: T.Au?en	3.0
2021-03-11 03:38:08.0	Ana2 - 2: T.Zuluft	13.9
2021-03-11 03:38:08.0	Ana3 - 3: T.Abluft	19.6
2021-03-11 03:38:08.0	Ana4 - 4: T.Fortluft	11.4
2021-03-11 03:38:08.0	Ana5 - 5: T.Raum	9999.9
2021-03-11 03:38:08.0	Ana9 - 9: T.Zuluft WRG warm	18.9
2021-03-11 03:38:18.0	Ana1 - 1: T.Au?en	3.0
2021-03-11 03:38:18.0	Ana2 - 2: T.Zuluft	13.9
2021-03-11 03:38:18.0	Ana3 - 3: T.Abluft	19.6
2021-03-11 03:38:18.0	Ana4 - 4: T.Fortluft	11.4
2021-03-11 03:38:18.0	Ana5 - 5: T.Raum	9999.9
2021-03-11 03:38:18.0	Ana9 - 9: T.Zuluft WRG warm	18.9
2021-03-11 03:38:28.0	Ana1 - 1: T.Au?en	3.0
2021-03-11 03:38:28.0	Ana2 - 2: T.Zuluft	13.9
2021-03-11 03:38:28.0	Ana3 - 3: T.Abluft	19.6
2021-03-11 03:38:28.0	Ana4 - 4: T.Fortluft	11.4
2021-03-11 03:38:28.0	Ana5 - 5: T.Raum	9999.9
2021-03-11 03:38:28.0	Ana9 - 9: T.Zuluft WRG warm	18.9
2021-03-11 03:38:38.0	Ana1 - 1: T.Au?en	3.0
2021-03-11 03:38:38.0	Ana2 - 2: T.Zuluft	13.9
2021-03-11 03:38:38.0	Ana3 - 3: T.Abluft	19.6
2021-03-11 03:38:38.0	Ana4 - 4: T.Fortluft	11.4
2021-03-11 03:38:38.0	Ana5 - 5: T.Raum	9999.9
2021-03-11 03:38:38.0	Ana9 - 9: T.Zuluft WRG warm	18.9
2021-03-11 03:38:48.0	Ana1 - 1: T.Au?en	3.0
2021-03-11 03:38:48.0	Ana2 - 2: T.Zuluft	13.9
2021-03-11 03:38:48.0	Ana3 - 3: T.Abluft	19.6
2021-03-11 03:38:48.0	Ana4 - 4: T.Fortluft	11.4
2021-03-11 03:38:48.0	Ana5 - 5: T.Raum	9999.9
2021-03-11 03:38:48.0	Ana9 - 9: T.Zuluft WRG warm	18.8
2021-03-11 03:38:58.0	Ana1 - 1: T.Au?en	3.0
2021-03-11 03:38:58.0	Ana2 - 2: T.Zuluft	13.9
2021-03-11 03:38:58.0	Ana3 - 3: T.Abluft	19.6
2021-03-11 03:38:58.0	Ana4 - 4: T.Fortluft	11.4
2021-03-11 03:38:58.0	Ana5 - 5: T.Raum	9999.9
2021-03-11 03:38:58.0	Ana9 - 9: T.Zuluft WRG warm	18.8
2021-03-11 03:39:08.0	Ana1 - 1: T.Au?en	3.0
2021-03-11 03:39:08.0	Ana2 - 2: T.Zuluft	13.9
2021-03-11 03:39:08.0	Ana3 - 3: T.Abluft	19.6
2021-03-11 03:39:08.0	Ana4 - 4: T.Fortluft	11.4
2021-03-11 03:39:08.0	Ana5 - 5: T.Raum	9999.9
2021-03-11 03:39:08.0	Ana9 - 9: T.Zuluft WRG warm	18.8
2021-03-11 03:39:18.0	Ana1 - 1: T.Au?en	3.0
2021-03-11 03:39:18.0	Ana2 - 2: T.Zuluft	13.9
2021-03-11 03:39:18.0	Ana3 - 3: T.Abluft	19.6
2021-03-11 03:39:18.0	Ana4 - 4: T.Fortluft	11.4
2021-03-11 03:39:18.0	Ana5 - 5: T.Raum	9999.9
2021-03-11 03:39:18.0	Ana9 - 9: T.Zuluft WRG warm	18.9
2021-03-11 03:39:28.0	Ana1 - 1: T.Au?en	3.0
2021-03-11 03:39:28.0	Ana2 - 2: T.Zuluft	13.9
2021-03-11 03:39:28.0	Ana3 - 3: T.Abluft	19.6
2021-03-11 03:39:28.0	Ana4 - 4: T.Fortluft	11.4
2021-03-11 03:39:28.0	Ana5 - 5: T.Raum	9999.9
2021-03-11 03:39:28.0	Ana9 - 9: T.Zuluft WRG warm	18.9
2021-03-11 03:39:38.0	Ana1 - 1: T.Au?en	3.0
2021-03-11 03:39:38.0	Ana2 - 2: T.Zuluft	13.9
2021-03-11 03:39:38.0	Ana3 - 3: T.Abluft	19.6
2021-03-11 03:39:38.0	Ana4 - 4: T.Fortluft	11.4
2021-03-11 03:39:38.0	Ana5 - 5: T.Raum	9999.9
2021-03-11 03:39:38.0	Ana9 - 9: T.Zuluft WRG warm	18.9
2021-03-11 03:39:48.0	Ana1 - 1: T.Au?en	3.0
2021-03-11 03:39:48.0	Ana2 - 2: T.Zuluft	13.9
2021-03-11 03:39:48.0	Ana3 - 3: T.Abluft	19.6
2021-03-11 03:39:48.0	Ana4 - 4: T.Fortluft	11.4
2021-03-11 03:39:48.0	Ana5 - 5: T.Raum	9999.9
2021-03-11 03:39:48.0	Ana9 - 9: T.Zuluft WRG warm	18.9
2021-03-11 03:39:58.0	Ana1 - 1: T.Au?en	3.0
2021-03-11 03:39:58.0	Ana2 - 2: T.Zuluft	13.9
2021-03-11 03:39:58.0	Ana3 - 3: T.Abluft	19.6
2021-03-11 03:39:58.0	Ana4 - 4: T.Fortluft	11.4
2021-03-11 03:39:58.0	Ana5 - 5: T.Raum	9999.9
2021-03-11 03:39:58.0	Ana9 - 9: T.Zuluft WRG warm	18.9
2021-03-11 03:40:08.0	Ana1 - 1: T.Au?en	3.0
2021-03-11 03:40:08.0	Ana2 - 2: T.Zuluft	13.9
2021-03-11 03:40:08.0	Ana3 - 3: T.Abluft	19.6
2021-03-11 03:40:08.0	Ana4 - 4: T.Fortluft	11.4
2021-03-11 03:40:08.0	Ana5 - 5: T.Raum	9999.9
2021-03-11 03:40:08.0	Ana9 - 9: T.Zuluft WRG warm	18.9
2021-03-11 03:40:18.0	Ana1 - 1: T.Au?en	3.0
2021-03-11 03:40:18.0	Ana2 - 2: T.Zuluft	13.9
2021-03-11 03:40:18.0	Ana3 - 3: T.Abluft	19.6
2021-03-11 03:40:18.0	Ana4 - 4: T.Fortluft	11.4
2021-03-11 03:40:18.0	Ana5 - 5: T.Raum	9999.9
2021-03-11 03:40:18.0	Ana9 - 9: T.Zuluft WRG warm	18.9
2021-03-11 03:40:28.0	Ana1 - 1: T.Au?en	3.0
2021-03-11 03:40:28.0	Ana2 - 2: T.Zuluft	13.9
2021-03-11 03:40:28.0	Ana3 - 3: T.Abluft	19.6
2021-03-11 03:40:28.0	Ana4 - 4: T.Fortluft	11.4
2021-03-11 03:40:28.0	Ana5 - 5: T.Raum	9999.9
2021-03-11 03:40:28.0	Ana9 - 9: T.Zuluft WRG warm	18.9
2021-03-11 03:40:38.0	Ana1 - 1: T.Au?en	3.0
2021-03-11 03:40:38.0	Ana2 - 2: T.Zuluft	13.8
2021-03-11 03:40:38.0	Ana3 - 3: T.Abluft	19.6
2021-03-11 03:40:38.0	Ana4 - 4: T.Fortluft	11.4
2021-03-11 03:40:38.0	Ana5 - 5: T.Raum	9999.9
2021-03-11 03:40:38.0	Ana9 - 9: T.Zuluft WRG warm	18.9
2021-03-11 03:40:48.0	Ana1 - 1: T.Au?en	3.0
2021-03-11 03:40:48.0	Ana2 - 2: T.Zuluft	13.8
2021-03-11 03:40:48.0	Ana3 - 3: T.Abluft	19.6
2021-03-11 03:40:48.0	Ana4 - 4: T.Fortluft	11.4
2021-03-11 03:40:48.0	Ana5 - 5: T.Raum	9999.9
2021-03-11 03:40:48.0	Ana9 - 9: T.Zuluft WRG warm	18.9
2021-03-11 03:40:58.0	Ana1 - 1: T.Au?en	3.0
2021-03-11 03:40:58.0	Ana2 - 2: T.Zuluft	13.9
2021-03-11 03:40:58.0	Ana3 - 3: T.Abluft	19.6
2021-03-11 03:40:58.0	Ana4 - 4: T.Fortluft	11.4
2021-03-11 03:40:58.0	Ana5 - 5: T.Raum	9999.9
2021-03-11 03:40:58.0	Ana9 - 9: T.Zuluft WRG warm	18.9
2021-03-11 03:41:08.0	Ana1 - 1: T.Au?en	3.0
2021-03-11 03:41:08.0	Ana2 - 2: T.Zuluft	13.8
2021-03-11 03:41:08.0	Ana3 - 3: T.Abluft	19.6
2021-03-11 03:41:08.0	Ana4 - 4: T.Fortluft	11.4
2021-03-11 03:41:08.0	Ana5 - 5: T.Raum	9999.9
2021-03-11 03:41:08.0	Ana9 - 9: T.Zuluft WRG warm	18.8
2021-03-11 03:41:18.0	Ana1 - 1: T.Au?en	3.0
2021-03-11 03:41:18.0	Ana2 - 2: T.Zuluft	13.8
2021-03-11 03:41:18.0	Ana3 - 3: T.Abluft	19.6
2021-03-11 03:41:18.0	Ana4 - 4: T.Fortluft	11.4
2021-03-11 03:41:18.0	Ana5 - 5: T.Raum	9999.9
2021-03-11 03:41:18.0	Ana9 - 9: T.Zuluft WRG warm	18.8
2021-03-11 03:41:28.0	Ana1 - 1: T.Au?en	3.0
2021-03-11 03:41:28.0	Ana2 - 2: T.Zuluft	13.8
2021-03-11 03:41:28.0	Ana3 - 3: T.Abluft	19.6
2021-03-11 03:41:28.0	Ana4 - 4: T.Fortluft	11.4
2021-03-11 03:41:28.0	Ana5 - 5: T.Raum	9999.9
2021-03-11 03:41:28.0	Ana9 - 9: T.Zuluft WRG warm	18.8
2021-03-11 03:41:38.0	Ana1 - 1: T.Au?en	3.0
2021-03-11 03:41:38.0	Ana2 - 2: T.Zuluft	13.8
2021-03-11 03:41:38.0	Ana3 - 3: T.Abluft	19.6
2021-03-11 03:41:38.0	Ana4 - 4: T.Fortluft	11.4
2021-03-11 03:41:38.0	Ana5 - 5: T.Raum	9999.9
2021-03-11 03:41:38.0	Ana9 - 9: T.Zuluft WRG warm	18.8
2021-03-11 03:41:48.0	Ana1 - 1: T.Au?en	3.0
2021-03-11 03:41:48.0	Ana2 - 2: T.Zuluft	13.8
2021-03-11 03:41:48.0	Ana3 - 3: T.Abluft	19.6
2021-03-11 03:41:48.0	Ana4 - 4: T.Fortluft	11.4
2021-03-11 03:41:48.0	Ana5 - 5: T.Raum	9999.9
2021-03-11 03:41:48.0	Ana9 - 9: T.Zuluft WRG warm	18.8
2021-03-11 03:41:58.0	Ana1 - 1: T.Au?en	3.0
2021-03-11 03:41:58.0	Ana2 - 2: T.Zuluft	13.8
2021-03-11 03:41:58.0	Ana3 - 3: T.Abluft	19.6
2021-03-11 03:41:58.0	Ana4 - 4: T.Fortluft	11.4
2021-03-11 03:41:58.0	Ana5 - 5: T.Raum	9999.9
2021-03-11 03:41:58.0	Ana9 - 9: T.Zuluft WRG warm	18.8
2021-03-11 03:42:08.0	Ana1 - 1: T.Au?en	3.0
2021-03-11 03:42:08.0	Ana2 - 2: T.Zuluft	13.8
2021-03-11 03:42:08.0	Ana3 - 3: T.Abluft	19.6
2021-03-11 03:42:08.0	Ana4 - 4: T.Fortluft	11.4
2021-03-11 03:42:08.0	Ana5 - 5: T.Raum	9999.9
2021-03-11 03:42:08.0	Ana9 - 9: T.Zuluft WRG warm	18.8
2021-03-11 03:42:18.0	Ana1 - 1: T.Au?en	3.0
2021-03-11 03:42:18.0	Ana2 - 2: T.Zuluft	13.8
2021-03-11 03:42:18.0	Ana3 - 3: T.Abluft	19.6
2021-03-11 03:42:18.0	Ana4 - 4: T.Fortluft	11.4
2021-03-11 03:42:18.0	Ana5 - 5: T.Raum	9999.9
2021-03-11 03:42:18.0	Ana9 - 9: T.Zuluft WRG warm	18.8
2021-03-11 03:42:28.0	Ana1 - 1: T.Au?en	3.0
2021-03-11 03:42:28.0	Ana2 - 2: T.Zuluft	13.8
2021-03-11 03:42:28.0	Ana3 - 3: T.Abluft	19.6
2021-03-11 03:42:28.0	Ana4 - 4: T.Fortluft	11.4
2021-03-11 03:42:28.0	Ana5 - 5: T.Raum	9999.9
2021-03-11 03:42:28.0	Ana9 - 9: T.Zuluft WRG warm	18.8
2021-03-11 03:42:38.0	Ana1 - 1: T.Au?en	3.0
2021-03-11 03:42:38.0	Ana2 - 2: T.Zuluft	13.8
2021-03-11 03:42:38.0	Ana3 - 3: T.Abluft	19.6
2021-03-11 03:42:38.0	Ana4 - 4: T.Fortluft	11.4
2021-03-11 03:42:38.0	Ana5 - 5: T.Raum	9999.9
2021-03-11 03:42:38.0	Ana9 - 9: T.Zuluft WRG warm	18.8
2021-03-11 03:42:48.0	Ana1 - 1: T.Au?en	3.0
2021-03-11 03:42:48.0	Ana2 - 2: T.Zuluft	13.8
2021-03-11 03:42:48.0	Ana3 - 3: T.Abluft	19.6
2021-03-11 03:42:48.0	Ana4 - 4: T.Fortluft	11.4
2021-03-11 03:42:48.0	Ana5 - 5: T.Raum	9999.9
2021-03-11 03:42:48.0	Ana9 - 9: T.Zuluft WRG warm	18.8
2021-03-11 03:42:58.0	Ana1 - 1: T.Au?en	3.0
2021-03-11 03:42:58.0	Ana2 - 2: T.Zuluft	13.8
2021-03-11 03:42:58.0	Ana3 - 3: T.Abluft	19.6
2021-03-11 03:42:58.0	Ana4 - 4: T.Fortluft	11.4
2021-03-11 03:42:58.0	Ana5 - 5: T.Raum	9999.9
2021-03-11 03:42:58.0	Ana9 - 9: T.Zuluft WRG warm	18.8
2021-03-11 03:43:08.0	Ana1 - 1: T.Au?en	3.0
2021-03-11 03:43:08.0	Ana2 - 2: T.Zuluft	13.8
2021-03-11 03:43:08.0	Ana3 - 3: T.Abluft	19.6
2021-03-11 03:43:08.0	Ana4 - 4: T.Fortluft	11.4
2021-03-11 03:43:08.0	Ana5 - 5: T.Raum	9999.9
2021-03-11 03:43:08.0	Ana9 - 9: T.Zuluft WRG warm	18.8
2021-03-11 03:43:18.0	Ana1 - 1: T.Au?en	3.0
2021-03-11 03:43:18.0	Ana2 - 2: T.Zuluft	13.8
2021-03-11 03:43:18.0	Ana3 - 3: T.Abluft	19.6
2021-03-11 03:43:18.0	Ana4 - 4: T.Fortluft	11.4
2021-03-11 03:43:18.0	Ana5 - 5: T.Raum	9999.9
2021-03-11 03:43:18.0	Ana9 - 9: T.Zuluft WRG warm	18.8
2021-03-11 03:43:28.0	Ana1 - 1: T.Au?en	3.0
2021-03-11 03:43:28.0	Ana2 - 2: T.Zuluft	13.8
2021-03-11 03:43:28.0	Ana3 - 3: T.Abluft	19.6
2021-03-11 03:43:28.0	Ana4 - 4: T.Fortluft	11.4
2021-03-11 03:43:28.0	Ana5 - 5: T.Raum	9999.9
2021-03-11 03:43:28.0	Ana9 - 9: T.Zuluft WRG warm	18.8
2021-03-11 03:43:38.0	Ana1 - 1: T.Au?en	3.0
2021-03-11 03:43:38.0	Ana2 - 2: T.Zuluft	13.8
2021-03-11 03:43:38.0	Ana3 - 3: T.Abluft	19.6
2021-03-11 03:43:38.0	Ana4 - 4: T.Fortluft	11.4
2021-03-11 03:43:38.0	Ana5 - 5: T.Raum	9999.9
2021-03-11 03:43:38.0	Ana9 - 9: T.Zuluft WRG warm	18.8
2021-03-11 03:43:48.0	Ana1 - 1: T.Au?en	3.0
2021-03-11 03:43:48.0	Ana2 - 2: T.Zuluft	13.8
2021-03-11 03:43:48.0	Ana3 - 3: T.Abluft	19.6
2021-03-11 03:43:48.0	Ana4 - 4: T.Fortluft	11.4
2021-03-11 03:43:48.0	Ana5 - 5: T.Raum	9999.9
2021-03-11 03:43:48.0	Ana9 - 9: T.Zuluft WRG warm	18.8
2021-03-11 03:43:58.0	Ana1 - 1: T.Au?en	3.0
2021-03-11 03:43:58.0	Ana2 - 2: T.Zuluft	13.8
2021-03-11 03:43:58.0	Ana3 - 3: T.Abluft	19.6
2021-03-11 03:43:58.0	Ana4 - 4: T.Fortluft	11.4
2021-03-11 03:43:58.0	Ana5 - 5: T.Raum	9999.9
2021-03-11 03:43:58.0	Ana9 - 9: T.Zuluft WRG warm	18.8
2021-03-11 03:44:08.0	Ana1 - 1: T.Au?en	3.0
2021-03-11 03:44:08.0	Ana2 - 2: T.Zuluft	13.8
2021-03-11 03:44:08.0	Ana3 - 3: T.Abluft	19.6
2021-03-11 03:44:08.0	Ana4 - 4: T.Fortluft	11.4
2021-03-11 03:44:08.0	Ana5 - 5: T.Raum	9999.9
2021-03-11 03:44:08.0	Ana9 - 9: T.Zuluft WRG warm	18.8
2021-03-11 03:44:18.0	Ana1 - 1: T.Au?en	3.0
2021-03-11 03:44:18.0	Ana2 - 2: T.Zuluft	13.8
2021-03-11 03:44:18.0	Ana3 - 3: T.Abluft	19.6
2021-03-11 03:44:18.0	Ana4 - 4: T.Fortluft	11.4
2021-03-11 03:44:18.0	Ana5 - 5: T.Raum	9999.9
2021-03-11 03:44:18.0	Ana9 - 9: T.Zuluft WRG warm	18.8
2021-03-11 03:44:28.0	Ana1 - 1: T.Au?en	3.0
2021-03-11 03:44:28.0	Ana2 - 2: T.Zuluft	13.8
2021-03-11 03:44:28.0	Ana3 - 3: T.Abluft	19.6
2021-03-11 03:44:28.0	Ana4 - 4: T.Fortluft	11.4
2021-03-11 03:44:28.0	Ana5 - 5: T.Raum	9999.9
2021-03-11 03:44:28.0	Ana9 - 9: T.Zuluft WRG warm	18.8
2021-03-11 03:44:38.0	Ana1 - 1: T.Au?en	3.0
2021-03-11 03:44:38.0	Ana2 - 2: T.Zuluft	13.8
2021-03-11 03:44:38.0	Ana3 - 3: T.Abluft	19.6
2021-03-11 03:44:38.0	Ana4 - 4: T.Fortluft	11.4
2021-03-11 03:44:38.0	Ana5 - 5: T.Raum	9999.9
2021-03-11 03:44:38.0	Ana9 - 9: T.Zuluft WRG warm	18.8
2021-03-11 03:44:48.0	Ana1 - 1: T.Au?en	3.0
2021-03-11 03:44:48.0	Ana2 - 2: T.Zuluft	13.8
2021-03-11 03:44:48.0	Ana3 - 3: T.Abluft	19.6
2021-03-11 03:44:48.0	Ana4 - 4: T.Fortluft	11.4
2021-03-11 03:44:48.0	Ana5 - 5: T.Raum	9999.9
2021-03-11 03:44:48.0	Ana9 - 9: T.Zuluft WRG warm	18.8
2021-03-11 03:44:58.0	Ana1 - 1: T.Au?en	3.0
2021-03-11 03:44:58.0	Ana2 - 2: T.Zuluft	13.8
2021-03-11 03:44:58.0	Ana3 - 3: T.Abluft	19.6
2021-03-11 03:44:58.0	Ana4 - 4: T.Fortluft	11.4
2021-03-11 03:44:58.0	Ana5 - 5: T.Raum	9999.9
2021-03-11 03:44:58.0	Ana9 - 9: T.Zuluft WRG warm	18.8
2021-03-11 03:45:08.0	Ana1 - 1: T.Au?en	3.0
2021-03-11 03:45:08.0	Ana2 - 2: T.Zuluft	13.8
2021-03-11 03:45:08.0	Ana3 - 3: T.Abluft	19.6
2021-03-11 03:45:08.0	Ana4 - 4: T.Fortluft	11.4
2021-03-11 03:45:08.0	Ana5 - 5: T.Raum	9999.9
2021-03-11 03:45:08.0	Ana9 - 9: T.Zuluft WRG warm	18.8
2021-03-11 03:45:18.0	Ana1 - 1: T.Au?en	3.0
2021-03-11 03:45:18.0	Ana2 - 2: T.Zuluft	13.8
2021-03-11 03:45:18.0	Ana3 - 3: T.Abluft	19.6
2021-03-11 03:45:18.0	Ana4 - 4: T.Fortluft	11.4
2021-03-11 03:45:18.0	Ana5 - 5: T.Raum	9999.9
2021-03-11 03:45:18.0	Ana9 - 9: T.Zuluft WRG warm	18.8
2021-03-11 03:45:28.0	Ana1 - 1: T.Au?en	3.0
2021-03-11 03:45:28.0	Ana2 - 2: T.Zuluft	13.8
2021-03-11 03:45:28.0	Ana3 - 3: T.Abluft	19.6
2021-03-11 03:45:28.0	Ana4 - 4: T.Fortluft	11.4
2021-03-11 03:45:28.0	Ana5 - 5: T.Raum	9999.9
2021-03-11 03:45:28.0	Ana9 - 9: T.Zuluft WRG warm	18.8
2021-03-11 03:45:38.0	Ana1 - 1: T.Au?en	3.0
2021-03-11 03:45:38.0	Ana2 - 2: T.Zuluft	13.8
2021-03-11 03:45:38.0	Ana3 - 3: T.Abluft	19.6
2021-03-11 03:45:38.0	Ana4 - 4: T.Fortluft	11.4
2021-03-11 03:45:38.0	Ana5 - 5: T.Raum	9999.9
2021-03-11 03:45:38.0	Ana9 - 9: T.Zuluft WRG warm	18.8
2021-03-11 03:45:48.0	Ana1 - 1: T.Au?en	3.0
2021-03-11 03:45:48.0	Ana2 - 2: T.Zuluft	13.8
2021-03-11 03:45:48.0	Ana3 - 3: T.Abluft	19.6
2021-03-11 03:45:48.0	Ana4 - 4: T.Fortluft	11.4
2021-03-11 03:45:48.0	Ana5 - 5: T.Raum	9999.9
2021-03-11 03:45:48.0	Ana9 - 9: T.Zuluft WRG warm	18.8
2021-03-11 03:45:58.0	Ana1 - 1: T.Au?en	3.0
2021-03-11 03:45:58.0	Ana2 - 2: T.Zuluft	13.8
2021-03-11 03:45:58.0	Ana3 - 3: T.Abluft	19.6
2021-03-11 03:45:58.0	Ana4 - 4: T.Fortluft	11.4
2021-03-11 03:45:58.0	Ana5 - 5: T.Raum	9999.9
2021-03-11 03:45:58.0	Ana9 - 9: T.Zuluft WRG warm	18.8
2021-03-11 03:46:08.0	Ana1 - 1: T.Au?en	3.0
2021-03-11 03:46:08.0	Ana2 - 2: T.Zuluft	13.8
2021-03-11 03:46:08.0	Ana3 - 3: T.Abluft	19.6
2021-03-11 03:46:08.0	Ana4 - 4: T.Fortluft	11.4
2021-03-11 03:46:08.0	Ana5 - 5: T.Raum	9999.9
2021-03-11 03:46:08.0	Ana9 - 9: T.Zuluft WRG warm	18.8
2021-03-11 03:46:18.0	Ana1 - 1: T.Au?en	3.0
2021-03-11 03:46:18.0	Ana2 - 2: T.Zuluft	13.8
2021-03-11 03:46:18.0	Ana3 - 3: T.Abluft	19.6
2021-03-11 03:46:18.0	Ana4 - 4: T.Fortluft	11.4
2021-03-11 03:46:18.0	Ana5 - 5: T.Raum	9999.9
2021-03-11 03:46:18.0	Ana9 - 9: T.Zuluft WRG warm	18.8
2021-03-11 03:46:28.0	Ana1 - 1: T.Au?en	3.0
2021-03-11 03:46:28.0	Ana2 - 2: T.Zuluft	13.8
2021-03-11 03:46:28.0	Ana3 - 3: T.Abluft	19.6
2021-03-11 03:46:28.0	Ana4 - 4: T.Fortluft	11.4
2021-03-11 03:46:28.0	Ana5 - 5: T.Raum	9999.9
2021-03-11 03:46:28.0	Ana9 - 9: T.Zuluft WRG warm	18.8
2021-03-11 03:46:38.0	Ana1 - 1: T.Au?en	3.0
2021-03-11 03:46:38.0	Ana2 - 2: T.Zuluft	13.8
2021-03-11 03:46:38.0	Ana3 - 3: T.Abluft	19.6
2021-03-11 03:46:38.0	Ana4 - 4: T.Fortluft	11.4
2021-03-11 03:46:38.0	Ana5 - 5: T.Raum	9999.9
2021-03-11 03:46:38.0	Ana9 - 9: T.Zuluft WRG warm	18.8
2021-03-11 03:46:48.0	Ana1 - 1: T.Au?en	3.0
2021-03-11 03:46:48.0	Ana2 - 2: T.Zuluft	13.8
2021-03-11 03:46:48.0	Ana3 - 3: T.Abluft	19.6
2021-03-11 03:46:48.0	Ana4 - 4: T.Fortluft	11.4
2021-03-11 03:46:48.0	Ana5 - 5: T.Raum	9999.9
2021-03-11 03:46:48.0	Ana9 - 9: T.Zuluft WRG warm	18.8
2021-03-11 03:46:58.0	Ana1 - 1: T.Au?en	3.0
2021-03-11 03:46:58.0	Ana2 - 2: T.Zuluft	13.8
2021-03-11 03:46:58.0	Ana3 - 3: T.Abluft	19.6
2021-03-11 03:46:58.0	Ana4 - 4: T.Fortluft	11.4
2021-03-11 03:46:58.0	Ana5 - 5: T.Raum	9999.9
2021-03-11 03:46:58.0	Ana9 - 9: T.Zuluft WRG warm	18.8
2021-03-11 03:47:08.0	Ana1 - 1: T.Au?en	3.0
2021-03-11 03:47:08.0	Ana2 - 2: T.Zuluft	13.8
2021-03-11 03:47:08.0	Ana3 - 3: T.Abluft	19.6
2021-03-11 03:47:08.0	Ana4 - 4: T.Fortluft	11.4
2021-03-11 03:47:08.0	Ana5 - 5: T.Raum	9999.9
2021-03-11 03:47:08.0	Ana9 - 9: T.Zuluft WRG warm	18.8
2021-03-11 03:47:18.0	Ana1 - 1: T.Au?en	3.0
2021-03-11 03:47:18.0	Ana2 - 2: T.Zuluft	13.8
2021-03-11 03:47:18.0	Ana3 - 3: T.Abluft	19.6
2021-03-11 03:47:18.0	Ana4 - 4: T.Fortluft	11.4
2021-03-11 03:47:18.0	Ana5 - 5: T.Raum	9999.9
2021-03-11 03:47:18.0	Ana9 - 9: T.Zuluft WRG warm	18.8
2021-03-11 03:47:28.0	Ana1 - 1: T.Au?en	3.0
2021-03-11 03:47:28.0	Ana2 - 2: T.Zuluft	13.8
2021-03-11 03:47:28.0	Ana3 - 3: T.Abluft	19.6
2021-03-11 03:47:28.0	Ana4 - 4: T.Fortluft	11.4
2021-03-11 03:47:28.0	Ana5 - 5: T.Raum	9999.9
2021-03-11 03:47:28.0	Ana9 - 9: T.Zuluft WRG warm	18.8
2021-03-11 03:47:38.0	Ana1 - 1: T.Au?en	3.0
2021-03-11 03:47:38.0	Ana2 - 2: T.Zuluft	13.8
2021-03-11 03:47:38.0	Ana3 - 3: T.Abluft	19.6
2021-03-11 03:47:38.0	Ana4 - 4: T.Fortluft	11.4
2021-03-11 03:47:38.0	Ana5 - 5: T.Raum	9999.9
2021-03-11 03:47:38.0	Ana9 - 9: T.Zuluft WRG warm	18.8
2021-03-11 03:47:48.0	Ana1 - 1: T.Au?en	3.0
2021-03-11 03:47:48.0	Ana2 - 2: T.Zuluft	13.8
2021-03-11 03:47:48.0	Ana3 - 3: T.Abluft	19.6
2021-03-11 03:47:48.0	Ana4 - 4: T.Fortluft	11.4
2021-03-11 03:47:48.0	Ana5 - 5: T.Raum	9999.9
2021-03-11 03:47:48.0	Ana9 - 9: T.Zuluft WRG warm	18.8
2021-03-11 03:47:58.0	Ana1 - 1: T.Au?en	3.0
2021-03-11 03:47:58.0	Ana2 - 2: T.Zuluft	13.8
2021-03-11 03:47:58.0	Ana3 - 3: T.Abluft	19.6
2021-03-11 03:47:58.0	Ana4 - 4: T.Fortluft	11.4
2021-03-11 03:47:58.0	Ana5 - 5: T.Raum	9999.9
2021-03-11 03:47:58.0	Ana9 - 9: T.Zuluft WRG warm	18.8
2021-03-11 03:48:08.0	Ana1 - 1: T.Au?en	3.0
2021-03-11 03:48:08.0	Ana2 - 2: T.Zuluft	13.8
2021-03-11 03:48:08.0	Ana3 - 3: T.Abluft	19.6
2021-03-11 03:48:08.0	Ana4 - 4: T.Fortluft	11.4
2021-03-11 03:48:08.0	Ana5 - 5: T.Raum	9999.9
2021-03-11 03:48:08.0	Ana9 - 9: T.Zuluft WRG warm	18.8
2021-03-11 03:48:18.0	Ana1 - 1: T.Au?en	3.0
2021-03-11 03:48:18.0	Ana2 - 2: T.Zuluft	13.8
2021-03-11 03:48:18.0	Ana3 - 3: T.Abluft	19.6
2021-03-11 03:48:18.0	Ana4 - 4: T.Fortluft	11.4
2021-03-11 03:48:18.0	Ana5 - 5: T.Raum	9999.9
2021-03-11 03:48:18.0	Ana9 - 9: T.Zuluft WRG warm	18.8
2021-03-11 03:48:28.0	Ana1 - 1: T.Au?en	3.0
2021-03-11 03:48:28.0	Ana2 - 2: T.Zuluft	13.8
2021-03-11 03:48:28.0	Ana3 - 3: T.Abluft	19.6
2021-03-11 03:48:28.0	Ana4 - 4: T.Fortluft	11.4
2021-03-11 03:48:28.0	Ana5 - 5: T.Raum	9999.9
2021-03-11 03:48:28.0	Ana9 - 9: T.Zuluft WRG warm	18.8
2021-03-11 03:48:38.0	Ana1 - 1: T.Au?en	3.0
2021-03-11 03:48:38.0	Ana2 - 2: T.Zuluft	13.8
2021-03-11 03:48:38.0	Ana3 - 3: T.Abluft	19.6
2021-03-11 03:48:38.0	Ana4 - 4: T.Fortluft	11.4
2021-03-11 03:48:38.0	Ana5 - 5: T.Raum	9999.9
2021-03-11 03:48:38.0	Ana9 - 9: T.Zuluft WRG warm	18.8
2021-03-11 03:48:48.0	Ana1 - 1: T.Au?en	3.0
2021-03-11 03:48:48.0	Ana2 - 2: T.Zuluft	13.8
2021-03-11 03:48:48.0	Ana3 - 3: T.Abluft	19.6
2021-03-11 03:48:48.0	Ana4 - 4: T.Fortluft	11.4
2021-03-11 03:48:48.0	Ana5 - 5: T.Raum	9999.9
2021-03-11 03:48:48.0	Ana9 - 9: T.Zuluft WRG warm	18.8
2021-03-11 03:48:58.0	Ana1 - 1: T.Au?en	3.0
2021-03-11 03:48:58.0	Ana2 - 2: T.Zuluft	13.8
2021-03-11 03:48:58.0	Ana3 - 3: T.Abluft	19.6
2021-03-11 03:48:58.0	Ana4 - 4: T.Fortluft	11.4
2021-03-11 03:48:58.0	Ana5 - 5: T.Raum	9999.9
2021-03-11 03:48:58.0	Ana9 - 9: T.Zuluft WRG warm	18.8
2021-03-11 03:49:08.0	Ana1 - 1: T.Au?en	2.9
2021-03-11 03:49:08.0	Ana2 - 2: T.Zuluft	13.8
2021-03-11 03:49:08.0	Ana3 - 3: T.Abluft	19.6
2021-03-11 03:49:08.0	Ana4 - 4: T.Fortluft	11.4
2021-03-11 03:49:08.0	Ana5 - 5: T.Raum	9999.9
2021-03-11 03:49:08.0	Ana9 - 9: T.Zuluft WRG warm	18.8
2021-03-11 03:49:18.0	Ana1 - 1: T.Au?en	2.9
2021-03-11 03:49:18.0	Ana2 - 2: T.Zuluft	13.8
2021-03-11 03:49:18.0	Ana3 - 3: T.Abluft	19.6
2021-03-11 03:49:18.0	Ana4 - 4: T.Fortluft	11.4
2021-03-11 03:49:18.0	Ana5 - 5: T.Raum	9999.9
2021-03-11 03:49:18.0	Ana9 - 9: T.Zuluft WRG warm	18.8
2021-03-11 03:49:28.0	Ana1 - 1: T.Au?en	2.9
2021-03-11 03:49:28.0	Ana2 - 2: T.Zuluft	13.8
2021-03-11 03:49:28.0	Ana3 - 3: T.Abluft	19.6
2021-03-11 03:49:28.0	Ana4 - 4: T.Fortluft	11.3
2021-03-11 03:49:28.0	Ana5 - 5: T.Raum	9999.9
2021-03-11 03:49:28.0	Ana9 - 9: T.Zuluft WRG warm	18.8
2021-03-11 03:49:38.0	Ana1 - 1: T.Au?en	2.9
2021-03-11 03:49:38.0	Ana2 - 2: T.Zuluft	13.8
2021-03-11 03:49:38.0	Ana3 - 3: T.Abluft	19.6
2021-03-11 03:49:38.0	Ana4 - 4: T.Fortluft	11.3
2021-03-11 03:49:38.0	Ana5 - 5: T.Raum	9999.9
2021-03-11 03:49:38.0	Ana9 - 9: T.Zuluft WRG warm	18.8
2021-03-11 03:49:48.0	Ana1 - 1: T.Au?en	2.9
2021-03-11 03:49:48.0	Ana2 - 2: T.Zuluft	13.8
2021-03-11 03:49:48.0	Ana3 - 3: T.Abluft	19.6
2021-03-11 03:49:48.0	Ana4 - 4: T.Fortluft	11.3
2021-03-11 03:49:48.0	Ana5 - 5: T.Raum	9999.9
2021-03-11 03:49:48.0	Ana9 - 9: T.Zuluft WRG warm	18.8
2021-03-11 03:49:58.0	Ana1 - 1: T.Au?en	2.9
2021-03-11 03:49:58.0	Ana2 - 2: T.Zuluft	13.8
2021-03-11 03:49:58.0	Ana3 - 3: T.Abluft	19.6
2021-03-11 03:49:58.0	Ana4 - 4: T.Fortluft	11.3
2021-03-11 03:49:58.0	Ana5 - 5: T.Raum	9999.9
2021-03-11 03:49:58.0	Ana9 - 9: T.Zuluft WRG warm	18.8
2021-03-11 03:50:08.0	Ana1 - 1: T.Au?en	2.9
2021-03-11 03:50:08.0	Ana2 - 2: T.Zuluft	13.7
2021-03-11 03:50:08.0	Ana3 - 3: T.Abluft	19.6
2021-03-11 03:50:08.0	Ana4 - 4: T.Fortluft	11.3
2021-03-11 03:50:08.0	Ana5 - 5: T.Raum	9999.9
2021-03-11 03:50:08.0	Ana9 - 9: T.Zuluft WRG warm	18.8
2021-03-11 03:50:18.0	Ana1 - 1: T.Au?en	2.9
2021-03-11 03:50:18.0	Ana2 - 2: T.Zuluft	13.8
2021-03-11 03:50:18.0	Ana3 - 3: T.Abluft	19.6
2021-03-11 03:50:18.0	Ana4 - 4: T.Fortluft	11.3
2021-03-11 03:50:18.0	Ana5 - 5: T.Raum	9999.9
2021-03-11 03:50:18.0	Ana9 - 9: T.Zuluft WRG warm	18.8
2021-03-11 03:50:28.0	Ana1 - 1: T.Au?en	3.0
2021-03-11 03:50:28.0	Ana2 - 2: T.Zuluft	13.8
2021-03-11 03:50:28.0	Ana3 - 3: T.Abluft	19.6
2021-03-11 03:50:28.0	Ana4 - 4: T.Fortluft	11.3
2021-03-11 03:50:28.0	Ana5 - 5: T.Raum	9999.9
2021-03-11 03:50:28.0	Ana9 - 9: T.Zuluft WRG warm	18.8
2021-03-11 03:50:38.0	Ana1 - 1: T.Au?en	3.0
2021-03-11 03:50:38.0	Ana2 - 2: T.Zuluft	13.8
2021-03-11 03:50:38.0	Ana3 - 3: T.Abluft	19.6
2021-03-11 03:50:38.0	Ana4 - 4: T.Fortluft	11.3
2021-03-11 03:50:38.0	Ana5 - 5: T.Raum	9999.9
2021-03-11 03:50:38.0	Ana9 - 9: T.Zuluft WRG warm	18.8
2021-03-11 03:50:48.0	Ana1 - 1: T.Au?en	3.0
2021-03-11 03:50:48.0	Ana2 - 2: T.Zuluft	13.8
2021-03-11 03:50:48.0	Ana3 - 3: T.Abluft	19.6
2021-03-11 03:50:48.0	Ana4 - 4: T.Fortluft	11.3
2021-03-11 03:50:48.0	Ana5 - 5: T.Raum	9999.9
2021-03-11 03:50:48.0	Ana9 - 9: T.Zuluft WRG warm	18.8
2021-03-11 03:50:58.0	Ana1 - 1: T.Au?en	3.0
2021-03-11 03:50:58.0	Ana2 - 2: T.Zuluft	13.8
2021-03-11 03:50:58.0	Ana3 - 3: T.Abluft	19.6
2021-03-11 03:50:58.0	Ana4 - 4: T.Fortluft	11.3
2021-03-11 03:50:58.0	Ana5 - 5: T.Raum	9999.9
2021-03-11 03:50:58.0	Ana9 - 9: T.Zuluft WRG warm	18.8
2021-03-11 03:51:08.0	Ana1 - 1: T.Au?en	3.0
2021-03-11 03:51:08.0	Ana2 - 2: T.Zuluft	13.8
2021-03-11 03:51:08.0	Ana3 - 3: T.Abluft	19.6
2021-03-11 03:51:08.0	Ana4 - 4: T.Fortluft	11.3
2021-03-11 03:51:08.0	Ana5 - 5: T.Raum	9999.9
2021-03-11 03:51:08.0	Ana9 - 9: T.Zuluft WRG warm	18.8
2021-03-11 03:51:18.0	Ana1 - 1: T.Au?en	3.0
2021-03-11 03:51:18.0	Ana2 - 2: T.Zuluft	13.8
2021-03-11 03:51:18.0	Ana3 - 3: T.Abluft	19.6
2021-03-11 03:51:18.0	Ana4 - 4: T.Fortluft	11.3
2021-03-11 03:51:18.0	Ana5 - 5: T.Raum	9999.9
2021-03-11 03:51:18.0	Ana9 - 9: T.Zuluft WRG warm	18.8
2021-03-11 03:51:28.0	Ana1 - 1: T.Au?en	3.0
2021-03-11 03:51:28.0	Ana2 - 2: T.Zuluft	13.8
2021-03-11 03:51:28.0	Ana3 - 3: T.Abluft	19.6
2021-03-11 03:51:28.0	Ana4 - 4: T.Fortluft	11.3
2021-03-11 03:51:28.0	Ana5 - 5: T.Raum	9999.9
2021-03-11 03:51:28.0	Ana9 - 9: T.Zuluft WRG warm	18.8
2021-03-11 03:51:38.0	Ana1 - 1: T.Au?en	3.0
2021-03-11 03:51:38.0	Ana2 - 2: T.Zuluft	13.8
2021-03-11 03:51:38.0	Ana3 - 3: T.Abluft	19.6
2021-03-11 03:51:38.0	Ana4 - 4: T.Fortluft	11.3
2021-03-11 03:51:38.0	Ana5 - 5: T.Raum	9999.9
2021-03-11 03:51:38.0	Ana9 - 9: T.Zuluft WRG warm	18.8
2021-03-11 03:51:48.0	Ana1 - 1: T.Au?en	3.0
2021-03-11 03:51:48.0	Ana2 - 2: T.Zuluft	13.8
2021-03-11 03:51:48.0	Ana3 - 3: T.Abluft	19.6
2021-03-11 03:51:48.0	Ana4 - 4: T.Fortluft	11.3
2021-03-11 03:51:48.0	Ana5 - 5: T.Raum	9999.9
2021-03-11 03:51:48.0	Ana9 - 9: T.Zuluft WRG warm	18.8
2021-03-11 03:51:58.0	Ana1 - 1: T.Au?en	3.0
2021-03-11 03:51:58.0	Ana2 - 2: T.Zuluft	13.8
2021-03-11 03:51:58.0	Ana3 - 3: T.Abluft	19.6
2021-03-11 03:51:58.0	Ana4 - 4: T.Fortluft	11.3
2021-03-11 03:51:58.0	Ana5 - 5: T.Raum	9999.9
2021-03-11 03:51:58.0	Ana9 - 9: T.Zuluft WRG warm	18.8
2021-03-11 03:52:08.0	Ana1 - 1: T.Au?en	3.0
2021-03-11 03:52:08.0	Ana2 - 2: T.Zuluft	13.7
2021-03-11 03:52:08.0	Ana3 - 3: T.Abluft	19.6
2021-03-11 03:52:08.0	Ana4 - 4: T.Fortluft	11.3
2021-03-11 03:52:08.0	Ana5 - 5: T.Raum	9999.9
2021-03-11 03:52:08.0	Ana9 - 9: T.Zuluft WRG warm	18.8
2021-03-11 03:52:18.0	Ana1 - 1: T.Au?en	3.0
2021-03-11 03:52:18.0	Ana2 - 2: T.Zuluft	13.7
2021-03-11 03:52:18.0	Ana3 - 3: T.Abluft	19.6
2021-03-11 03:52:18.0	Ana4 - 4: T.Fortluft	11.3
2021-03-11 03:52:18.0	Ana5 - 5: T.Raum	9999.9
2021-03-11 03:52:18.0	Ana9 - 9: T.Zuluft WRG warm	18.8
2021-03-11 03:52:28.0	Ana1 - 1: T.Au?en	3.0
2021-03-11 03:52:28.0	Ana2 - 2: T.Zuluft	13.8
2021-03-11 03:52:28.0	Ana3 - 3: T.Abluft	19.6
2021-03-11 03:52:28.0	Ana4 - 4: T.Fortluft	11.3
2021-03-11 03:52:28.0	Ana5 - 5: T.Raum	9999.9
2021-03-11 03:52:28.0	Ana9 - 9: T.Zuluft WRG warm	18.8
2021-03-11 03:52:38.0	Ana1 - 1: T.Au?en	3.0
2021-03-11 03:52:38.0	Ana2 - 2: T.Zuluft	13.8
2021-03-11 03:52:38.0	Ana3 - 3: T.Abluft	19.6
2021-03-11 03:52:38.0	Ana4 - 4: T.Fortluft	11.3
2021-03-11 03:52:38.0	Ana5 - 5: T.Raum	9999.9
2021-03-11 03:52:38.0	Ana9 - 9: T.Zuluft WRG warm	18.8
2021-03-11 03:52:48.0	Ana1 - 1: T.Au?en	3.0
2021-03-11 03:52:48.0	Ana2 - 2: T.Zuluft	13.8
2021-03-11 03:52:48.0	Ana3 - 3: T.Abluft	19.6
2021-03-11 03:52:48.0	Ana4 - 4: T.Fortluft	11.3
2021-03-11 03:52:48.0	Ana5 - 5: T.Raum	9999.9
2021-03-11 03:52:48.0	Ana9 - 9: T.Zuluft WRG warm	18.8
2021-03-11 03:52:58.0	Ana1 - 1: T.Au?en	3.0
2021-03-11 03:52:58.0	Ana2 - 2: T.Zuluft	13.8
2021-03-11 03:52:58.0	Ana3 - 3: T.Abluft	19.6
2021-03-11 03:52:58.0	Ana4 - 4: T.Fortluft	11.3
2021-03-11 03:52:58.0	Ana5 - 5: T.Raum	9999.9
2021-03-11 03:52:58.0	Ana9 - 9: T.Zuluft WRG warm	18.8
2021-03-11 03:53:08.0	Ana1 - 1: T.Au?en	3.0
2021-03-11 03:53:08.0	Ana2 - 2: T.Zuluft	13.7
2021-03-11 03:53:08.0	Ana3 - 3: T.Abluft	19.6
2021-03-11 03:53:08.0	Ana4 - 4: T.Fortluft	11.3
2021-03-11 03:53:08.0	Ana5 - 5: T.Raum	9999.9
2021-03-11 03:53:08.0	Ana9 - 9: T.Zuluft WRG warm	18.8
2021-03-11 03:53:18.0	Ana1 - 1: T.Au?en	3.0
2021-03-11 03:53:18.0	Ana2 - 2: T.Zuluft	13.7
2021-03-11 03:53:18.0	Ana3 - 3: T.Abluft	19.6
2021-03-11 03:53:18.0	Ana4 - 4: T.Fortluft	11.3
2021-03-11 03:53:18.0	Ana5 - 5: T.Raum	9999.9
2021-03-11 03:53:18.0	Ana9 - 9: T.Zuluft WRG warm	18.8
2021-03-11 03:53:28.0	Ana1 - 1: T.Au?en	3.0
2021-03-11 03:53:28.0	Ana2 - 2: T.Zuluft	13.8
2021-03-11 03:53:28.0	Ana3 - 3: T.Abluft	19.6
2021-03-11 03:53:28.0	Ana4 - 4: T.Fortluft	11.3
2021-03-11 03:53:28.0	Ana5 - 5: T.Raum	9999.9
2021-03-11 03:53:28.0	Ana9 - 9: T.Zuluft WRG warm	18.8
2021-03-11 03:53:38.0	Ana1 - 1: T.Au?en	3.0
2021-03-11 03:53:38.0	Ana2 - 2: T.Zuluft	13.7
2021-03-11 03:53:38.0	Ana3 - 3: T.Abluft	19.6
2021-03-11 03:53:38.0	Ana4 - 4: T.Fortluft	11.3
2021-03-11 03:53:38.0	Ana5 - 5: T.Raum	9999.9
2021-03-11 03:53:38.0	Ana9 - 9: T.Zuluft WRG warm	18.8
2021-03-11 03:53:48.0	Ana1 - 1: T.Au?en	3.0
2021-03-11 03:53:48.0	Ana2 - 2: T.Zuluft	13.8
2021-03-11 03:53:48.0	Ana3 - 3: T.Abluft	19.6
2021-03-11 03:53:48.0	Ana4 - 4: T.Fortluft	11.3
2021-03-11 03:53:48.0	Ana5 - 5: T.Raum	9999.9
2021-03-11 03:53:48.0	Ana9 - 9: T.Zuluft WRG warm	18.8
2021-03-11 03:53:58.0	Ana1 - 1: T.Au?en	3.0
2021-03-11 03:53:58.0	Ana2 - 2: T.Zuluft	13.8
2021-03-11 03:53:58.0	Ana3 - 3: T.Abluft	19.6
2021-03-11 03:53:58.0	Ana4 - 4: T.Fortluft	11.3
2021-03-11 03:53:58.0	Ana5 - 5: T.Raum	9999.9
2021-03-11 03:53:58.0	Ana9 - 9: T.Zuluft WRG warm	18.8
2021-03-11 03:54:08.0	Ana1 - 1: T.Au?en	3.0
2021-03-11 03:54:08.0	Ana2 - 2: T.Zuluft	13.8
2021-03-11 03:54:08.0	Ana3 - 3: T.Abluft	19.6
2021-03-11 03:54:08.0	Ana4 - 4: T.Fortluft	11.3
2021-03-11 03:54:08.0	Ana5 - 5: T.Raum	9999.9
2021-03-11 03:54:08.0	Ana9 - 9: T.Zuluft WRG warm	18.8
2021-03-11 03:54:18.0	Ana1 - 1: T.Au?en	3.0
2021-03-11 03:54:18.0	Ana2 - 2: T.Zuluft	13.8
2021-03-11 03:54:18.0	Ana3 - 3: T.Abluft	19.6
2021-03-11 03:54:18.0	Ana4 - 4: T.Fortluft	11.3
2021-03-11 03:54:18.0	Ana5 - 5: T.Raum	9999.9
2021-03-11 03:54:18.0	Ana9 - 9: T.Zuluft WRG warm	18.8
2021-03-11 03:54:28.0	Ana1 - 1: T.Au?en	3.0
2021-03-11 03:54:28.0	Ana2 - 2: T.Zuluft	13.7
2021-03-11 03:54:28.0	Ana3 - 3: T.Abluft	19.6
2021-03-11 03:54:28.0	Ana4 - 4: T.Fortluft	11.3
2021-03-11 03:54:28.0	Ana5 - 5: T.Raum	9999.9
2021-03-11 03:54:28.0	Ana9 - 9: T.Zuluft WRG warm	18.8
2021-03-11 03:54:38.0	Ana1 - 1: T.Au?en	3.0
2021-03-11 03:54:38.0	Ana2 - 2: T.Zuluft	13.7
2021-03-11 03:54:38.0	Ana3 - 3: T.Abluft	19.6
2021-03-11 03:54:38.0	Ana4 - 4: T.Fortluft	11.3
2021-03-11 03:54:38.0	Ana5 - 5: T.Raum	9999.9
2021-03-11 03:54:38.0	Ana9 - 9: T.Zuluft WRG warm	18.8
2021-03-11 03:54:48.0	Ana1 - 1: T.Au?en	3.0
2021-03-11 03:54:48.0	Ana2 - 2: T.Zuluft	13.7
2021-03-11 03:54:48.0	Ana3 - 3: T.Abluft	19.6
2021-03-11 03:54:48.0	Ana4 - 4: T.Fortluft	11.3
2021-03-11 03:54:48.0	Ana5 - 5: T.Raum	9999.9
2021-03-11 03:54:48.0	Ana9 - 9: T.Zuluft WRG warm	18.8
2021-03-11 03:54:58.0	Ana1 - 1: T.Au?en	3.0
2021-03-11 03:54:58.0	Ana2 - 2: T.Zuluft	13.7
2021-03-11 03:54:58.0	Ana3 - 3: T.Abluft	19.6
2021-03-11 03:54:58.0	Ana4 - 4: T.Fortluft	11.3
2021-03-11 03:54:58.0	Ana5 - 5: T.Raum	9999.9
2021-03-11 03:54:58.0	Ana9 - 9: T.Zuluft WRG warm	18.8
2021-03-11 03:55:08.0	Ana1 - 1: T.Au?en	3.0
2021-03-11 03:55:08.0	Ana2 - 2: T.Zuluft	13.7
2021-03-11 03:55:08.0	Ana3 - 3: T.Abluft	19.6
2021-03-11 03:55:08.0	Ana4 - 4: T.Fortluft	11.3
2021-03-11 03:55:08.0	Ana5 - 5: T.Raum	9999.9
2021-03-11 03:55:08.0	Ana9 - 9: T.Zuluft WRG warm	18.8
2021-03-11 03:55:18.0	Ana1 - 1: T.Au?en	3.0
2021-03-11 03:55:18.0	Ana2 - 2: T.Zuluft	13.7
2021-03-11 03:55:18.0	Ana3 - 3: T.Abluft	19.6
2021-03-11 03:55:18.0	Ana4 - 4: T.Fortluft	11.3
2021-03-11 03:55:18.0	Ana5 - 5: T.Raum	9999.9
2021-03-11 03:55:18.0	Ana9 - 9: T.Zuluft WRG warm	18.8
2021-03-11 03:55:28.0	Ana1 - 1: T.Au?en	3.0
2021-03-11 03:55:28.0	Ana2 - 2: T.Zuluft	13.7
2021-03-11 03:55:28.0	Ana3 - 3: T.Abluft	19.5
2021-03-11 03:55:28.0	Ana4 - 4: T.Fortluft	11.3
2021-03-11 03:55:28.0	Ana5 - 5: T.Raum	9999.9
2021-03-11 03:55:28.0	Ana9 - 9: T.Zuluft WRG warm	18.8
2021-03-11 03:55:38.0	Ana1 - 1: T.Au?en	3.0
2021-03-11 03:55:38.0	Ana2 - 2: T.Zuluft	13.7
2021-03-11 03:55:38.0	Ana3 - 3: T.Abluft	19.5
2021-03-11 03:55:38.0	Ana4 - 4: T.Fortluft	11.3
2021-03-11 03:55:38.0	Ana5 - 5: T.Raum	9999.9
2021-03-11 03:55:38.0	Ana9 - 9: T.Zuluft WRG warm	18.8
2021-03-11 03:55:48.0	Ana1 - 1: T.Au?en	3.0
2021-03-11 03:55:48.0	Ana2 - 2: T.Zuluft	13.7
2021-03-11 03:55:48.0	Ana3 - 3: T.Abluft	19.5
2021-03-11 03:55:48.0	Ana4 - 4: T.Fortluft	11.3
2021-03-11 03:55:48.0	Ana5 - 5: T.Raum	9999.9
2021-03-11 03:55:48.0	Ana9 - 9: T.Zuluft WRG warm	18.8
2021-03-11 03:55:58.0	Ana1 - 1: T.Au?en	3.0
2021-03-11 03:55:58.0	Ana2 - 2: T.Zuluft	13.7
2021-03-11 03:55:58.0	Ana3 - 3: T.Abluft	19.5
2021-03-11 03:55:58.0	Ana4 - 4: T.Fortluft	11.3
2021-03-11 03:55:58.0	Ana5 - 5: T.Raum	9999.9
2021-03-11 03:55:58.0	Ana9 - 9: T.Zuluft WRG warm	18.8
2021-03-11 03:56:08.0	Ana1 - 1: T.Au?en	3.0
2021-03-11 03:56:08.0	Ana2 - 2: T.Zuluft	13.7
2021-03-11 03:56:08.0	Ana3 - 3: T.Abluft	19.5
2021-03-11 03:56:08.0	Ana4 - 4: T.Fortluft	11.3
2021-03-11 03:56:08.0	Ana5 - 5: T.Raum	9999.9
2021-03-11 03:56:08.0	Ana9 - 9: T.Zuluft WRG warm	18.8
2021-03-11 03:56:18.0	Ana1 - 1: T.Au?en	3.0
2021-03-11 03:56:18.0	Ana2 - 2: T.Zuluft	13.7
2021-03-11 03:56:18.0	Ana3 - 3: T.Abluft	19.5
2021-03-11 03:56:18.0	Ana4 - 4: T.Fortluft	11.3
2021-03-11 03:56:18.0	Ana5 - 5: T.Raum	9999.9
2021-03-11 03:56:18.0	Ana9 - 9: T.Zuluft WRG warm	18.8
2021-03-11 03:56:28.0	Ana1 - 1: T.Au?en	3.0
2021-03-11 03:56:28.0	Ana2 - 2: T.Zuluft	13.7
2021-03-11 03:56:28.0	Ana3 - 3: T.Abluft	19.6
2021-03-11 03:56:28.0	Ana4 - 4: T.Fortluft	11.3
2021-03-11 03:56:28.0	Ana5 - 5: T.Raum	9999.9
2021-03-11 03:56:28.0	Ana9 - 9: T.Zuluft WRG warm	18.8
2021-03-11 03:56:38.0	Ana1 - 1: T.Au?en	3.0
2021-03-11 03:56:38.0	Ana2 - 2: T.Zuluft	13.7
2021-03-11 03:56:38.0	Ana3 - 3: T.Abluft	19.5
2021-03-11 03:56:38.0	Ana4 - 4: T.Fortluft	11.3
2021-03-11 03:56:38.0	Ana5 - 5: T.Raum	9999.9
2021-03-11 03:56:38.0	Ana9 - 9: T.Zuluft WRG warm	18.8
2021-03-11 03:56:48.0	Ana1 - 1: T.Au?en	3.0
2021-03-11 03:56:48.0	Ana2 - 2: T.Zuluft	13.7
2021-03-11 03:56:48.0	Ana3 - 3: T.Abluft	19.5
2021-03-11 03:56:48.0	Ana4 - 4: T.Fortluft	11.3
2021-03-11 03:56:48.0	Ana5 - 5: T.Raum	9999.9
2021-03-11 03:56:48.0	Ana9 - 9: T.Zuluft WRG warm	18.8
2021-03-11 03:56:58.0	Ana1 - 1: T.Au?en	3.0
2021-03-11 03:56:58.0	Ana2 - 2: T.Zuluft	13.7
2021-03-11 03:56:58.0	Ana3 - 3: T.Abluft	19.6
2021-03-11 03:56:58.0	Ana4 - 4: T.Fortluft	11.3
2021-03-11 03:56:58.0	Ana5 - 5: T.Raum	9999.9
2021-03-11 03:56:58.0	Ana9 - 9: T.Zuluft WRG warm	18.8
2021-03-11 03:57:08.0	Ana1 - 1: T.Au?en	3.0
2021-03-11 03:57:08.0	Ana2 - 2: T.Zuluft	13.7
2021-03-11 03:57:08.0	Ana3 - 3: T.Abluft	19.6
2021-03-11 03:57:08.0	Ana4 - 4: T.Fortluft	11.3
2021-03-11 03:57:08.0	Ana5 - 5: T.Raum	9999.9
2021-03-11 03:57:08.0	Ana9 - 9: T.Zuluft WRG warm	18.8
2021-03-11 03:57:18.0	Ana1 - 1: T.Au?en	3.0
2021-03-11 03:57:18.0	Ana2 - 2: T.Zuluft	13.7
2021-03-11 03:57:18.0	Ana3 - 3: T.Abluft	19.5
2021-03-11 03:57:18.0	Ana4 - 4: T.Fortluft	11.3
2021-03-11 03:57:18.0	Ana5 - 5: T.Raum	9999.9
2021-03-11 03:57:18.0	Ana9 - 9: T.Zuluft WRG warm	18.8
2021-03-11 03:57:28.0	Ana1 - 1: T.Au?en	3.0
2021-03-11 03:57:28.0	Ana2 - 2: T.Zuluft	13.7
2021-03-11 03:57:28.0	Ana3 - 3: T.Abluft	19.5
2021-03-11 03:57:28.0	Ana4 - 4: T.Fortluft	11.3
2021-03-11 03:57:28.0	Ana5 - 5: T.Raum	9999.9
2021-03-11 03:57:28.0	Ana9 - 9: T.Zuluft WRG warm	18.8
2021-03-11 03:57:38.0	Ana1 - 1: T.Au?en	3.0
2021-03-11 03:57:38.0	Ana2 - 2: T.Zuluft	13.7
2021-03-11 03:57:38.0	Ana3 - 3: T.Abluft	19.5
2021-03-11 03:57:38.0	Ana4 - 4: T.Fortluft	11.3
2021-03-11 03:57:38.0	Ana5 - 5: T.Raum	9999.9
2021-03-11 03:57:38.0	Ana9 - 9: T.Zuluft WRG warm	18.8
2021-03-11 03:57:48.0	Ana1 - 1: T.Au?en	3.0
2021-03-11 03:57:48.0	Ana2 - 2: T.Zuluft	13.7
2021-03-11 03:57:48.0	Ana3 - 3: T.Abluft	19.5
2021-03-11 03:57:48.0	Ana4 - 4: T.Fortluft	11.3
2021-03-11 03:57:48.0	Ana5 - 5: T.Raum	9999.9
2021-03-11 03:57:48.0	Ana9 - 9: T.Zuluft WRG warm	18.8
2021-03-11 03:57:58.0	Ana1 - 1: T.Au?en	3.0
2021-03-11 03:57:58.0	Ana2 - 2: T.Zuluft	13.7
2021-03-11 03:57:58.0	Ana3 - 3: T.Abluft	19.5
2021-03-11 03:57:58.0	Ana4 - 4: T.Fortluft	11.3
2021-03-11 03:57:58.0	Ana5 - 5: T.Raum	9999.9
2021-03-11 03:57:58.0	Ana9 - 9: T.Zuluft WRG warm	18.8
2021-03-11 03:58:08.0	Ana1 - 1: T.Au?en	3.0
2021-03-11 03:58:08.0	Ana2 - 2: T.Zuluft	13.7
2021-03-11 03:58:08.0	Ana3 - 3: T.Abluft	19.5
2021-03-11 03:58:08.0	Ana4 - 4: T.Fortluft	11.3
2021-03-11 03:58:08.0	Ana5 - 5: T.Raum	9999.9
2021-03-11 03:58:08.0	Ana9 - 9: T.Zuluft WRG warm	18.8
2021-03-11 03:58:18.0	Ana1 - 1: T.Au?en	3.0
2021-03-11 03:58:18.0	Ana2 - 2: T.Zuluft	13.7
2021-03-11 03:58:18.0	Ana3 - 3: T.Abluft	19.5
2021-03-11 03:58:18.0	Ana4 - 4: T.Fortluft	11.3
2021-03-11 03:58:18.0	Ana5 - 5: T.Raum	9999.9
2021-03-11 03:58:18.0	Ana9 - 9: T.Zuluft WRG warm	18.8
2021-03-11 03:58:28.0	Ana1 - 1: T.Au?en	3.0
2021-03-11 03:58:28.0	Ana2 - 2: T.Zuluft	13.7
2021-03-11 03:58:28.0	Ana3 - 3: T.Abluft	19.5
2021-03-11 03:58:28.0	Ana4 - 4: T.Fortluft	11.3
2021-03-11 03:58:28.0	Ana5 - 5: T.Raum	9999.9
2021-03-11 03:58:28.0	Ana9 - 9: T.Zuluft WRG warm	18.8
2021-03-11 03:58:38.0	Ana1 - 1: T.Au?en	3.0
2021-03-11 03:58:38.0	Ana2 - 2: T.Zuluft	13.7
2021-03-11 03:58:38.0	Ana3 - 3: T.Abluft	19.5
2021-03-11 03:58:38.0	Ana4 - 4: T.Fortluft	11.3
2021-03-11 03:58:38.0	Ana5 - 5: T.Raum	9999.9
2021-03-11 03:58:38.0	Ana9 - 9: T.Zuluft WRG warm	18.8
2021-03-11 03:58:48.0	Ana1 - 1: T.Au?en	3.0
2021-03-11 03:58:48.0	Ana2 - 2: T.Zuluft	13.7
2021-03-11 03:58:48.0	Ana3 - 3: T.Abluft	19.5
2021-03-11 03:58:48.0	Ana4 - 4: T.Fortluft	11.3
2021-03-11 03:58:48.0	Ana5 - 5: T.Raum	9999.9
2021-03-11 03:58:48.0	Ana9 - 9: T.Zuluft WRG warm	18.8
2021-03-11 03:58:58.0	Ana1 - 1: T.Au?en	2.9
2021-03-11 03:58:58.0	Ana2 - 2: T.Zuluft	13.7
2021-03-11 03:58:58.0	Ana3 - 3: T.Abluft	19.5
2021-03-11 03:58:58.0	Ana4 - 4: T.Fortluft	11.3
2021-03-11 03:58:58.0	Ana5 - 5: T.Raum	9999.9
2021-03-11 03:58:58.0	Ana9 - 9: T.Zuluft WRG warm	18.8
2021-03-11 03:59:08.0	Ana1 - 1: T.Au?en	2.9
2021-03-11 03:59:08.0	Ana2 - 2: T.Zuluft	13.7
2021-03-11 03:59:08.0	Ana3 - 3: T.Abluft	19.5
2021-03-11 03:59:08.0	Ana4 - 4: T.Fortluft	11.3
2021-03-11 03:59:08.0	Ana5 - 5: T.Raum	9999.9
2021-03-11 03:59:08.0	Ana9 - 9: T.Zuluft WRG warm	18.8
2021-03-11 03:59:18.0	Ana1 - 1: T.Au?en	2.9
2021-03-11 03:59:18.0	Ana2 - 2: T.Zuluft	13.7
2021-03-11 03:59:18.0	Ana3 - 3: T.Abluft	19.5
2021-03-11 03:59:18.0	Ana4 - 4: T.Fortluft	11.3
2021-03-11 03:59:18.0	Ana5 - 5: T.Raum	9999.9
2021-03-11 03:59:18.0	Ana9 - 9: T.Zuluft WRG warm	18.8
2021-03-11 03:59:28.0	Ana1 - 1: T.Au?en	3.0
2021-03-11 03:59:28.0	Ana2 - 2: T.Zuluft	13.7
2021-03-11 03:59:28.0	Ana3 - 3: T.Abluft	19.5
2021-03-11 03:59:28.0	Ana4 - 4: T.Fortluft	11.3
2021-03-11 03:59:28.0	Ana5 - 5: T.Raum	9999.9
2021-03-11 03:59:28.0	Ana9 - 9: T.Zuluft WRG warm	18.8
2021-03-11 03:59:38.0	Ana1 - 1: T.Au?en	3.0
2021-03-11 03:59:38.0	Ana2 - 2: T.Zuluft	13.7
2021-03-11 03:59:38.0	Ana3 - 3: T.Abluft	19.5
2021-03-11 03:59:38.0	Ana4 - 4: T.Fortluft	11.3
2021-03-11 03:59:38.0	Ana5 - 5: T.Raum	9999.9
2021-03-11 03:59:38.0	Ana9 - 9: T.Zuluft WRG warm	18.8
2021-03-11 03:59:48.0	Ana1 - 1: T.Au?en	3.0
2021-03-11 03:59:48.0	Ana2 - 2: T.Zuluft	13.7
2021-03-11 03:59:48.0	Ana3 - 3: T.Abluft	19.5
2021-03-11 03:59:48.0	Ana4 - 4: T.Fortluft	11.3
2021-03-11 03:59:48.0	Ana5 - 5: T.Raum	9999.9
2021-03-11 03:59:48.0	Ana9 - 9: T.Zuluft WRG warm	18.8
2021-03-11 03:59:58.0	Ana1 - 1: T.Au?en	3.0
2021-03-11 03:59:58.0	Ana2 - 2: T.Zuluft	13.7
2021-03-11 03:59:58.0	Ana3 - 3: T.Abluft	19.5
2021-03-11 03:59:58.0	Ana4 - 4: T.Fortluft	11.3
2021-03-11 03:59:58.0	Ana5 - 5: T.Raum	9999.9
2021-03-11 03:59:58.0	Ana9 - 9: T.Zuluft WRG warm	18.8
2021-03-11 04:00:08.0	Ana1 - 1: T.Au?en	3.0
2021-03-11 04:00:08.0	Ana2 - 2: T.Zuluft	13.7
2021-03-11 04:00:08.0	Ana3 - 3: T.Abluft	19.5
2021-03-11 04:00:08.0	Ana4 - 4: T.Fortluft	11.3
2021-03-11 04:00:08.0	Ana5 - 5: T.Raum	9999.9
2021-03-11 04:00:08.0	Ana9 - 9: T.Zuluft WRG warm	18.8
2021-03-11 04:00:18.0	Ana1 - 1: T.Au?en	3.0
2021-03-11 04:00:18.0	Ana2 - 2: T.Zuluft	13.7
2021-03-11 04:00:18.0	Ana3 - 3: T.Abluft	19.5
2021-03-11 04:00:18.0	Ana4 - 4: T.Fortluft	11.3
2021-03-11 04:00:18.0	Ana5 - 5: T.Raum	9999.9
2021-03-11 04:00:18.0	Ana9 - 9: T.Zuluft WRG warm	18.8
2021-03-11 04:00:28.0	Ana1 - 1: T.Au?en	3.0
2021-03-11 04:00:28.0	Ana2 - 2: T.Zuluft	13.7
2021-03-11 04:00:28.0	Ana3 - 3: T.Abluft	19.5
2021-03-11 04:00:28.0	Ana4 - 4: T.Fortluft	11.3
2021-03-11 04:00:28.0	Ana5 - 5: T.Raum	9999.9
2021-03-11 04:00:28.0	Ana9 - 9: T.Zuluft WRG warm	18.8
2021-03-11 04:00:38.0	Ana1 - 1: T.Au?en	3.0
2021-03-11 04:00:38.0	Ana2 - 2: T.Zuluft	13.7
2021-03-11 04:00:38.0	Ana3 - 3: T.Abluft	19.5
2021-03-11 04:00:38.0	Ana4 - 4: T.Fortluft	11.3
2021-03-11 04:00:38.0	Ana5 - 5: T.Raum	9999.9
2021-03-11 04:00:38.0	Ana9 - 9: T.Zuluft WRG warm	18.8
2021-03-11 04:00:48.0	Ana1 - 1: T.Au?en	2.9
2021-03-11 04:00:48.0	Ana2 - 2: T.Zuluft	13.7
2021-03-11 04:00:48.0	Ana3 - 3: T.Abluft	19.5
2021-03-11 04:00:48.0	Ana4 - 4: T.Fortluft	11.3
2021-03-11 04:00:48.0	Ana5 - 5: T.Raum	9999.9
2021-03-11 04:00:48.0	Ana9 - 9: T.Zuluft WRG warm	18.8
2021-03-11 04:00:58.0	Ana1 - 1: T.Au?en	2.9
2021-03-11 04:00:58.0	Ana2 - 2: T.Zuluft	13.7
2021-03-11 04:00:58.0	Ana3 - 3: T.Abluft	19.5
2021-03-11 04:00:58.0	Ana4 - 4: T.Fortluft	11.3
2021-03-11 04:00:58.0	Ana5 - 5: T.Raum	9999.9
2021-03-11 04:00:58.0	Ana9 - 9: T.Zuluft WRG warm	18.8
2021-03-11 04:01:08.0	Ana1 - 1: T.Au?en	2.9
2021-03-11 04:01:08.0	Ana2 - 2: T.Zuluft	13.7
2021-03-11 04:01:08.0	Ana3 - 3: T.Abluft	19.5
2021-03-11 04:01:08.0	Ana4 - 4: T.Fortluft	11.3
2021-03-11 04:01:08.0	Ana5 - 5: T.Raum	9999.9
2021-03-11 04:01:08.0	Ana9 - 9: T.Zuluft WRG warm	18.8
2021-03-11 04:01:18.0	Ana1 - 1: T.Au?en	2.9
2021-03-11 04:01:18.0	Ana2 - 2: T.Zuluft	13.7
2021-03-11 04:01:18.0	Ana3 - 3: T.Abluft	19.5
2021-03-11 04:01:18.0	Ana4 - 4: T.Fortluft	11.3
2021-03-11 04:01:18.0	Ana5 - 5: T.Raum	9999.9
2021-03-11 04:01:18.0	Ana9 - 9: T.Zuluft WRG warm	18.8
2021-03-11 04:01:28.0	Ana1 - 1: T.Au?en	2.9
2021-03-11 04:01:28.0	Ana2 - 2: T.Zuluft	13.7
2021-03-11 04:01:28.0	Ana3 - 3: T.Abluft	19.5
2021-03-11 04:01:28.0	Ana4 - 4: T.Fortluft	11.3
2021-03-11 04:01:28.0	Ana5 - 5: T.Raum	9999.9
2021-03-11 04:01:28.0	Ana9 - 9: T.Zuluft WRG warm	18.8
2021-03-11 04:01:38.0	Ana1 - 1: T.Au?en	2.9
2021-03-11 04:01:38.0	Ana2 - 2: T.Zuluft	13.7
2021-03-11 04:01:38.0	Ana3 - 3: T.Abluft	19.5
2021-03-11 04:01:38.0	Ana4 - 4: T.Fortluft	11.3
2021-03-11 04:01:38.0	Ana5 - 5: T.Raum	9999.9
2021-03-11 04:01:38.0	Ana9 - 9: T.Zuluft WRG warm	18.8
2021-03-11 04:01:48.0	Ana1 - 1: T.Au?en	2.9
2021-03-11 04:01:48.0	Ana2 - 2: T.Zuluft	13.7
2021-03-11 04:01:48.0	Ana3 - 3: T.Abluft	19.5
2021-03-11 04:01:48.0	Ana4 - 4: T.Fortluft	11.3
2021-03-11 04:01:48.0	Ana5 - 5: T.Raum	9999.9
2021-03-11 04:01:48.0	Ana9 - 9: T.Zuluft WRG warm	18.8
2021-03-11 04:01:58.0	Ana1 - 1: T.Au?en	2.9
2021-03-11 04:01:58.0	Ana2 - 2: T.Zuluft	13.7
2021-03-11 04:01:58.0	Ana3 - 3: T.Abluft	19.5
2021-03-11 04:01:58.0	Ana4 - 4: T.Fortluft	11.3
2021-03-11 04:01:58.0	Ana5 - 5: T.Raum	9999.9
2021-03-11 04:01:58.0	Ana9 - 9: T.Zuluft WRG warm	18.8
2021-03-11 04:02:08.0	Ana1 - 1: T.Au?en	2.9
2021-03-11 04:02:08.0	Ana2 - 2: T.Zuluft	13.7
2021-03-11 04:02:08.0	Ana3 - 3: T.Abluft	19.5
2021-03-11 04:02:08.0	Ana4 - 4: T.Fortluft	11.3
2021-03-11 04:02:08.0	Ana5 - 5: T.Raum	9999.9
2021-03-11 04:02:08.0	Ana9 - 9: T.Zuluft WRG warm	18.8
2021-03-11 04:02:18.0	Ana1 - 1: T.Au?en	2.9
2021-03-11 04:02:18.0	Ana2 - 2: T.Zuluft	13.7
2021-03-11 04:02:18.0	Ana3 - 3: T.Abluft	19.5
2021-03-11 04:02:18.0	Ana4 - 4: T.Fortluft	11.3
2021-03-11 04:02:18.0	Ana5 - 5: T.Raum	9999.9
2021-03-11 04:02:18.0	Ana9 - 9: T.Zuluft WRG warm	18.8
2021-03-11 04:02:28.0	Ana1 - 1: T.Au?en	2.9
2021-03-11 04:02:28.0	Ana2 - 2: T.Zuluft	13.7
2021-03-11 04:02:28.0	Ana3 - 3: T.Abluft	19.5
2021-03-11 04:02:28.0	Ana4 - 4: T.Fortluft	11.3
2021-03-11 04:02:28.0	Ana5 - 5: T.Raum	9999.9
2021-03-11 04:02:28.0	Ana9 - 9: T.Zuluft WRG warm	18.8
2021-03-11 04:02:38.0	Ana1 - 1: T.Au?en	2.9
2021-03-11 04:02:38.0	Ana2 - 2: T.Zuluft	13.7
2021-03-11 04:02:38.0	Ana3 - 3: T.Abluft	19.5
2021-03-11 04:02:38.0	Ana4 - 4: T.Fortluft	11.3
2021-03-11 04:02:38.0	Ana5 - 5: T.Raum	9999.9
2021-03-11 04:02:38.0	Ana9 - 9: T.Zuluft WRG warm	18.8
2021-03-11 04:02:48.0	Ana1 - 1: T.Au?en	2.9
2021-03-11 04:02:48.0	Ana2 - 2: T.Zuluft	13.7
2021-03-11 04:02:48.0	Ana3 - 3: T.Abluft	19.5
2021-03-11 04:02:48.0	Ana4 - 4: T.Fortluft	11.3
2021-03-11 04:02:48.0	Ana5 - 5: T.Raum	9999.9
2021-03-11 04:02:48.0	Ana9 - 9: T.Zuluft WRG warm	18.8
2021-03-11 04:02:58.0	Ana1 - 1: T.Au?en	2.9
2021-03-11 04:02:58.0	Ana2 - 2: T.Zuluft	13.7
2021-03-11 04:02:58.0	Ana3 - 3: T.Abluft	19.5
2021-03-11 04:02:58.0	Ana4 - 4: T.Fortluft	11.3
2021-03-11 04:02:58.0	Ana5 - 5: T.Raum	9999.9
2021-03-11 04:02:58.0	Ana9 - 9: T.Zuluft WRG warm	18.8
2021-03-11 04:03:08.0	Ana1 - 1: T.Au?en	2.9
2021-03-11 04:03:08.0	Ana2 - 2: T.Zuluft	13.7
2021-03-11 04:03:08.0	Ana3 - 3: T.Abluft	19.5
2021-03-11 04:03:08.0	Ana4 - 4: T.Fortluft	11.3
2021-03-11 04:03:08.0	Ana5 - 5: T.Raum	9999.9
2021-03-11 04:03:08.0	Ana9 - 9: T.Zuluft WRG warm	18.8
2021-03-11 04:03:18.0	Ana1 - 1: T.Au?en	2.9
2021-03-11 04:03:18.0	Ana2 - 2: T.Zuluft	13.7
2021-03-11 04:03:18.0	Ana3 - 3: T.Abluft	19.5
2021-03-11 04:03:18.0	Ana4 - 4: T.Fortluft	11.3
2021-03-11 04:03:18.0	Ana5 - 5: T.Raum	9999.9
2021-03-11 04:03:18.0	Ana9 - 9: T.Zuluft WRG warm	18.8
2021-03-11 04:03:28.0	Ana1 - 1: T.Au?en	2.9
2021-03-11 04:03:28.0	Ana2 - 2: T.Zuluft	13.7
2021-03-11 04:03:28.0	Ana3 - 3: T.Abluft	19.5
2021-03-11 04:03:28.0	Ana4 - 4: T.Fortluft	11.3
2021-03-11 04:03:28.0	Ana5 - 5: T.Raum	9999.9
2021-03-11 04:03:28.0	Ana9 - 9: T.Zuluft WRG warm	18.8
2021-03-11 04:03:38.0	Ana1 - 1: T.Au?en	2.9
2021-03-11 04:03:38.0	Ana2 - 2: T.Zuluft	13.7
2021-03-11 04:03:38.0	Ana3 - 3: T.Abluft	19.5
2021-03-11 04:03:38.0	Ana4 - 4: T.Fortluft	11.3
2021-03-11 04:03:38.0	Ana5 - 5: T.Raum	9999.9
2021-03-11 04:03:38.0	Ana9 - 9: T.Zuluft WRG warm	18.8
2021-03-11 04:03:48.0	Ana1 - 1: T.Au?en	2.9
2021-03-11 04:03:48.0	Ana2 - 2: T.Zuluft	13.7
2021-03-11 04:03:48.0	Ana3 - 3: T.Abluft	19.5
2021-03-11 04:03:48.0	Ana4 - 4: T.Fortluft	11.3
2021-03-11 04:03:48.0	Ana5 - 5: T.Raum	9999.9
2021-03-11 04:03:48.0	Ana9 - 9: T.Zuluft WRG warm	18.8
2021-03-11 04:03:58.0	Ana1 - 1: T.Au?en	2.9
2021-03-11 04:03:58.0	Ana2 - 2: T.Zuluft	13.7
2021-03-11 04:03:58.0	Ana3 - 3: T.Abluft	19.5
2021-03-11 04:03:58.0	Ana4 - 4: T.Fortluft	11.3
2021-03-11 04:03:58.0	Ana5 - 5: T.Raum	9999.9
2021-03-11 04:03:58.0	Ana9 - 9: T.Zuluft WRG warm	18.8
2021-03-11 04:04:08.0	Ana1 - 1: T.Au?en	2.9
2021-03-11 04:04:08.0	Ana2 - 2: T.Zuluft	13.7
2021-03-11 04:04:08.0	Ana3 - 3: T.Abluft	19.5
2021-03-11 04:04:08.0	Ana4 - 4: T.Fortluft	11.3
2021-03-11 04:04:08.0	Ana5 - 5: T.Raum	9999.9
2021-03-11 04:04:08.0	Ana9 - 9: T.Zuluft WRG warm	18.8
2021-03-11 04:04:18.0	Ana1 - 1: T.Au?en	2.9
2021-03-11 04:04:18.0	Ana2 - 2: T.Zuluft	13.7
2021-03-11 04:04:18.0	Ana3 - 3: T.Abluft	19.5
2021-03-11 04:04:18.0	Ana4 - 4: T.Fortluft	11.3
2021-03-11 04:04:18.0	Ana5 - 5: T.Raum	9999.9
2021-03-11 04:04:18.0	Ana9 - 9: T.Zuluft WRG warm	18.8
2021-03-11 04:04:28.0	Ana1 - 1: T.Au?en	2.9
2021-03-11 04:04:28.0	Ana2 - 2: T.Zuluft	13.7
2021-03-11 04:04:28.0	Ana3 - 3: T.Abluft	19.5
2021-03-11 04:04:28.0	Ana4 - 4: T.Fortluft	11.3
2021-03-11 04:04:28.0	Ana5 - 5: T.Raum	9999.9
2021-03-11 04:04:28.0	Ana9 - 9: T.Zuluft WRG warm	18.8
2021-03-11 04:04:38.0	Ana1 - 1: T.Au?en	3.0
2021-03-11 04:04:38.0	Ana2 - 2: T.Zuluft	13.7
2021-03-11 04:04:38.0	Ana3 - 3: T.Abluft	19.5
2021-03-11 04:04:38.0	Ana4 - 4: T.Fortluft	11.3
2021-03-11 04:04:38.0	Ana5 - 5: T.Raum	9999.9
2021-03-11 04:04:38.0	Ana9 - 9: T.Zuluft WRG warm	18.8
2021-03-11 04:04:48.0	Ana1 - 1: T.Au?en	2.9
2021-03-11 04:04:48.0	Ana2 - 2: T.Zuluft	13.7
2021-03-11 04:04:48.0	Ana3 - 3: T.Abluft	19.5
2021-03-11 04:04:48.0	Ana4 - 4: T.Fortluft	11.3
2021-03-11 04:04:48.0	Ana5 - 5: T.Raum	9999.9
2021-03-11 04:04:48.0	Ana9 - 9: T.Zuluft WRG warm	18.8
2021-03-11 04:04:58.0	Ana1 - 1: T.Au?en	2.9
2021-03-11 04:04:58.0	Ana2 - 2: T.Zuluft	13.7
2021-03-11 04:04:58.0	Ana3 - 3: T.Abluft	19.5
2021-03-11 04:04:58.0	Ana4 - 4: T.Fortluft	11.3
2021-03-11 04:04:58.0	Ana5 - 5: T.Raum	9999.9
2021-03-11 04:04:58.0	Ana9 - 9: T.Zuluft WRG warm	18.8
2021-03-11 04:05:08.0	Ana1 - 1: T.Au?en	2.9
2021-03-11 04:05:08.0	Ana2 - 2: T.Zuluft	13.7
2021-03-11 04:05:08.0	Ana3 - 3: T.Abluft	19.5
2021-03-11 04:05:08.0	Ana4 - 4: T.Fortluft	11.3
2021-03-11 04:05:08.0	Ana5 - 5: T.Raum	9999.9
2021-03-11 04:05:08.0	Ana9 - 9: T.Zuluft WRG warm	18.8
2021-03-11 04:05:18.0	Ana1 - 1: T.Au?en	2.9
2021-03-11 04:05:18.0	Ana2 - 2: T.Zuluft	13.7
2021-03-11 04:05:18.0	Ana3 - 3: T.Abluft	19.5
2021-03-11 04:05:18.0	Ana4 - 4: T.Fortluft	11.3
2021-03-11 04:05:18.0	Ana5 - 5: T.Raum	9999.9
2021-03-11 04:05:18.0	Ana9 - 9: T.Zuluft WRG warm	18.8
2021-03-11 04:05:28.0	Ana1 - 1: T.Au?en	2.9
2021-03-11 04:05:28.0	Ana2 - 2: T.Zuluft	13.7
2021-03-11 04:05:28.0	Ana3 - 3: T.Abluft	19.5
2021-03-11 04:05:28.0	Ana4 - 4: T.Fortluft	11.3
2021-03-11 04:05:28.0	Ana5 - 5: T.Raum	9999.9
2021-03-11 04:05:28.0	Ana9 - 9: T.Zuluft WRG warm	18.8
2021-03-11 04:05:38.0	Ana1 - 1: T.Au?en	2.9
2021-03-11 04:05:38.0	Ana2 - 2: T.Zuluft	13.7
2021-03-11 04:05:38.0	Ana3 - 3: T.Abluft	19.5
2021-03-11 04:05:38.0	Ana4 - 4: T.Fortluft	11.3
2021-03-11 04:05:38.0	Ana5 - 5: T.Raum	9999.9
2021-03-11 04:05:38.0	Ana9 - 9: T.Zuluft WRG warm	18.8
2021-03-11 04:05:48.0	Ana1 - 1: T.Au?en	2.9
2021-03-11 04:05:48.0	Ana2 - 2: T.Zuluft	13.7
2021-03-11 04:05:48.0	Ana3 - 3: T.Abluft	19.5
2021-03-11 04:05:48.0	Ana4 - 4: T.Fortluft	11.3
2021-03-11 04:05:48.0	Ana5 - 5: T.Raum	9999.9
2021-03-11 04:05:48.0	Ana9 - 9: T.Zuluft WRG warm	18.8
2021-03-11 04:05:58.0	Ana1 - 1: T.Au?en	3.0
2021-03-11 04:05:58.0	Ana2 - 2: T.Zuluft	13.7
2021-03-11 04:05:58.0	Ana3 - 3: T.Abluft	19.5
2021-03-11 04:05:58.0	Ana4 - 4: T.Fortluft	11.2
2021-03-11 04:05:58.0	Ana5 - 5: T.Raum	9999.9
2021-03-11 04:05:58.0	Ana9 - 9: T.Zuluft WRG warm	18.8
2021-03-11 04:06:08.0	Ana1 - 1: T.Au?en	3.0
2021-03-11 04:06:08.0	Ana2 - 2: T.Zuluft	13.7
2021-03-11 04:06:08.0	Ana3 - 3: T.Abluft	19.5
2021-03-11 04:06:08.0	Ana4 - 4: T.Fortluft	11.3
2021-03-11 04:06:08.0	Ana5 - 5: T.Raum	9999.9
2021-03-11 04:06:08.0	Ana9 - 9: T.Zuluft WRG warm	18.8
2021-03-11 04:06:18.0	Ana1 - 1: T.Au?en	3.0
2021-03-11 04:06:18.0	Ana2 - 2: T.Zuluft	13.7
2021-03-11 04:06:18.0	Ana3 - 3: T.Abluft	19.5
2021-03-11 04:06:18.0	Ana4 - 4: T.Fortluft	11.3
2021-03-11 04:06:18.0	Ana5 - 5: T.Raum	9999.9
2021-03-11 04:06:18.0	Ana9 - 9: T.Zuluft WRG warm	18.8
2021-03-11 04:06:28.0	Ana1 - 1: T.Au?en	3.0
2021-03-11 04:06:28.0	Ana2 - 2: T.Zuluft	13.7
2021-03-11 04:06:28.0	Ana3 - 3: T.Abluft	19.5
2021-03-11 04:06:28.0	Ana4 - 4: T.Fortluft	11.3
2021-03-11 04:06:28.0	Ana5 - 5: T.Raum	9999.9
2021-03-11 04:06:28.0	Ana9 - 9: T.Zuluft WRG warm	18.8
2021-03-11 04:06:38.0	Ana1 - 1: T.Au?en	3.0
2021-03-11 04:06:38.0	Ana2 - 2: T.Zuluft	13.6
2021-03-11 04:06:38.0	Ana3 - 3: T.Abluft	19.5
2021-03-11 04:06:38.0	Ana4 - 4: T.Fortluft	11.3
2021-03-11 04:06:38.0	Ana5 - 5: T.Raum	9999.9
2021-03-11 04:06:38.0	Ana9 - 9: T.Zuluft WRG warm	18.8
2021-03-11 04:06:48.0	Ana1 - 1: T.Au?en	3.0
2021-03-11 04:06:48.0	Ana2 - 2: T.Zuluft	13.6
2021-03-11 04:06:48.0	Ana3 - 3: T.Abluft	19.5
2021-03-11 04:06:48.0	Ana4 - 4: T.Fortluft	11.2
2021-03-11 04:06:48.0	Ana5 - 5: T.Raum	9999.9
2021-03-11 04:06:48.0	Ana9 - 9: T.Zuluft WRG warm	18.8
2021-03-11 04:06:58.0	Ana1 - 1: T.Au?en	3.0
2021-03-11 04:06:58.0	Ana2 - 2: T.Zuluft	13.6
2021-03-11 04:06:58.0	Ana3 - 3: T.Abluft	19.5
2021-03-11 04:06:58.0	Ana4 - 4: T.Fortluft	11.2
2021-03-11 04:06:58.0	Ana5 - 5: T.Raum	9999.9
2021-03-11 04:06:58.0	Ana9 - 9: T.Zuluft WRG warm	18.8
2021-03-11 04:07:08.0	Ana1 - 1: T.Au?en	3.0
2021-03-11 04:07:08.0	Ana2 - 2: T.Zuluft	13.6
2021-03-11 04:07:08.0	Ana3 - 3: T.Abluft	19.5
2021-03-11 04:07:08.0	Ana4 - 4: T.Fortluft	11.2
2021-03-11 04:07:08.0	Ana5 - 5: T.Raum	9999.9
2021-03-11 04:07:08.0	Ana9 - 9: T.Zuluft WRG warm	18.8
2021-03-11 04:07:18.0	Ana1 - 1: T.Au?en	3.0
2021-03-11 04:07:18.0	Ana2 - 2: T.Zuluft	13.6
2021-03-11 04:07:18.0	Ana3 - 3: T.Abluft	19.5
2021-03-11 04:07:18.0	Ana4 - 4: T.Fortluft	11.2
2021-03-11 04:07:18.0	Ana5 - 5: T.Raum	9999.9
2021-03-11 04:07:18.0	Ana9 - 9: T.Zuluft WRG warm	18.8
2021-03-11 04:07:28.0	Ana1 - 1: T.Au?en	3.0
2021-03-11 04:07:28.0	Ana2 - 2: T.Zuluft	13.7
2021-03-11 04:07:28.0	Ana3 - 3: T.Abluft	19.5
2021-03-11 04:07:28.0	Ana4 - 4: T.Fortluft	11.2
2021-03-11 04:07:28.0	Ana5 - 5: T.Raum	9999.9
2021-03-11 04:07:28.0	Ana9 - 9: T.Zuluft WRG warm	18.8
2021-03-11 04:07:38.0	Ana1 - 1: T.Au?en	3.0
2021-03-11 04:07:38.0	Ana2 - 2: T.Zuluft	13.7
2021-03-11 04:07:38.0	Ana3 - 3: T.Abluft	19.5
2021-03-11 04:07:38.0	Ana4 - 4: T.Fortluft	11.2
2021-03-11 04:07:38.0	Ana5 - 5: T.Raum	9999.9
2021-03-11 04:07:38.0	Ana9 - 9: T.Zuluft WRG warm	18.8
2021-03-11 04:07:48.0	Ana1 - 1: T.Au?en	3.0
2021-03-11 04:07:48.0	Ana2 - 2: T.Zuluft	13.7
2021-03-11 04:07:48.0	Ana3 - 3: T.Abluft	19.5
2021-03-11 04:07:48.0	Ana4 - 4: T.Fortluft	11.2
2021-03-11 04:07:48.0	Ana5 - 5: T.Raum	9999.9
2021-03-11 04:07:48.0	Ana9 - 9: T.Zuluft WRG warm	18.8
2021-03-11 04:07:58.0	Ana1 - 1: T.Au?en	3.0
2021-03-11 04:07:58.0	Ana2 - 2: T.Zuluft	13.7
2021-03-11 04:07:58.0	Ana3 - 3: T.Abluft	19.5
2021-03-11 04:07:58.0	Ana4 - 4: T.Fortluft	11.2
2021-03-11 04:07:58.0	Ana5 - 5: T.Raum	9999.9
2021-03-11 04:07:58.0	Ana9 - 9: T.Zuluft WRG warm	18.8
2021-03-11 04:08:08.0	Ana1 - 1: T.Au?en	3.0
2021-03-11 04:08:08.0	Ana2 - 2: T.Zuluft	13.7
2021-03-11 04:08:08.0	Ana3 - 3: T.Abluft	19.5
2021-03-11 04:08:08.0	Ana4 - 4: T.Fortluft	11.2
2021-03-11 04:08:08.0	Ana5 - 5: T.Raum	9999.9
2021-03-11 04:08:08.0	Ana9 - 9: T.Zuluft WRG warm	18.8
2021-03-11 04:08:18.0	Ana1 - 1: T.Au?en	3.1
2021-03-11 04:08:18.0	Ana2 - 2: T.Zuluft	13.6
2021-03-11 04:08:18.0	Ana3 - 3: T.Abluft	19.5
2021-03-11 04:08:18.0	Ana4 - 4: T.Fortluft	11.2
2021-03-11 04:08:18.0	Ana5 - 5: T.Raum	9999.9
2021-03-11 04:08:18.0	Ana9 - 9: T.Zuluft WRG warm	18.8
2021-03-11 04:08:28.0	Ana1 - 1: T.Au?en	3.1
2021-03-11 04:08:28.0	Ana2 - 2: T.Zuluft	13.6
2021-03-11 04:08:28.0	Ana3 - 3: T.Abluft	19.5
2021-03-11 04:08:28.0	Ana4 - 4: T.Fortluft	11.2
2021-03-11 04:08:28.0	Ana5 - 5: T.Raum	9999.9
2021-03-11 04:08:28.0	Ana9 - 9: T.Zuluft WRG warm	18.8
2021-03-11 04:08:38.0	Ana1 - 1: T.Au?en	3.2
2021-03-11 04:08:38.0	Ana2 - 2: T.Zuluft	13.6
2021-03-11 04:08:38.0	Ana3 - 3: T.Abluft	19.5
2021-03-11 04:08:38.0	Ana4 - 4: T.Fortluft	11.2
2021-03-11 04:08:38.0	Ana5 - 5: T.Raum	9999.9
2021-03-11 04:08:38.0	Ana9 - 9: T.Zuluft WRG warm	18.8
2021-03-11 04:08:48.0	Ana1 - 1: T.Au?en	3.2
2021-03-11 04:08:48.0	Ana2 - 2: T.Zuluft	13.7
2021-03-11 04:08:48.0	Ana3 - 3: T.Abluft	19.5
2021-03-11 04:08:48.0	Ana4 - 4: T.Fortluft	11.3
2021-03-11 04:08:48.0	Ana5 - 5: T.Raum	9999.9
2021-03-11 04:08:48.0	Ana9 - 9: T.Zuluft WRG warm	18.8
2021-03-11 04:08:58.0	Ana1 - 1: T.Au?en	3.2
2021-03-11 04:08:58.0	Ana2 - 2: T.Zuluft	13.7
2021-03-11 04:08:58.0	Ana3 - 3: T.Abluft	19.5
2021-03-11 04:08:58.0	Ana4 - 4: T.Fortluft	11.3
2021-03-11 04:08:58.0	Ana5 - 5: T.Raum	9999.9
2021-03-11 04:08:58.0	Ana9 - 9: T.Zuluft WRG warm	18.8
2021-03-11 04:09:08.0	Ana1 - 1: T.Au?en	3.3
2021-03-11 04:09:08.0	Ana2 - 2: T.Zuluft	13.7
2021-03-11 04:09:08.0	Ana3 - 3: T.Abluft	19.5
2021-03-11 04:09:08.0	Ana4 - 4: T.Fortluft	11.3
2021-03-11 04:09:08.0	Ana5 - 5: T.Raum	9999.9
2021-03-11 04:09:08.0	Ana9 - 9: T.Zuluft WRG warm	18.8
2021-03-11 04:09:18.0	Ana1 - 1: T.Au?en	3.3
2021-03-11 04:09:18.0	Ana2 - 2: T.Zuluft	13.6
2021-03-11 04:09:18.0	Ana3 - 3: T.Abluft	19.5
2021-03-11 04:09:18.0	Ana4 - 4: T.Fortluft	11.3
2021-03-11 04:09:18.0	Ana5 - 5: T.Raum	9999.9
2021-03-11 04:09:18.0	Ana9 - 9: T.Zuluft WRG warm	18.8
2021-03-11 04:09:28.0	Ana1 - 1: T.Au?en	3.2
2021-03-11 04:09:28.0	Ana2 - 2: T.Zuluft	13.6
2021-03-11 04:09:28.0	Ana3 - 3: T.Abluft	19.5
2021-03-11 04:09:28.0	Ana4 - 4: T.Fortluft	11.2
2021-03-11 04:09:28.0	Ana5 - 5: T.Raum	9999.9
2021-03-11 04:09:28.0	Ana9 - 9: T.Zuluft WRG warm	18.8
2021-03-11 04:09:38.0	Ana1 - 1: T.Au?en	3.2
2021-03-11 04:09:38.0	Ana2 - 2: T.Zuluft	13.6
2021-03-11 04:09:38.0	Ana3 - 3: T.Abluft	19.5
2021-03-11 04:09:38.0	Ana4 - 4: T.Fortluft	11.2
2021-03-11 04:09:38.0	Ana5 - 5: T.Raum	9999.9
2021-03-11 04:09:38.0	Ana9 - 9: T.Zuluft WRG warm	18.8
2021-03-11 04:09:48.0	Ana1 - 1: T.Au?en	3.2
2021-03-11 04:09:48.0	Ana2 - 2: T.Zuluft	13.7
2021-03-11 04:09:48.0	Ana3 - 3: T.Abluft	19.5
2021-03-11 04:09:48.0	Ana4 - 4: T.Fortluft	11.2
2021-03-11 04:09:48.0	Ana5 - 5: T.Raum	9999.9
2021-03-11 04:09:48.0	Ana9 - 9: T.Zuluft WRG warm	18.8
2021-03-11 04:09:58.0	Ana1 - 1: T.Au?en	3.2
2021-03-11 04:09:58.0	Ana2 - 2: T.Zuluft	13.6
2021-03-11 04:09:58.0	Ana3 - 3: T.Abluft	19.5
2021-03-11 04:09:58.0	Ana4 - 4: T.Fortluft	11.2
2021-03-11 04:09:58.0	Ana5 - 5: T.Raum	9999.9
2021-03-11 04:09:58.0	Ana9 - 9: T.Zuluft WRG warm	18.8
2021-03-11 04:10:08.0	Ana1 - 1: T.Au?en	3.1
2021-03-11 04:10:08.0	Ana2 - 2: T.Zuluft	13.6
2021-03-11 04:10:08.0	Ana3 - 3: T.Abluft	19.5
2021-03-11 04:10:08.0	Ana4 - 4: T.Fortluft	11.2
2021-03-11 04:10:08.0	Ana5 - 5: T.Raum	9999.9
2021-03-11 04:10:08.0	Ana9 - 9: T.Zuluft WRG warm	18.8
2021-03-11 04:10:18.0	Ana1 - 1: T.Au?en	3.1
2021-03-11 04:10:18.0	Ana2 - 2: T.Zuluft	13.6
2021-03-11 04:10:18.0	Ana3 - 3: T.Abluft	19.5
2021-03-11 04:10:18.0	Ana4 - 4: T.Fortluft	11.2
2021-03-11 04:10:18.0	Ana5 - 5: T.Raum	9999.9
2021-03-11 04:10:18.0	Ana9 - 9: T.Zuluft WRG warm	18.8
2021-03-11 04:10:28.0	Ana1 - 1: T.Au?en	3.2
2021-03-11 04:10:28.0	Ana2 - 2: T.Zuluft	13.6
2021-03-11 04:10:28.0	Ana3 - 3: T.Abluft	19.5
2021-03-11 04:10:28.0	Ana4 - 4: T.Fortluft	11.2
2021-03-11 04:10:28.0	Ana5 - 5: T.Raum	9999.9
2021-03-11 04:10:28.0	Ana9 - 9: T.Zuluft WRG warm	18.8
2021-03-11 04:10:38.0	Ana1 - 1: T.Au?en	3.2
2021-03-11 04:10:38.0	Ana2 - 2: T.Zuluft	13.6
2021-03-11 04:10:38.0	Ana3 - 3: T.Abluft	19.5
2021-03-11 04:10:38.0	Ana4 - 4: T.Fortluft	11.2
2021-03-11 04:10:38.0	Ana5 - 5: T.Raum	9999.9
2021-03-11 04:10:38.0	Ana9 - 9: T.Zuluft WRG warm	18.8
2021-03-11 04:10:48.0	Ana1 - 1: T.Au?en	3.2
2021-03-11 04:10:48.0	Ana2 - 2: T.Zuluft	13.6
2021-03-11 04:10:48.0	Ana3 - 3: T.Abluft	19.5
2021-03-11 04:10:48.0	Ana4 - 4: T.Fortluft	11.2
2021-03-11 04:10:48.0	Ana5 - 5: T.Raum	9999.9
2021-03-11 04:10:48.0	Ana9 - 9: T.Zuluft WRG warm	18.8
2021-03-11 04:10:58.0	Ana1 - 1: T.Au?en	3.2
2021-03-11 04:10:58.0	Ana2 - 2: T.Zuluft	13.6
2021-03-11 04:10:58.0	Ana3 - 3: T.Abluft	19.5
2021-03-11 04:10:58.0	Ana4 - 4: T.Fortluft	11.2
2021-03-11 04:10:58.0	Ana5 - 5: T.Raum	9999.9
2021-03-11 04:10:58.0	Ana9 - 9: T.Zuluft WRG warm	18.8
2021-03-11 04:11:08.0	Ana1 - 1: T.Au?en	3.2
2021-03-11 04:11:08.0	Ana2 - 2: T.Zuluft	13.6
2021-03-11 04:11:08.0	Ana3 - 3: T.Abluft	19.5
2021-03-11 04:11:08.0	Ana4 - 4: T.Fortluft	11.2
2021-03-11 04:11:08.0	Ana5 - 5: T.Raum	9999.9
2021-03-11 04:11:08.0	Ana9 - 9: T.Zuluft WRG warm	18.8
2021-03-11 04:11:18.0	Ana1 - 1: T.Au?en	3.2
2021-03-11 04:11:18.0	Ana2 - 2: T.Zuluft	13.6
2021-03-11 04:11:18.0	Ana3 - 3: T.Abluft	19.5
2021-03-11 04:11:18.0	Ana4 - 4: T.Fortluft	11.2
2021-03-11 04:11:18.0	Ana5 - 5: T.Raum	9999.9
2021-03-11 04:11:18.0	Ana9 - 9: T.Zuluft WRG warm	18.8
2021-03-11 04:11:28.0	Ana1 - 1: T.Au?en	3.2
2021-03-11 04:11:28.0	Ana2 - 2: T.Zuluft	13.6
2021-03-11 04:11:28.0	Ana3 - 3: T.Abluft	19.5
2021-03-11 04:11:28.0	Ana4 - 4: T.Fortluft	11.2
2021-03-11 04:11:28.0	Ana5 - 5: T.Raum	9999.9
2021-03-11 04:11:28.0	Ana9 - 9: T.Zuluft WRG warm	18.8
2021-03-11 04:11:38.0	Ana1 - 1: T.Au?en	3.1
2021-03-11 04:11:38.0	Ana2 - 2: T.Zuluft	13.6
2021-03-11 04:11:38.0	Ana3 - 3: T.Abluft	19.5
2021-03-11 04:11:38.0	Ana4 - 4: T.Fortluft	11.2
2021-03-11 04:11:38.0	Ana5 - 5: T.Raum	9999.9
2021-03-11 04:11:38.0	Ana9 - 9: T.Zuluft WRG warm	18.8
2021-03-11 04:11:48.0	Ana1 - 1: T.Au?en	3.1
2021-03-11 04:11:48.0	Ana2 - 2: T.Zuluft	13.6
2021-03-11 04:11:48.0	Ana3 - 3: T.Abluft	19.5
2021-03-11 04:11:48.0	Ana4 - 4: T.Fortluft	11.2
2021-03-11 04:11:48.0	Ana5 - 5: T.Raum	9999.9
2021-03-11 04:11:48.0	Ana9 - 9: T.Zuluft WRG warm	18.8
2021-03-11 04:11:58.0	Ana1 - 1: T.Au?en	3.1
2021-03-11 04:11:58.0	Ana2 - 2: T.Zuluft	13.6
2021-03-11 04:11:58.0	Ana3 - 3: T.Abluft	19.5
2021-03-11 04:11:58.0	Ana4 - 4: T.Fortluft	11.2
2021-03-11 04:11:58.0	Ana5 - 5: T.Raum	9999.9
2021-03-11 04:11:58.0	Ana9 - 9: T.Zuluft WRG warm	18.8
2021-03-11 04:12:08.0	Ana1 - 1: T.Au?en	3.1
2021-03-11 04:12:08.0	Ana2 - 2: T.Zuluft	13.7
2021-03-11 04:12:08.0	Ana3 - 3: T.Abluft	19.5
2021-03-11 04:12:08.0	Ana4 - 4: T.Fortluft	11.2
2021-03-11 04:12:08.0	Ana5 - 5: T.Raum	9999.9
2021-03-11 04:12:08.0	Ana9 - 9: T.Zuluft WRG warm	18.8
2021-03-11 04:12:18.0	Ana1 - 1: T.Au?en	3.1
2021-03-11 04:12:18.0	Ana2 - 2: T.Zuluft	13.6
2021-03-11 04:12:18.0	Ana3 - 3: T.Abluft	19.5
2021-03-11 04:12:18.0	Ana4 - 4: T.Fortluft	11.2
2021-03-11 04:12:18.0	Ana5 - 5: T.Raum	9999.9
2021-03-11 04:12:18.0	Ana9 - 9: T.Zuluft WRG warm	18.8
2021-03-11 04:12:28.0	Ana1 - 1: T.Au?en	3.1
2021-03-11 04:12:28.0	Ana2 - 2: T.Zuluft	13.6
2021-03-11 04:12:28.0	Ana3 - 3: T.Abluft	19.5
2021-03-11 04:12:28.0	Ana4 - 4: T.Fortluft	11.2
2021-03-11 04:12:28.0	Ana5 - 5: T.Raum	9999.9
2021-03-11 04:12:28.0	Ana9 - 9: T.Zuluft WRG warm	18.8
2021-03-11 04:12:38.0	Ana1 - 1: T.Au?en	3.0
2021-03-11 04:12:38.0	Ana2 - 2: T.Zuluft	13.6
2021-03-11 04:12:38.0	Ana3 - 3: T.Abluft	19.5
2021-03-11 04:12:38.0	Ana4 - 4: T.Fortluft	11.2
2021-03-11 04:12:38.0	Ana5 - 5: T.Raum	9999.9
2021-03-11 04:12:38.0	Ana9 - 9: T.Zuluft WRG warm	18.8
2021-03-11 04:12:48.0	Ana1 - 1: T.Au?en	3.0
2021-03-11 04:12:48.0	Ana2 - 2: T.Zuluft	13.6
2021-03-11 04:12:48.0	Ana3 - 3: T.Abluft	19.5
2021-03-11 04:12:48.0	Ana4 - 4: T.Fortluft	11.2
2021-03-11 04:12:48.0	Ana5 - 5: T.Raum	9999.9
2021-03-11 04:12:48.0	Ana9 - 9: T.Zuluft WRG warm	18.8
2021-03-11 04:12:58.0	Ana1 - 1: T.Au?en	3.0
2021-03-11 04:12:58.0	Ana2 - 2: T.Zuluft	13.6
2021-03-11 04:12:58.0	Ana3 - 3: T.Abluft	19.5
2021-03-11 04:12:58.0	Ana4 - 4: T.Fortluft	11.2
2021-03-11 04:12:58.0	Ana5 - 5: T.Raum	9999.9
2021-03-11 04:12:58.0	Ana9 - 9: T.Zuluft WRG warm	18.8
2021-03-11 04:13:08.0	Ana1 - 1: T.Au?en	3.0
2021-03-11 04:13:08.0	Ana2 - 2: T.Zuluft	13.6
2021-03-11 04:13:08.0	Ana3 - 3: T.Abluft	19.5
2021-03-11 04:13:08.0	Ana4 - 4: T.Fortluft	11.2
2021-03-11 04:13:08.0	Ana5 - 5: T.Raum	9999.9
2021-03-11 04:13:08.0	Ana9 - 9: T.Zuluft WRG warm	18.8
2021-03-11 04:13:18.0	Ana1 - 1: T.Au?en	3.0
2021-03-11 04:13:18.0	Ana2 - 2: T.Zuluft	13.6
2021-03-11 04:13:18.0	Ana3 - 3: T.Abluft	19.5
2021-03-11 04:13:18.0	Ana4 - 4: T.Fortluft	11.2
2021-03-11 04:13:18.0	Ana5 - 5: T.Raum	9999.9
2021-03-11 04:13:18.0	Ana9 - 9: T.Zuluft WRG warm	18.8
2021-03-11 04:13:28.0	Ana1 - 1: T.Au?en	3.0
2021-03-11 04:13:28.0	Ana2 - 2: T.Zuluft	13.6
2021-03-11 04:13:28.0	Ana3 - 3: T.Abluft	19.5
2021-03-11 04:13:28.0	Ana4 - 4: T.Fortluft	11.2
2021-03-11 04:13:28.0	Ana5 - 5: T.Raum	9999.9
2021-03-11 04:13:28.0	Ana9 - 9: T.Zuluft WRG warm	18.8
2021-03-11 04:13:38.0	Ana1 - 1: T.Au?en	3.0
2021-03-11 04:13:38.0	Ana2 - 2: T.Zuluft	13.6
2021-03-11 04:13:38.0	Ana3 - 3: T.Abluft	19.5
2021-03-11 04:13:38.0	Ana4 - 4: T.Fortluft	11.2
2021-03-11 04:13:38.0	Ana5 - 5: T.Raum	9999.9
2021-03-11 04:13:38.0	Ana9 - 9: T.Zuluft WRG warm	18.8
2021-03-11 04:13:48.0	Ana1 - 1: T.Au?en	3.0
2021-03-11 04:13:48.0	Ana2 - 2: T.Zuluft	13.6
2021-03-11 04:13:48.0	Ana3 - 3: T.Abluft	19.5
2021-03-11 04:13:48.0	Ana4 - 4: T.Fortluft	11.2
2021-03-11 04:13:48.0	Ana5 - 5: T.Raum	9999.9
2021-03-11 04:13:48.0	Ana9 - 9: T.Zuluft WRG warm	18.8
2021-03-11 04:13:58.0	Ana1 - 1: T.Au?en	3.0
2021-03-11 04:13:58.0	Ana2 - 2: T.Zuluft	13.6
2021-03-11 04:13:58.0	Ana3 - 3: T.Abluft	19.5
2021-03-11 04:13:58.0	Ana4 - 4: T.Fortluft	11.2
2021-03-11 04:13:58.0	Ana5 - 5: T.Raum	9999.9
2021-03-11 04:13:58.0	Ana9 - 9: T.Zuluft WRG warm	18.8
2021-03-11 04:14:08.0	Ana1 - 1: T.Au?en	3.0
2021-03-11 04:14:08.0	Ana2 - 2: T.Zuluft	13.6
2021-03-11 04:14:08.0	Ana3 - 3: T.Abluft	19.5
2021-03-11 04:14:08.0	Ana4 - 4: T.Fortluft	11.2
2021-03-11 04:14:08.0	Ana5 - 5: T.Raum	9999.9
2021-03-11 04:14:08.0	Ana9 - 9: T.Zuluft WRG warm	18.8
2021-03-11 04:14:18.0	Ana1 - 1: T.Au?en	2.9
2021-03-11 04:14:18.0	Ana2 - 2: T.Zuluft	13.6
2021-03-11 04:14:18.0	Ana3 - 3: T.Abluft	19.5
2021-03-11 04:14:18.0	Ana4 - 4: T.Fortluft	11.2
2021-03-11 04:14:18.0	Ana5 - 5: T.Raum	9999.9
2021-03-11 04:14:18.0	Ana9 - 9: T.Zuluft WRG warm	18.8
2021-03-11 04:14:28.0	Ana1 - 1: T.Au?en	2.9
2021-03-11 04:14:28.0	Ana2 - 2: T.Zuluft	13.6
2021-03-11 04:14:28.0	Ana3 - 3: T.Abluft	19.5
2021-03-11 04:14:28.0	Ana4 - 4: T.Fortluft	11.2
2021-03-11 04:14:28.0	Ana5 - 5: T.Raum	9999.9
2021-03-11 04:14:28.0	Ana9 - 9: T.Zuluft WRG warm	18.8
2021-03-11 04:14:38.0	Ana1 - 1: T.Au?en	2.9
2021-03-11 04:14:38.0	Ana2 - 2: T.Zuluft	13.6
2021-03-11 04:14:38.0	Ana3 - 3: T.Abluft	19.5
2021-03-11 04:14:38.0	Ana4 - 4: T.Fortluft	11.2
2021-03-11 04:14:38.0	Ana5 - 5: T.Raum	9999.9
2021-03-11 04:14:38.0	Ana9 - 9: T.Zuluft WRG warm	18.8
2021-03-11 04:14:48.0	Ana1 - 1: T.Au?en	3.0
2021-03-11 04:14:48.0	Ana2 - 2: T.Zuluft	13.6
2021-03-11 04:14:48.0	Ana3 - 3: T.Abluft	19.5
2021-03-11 04:14:48.0	Ana4 - 4: T.Fortluft	11.2
2021-03-11 04:14:48.0	Ana5 - 5: T.Raum	9999.9
2021-03-11 04:14:48.0	Ana9 - 9: T.Zuluft WRG warm	18.8
2021-03-11 04:14:58.0	Ana1 - 1: T.Au?en	3.0
2021-03-11 04:14:58.0	Ana2 - 2: T.Zuluft	13.6
2021-03-11 04:14:58.0	Ana3 - 3: T.Abluft	19.5
2021-03-11 04:14:58.0	Ana4 - 4: T.Fortluft	11.2
2021-03-11 04:14:58.0	Ana5 - 5: T.Raum	9999.9
2021-03-11 04:14:58.0	Ana9 - 9: T.Zuluft WRG warm	18.8
2021-03-11 04:15:08.0	Ana1 - 1: T.Au?en	3.0
2021-03-11 04:15:08.0	Ana2 - 2: T.Zuluft	13.6
2021-03-11 04:15:08.0	Ana3 - 3: T.Abluft	19.5
2021-03-11 04:15:08.0	Ana4 - 4: T.Fortluft	11.2
2021-03-11 04:15:08.0	Ana5 - 5: T.Raum	9999.9
2021-03-11 04:15:08.0	Ana9 - 9: T.Zuluft WRG warm	18.8
2021-03-11 04:15:18.0	Ana1 - 1: T.Au?en	3.1
2021-03-11 04:15:18.0	Ana2 - 2: T.Zuluft	13.6
2021-03-11 04:15:18.0	Ana3 - 3: T.Abluft	19.5
2021-03-11 04:15:18.0	Ana4 - 4: T.Fortluft	11.2
2021-03-11 04:15:18.0	Ana5 - 5: T.Raum	9999.9
2021-03-11 04:15:18.0	Ana9 - 9: T.Zuluft WRG warm	18.8
2021-03-11 04:15:28.0	Ana1 - 1: T.Au?en	3.1
2021-03-11 04:15:28.0	Ana2 - 2: T.Zuluft	13.6
2021-03-11 04:15:28.0	Ana3 - 3: T.Abluft	19.5
2021-03-11 04:15:28.0	Ana4 - 4: T.Fortluft	11.2
2021-03-11 04:15:28.0	Ana5 - 5: T.Raum	9999.9
2021-03-11 04:15:28.0	Ana9 - 9: T.Zuluft WRG warm	18.8
2021-03-11 04:15:38.0	Ana1 - 1: T.Au?en	3.1
2021-03-11 04:15:38.0	Ana2 - 2: T.Zuluft	13.6
2021-03-11 04:15:38.0	Ana3 - 3: T.Abluft	19.5
2021-03-11 04:15:38.0	Ana4 - 4: T.Fortluft	11.2
2021-03-11 04:15:38.0	Ana5 - 5: T.Raum	9999.9
2021-03-11 04:15:38.0	Ana9 - 9: T.Zuluft WRG warm	18.8
2021-03-11 04:15:48.0	Ana1 - 1: T.Au?en	3.2
2021-03-11 04:15:48.0	Ana2 - 2: T.Zuluft	13.6
2021-03-11 04:15:48.0	Ana3 - 3: T.Abluft	19.5
2021-03-11 04:15:48.0	Ana4 - 4: T.Fortluft	11.2
2021-03-11 04:15:48.0	Ana5 - 5: T.Raum	9999.9
2021-03-11 04:15:48.0	Ana9 - 9: T.Zuluft WRG warm	18.8
2021-03-11 04:15:58.0	Ana1 - 1: T.Au?en	3.2
2021-03-11 04:15:58.0	Ana2 - 2: T.Zuluft	13.6
2021-03-11 04:15:58.0	Ana3 - 3: T.Abluft	19.5
2021-03-11 04:15:58.0	Ana4 - 4: T.Fortluft	11.2
2021-03-11 04:15:58.0	Ana5 - 5: T.Raum	9999.9
2021-03-11 04:15:58.0	Ana9 - 9: T.Zuluft WRG warm	18.8
2021-03-11 04:16:08.0	Ana1 - 1: T.Au?en	3.1
2021-03-11 04:16:08.0	Ana2 - 2: T.Zuluft	13.6
2021-03-11 04:16:08.0	Ana3 - 3: T.Abluft	19.5
2021-03-11 04:16:08.0	Ana4 - 4: T.Fortluft	11.2
2021-03-11 04:16:08.0	Ana5 - 5: T.Raum	9999.9
2021-03-11 04:16:08.0	Ana9 - 9: T.Zuluft WRG warm	18.8
2021-03-11 04:16:18.0	Ana1 - 1: T.Au?en	3.1
2021-03-11 04:16:18.0	Ana2 - 2: T.Zuluft	13.6
2021-03-11 04:16:18.0	Ana3 - 3: T.Abluft	19.5
2021-03-11 04:16:18.0	Ana4 - 4: T.Fortluft	11.2
2021-03-11 04:16:18.0	Ana5 - 5: T.Raum	9999.9
2021-03-11 04:16:18.0	Ana9 - 9: T.Zuluft WRG warm	18.8
2021-03-11 04:16:28.0	Ana1 - 1: T.Au?en	3.1
2021-03-11 04:16:28.0	Ana2 - 2: T.Zuluft	13.6
2021-03-11 04:16:28.0	Ana3 - 3: T.Abluft	19.5
2021-03-11 04:16:28.0	Ana4 - 4: T.Fortluft	11.2
2021-03-11 04:16:28.0	Ana5 - 5: T.Raum	9999.9
2021-03-11 04:16:28.0	Ana9 - 9: T.Zuluft WRG warm	18.8
2021-03-11 04:16:38.0	Ana1 - 1: T.Au?en	3.0
2021-03-11 04:16:38.0	Ana2 - 2: T.Zuluft	13.6
2021-03-11 04:16:38.0	Ana3 - 3: T.Abluft	19.5
2021-03-11 04:16:38.0	Ana4 - 4: T.Fortluft	11.2
2021-03-11 04:16:38.0	Ana5 - 5: T.Raum	9999.9
2021-03-11 04:16:38.0	Ana9 - 9: T.Zuluft WRG warm	18.8
2021-03-11 04:16:48.0	Ana1 - 1: T.Au?en	3.0
2021-03-11 04:16:48.0	Ana2 - 2: T.Zuluft	13.6
2021-03-11 04:16:48.0	Ana3 - 3: T.Abluft	19.5
2021-03-11 04:16:48.0	Ana4 - 4: T.Fortluft	11.2
2021-03-11 04:16:48.0	Ana5 - 5: T.Raum	9999.9
2021-03-11 04:16:48.0	Ana9 - 9: T.Zuluft WRG warm	18.8
2021-03-11 04:16:58.0	Ana1 - 1: T.Au?en	3.0
2021-03-11 04:16:58.0	Ana2 - 2: T.Zuluft	13.6
2021-03-11 04:16:58.0	Ana3 - 3: T.Abluft	19.5
2021-03-11 04:16:58.0	Ana4 - 4: T.Fortluft	11.2
2021-03-11 04:16:58.0	Ana5 - 5: T.Raum	9999.9
2021-03-11 04:16:58.0	Ana9 - 9: T.Zuluft WRG warm	18.8
2021-03-11 04:17:08.0	Ana1 - 1: T.Au?en	3.0
2021-03-11 04:17:08.0	Ana2 - 2: T.Zuluft	13.6
2021-03-11 04:17:08.0	Ana3 - 3: T.Abluft	19.5
2021-03-11 04:17:08.0	Ana4 - 4: T.Fortluft	11.2
2021-03-11 04:17:08.0	Ana5 - 5: T.Raum	9999.9
2021-03-11 04:17:08.0	Ana9 - 9: T.Zuluft WRG warm	18.8
2021-03-11 04:17:18.0	Ana1 - 1: T.Au?en	3.0
2021-03-11 04:17:18.0	Ana2 - 2: T.Zuluft	13.6
2021-03-11 04:17:18.0	Ana3 - 3: T.Abluft	19.5
2021-03-11 04:17:18.0	Ana4 - 4: T.Fortluft	11.2
2021-03-11 04:17:18.0	Ana5 - 5: T.Raum	9999.9
2021-03-11 04:17:18.0	Ana9 - 9: T.Zuluft WRG warm	18.8
2021-03-11 04:17:28.0	Ana1 - 1: T.Au?en	3.0
2021-03-11 04:17:28.0	Ana2 - 2: T.Zuluft	13.6
2021-03-11 04:17:28.0	Ana3 - 3: T.Abluft	19.5
2021-03-11 04:17:28.0	Ana4 - 4: T.Fortluft	11.2
2021-03-11 04:17:28.0	Ana5 - 5: T.Raum	9999.9
2021-03-11 04:17:28.0	Ana9 - 9: T.Zuluft WRG warm	18.8
2021-03-11 04:17:38.0	Ana1 - 1: T.Au?en	3.0
2021-03-11 04:17:38.0	Ana2 - 2: T.Zuluft	13.6
2021-03-11 04:17:38.0	Ana3 - 3: T.Abluft	19.5
2021-03-11 04:17:38.0	Ana4 - 4: T.Fortluft	11.2
2021-03-11 04:17:38.0	Ana5 - 5: T.Raum	9999.9
2021-03-11 04:17:38.0	Ana9 - 9: T.Zuluft WRG warm	18.8
2021-03-11 04:17:48.0	Ana1 - 1: T.Au?en	3.0
2021-03-11 04:17:48.0	Ana2 - 2: T.Zuluft	13.6
2021-03-11 04:17:48.0	Ana3 - 3: T.Abluft	19.5
2021-03-11 04:17:48.0	Ana4 - 4: T.Fortluft	11.2
2021-03-11 04:17:48.0	Ana5 - 5: T.Raum	9999.9
2021-03-11 04:17:48.0	Ana9 - 9: T.Zuluft WRG warm	18.8
2021-03-11 04:17:58.0	Ana1 - 1: T.Au?en	3.0
2021-03-11 04:17:58.0	Ana2 - 2: T.Zuluft	13.6
2021-03-11 04:17:58.0	Ana3 - 3: T.Abluft	19.5
2021-03-11 04:17:58.0	Ana4 - 4: T.Fortluft	11.2
2021-03-11 04:17:58.0	Ana5 - 5: T.Raum	9999.9
2021-03-11 04:17:58.0	Ana9 - 9: T.Zuluft WRG warm	18.8
2021-03-11 04:18:08.0	Ana1 - 1: T.Au?en	3.0
2021-03-11 04:18:08.0	Ana2 - 2: T.Zuluft	13.6
2021-03-11 04:18:08.0	Ana3 - 3: T.Abluft	19.5
2021-03-11 04:18:08.0	Ana4 - 4: T.Fortluft	11.2
2021-03-11 04:18:08.0	Ana5 - 5: T.Raum	9999.9
2021-03-11 04:18:08.0	Ana9 - 9: T.Zuluft WRG warm	18.8
2021-03-11 04:18:18.0	Ana1 - 1: T.Au?en	3.0
2021-03-11 04:18:18.0	Ana2 - 2: T.Zuluft	13.6
2021-03-11 04:18:18.0	Ana3 - 3: T.Abluft	19.5
2021-03-11 04:18:18.0	Ana4 - 4: T.Fortluft	11.2
2021-03-11 04:18:18.0	Ana5 - 5: T.Raum	9999.9
2021-03-11 04:18:18.0	Ana9 - 9: T.Zuluft WRG warm	18.8
2021-03-11 04:18:28.0	Ana1 - 1: T.Au?en	3.0
2021-03-11 04:18:28.0	Ana2 - 2: T.Zuluft	13.6
2021-03-11 04:18:28.0	Ana3 - 3: T.Abluft	19.5
2021-03-11 04:18:28.0	Ana4 - 4: T.Fortluft	11.2
2021-03-11 04:18:28.0	Ana5 - 5: T.Raum	9999.9
2021-03-11 04:18:28.0	Ana9 - 9: T.Zuluft WRG warm	18.8
2021-03-11 04:18:38.0	Ana1 - 1: T.Au?en	3.0
2021-03-11 04:18:38.0	Ana2 - 2: T.Zuluft	13.6
2021-03-11 04:18:38.0	Ana3 - 3: T.Abluft	19.5
2021-03-11 04:18:38.0	Ana4 - 4: T.Fortluft	11.2
2021-03-11 04:18:38.0	Ana5 - 5: T.Raum	9999.9
2021-03-11 04:18:38.0	Ana9 - 9: T.Zuluft WRG warm	18.8
2021-03-11 04:18:48.0	Ana1 - 1: T.Au?en	3.0
2021-03-11 04:18:48.0	Ana2 - 2: T.Zuluft	13.6
2021-03-11 04:18:48.0	Ana3 - 3: T.Abluft	19.5
2021-03-11 04:18:48.0	Ana4 - 4: T.Fortluft	11.2
2021-03-11 04:18:48.0	Ana5 - 5: T.Raum	9999.9
2021-03-11 04:18:48.0	Ana9 - 9: T.Zuluft WRG warm	18.8
2021-03-11 04:18:58.0	Ana1 - 1: T.Au?en	3.0
2021-03-11 04:18:58.0	Ana2 - 2: T.Zuluft	13.6
2021-03-11 04:18:58.0	Ana3 - 3: T.Abluft	19.5
2021-03-11 04:18:58.0	Ana4 - 4: T.Fortluft	11.2
2021-03-11 04:18:58.0	Ana5 - 5: T.Raum	9999.9
2021-03-11 04:18:58.0	Ana9 - 9: T.Zuluft WRG warm	18.8
2021-03-11 04:19:08.0	Ana1 - 1: T.Au?en	3.0
2021-03-11 04:19:08.0	Ana2 - 2: T.Zuluft	13.6
2021-03-11 04:19:08.0	Ana3 - 3: T.Abluft	19.5
2021-03-11 04:19:08.0	Ana4 - 4: T.Fortluft	11.2
2021-03-11 04:19:08.0	Ana5 - 5: T.Raum	9999.9
2021-03-11 04:19:08.0	Ana9 - 9: T.Zuluft WRG warm	18.8
2021-03-11 04:19:18.0	Ana1 - 1: T.Au?en	3.0
2021-03-11 04:19:18.0	Ana2 - 2: T.Zuluft	13.6
2021-03-11 04:19:18.0	Ana3 - 3: T.Abluft	19.5
2021-03-11 04:19:18.0	Ana4 - 4: T.Fortluft	11.2
2021-03-11 04:19:18.0	Ana5 - 5: T.Raum	9999.9
2021-03-11 04:19:18.0	Ana9 - 9: T.Zuluft WRG warm	18.8
2021-03-11 04:19:28.0	Ana1 - 1: T.Au?en	3.0
2021-03-11 04:19:28.0	Ana2 - 2: T.Zuluft	13.6
2021-03-11 04:19:28.0	Ana3 - 3: T.Abluft	19.5
2021-03-11 04:19:28.0	Ana4 - 4: T.Fortluft	11.2
2021-03-11 04:19:28.0	Ana5 - 5: T.Raum	9999.9
2021-03-11 04:19:28.0	Ana9 - 9: T.Zuluft WRG warm	18.8
2021-03-11 04:19:38.0	Ana1 - 1: T.Au?en	3.0
2021-03-11 04:19:38.0	Ana2 - 2: T.Zuluft	13.6
2021-03-11 04:19:38.0	Ana3 - 3: T.Abluft	19.5
2021-03-11 04:19:38.0	Ana4 - 4: T.Fortluft	11.2
2021-03-11 04:19:38.0	Ana5 - 5: T.Raum	9999.9
2021-03-11 04:19:38.0	Ana9 - 9: T.Zuluft WRG warm	18.8
2021-03-11 04:19:48.0	Ana1 - 1: T.Au?en	3.0
2021-03-11 04:19:48.0	Ana2 - 2: T.Zuluft	13.6
2021-03-11 04:19:48.0	Ana3 - 3: T.Abluft	19.5
2021-03-11 04:19:48.0	Ana4 - 4: T.Fortluft	11.2
2021-03-11 04:19:48.0	Ana5 - 5: T.Raum	9999.9
2021-03-11 04:19:48.0	Ana9 - 9: T.Zuluft WRG warm	18.8
2021-03-11 04:19:58.0	Ana1 - 1: T.Au?en	3.0
2021-03-11 04:19:58.0	Ana2 - 2: T.Zuluft	13.6
2021-03-11 04:19:58.0	Ana3 - 3: T.Abluft	19.5
2021-03-11 04:19:58.0	Ana4 - 4: T.Fortluft	11.2
2021-03-11 04:19:58.0	Ana5 - 5: T.Raum	9999.9
2021-03-11 04:19:58.0	Ana9 - 9: T.Zuluft WRG warm	18.8
2021-03-11 04:20:08.0	Ana1 - 1: T.Au?en	3.0
2021-03-11 04:20:08.0	Ana2 - 2: T.Zuluft	13.6
2021-03-11 04:20:08.0	Ana3 - 3: T.Abluft	19.5
2021-03-11 04:20:08.0	Ana4 - 4: T.Fortluft	11.2
2021-03-11 04:20:08.0	Ana5 - 5: T.Raum	9999.9
2021-03-11 04:20:08.0	Ana9 - 9: T.Zuluft WRG warm	18.8
2021-03-11 04:20:18.0	Ana1 - 1: T.Au?en	3.0
2021-03-11 04:20:18.0	Ana2 - 2: T.Zuluft	13.6
2021-03-11 04:20:18.0	Ana3 - 3: T.Abluft	19.5
2021-03-11 04:20:18.0	Ana4 - 4: T.Fortluft	11.2
2021-03-11 04:20:18.0	Ana5 - 5: T.Raum	9999.9
2021-03-11 04:20:18.0	Ana9 - 9: T.Zuluft WRG warm	18.8
2021-03-11 04:20:28.0	Ana1 - 1: T.Au?en	3.0
2021-03-11 04:20:28.0	Ana2 - 2: T.Zuluft	13.6
2021-03-11 04:20:28.0	Ana3 - 3: T.Abluft	19.5
2021-03-11 04:20:28.0	Ana4 - 4: T.Fortluft	11.2
2021-03-11 04:20:28.0	Ana5 - 5: T.Raum	9999.9
2021-03-11 04:20:28.0	Ana9 - 9: T.Zuluft WRG warm	18.8
2021-03-11 04:20:38.0	Ana1 - 1: T.Au?en	3.0
2021-03-11 04:20:38.0	Ana2 - 2: T.Zuluft	13.6
2021-03-11 04:20:38.0	Ana3 - 3: T.Abluft	19.5
2021-03-11 04:20:38.0	Ana4 - 4: T.Fortluft	11.2
2021-03-11 04:20:38.0	Ana5 - 5: T.Raum	9999.9
2021-03-11 04:20:38.0	Ana9 - 9: T.Zuluft WRG warm	18.8
2021-03-11 04:20:48.0	Ana1 - 1: T.Au?en	3.0
2021-03-11 04:20:48.0	Ana2 - 2: T.Zuluft	13.6
2021-03-11 04:20:48.0	Ana3 - 3: T.Abluft	19.5
2021-03-11 04:20:48.0	Ana4 - 4: T.Fortluft	11.2
2021-03-11 04:20:48.0	Ana5 - 5: T.Raum	9999.9
2021-03-11 04:20:48.0	Ana9 - 9: T.Zuluft WRG warm	18.8
2021-03-11 04:20:58.0	Ana1 - 1: T.Au?en	3.0
2021-03-11 04:20:58.0	Ana2 - 2: T.Zuluft	13.6
2021-03-11 04:20:58.0	Ana3 - 3: T.Abluft	19.5
2021-03-11 04:20:58.0	Ana4 - 4: T.Fortluft	11.2
2021-03-11 04:20:58.0	Ana5 - 5: T.Raum	9999.9
2021-03-11 04:20:58.0	Ana9 - 9: T.Zuluft WRG warm	18.8
2021-03-11 04:21:08.0	Ana1 - 1: T.Au?en	3.0
2021-03-11 04:21:08.0	Ana2 - 2: T.Zuluft	13.6
2021-03-11 04:21:08.0	Ana3 - 3: T.Abluft	19.5
2021-03-11 04:21:08.0	Ana4 - 4: T.Fortluft	11.2
2021-03-11 04:21:08.0	Ana5 - 5: T.Raum	9999.9
2021-03-11 04:21:08.0	Ana9 - 9: T.Zuluft WRG warm	18.8
2021-03-11 04:21:18.0	Ana1 - 1: T.Au?en	3.0
2021-03-11 04:21:18.0	Ana2 - 2: T.Zuluft	13.6
2021-03-11 04:21:18.0	Ana3 - 3: T.Abluft	19.5
2021-03-11 04:21:18.0	Ana4 - 4: T.Fortluft	11.2
2021-03-11 04:21:18.0	Ana5 - 5: T.Raum	9999.9
2021-03-11 04:21:18.0	Ana9 - 9: T.Zuluft WRG warm	18.8
2021-03-11 04:21:28.0	Ana1 - 1: T.Au?en	3.0
2021-03-11 04:21:28.0	Ana2 - 2: T.Zuluft	13.6
2021-03-11 04:21:28.0	Ana3 - 3: T.Abluft	19.5
2021-03-11 04:21:28.0	Ana4 - 4: T.Fortluft	11.2
2021-03-11 04:21:28.0	Ana5 - 5: T.Raum	9999.9
2021-03-11 04:21:28.0	Ana9 - 9: T.Zuluft WRG warm	18.8
2021-03-11 04:21:38.0	Ana1 - 1: T.Au?en	3.0
2021-03-11 04:21:38.0	Ana2 - 2: T.Zuluft	13.6
2021-03-11 04:21:38.0	Ana3 - 3: T.Abluft	19.5
2021-03-11 04:21:38.0	Ana4 - 4: T.Fortluft	11.2
2021-03-11 04:21:38.0	Ana5 - 5: T.Raum	9999.9
2021-03-11 04:21:38.0	Ana9 - 9: T.Zuluft WRG warm	18.8
2021-03-11 04:21:48.0	Ana1 - 1: T.Au?en	3.0
2021-03-11 04:21:48.0	Ana2 - 2: T.Zuluft	13.6
2021-03-11 04:21:48.0	Ana3 - 3: T.Abluft	19.5
2021-03-11 04:21:48.0	Ana4 - 4: T.Fortluft	11.2
2021-03-11 04:21:48.0	Ana5 - 5: T.Raum	9999.9
2021-03-11 04:21:48.0	Ana9 - 9: T.Zuluft WRG warm	18.8
2021-03-11 04:21:58.0	Ana1 - 1: T.Au?en	3.0
2021-03-11 04:21:58.0	Ana2 - 2: T.Zuluft	13.6
2021-03-11 04:21:58.0	Ana3 - 3: T.Abluft	19.5
2021-03-11 04:21:58.0	Ana4 - 4: T.Fortluft	11.2
2021-03-11 04:21:58.0	Ana5 - 5: T.Raum	9999.9
2021-03-11 04:21:58.0	Ana9 - 9: T.Zuluft WRG warm	18.8
2021-03-11 04:22:08.0	Ana1 - 1: T.Au?en	3.0
2021-03-11 04:22:08.0	Ana2 - 2: T.Zuluft	13.6
2021-03-11 04:22:08.0	Ana3 - 3: T.Abluft	19.5
2021-03-11 04:22:08.0	Ana4 - 4: T.Fortluft	11.2
2021-03-11 04:22:08.0	Ana5 - 5: T.Raum	9999.9
2021-03-11 04:22:08.0	Ana9 - 9: T.Zuluft WRG warm	18.8
2021-03-11 04:22:18.0	Ana1 - 1: T.Au?en	3.0
2021-03-11 04:22:18.0	Ana2 - 2: T.Zuluft	13.6
2021-03-11 04:22:18.0	Ana3 - 3: T.Abluft	19.5
2021-03-11 04:22:18.0	Ana4 - 4: T.Fortluft	11.2
2021-03-11 04:22:18.0	Ana5 - 5: T.Raum	9999.9
2021-03-11 04:22:18.0	Ana9 - 9: T.Zuluft WRG warm	18.8
2021-03-11 04:22:28.0	Ana1 - 1: T.Au?en	3.0
2021-03-11 04:22:28.0	Ana2 - 2: T.Zuluft	13.6
2021-03-11 04:22:28.0	Ana3 - 3: T.Abluft	19.5
2021-03-11 04:22:28.0	Ana4 - 4: T.Fortluft	11.2
2021-03-11 04:22:28.0	Ana5 - 5: T.Raum	9999.9
2021-03-11 04:22:28.0	Ana9 - 9: T.Zuluft WRG warm	18.8
2021-03-11 04:22:38.0	Ana1 - 1: T.Au?en	3.0
2021-03-11 04:22:38.0	Ana2 - 2: T.Zuluft	13.6
2021-03-11 04:22:38.0	Ana3 - 3: T.Abluft	19.5
2021-03-11 04:22:38.0	Ana4 - 4: T.Fortluft	11.2
2021-03-11 04:22:38.0	Ana5 - 5: T.Raum	9999.9
2021-03-11 04:22:38.0	Ana9 - 9: T.Zuluft WRG warm	18.8
2021-03-11 04:22:48.0	Ana1 - 1: T.Au?en	3.0
2021-03-11 04:22:48.0	Ana2 - 2: T.Zuluft	13.6
2021-03-11 04:22:48.0	Ana3 - 3: T.Abluft	19.5
2021-03-11 04:22:48.0	Ana4 - 4: T.Fortluft	11.2
2021-03-11 04:22:48.0	Ana5 - 5: T.Raum	9999.9
2021-03-11 04:22:48.0	Ana9 - 9: T.Zuluft WRG warm	18.8
2021-03-11 04:22:58.0	Ana1 - 1: T.Au?en	3.0
2021-03-11 04:22:58.0	Ana2 - 2: T.Zuluft	13.6
2021-03-11 04:22:58.0	Ana3 - 3: T.Abluft	19.5
2021-03-11 04:22:58.0	Ana4 - 4: T.Fortluft	11.2
2021-03-11 04:22:58.0	Ana5 - 5: T.Raum	9999.9
2021-03-11 04:22:58.0	Ana9 - 9: T.Zuluft WRG warm	18.8
2021-03-11 04:23:08.0	Ana1 - 1: T.Au?en	3.0
2021-03-11 04:23:08.0	Ana2 - 2: T.Zuluft	13.6
2021-03-11 04:23:08.0	Ana3 - 3: T.Abluft	19.5
2021-03-11 04:23:08.0	Ana4 - 4: T.Fortluft	11.2
2021-03-11 04:23:08.0	Ana5 - 5: T.Raum	9999.9
2021-03-11 04:23:08.0	Ana9 - 9: T.Zuluft WRG warm	18.8
2021-03-11 04:23:18.0	Ana1 - 1: T.Au?en	3.0
2021-03-11 04:23:18.0	Ana2 - 2: T.Zuluft	13.6
2021-03-11 04:23:18.0	Ana3 - 3: T.Abluft	19.5
2021-03-11 04:23:18.0	Ana4 - 4: T.Fortluft	11.2
2021-03-11 04:23:18.0	Ana5 - 5: T.Raum	9999.9
2021-03-11 04:23:18.0	Ana9 - 9: T.Zuluft WRG warm	18.8
2021-03-11 04:23:28.0	Ana1 - 1: T.Au?en	3.0
2021-03-11 04:23:28.0	Ana2 - 2: T.Zuluft	13.6
2021-03-11 04:23:28.0	Ana3 - 3: T.Abluft	19.5
2021-03-11 04:23:28.0	Ana4 - 4: T.Fortluft	11.2
2021-03-11 04:23:28.0	Ana5 - 5: T.Raum	9999.9
2021-03-11 04:23:28.0	Ana9 - 9: T.Zuluft WRG warm	18.8
2021-03-11 04:23:38.0	Ana1 - 1: T.Au?en	3.0
2021-03-11 04:23:38.0	Ana2 - 2: T.Zuluft	13.6
2021-03-11 04:23:38.0	Ana3 - 3: T.Abluft	19.5
2021-03-11 04:23:38.0	Ana4 - 4: T.Fortluft	11.2
2021-03-11 04:23:38.0	Ana5 - 5: T.Raum	9999.9
2021-03-11 04:23:38.0	Ana9 - 9: T.Zuluft WRG warm	18.8
2021-03-11 04:23:48.0	Ana1 - 1: T.Au?en	3.0
2021-03-11 04:23:48.0	Ana2 - 2: T.Zuluft	13.6
2021-03-11 04:23:48.0	Ana3 - 3: T.Abluft	19.5
2021-03-11 04:23:48.0	Ana4 - 4: T.Fortluft	11.2
2021-03-11 04:23:48.0	Ana5 - 5: T.Raum	9999.9
2021-03-11 04:23:48.0	Ana9 - 9: T.Zuluft WRG warm	18.8
2021-03-11 04:23:58.0	Ana1 - 1: T.Au?en	3.0
2021-03-11 04:23:58.0	Ana2 - 2: T.Zuluft	13.6
2021-03-11 04:23:58.0	Ana3 - 3: T.Abluft	19.5
2021-03-11 04:23:58.0	Ana4 - 4: T.Fortluft	11.2
2021-03-11 04:23:58.0	Ana5 - 5: T.Raum	9999.9
2021-03-11 04:23:58.0	Ana9 - 9: T.Zuluft WRG warm	18.8
2021-03-11 04:24:08.0	Ana1 - 1: T.Au?en	3.0
2021-03-11 04:24:08.0	Ana2 - 2: T.Zuluft	13.6
2021-03-11 04:24:08.0	Ana3 - 3: T.Abluft	19.5
2021-03-11 04:24:08.0	Ana4 - 4: T.Fortluft	11.2
2021-03-11 04:24:08.0	Ana5 - 5: T.Raum	9999.9
2021-03-11 04:24:08.0	Ana9 - 9: T.Zuluft WRG warm	18.8
2021-03-11 04:24:18.0	Ana1 - 1: T.Au?en	3.0
2021-03-11 04:24:18.0	Ana2 - 2: T.Zuluft	13.6
2021-03-11 04:24:18.0	Ana3 - 3: T.Abluft	19.5
2021-03-11 04:24:18.0	Ana4 - 4: T.Fortluft	11.2
2021-03-11 04:24:18.0	Ana5 - 5: T.Raum	9999.9
2021-03-11 04:24:18.0	Ana9 - 9: T.Zuluft WRG warm	18.8
2021-03-11 04:24:28.0	Ana1 - 1: T.Au?en	3.0
2021-03-11 04:24:28.0	Ana2 - 2: T.Zuluft	13.6
2021-03-11 04:24:28.0	Ana3 - 3: T.Abluft	19.5
2021-03-11 04:24:28.0	Ana4 - 4: T.Fortluft	11.2
2021-03-11 04:24:28.0	Ana5 - 5: T.Raum	9999.9
2021-03-11 04:24:28.0	Ana9 - 9: T.Zuluft WRG warm	18.8
2021-03-11 04:24:38.0	Ana1 - 1: T.Au?en	3.0
2021-03-11 04:24:38.0	Ana2 - 2: T.Zuluft	13.6
2021-03-11 04:24:38.0	Ana3 - 3: T.Abluft	19.5
2021-03-11 04:24:38.0	Ana4 - 4: T.Fortluft	11.2
2021-03-11 04:24:38.0	Ana5 - 5: T.Raum	9999.9
2021-03-11 04:24:38.0	Ana9 - 9: T.Zuluft WRG warm	18.8
2021-03-11 04:24:48.0	Ana1 - 1: T.Au?en	3.0
2021-03-11 04:24:48.0	Ana2 - 2: T.Zuluft	13.6
2021-03-11 04:24:48.0	Ana3 - 3: T.Abluft	19.5
2021-03-11 04:24:48.0	Ana4 - 4: T.Fortluft	11.2
2021-03-11 04:24:48.0	Ana5 - 5: T.Raum	9999.9
2021-03-11 04:24:48.0	Ana9 - 9: T.Zuluft WRG warm	18.8
2021-03-11 04:24:58.0	Ana1 - 1: T.Au?en	3.0
2021-03-11 04:24:58.0	Ana2 - 2: T.Zuluft	13.6
2021-03-11 04:24:58.0	Ana3 - 3: T.Abluft	19.5
2021-03-11 04:24:58.0	Ana4 - 4: T.Fortluft	11.2
2021-03-11 04:24:58.0	Ana5 - 5: T.Raum	9999.9
2021-03-11 04:24:58.0	Ana9 - 9: T.Zuluft WRG warm	18.8
2021-03-11 04:25:08.0	Ana1 - 1: T.Au?en	2.9
2021-03-11 04:25:08.0	Ana2 - 2: T.Zuluft	13.6
2021-03-11 04:25:08.0	Ana3 - 3: T.Abluft	19.5
2021-03-11 04:25:08.0	Ana4 - 4: T.Fortluft	11.2
2021-03-11 04:25:08.0	Ana5 - 5: T.Raum	9999.9
2021-03-11 04:25:08.0	Ana9 - 9: T.Zuluft WRG warm	18.8
2021-03-11 04:25:18.0	Ana1 - 1: T.Au?en	2.9
2021-03-11 04:25:18.0	Ana2 - 2: T.Zuluft	13.6
2021-03-11 04:25:18.0	Ana3 - 3: T.Abluft	19.5
2021-03-11 04:25:18.0	Ana4 - 4: T.Fortluft	11.2
2021-03-11 04:25:18.0	Ana5 - 5: T.Raum	9999.9
2021-03-11 04:25:18.0	Ana9 - 9: T.Zuluft WRG warm	18.8
2021-03-11 04:25:28.0	Ana1 - 1: T.Au?en	2.9
2021-03-11 04:25:28.0	Ana2 - 2: T.Zuluft	13.6
2021-03-11 04:25:28.0	Ana3 - 3: T.Abluft	19.5
2021-03-11 04:25:28.0	Ana4 - 4: T.Fortluft	11.2
2021-03-11 04:25:28.0	Ana5 - 5: T.Raum	9999.9
2021-03-11 04:25:28.0	Ana9 - 9: T.Zuluft WRG warm	18.8
2021-03-11 04:25:38.0	Ana1 - 1: T.Au?en	2.9
2021-03-11 04:25:38.0	Ana2 - 2: T.Zuluft	13.6
2021-03-11 04:25:38.0	Ana3 - 3: T.Abluft	19.5
2021-03-11 04:25:38.0	Ana4 - 4: T.Fortluft	11.2
2021-03-11 04:25:38.0	Ana5 - 5: T.Raum	9999.9
2021-03-11 04:25:38.0	Ana9 - 9: T.Zuluft WRG warm	18.8
2021-03-11 04:25:48.0	Ana1 - 1: T.Au?en	2.9
2021-03-11 04:25:48.0	Ana2 - 2: T.Zuluft	13.6
2021-03-11 04:25:48.0	Ana3 - 3: T.Abluft	19.5
2021-03-11 04:25:48.0	Ana4 - 4: T.Fortluft	11.2
2021-03-11 04:25:48.0	Ana5 - 5: T.Raum	9999.9
2021-03-11 04:25:48.0	Ana9 - 9: T.Zuluft WRG warm	18.8
2021-03-11 04:25:58.0	Ana1 - 1: T.Au?en	2.9
2021-03-11 04:25:58.0	Ana2 - 2: T.Zuluft	13.6
2021-03-11 04:25:58.0	Ana3 - 3: T.Abluft	19.5
2021-03-11 04:25:58.0	Ana4 - 4: T.Fortluft	11.2
2021-03-11 04:25:58.0	Ana5 - 5: T.Raum	9999.9
2021-03-11 04:25:58.0	Ana9 - 9: T.Zuluft WRG warm	18.8
2021-03-11 04:26:08.0	Ana1 - 1: T.Au?en	2.8
2021-03-11 04:26:08.0	Ana2 - 2: T.Zuluft	13.6
2021-03-11 04:26:08.0	Ana3 - 3: T.Abluft	19.5
2021-03-11 04:26:08.0	Ana4 - 4: T.Fortluft	11.2
2021-03-11 04:26:08.0	Ana5 - 5: T.Raum	9999.9
2021-03-11 04:26:08.0	Ana9 - 9: T.Zuluft WRG warm	18.8
2021-03-11 04:26:18.0	Ana1 - 1: T.Au?en	2.8
2021-03-11 04:26:18.0	Ana2 - 2: T.Zuluft	13.6
2021-03-11 04:26:18.0	Ana3 - 3: T.Abluft	19.5
2021-03-11 04:26:18.0	Ana4 - 4: T.Fortluft	11.2
2021-03-11 04:26:18.0	Ana5 - 5: T.Raum	9999.9
2021-03-11 04:26:18.0	Ana9 - 9: T.Zuluft WRG warm	18.8
2021-03-11 04:26:28.0	Ana1 - 1: T.Au?en	2.9
2021-03-11 04:26:28.0	Ana2 - 2: T.Zuluft	13.6
2021-03-11 04:26:28.0	Ana3 - 3: T.Abluft	19.5
2021-03-11 04:26:28.0	Ana4 - 4: T.Fortluft	11.2
2021-03-11 04:26:28.0	Ana5 - 5: T.Raum	9999.9
2021-03-11 04:26:28.0	Ana9 - 9: T.Zuluft WRG warm	18.8
2021-03-11 04:26:38.0	Ana1 - 1: T.Au?en	2.9
2021-03-11 04:26:38.0	Ana2 - 2: T.Zuluft	13.6
2021-03-11 04:26:38.0	Ana3 - 3: T.Abluft	19.5
2021-03-11 04:26:38.0	Ana4 - 4: T.Fortluft	11.2
2021-03-11 04:26:38.0	Ana5 - 5: T.Raum	9999.9
2021-03-11 04:26:38.0	Ana9 - 9: T.Zuluft WRG warm	18.8
2021-03-11 04:26:48.0	Ana1 - 1: T.Au?en	2.9
2021-03-11 04:26:48.0	Ana2 - 2: T.Zuluft	13.6
2021-03-11 04:26:48.0	Ana3 - 3: T.Abluft	19.5
2021-03-11 04:26:48.0	Ana4 - 4: T.Fortluft	11.2
2021-03-11 04:26:48.0	Ana5 - 5: T.Raum	9999.9
2021-03-11 04:26:48.0	Ana9 - 9: T.Zuluft WRG warm	18.8
2021-03-11 04:26:58.0	Ana1 - 1: T.Au?en	2.9
2021-03-11 04:26:58.0	Ana2 - 2: T.Zuluft	13.6
2021-03-11 04:26:58.0	Ana3 - 3: T.Abluft	19.5
2021-03-11 04:26:58.0	Ana4 - 4: T.Fortluft	11.2
2021-03-11 04:26:58.0	Ana5 - 5: T.Raum	9999.9
2021-03-11 04:26:58.0	Ana9 - 9: T.Zuluft WRG warm	18.8
2021-03-11 04:27:08.0	Ana1 - 1: T.Au?en	2.9
2021-03-11 04:27:08.0	Ana2 - 2: T.Zuluft	13.6
2021-03-11 04:27:08.0	Ana3 - 3: T.Abluft	19.5
2021-03-11 04:27:08.0	Ana4 - 4: T.Fortluft	11.2
2021-03-11 04:27:08.0	Ana5 - 5: T.Raum	9999.9
2021-03-11 04:27:08.0	Ana9 - 9: T.Zuluft WRG warm	18.8
2021-03-11 04:27:18.0	Ana1 - 1: T.Au?en	2.9
2021-03-11 04:27:18.0	Ana2 - 2: T.Zuluft	13.6
2021-03-11 04:27:18.0	Ana3 - 3: T.Abluft	19.5
2021-03-11 04:27:18.0	Ana4 - 4: T.Fortluft	11.2
2021-03-11 04:27:18.0	Ana5 - 5: T.Raum	9999.9
2021-03-11 04:27:18.0	Ana9 - 9: T.Zuluft WRG warm	18.8
2021-03-11 04:27:28.0	Ana1 - 1: T.Au?en	2.8
2021-03-11 04:27:28.0	Ana2 - 2: T.Zuluft	13.6
2021-03-11 04:27:28.0	Ana3 - 3: T.Abluft	19.5
2021-03-11 04:27:28.0	Ana4 - 4: T.Fortluft	11.2
2021-03-11 04:27:28.0	Ana5 - 5: T.Raum	9999.9
2021-03-11 04:27:28.0	Ana9 - 9: T.Zuluft WRG warm	18.8
2021-03-11 04:27:38.0	Ana1 - 1: T.Au?en	2.8
2021-03-11 04:27:38.0	Ana2 - 2: T.Zuluft	13.6
2021-03-11 04:27:38.0	Ana3 - 3: T.Abluft	19.5
2021-03-11 04:27:38.0	Ana4 - 4: T.Fortluft	11.2
2021-03-11 04:27:38.0	Ana5 - 5: T.Raum	9999.9
2021-03-11 04:27:38.0	Ana9 - 9: T.Zuluft WRG warm	18.8
2021-03-11 04:27:48.0	Ana1 - 1: T.Au?en	2.8
2021-03-11 04:27:48.0	Ana2 - 2: T.Zuluft	13.6
2021-03-11 04:27:48.0	Ana3 - 3: T.Abluft	19.5
2021-03-11 04:27:48.0	Ana4 - 4: T.Fortluft	11.2
2021-03-11 04:27:48.0	Ana5 - 5: T.Raum	9999.9
2021-03-11 04:27:48.0	Ana9 - 9: T.Zuluft WRG warm	18.8
2021-03-11 04:27:58.0	Ana1 - 1: T.Au?en	2.8
2021-03-11 04:27:58.0	Ana2 - 2: T.Zuluft	13.6
2021-03-11 04:27:58.0	Ana3 - 3: T.Abluft	19.5
2021-03-11 04:27:58.0	Ana4 - 4: T.Fortluft	11.2
2021-03-11 04:27:58.0	Ana5 - 5: T.Raum	9999.9
2021-03-11 04:27:58.0	Ana9 - 9: T.Zuluft WRG warm	18.8
2021-03-11 04:28:08.0	Ana1 - 1: T.Au?en	2.8
2021-03-11 04:28:08.0	Ana2 - 2: T.Zuluft	13.6
2021-03-11 04:28:08.0	Ana3 - 3: T.Abluft	19.5
2021-03-11 04:28:08.0	Ana4 - 4: T.Fortluft	11.2
2021-03-11 04:28:08.0	Ana5 - 5: T.Raum	9999.9
2021-03-11 04:28:08.0	Ana9 - 9: T.Zuluft WRG warm	18.8
2021-03-11 04:28:18.0	Ana1 - 1: T.Au?en	2.8
2021-03-11 04:28:18.0	Ana2 - 2: T.Zuluft	13.6
2021-03-11 04:28:18.0	Ana3 - 3: T.Abluft	19.5
2021-03-11 04:28:18.0	Ana4 - 4: T.Fortluft	11.2
2021-03-11 04:28:18.0	Ana5 - 5: T.Raum	9999.9
2021-03-11 04:28:18.0	Ana9 - 9: T.Zuluft WRG warm	18.8
2021-03-11 04:28:28.0	Ana1 - 1: T.Au?en	2.8
2021-03-11 04:28:28.0	Ana2 - 2: T.Zuluft	13.6
2021-03-11 04:28:28.0	Ana3 - 3: T.Abluft	19.5
2021-03-11 04:28:28.0	Ana4 - 4: T.Fortluft	11.2
2021-03-11 04:28:28.0	Ana5 - 5: T.Raum	9999.9
2021-03-11 04:28:28.0	Ana9 - 9: T.Zuluft WRG warm	18.8
2021-03-11 04:28:38.0	Ana1 - 1: T.Au?en	2.8
2021-03-11 04:28:38.0	Ana2 - 2: T.Zuluft	13.6
2021-03-11 04:28:38.0	Ana3 - 3: T.Abluft	19.5
2021-03-11 04:28:38.0	Ana4 - 4: T.Fortluft	11.2
2021-03-11 04:28:38.0	Ana5 - 5: T.Raum	9999.9
2021-03-11 04:28:38.0	Ana9 - 9: T.Zuluft WRG warm	18.8
2021-03-11 04:28:48.0	Ana1 - 1: T.Au?en	2.8
2021-03-11 04:28:48.0	Ana2 - 2: T.Zuluft	13.6
2021-03-11 04:28:48.0	Ana3 - 3: T.Abluft	19.5
2021-03-11 04:28:48.0	Ana4 - 4: T.Fortluft	11.2
2021-03-11 04:28:48.0	Ana5 - 5: T.Raum	9999.9
2021-03-11 04:28:48.0	Ana9 - 9: T.Zuluft WRG warm	18.8
2021-03-11 04:28:58.0	Ana1 - 1: T.Au?en	2.8
2021-03-11 04:28:58.0	Ana2 - 2: T.Zuluft	13.6
2021-03-11 04:28:58.0	Ana3 - 3: T.Abluft	19.5
2021-03-11 04:28:58.0	Ana4 - 4: T.Fortluft	11.2
2021-03-11 04:28:58.0	Ana5 - 5: T.Raum	9999.9
2021-03-11 04:28:58.0	Ana9 - 9: T.Zuluft WRG warm	18.8
2021-03-11 04:29:08.0	Ana1 - 1: T.Au?en	2.8
2021-03-11 04:29:08.0	Ana2 - 2: T.Zuluft	13.6
2021-03-11 04:29:08.0	Ana3 - 3: T.Abluft	19.5
2021-03-11 04:29:08.0	Ana4 - 4: T.Fortluft	11.2
2021-03-11 04:29:08.0	Ana5 - 5: T.Raum	9999.9
2021-03-11 04:29:08.0	Ana9 - 9: T.Zuluft WRG warm	18.8
2021-03-11 04:29:18.0	Ana1 - 1: T.Au?en	2.8
2021-03-11 04:29:18.0	Ana2 - 2: T.Zuluft	13.6
2021-03-11 04:29:18.0	Ana3 - 3: T.Abluft	19.5
2021-03-11 04:29:18.0	Ana4 - 4: T.Fortluft	11.2
2021-03-11 04:29:18.0	Ana5 - 5: T.Raum	9999.9
2021-03-11 04:29:18.0	Ana9 - 9: T.Zuluft WRG warm	18.8
2021-03-11 04:29:28.0	Ana1 - 1: T.Au?en	2.8
2021-03-11 04:29:28.0	Ana2 - 2: T.Zuluft	13.6
2021-03-11 04:29:28.0	Ana3 - 3: T.Abluft	19.5
2021-03-11 04:29:28.0	Ana4 - 4: T.Fortluft	11.2
2021-03-11 04:29:28.0	Ana5 - 5: T.Raum	9999.9
2021-03-11 04:29:28.0	Ana9 - 9: T.Zuluft WRG warm	18.8
2021-03-11 04:29:38.0	Ana1 - 1: T.Au?en	2.8
2021-03-11 04:29:38.0	Ana2 - 2: T.Zuluft	13.6
2021-03-11 04:29:38.0	Ana3 - 3: T.Abluft	19.5
2021-03-11 04:29:38.0	Ana4 - 4: T.Fortluft	11.2
2021-03-11 04:29:38.0	Ana5 - 5: T.Raum	9999.9
2021-03-11 04:29:38.0	Ana9 - 9: T.Zuluft WRG warm	18.8
2021-03-11 04:29:48.0	Ana1 - 1: T.Au?en	2.8
2021-03-11 04:29:48.0	Ana2 - 2: T.Zuluft	13.6
2021-03-11 04:29:48.0	Ana3 - 3: T.Abluft	19.5
2021-03-11 04:29:48.0	Ana4 - 4: T.Fortluft	11.2
2021-03-11 04:29:48.0	Ana5 - 5: T.Raum	9999.9
2021-03-11 04:29:48.0	Ana9 - 9: T.Zuluft WRG warm	18.8
2021-03-11 04:29:58.0	Ana1 - 1: T.Au?en	2.8
2021-03-11 04:29:58.0	Ana2 - 2: T.Zuluft	13.6
2021-03-11 04:29:58.0	Ana3 - 3: T.Abluft	19.5
2021-03-11 04:29:58.0	Ana4 - 4: T.Fortluft	11.2
2021-03-11 04:29:58.0	Ana5 - 5: T.Raum	9999.9
2021-03-11 04:29:58.0	Ana9 - 9: T.Zuluft WRG warm	18.8
2021-03-11 04:30:08.0	Ana1 - 1: T.Au?en	2.8
2021-03-11 04:30:08.0	Ana2 - 2: T.Zuluft	13.6
2021-03-11 04:30:08.0	Ana3 - 3: T.Abluft	19.5
2021-03-11 04:30:08.0	Ana4 - 4: T.Fortluft	11.2
2021-03-11 04:30:08.0	Ana5 - 5: T.Raum	9999.9
2021-03-11 04:30:08.0	Ana9 - 9: T.Zuluft WRG warm	18.8
2021-03-11 04:30:18.0	Ana1 - 1: T.Au?en	2.8
2021-03-11 04:30:18.0	Ana2 - 2: T.Zuluft	13.6
2021-03-11 04:30:18.0	Ana3 - 3: T.Abluft	19.5
2021-03-11 04:30:18.0	Ana4 - 4: T.Fortluft	11.2
2021-03-11 04:30:18.0	Ana5 - 5: T.Raum	9999.9
2021-03-11 04:30:18.0	Ana9 - 9: T.Zuluft WRG warm	18.8
2021-03-11 04:30:28.0	Ana1 - 1: T.Au?en	2.8
2021-03-11 04:30:28.0	Ana2 - 2: T.Zuluft	13.6
2021-03-11 04:30:28.0	Ana3 - 3: T.Abluft	19.5
2021-03-11 04:30:28.0	Ana4 - 4: T.Fortluft	11.2
2021-03-11 04:30:28.0	Ana5 - 5: T.Raum	9999.9
2021-03-11 04:30:28.0	Ana9 - 9: T.Zuluft WRG warm	18.8
2021-03-11 04:30:38.0	Ana1 - 1: T.Au?en	2.8
2021-03-11 04:30:38.0	Ana2 - 2: T.Zuluft	13.6
2021-03-11 04:30:38.0	Ana3 - 3: T.Abluft	19.5
2021-03-11 04:30:38.0	Ana4 - 4: T.Fortluft	11.2
2021-03-11 04:30:38.0	Ana5 - 5: T.Raum	9999.9
2021-03-11 04:30:38.0	Ana9 - 9: T.Zuluft WRG warm	18.8
2021-03-11 04:30:48.0	Ana1 - 1: T.Au?en	2.8
2021-03-11 04:30:48.0	Ana2 - 2: T.Zuluft	13.6
2021-03-11 04:30:48.0	Ana3 - 3: T.Abluft	19.5
2021-03-11 04:30:48.0	Ana4 - 4: T.Fortluft	11.2
2021-03-11 04:30:48.0	Ana5 - 5: T.Raum	9999.9
2021-03-11 04:30:48.0	Ana9 - 9: T.Zuluft WRG warm	18.8
2021-03-11 04:30:58.0	Ana1 - 1: T.Au?en	2.8
2021-03-11 04:30:58.0	Ana2 - 2: T.Zuluft	13.6
2021-03-11 04:30:58.0	Ana3 - 3: T.Abluft	19.5
2021-03-11 04:30:58.0	Ana4 - 4: T.Fortluft	11.2
2021-03-11 04:30:58.0	Ana5 - 5: T.Raum	9999.9
2021-03-11 04:30:58.0	Ana9 - 9: T.Zuluft WRG warm	18.8
2021-03-11 04:31:08.0	Ana1 - 1: T.Au?en	2.9
2021-03-11 04:31:08.0	Ana2 - 2: T.Zuluft	13.6
2021-03-11 04:31:08.0	Ana3 - 3: T.Abluft	19.5
2021-03-11 04:31:08.0	Ana4 - 4: T.Fortluft	11.2
2021-03-11 04:31:08.0	Ana5 - 5: T.Raum	9999.9
2021-03-11 04:31:08.0	Ana9 - 9: T.Zuluft WRG warm	18.8
2021-03-11 04:31:18.0	Ana1 - 1: T.Au?en	2.9
2021-03-11 04:31:18.0	Ana2 - 2: T.Zuluft	13.6
2021-03-11 04:31:18.0	Ana3 - 3: T.Abluft	19.5
2021-03-11 04:31:18.0	Ana4 - 4: T.Fortluft	11.2
2021-03-11 04:31:18.0	Ana5 - 5: T.Raum	9999.9
2021-03-11 04:31:18.0	Ana9 - 9: T.Zuluft WRG warm	18.8
2021-03-11 04:31:28.0	Ana1 - 1: T.Au?en	2.8
2021-03-11 04:31:28.0	Ana2 - 2: T.Zuluft	13.6
2021-03-11 04:31:28.0	Ana3 - 3: T.Abluft	19.5
2021-03-11 04:31:28.0	Ana4 - 4: T.Fortluft	11.2
2021-03-11 04:31:28.0	Ana5 - 5: T.Raum	9999.9
2021-03-11 04:31:28.0	Ana9 - 9: T.Zuluft WRG warm	18.8
2021-03-11 04:31:38.0	Ana1 - 1: T.Au?en	2.8
2021-03-11 04:31:38.0	Ana2 - 2: T.Zuluft	13.6
2021-03-11 04:31:38.0	Ana3 - 3: T.Abluft	19.5
2021-03-11 04:31:38.0	Ana4 - 4: T.Fortluft	11.2
2021-03-11 04:31:38.0	Ana5 - 5: T.Raum	9999.9
2021-03-11 04:31:38.0	Ana9 - 9: T.Zuluft WRG warm	18.8
2021-03-11 04:31:48.0	Ana1 - 1: T.Au?en	2.9
2021-03-11 04:31:48.0	Ana2 - 2: T.Zuluft	13.6
2021-03-11 04:31:48.0	Ana3 - 3: T.Abluft	19.5
2021-03-11 04:31:48.0	Ana4 - 4: T.Fortluft	11.2
2021-03-11 04:31:48.0	Ana5 - 5: T.Raum	9999.9
2021-03-11 04:31:48.0	Ana9 - 9: T.Zuluft WRG warm	18.8
2021-03-11 04:31:58.0	Ana1 - 1: T.Au?en	2.9
2021-03-11 04:31:58.0	Ana2 - 2: T.Zuluft	13.6
2021-03-11 04:31:58.0	Ana3 - 3: T.Abluft	19.5
2021-03-11 04:31:58.0	Ana4 - 4: T.Fortluft	11.2
2021-03-11 04:31:58.0	Ana5 - 5: T.Raum	9999.9
2021-03-11 04:31:58.0	Ana9 - 9: T.Zuluft WRG warm	18.8
2021-03-11 04:32:08.0	Ana1 - 1: T.Au?en	2.9
2021-03-11 04:32:08.0	Ana2 - 2: T.Zuluft	13.6
2021-03-11 04:32:08.0	Ana3 - 3: T.Abluft	19.5
2021-03-11 04:32:08.0	Ana4 - 4: T.Fortluft	11.2
2021-03-11 04:32:08.0	Ana5 - 5: T.Raum	9999.9
2021-03-11 04:32:08.0	Ana9 - 9: T.Zuluft WRG warm	18.8
2021-03-11 04:32:18.0	Ana1 - 1: T.Au?en	2.9
2021-03-11 04:32:18.0	Ana2 - 2: T.Zuluft	13.6
2021-03-11 04:32:18.0	Ana3 - 3: T.Abluft	19.5
2021-03-11 04:32:18.0	Ana4 - 4: T.Fortluft	11.2
2021-03-11 04:32:18.0	Ana5 - 5: T.Raum	9999.9
2021-03-11 04:32:18.0	Ana9 - 9: T.Zuluft WRG warm	18.8
2021-03-11 04:32:28.0	Ana1 - 1: T.Au?en	2.8
2021-03-11 04:32:28.0	Ana2 - 2: T.Zuluft	13.6
2021-03-11 04:32:28.0	Ana3 - 3: T.Abluft	19.5
2021-03-11 04:32:28.0	Ana4 - 4: T.Fortluft	11.2
2021-03-11 04:32:28.0	Ana5 - 5: T.Raum	9999.9
2021-03-11 04:32:28.0	Ana9 - 9: T.Zuluft WRG warm	18.8
2021-03-11 04:32:38.0	Ana1 - 1: T.Au?en	2.8
2021-03-11 04:32:38.0	Ana2 - 2: T.Zuluft	13.6
2021-03-11 04:32:38.0	Ana3 - 3: T.Abluft	19.5
2021-03-11 04:32:38.0	Ana4 - 4: T.Fortluft	11.2
2021-03-11 04:32:38.0	Ana5 - 5: T.Raum	9999.9
2021-03-11 04:32:38.0	Ana9 - 9: T.Zuluft WRG warm	18.8
2021-03-11 04:32:48.0	Ana1 - 1: T.Au?en	2.8
2021-03-11 04:32:48.0	Ana2 - 2: T.Zuluft	13.6
2021-03-11 04:32:48.0	Ana3 - 3: T.Abluft	19.5
2021-03-11 04:32:48.0	Ana4 - 4: T.Fortluft	11.2
2021-03-11 04:32:48.0	Ana5 - 5: T.Raum	9999.9
2021-03-11 04:32:48.0	Ana9 - 9: T.Zuluft WRG warm	18.8
2021-03-11 04:32:58.0	Ana1 - 1: T.Au?en	2.8
2021-03-11 04:32:58.0	Ana2 - 2: T.Zuluft	13.6
2021-03-11 04:32:58.0	Ana3 - 3: T.Abluft	19.5
2021-03-11 04:32:58.0	Ana4 - 4: T.Fortluft	11.2
2021-03-11 04:32:58.0	Ana5 - 5: T.Raum	9999.9
2021-03-11 04:32:58.0	Ana9 - 9: T.Zuluft WRG warm	18.8
2021-03-11 04:33:08.0	Ana1 - 1: T.Au?en	2.8
2021-03-11 04:33:08.0	Ana2 - 2: T.Zuluft	13.6
2021-03-11 04:33:08.0	Ana3 - 3: T.Abluft	19.5
2021-03-11 04:33:08.0	Ana4 - 4: T.Fortluft	11.2
2021-03-11 04:33:08.0	Ana5 - 5: T.Raum	9999.9
2021-03-11 04:33:08.0	Ana9 - 9: T.Zuluft WRG warm	18.8
2021-03-11 04:33:18.0	Ana1 - 1: T.Au?en	2.8
2021-03-11 04:33:18.0	Ana2 - 2: T.Zuluft	13.6
2021-03-11 04:33:18.0	Ana3 - 3: T.Abluft	19.5
2021-03-11 04:33:18.0	Ana4 - 4: T.Fortluft	11.2
2021-03-11 04:33:18.0	Ana5 - 5: T.Raum	9999.9
2021-03-11 04:33:18.0	Ana9 - 9: T.Zuluft WRG warm	18.8
2021-03-11 04:33:28.0	Ana1 - 1: T.Au?en	2.8
2021-03-11 04:33:28.0	Ana2 - 2: T.Zuluft	13.6
2021-03-11 04:33:28.0	Ana3 - 3: T.Abluft	19.5
2021-03-11 04:33:28.0	Ana4 - 4: T.Fortluft	11.2
2021-03-11 04:33:28.0	Ana5 - 5: T.Raum	9999.9
2021-03-11 04:33:28.0	Ana9 - 9: T.Zuluft WRG warm	18.8
2021-03-11 04:33:38.0	Ana1 - 1: T.Au?en	2.8
2021-03-11 04:33:38.0	Ana2 - 2: T.Zuluft	13.6
2021-03-11 04:33:38.0	Ana3 - 3: T.Abluft	19.5
2021-03-11 04:33:38.0	Ana4 - 4: T.Fortluft	11.2
2021-03-11 04:33:38.0	Ana5 - 5: T.Raum	9999.9
2021-03-11 04:33:38.0	Ana9 - 9: T.Zuluft WRG warm	18.8
2021-03-11 04:33:48.0	Ana1 - 1: T.Au?en	2.8
2021-03-11 04:33:48.0	Ana2 - 2: T.Zuluft	13.6
2021-03-11 04:33:48.0	Ana3 - 3: T.Abluft	19.5
2021-03-11 04:33:48.0	Ana4 - 4: T.Fortluft	11.2
2021-03-11 04:33:48.0	Ana5 - 5: T.Raum	9999.9
2021-03-11 04:33:48.0	Ana9 - 9: T.Zuluft WRG warm	18.8
2021-03-11 04:33:58.0	Ana1 - 1: T.Au?en	2.8
2021-03-11 04:33:58.0	Ana2 - 2: T.Zuluft	13.6
2021-03-11 04:33:58.0	Ana3 - 3: T.Abluft	19.5
2021-03-11 04:33:58.0	Ana4 - 4: T.Fortluft	11.2
2021-03-11 04:33:58.0	Ana5 - 5: T.Raum	9999.9
2021-03-11 04:33:58.0	Ana9 - 9: T.Zuluft WRG warm	18.8
2021-03-11 04:34:08.0	Ana1 - 1: T.Au?en	2.9
2021-03-11 04:34:08.0	Ana2 - 2: T.Zuluft	13.6
2021-03-11 04:34:08.0	Ana3 - 3: T.Abluft	19.5
2021-03-11 04:34:08.0	Ana4 - 4: T.Fortluft	11.2
2021-03-11 04:34:08.0	Ana5 - 5: T.Raum	9999.9
2021-03-11 04:34:08.0	Ana9 - 9: T.Zuluft WRG warm	18.8
2021-03-11 04:34:18.0	Ana1 - 1: T.Au?en	2.9
2021-03-11 04:34:18.0	Ana2 - 2: T.Zuluft	13.6
2021-03-11 04:34:18.0	Ana3 - 3: T.Abluft	19.5
2021-03-11 04:34:18.0	Ana4 - 4: T.Fortluft	11.2
2021-03-11 04:34:18.0	Ana5 - 5: T.Raum	9999.9
2021-03-11 04:34:18.0	Ana9 - 9: T.Zuluft WRG warm	18.8
2021-03-11 04:34:28.0	Ana1 - 1: T.Au?en	2.9
2021-03-11 04:34:28.0	Ana2 - 2: T.Zuluft	13.6
2021-03-11 04:34:28.0	Ana3 - 3: T.Abluft	19.5
2021-03-11 04:34:28.0	Ana4 - 4: T.Fortluft	11.2
2021-03-11 04:34:28.0	Ana5 - 5: T.Raum	9999.9
2021-03-11 04:34:28.0	Ana9 - 9: T.Zuluft WRG warm	18.8
2021-03-11 04:34:38.0	Ana1 - 1: T.Au?en	2.9
2021-03-11 04:34:38.0	Ana2 - 2: T.Zuluft	13.6
2021-03-11 04:34:38.0	Ana3 - 3: T.Abluft	19.5
2021-03-11 04:34:38.0	Ana4 - 4: T.Fortluft	11.2
2021-03-11 04:34:38.0	Ana5 - 5: T.Raum	9999.9
2021-03-11 04:34:38.0	Ana9 - 9: T.Zuluft WRG warm	18.8
2021-03-11 04:34:48.0	Ana1 - 1: T.Au?en	2.9
2021-03-11 04:34:48.0	Ana2 - 2: T.Zuluft	13.6
2021-03-11 04:34:48.0	Ana3 - 3: T.Abluft	19.5
2021-03-11 04:34:48.0	Ana4 - 4: T.Fortluft	11.2
2021-03-11 04:34:48.0	Ana5 - 5: T.Raum	9999.9
2021-03-11 04:34:48.0	Ana9 - 9: T.Zuluft WRG warm	18.8
2021-03-11 04:34:58.0	Ana1 - 1: T.Au?en	2.9
2021-03-11 04:34:58.0	Ana2 - 2: T.Zuluft	13.6
2021-03-11 04:34:58.0	Ana3 - 3: T.Abluft	19.5
2021-03-11 04:34:58.0	Ana4 - 4: T.Fortluft	11.2
2021-03-11 04:34:58.0	Ana5 - 5: T.Raum	9999.9
2021-03-11 04:34:58.0	Ana9 - 9: T.Zuluft WRG warm	18.8
2021-03-11 04:35:08.0	Ana1 - 1: T.Au?en	2.9
2021-03-11 04:35:08.0	Ana2 - 2: T.Zuluft	13.6
2021-03-11 04:35:08.0	Ana3 - 3: T.Abluft	19.5
2021-03-11 04:35:08.0	Ana4 - 4: T.Fortluft	11.2
2021-03-11 04:35:08.0	Ana5 - 5: T.Raum	9999.9
2021-03-11 04:35:08.0	Ana9 - 9: T.Zuluft WRG warm	18.8
2021-03-11 04:35:18.0	Ana1 - 1: T.Au?en	2.9
2021-03-11 04:35:18.0	Ana2 - 2: T.Zuluft	13.6
2021-03-11 04:35:18.0	Ana3 - 3: T.Abluft	19.5
2021-03-11 04:35:18.0	Ana4 - 4: T.Fortluft	11.2
2021-03-11 04:35:18.0	Ana5 - 5: T.Raum	9999.9
2021-03-11 04:35:18.0	Ana9 - 9: T.Zuluft WRG warm	18.8
2021-03-11 04:35:28.0	Ana1 - 1: T.Au?en	2.9
2021-03-11 04:35:28.0	Ana2 - 2: T.Zuluft	13.6
2021-03-11 04:35:28.0	Ana3 - 3: T.Abluft	19.5
2021-03-11 04:35:28.0	Ana4 - 4: T.Fortluft	11.2
2021-03-11 04:35:28.0	Ana5 - 5: T.Raum	9999.9
2021-03-11 04:35:28.0	Ana9 - 9: T.Zuluft WRG warm	18.8
2021-03-11 04:35:38.0	Ana1 - 1: T.Au?en	2.9
2021-03-11 04:35:38.0	Ana2 - 2: T.Zuluft	13.6
2021-03-11 04:35:38.0	Ana3 - 3: T.Abluft	19.5
2021-03-11 04:35:38.0	Ana4 - 4: T.Fortluft	11.2
2021-03-11 04:35:38.0	Ana5 - 5: T.Raum	9999.9
2021-03-11 04:35:38.0	Ana9 - 9: T.Zuluft WRG warm	18.8
2021-03-11 04:35:48.0	Ana1 - 1: T.Au?en	2.9
2021-03-11 04:35:48.0	Ana2 - 2: T.Zuluft	13.6
2021-03-11 04:35:48.0	Ana3 - 3: T.Abluft	19.5
2021-03-11 04:35:48.0	Ana4 - 4: T.Fortluft	11.2
2021-03-11 04:35:48.0	Ana5 - 5: T.Raum	9999.9
2021-03-11 04:35:48.0	Ana9 - 9: T.Zuluft WRG warm	18.8
2021-03-11 04:35:58.0	Ana1 - 1: T.Au?en	2.9
2021-03-11 04:35:58.0	Ana2 - 2: T.Zuluft	13.6
2021-03-11 04:35:58.0	Ana3 - 3: T.Abluft	19.5
2021-03-11 04:35:58.0	Ana4 - 4: T.Fortluft	11.2
2021-03-11 04:35:58.0	Ana5 - 5: T.Raum	9999.9
2021-03-11 04:35:58.0	Ana9 - 9: T.Zuluft WRG warm	18.8
2021-03-11 04:36:08.0	Ana1 - 1: T.Au?en	2.9
2021-03-11 04:36:08.0	Ana2 - 2: T.Zuluft	13.6
2021-03-11 04:36:08.0	Ana3 - 3: T.Abluft	19.5
2021-03-11 04:36:08.0	Ana4 - 4: T.Fortluft	11.2
2021-03-11 04:36:08.0	Ana5 - 5: T.Raum	9999.9
2021-03-11 04:36:08.0	Ana9 - 9: T.Zuluft WRG warm	18.8
2021-03-11 04:36:18.0	Ana1 - 1: T.Au?en	2.9
2021-03-11 04:36:18.0	Ana2 - 2: T.Zuluft	13.6
2021-03-11 04:36:18.0	Ana3 - 3: T.Abluft	19.5
2021-03-11 04:36:18.0	Ana4 - 4: T.Fortluft	11.2
2021-03-11 04:36:18.0	Ana5 - 5: T.Raum	9999.9
2021-03-11 04:36:18.0	Ana9 - 9: T.Zuluft WRG warm	18.8
2021-03-11 04:36:28.0	Ana1 - 1: T.Au?en	2.9
2021-03-11 04:36:28.0	Ana2 - 2: T.Zuluft	13.6
2021-03-11 04:36:28.0	Ana3 - 3: T.Abluft	19.5
2021-03-11 04:36:28.0	Ana4 - 4: T.Fortluft	11.2
2021-03-11 04:36:28.0	Ana5 - 5: T.Raum	9999.9
2021-03-11 04:36:28.0	Ana9 - 9: T.Zuluft WRG warm	18.8
2021-03-11 04:36:38.0	Ana1 - 1: T.Au?en	2.9
2021-03-11 04:36:38.0	Ana2 - 2: T.Zuluft	13.6
2021-03-11 04:36:38.0	Ana3 - 3: T.Abluft	19.5
2021-03-11 04:36:38.0	Ana4 - 4: T.Fortluft	11.2
2021-03-11 04:36:38.0	Ana5 - 5: T.Raum	9999.9
2021-03-11 04:36:38.0	Ana9 - 9: T.Zuluft WRG warm	18.8
2021-03-11 04:36:48.0	Ana1 - 1: T.Au?en	2.8
2021-03-11 04:36:48.0	Ana2 - 2: T.Zuluft	13.6
2021-03-11 04:36:48.0	Ana3 - 3: T.Abluft	19.5
2021-03-11 04:36:48.0	Ana4 - 4: T.Fortluft	11.2
2021-03-11 04:36:48.0	Ana5 - 5: T.Raum	9999.9
2021-03-11 04:36:48.0	Ana9 - 9: T.Zuluft WRG warm	18.8
2021-03-11 04:36:58.0	Ana1 - 1: T.Au?en	2.8
2021-03-11 04:36:58.0	Ana2 - 2: T.Zuluft	13.6
2021-03-11 04:36:58.0	Ana3 - 3: T.Abluft	19.5
2021-03-11 04:36:58.0	Ana4 - 4: T.Fortluft	11.2
2021-03-11 04:36:58.0	Ana5 - 5: T.Raum	9999.9
2021-03-11 04:36:58.0	Ana9 - 9: T.Zuluft WRG warm	18.8
2021-03-11 04:37:08.0	Ana1 - 1: T.Au?en	2.8
2021-03-11 04:37:08.0	Ana2 - 2: T.Zuluft	13.6
2021-03-11 04:37:08.0	Ana3 - 3: T.Abluft	19.5
2021-03-11 04:37:08.0	Ana4 - 4: T.Fortluft	11.2
2021-03-11 04:37:08.0	Ana5 - 5: T.Raum	9999.9
2021-03-11 04:37:08.0	Ana9 - 9: T.Zuluft WRG warm	18.8
2021-03-11 04:37:18.0	Ana1 - 1: T.Au?en	2.8
2021-03-11 04:37:18.0	Ana2 - 2: T.Zuluft	13.6
2021-03-11 04:37:18.0	Ana3 - 3: T.Abluft	19.5
2021-03-11 04:37:18.0	Ana4 - 4: T.Fortluft	11.2
2021-03-11 04:37:18.0	Ana5 - 5: T.Raum	9999.9
2021-03-11 04:37:18.0	Ana9 - 9: T.Zuluft WRG warm	18.8
2021-03-11 04:37:28.0	Ana1 - 1: T.Au?en	2.9
2021-03-11 04:37:28.0	Ana2 - 2: T.Zuluft	13.6
2021-03-11 04:37:28.0	Ana3 - 3: T.Abluft	19.5
2021-03-11 04:37:28.0	Ana4 - 4: T.Fortluft	11.2
2021-03-11 04:37:28.0	Ana5 - 5: T.Raum	9999.9
2021-03-11 04:37:28.0	Ana9 - 9: T.Zuluft WRG warm	18.8
2021-03-11 04:37:38.0	Ana1 - 1: T.Au?en	2.9
2021-03-11 04:37:38.0	Ana2 - 2: T.Zuluft	13.6
2021-03-11 04:37:38.0	Ana3 - 3: T.Abluft	19.5
2021-03-11 04:37:38.0	Ana4 - 4: T.Fortluft	11.2
2021-03-11 04:37:38.0	Ana5 - 5: T.Raum	9999.9
2021-03-11 04:37:38.0	Ana9 - 9: T.Zuluft WRG warm	18.8
2021-03-11 04:37:48.0	Ana1 - 1: T.Au?en	2.9
2021-03-11 04:37:48.0	Ana2 - 2: T.Zuluft	13.6
2021-03-11 04:37:48.0	Ana3 - 3: T.Abluft	19.5
2021-03-11 04:37:48.0	Ana4 - 4: T.Fortluft	11.2
2021-03-11 04:37:48.0	Ana5 - 5: T.Raum	9999.9
2021-03-11 04:37:48.0	Ana9 - 9: T.Zuluft WRG warm	18.8
2021-03-11 04:37:58.0	Ana1 - 1: T.Au?en	2.9
2021-03-11 04:37:58.0	Ana2 - 2: T.Zuluft	13.6
2021-03-11 04:37:58.0	Ana3 - 3: T.Abluft	19.5
2021-03-11 04:37:58.0	Ana4 - 4: T.Fortluft	11.2
2021-03-11 04:37:58.0	Ana5 - 5: T.Raum	9999.9
2021-03-11 04:37:58.0	Ana9 - 9: T.Zuluft WRG warm	18.8
2021-03-11 04:38:08.0	Ana1 - 1: T.Au?en	2.9
2021-03-11 04:38:08.0	Ana2 - 2: T.Zuluft	13.6
2021-03-11 04:38:08.0	Ana3 - 3: T.Abluft	19.5
2021-03-11 04:38:08.0	Ana4 - 4: T.Fortluft	11.2
2021-03-11 04:38:08.0	Ana5 - 5: T.Raum	9999.9
2021-03-11 04:38:08.0	Ana9 - 9: T.Zuluft WRG warm	18.8
2021-03-11 04:38:18.0	Ana1 - 1: T.Au?en	2.9
2021-03-11 04:38:18.0	Ana2 - 2: T.Zuluft	13.6
2021-03-11 04:38:18.0	Ana3 - 3: T.Abluft	19.5
2021-03-11 04:38:18.0	Ana4 - 4: T.Fortluft	11.2
2021-03-11 04:38:18.0	Ana5 - 5: T.Raum	9999.9
2021-03-11 04:38:18.0	Ana9 - 9: T.Zuluft WRG warm	18.8
2021-03-11 04:38:28.0	Ana1 - 1: T.Au?en	2.9
2021-03-11 04:38:28.0	Ana2 - 2: T.Zuluft	13.6
2021-03-11 04:38:28.0	Ana3 - 3: T.Abluft	19.5
2021-03-11 04:38:28.0	Ana4 - 4: T.Fortluft	11.2
2021-03-11 04:38:28.0	Ana5 - 5: T.Raum	9999.9
2021-03-11 04:38:28.0	Ana9 - 9: T.Zuluft WRG warm	18.8
2021-03-11 04:38:38.0	Ana1 - 1: T.Au?en	2.9
2021-03-11 04:38:38.0	Ana2 - 2: T.Zuluft	13.6
2021-03-11 04:38:38.0	Ana3 - 3: T.Abluft	19.5
2021-03-11 04:38:38.0	Ana4 - 4: T.Fortluft	11.2
2021-03-11 04:38:38.0	Ana5 - 5: T.Raum	9999.9
2021-03-11 04:38:38.0	Ana9 - 9: T.Zuluft WRG warm	18.8
2021-03-11 04:38:48.0	Ana1 - 1: T.Au?en	2.9
2021-03-11 04:38:48.0	Ana2 - 2: T.Zuluft	13.6
2021-03-11 04:38:48.0	Ana3 - 3: T.Abluft	19.5
2021-03-11 04:38:48.0	Ana4 - 4: T.Fortluft	11.2
2021-03-11 04:38:48.0	Ana5 - 5: T.Raum	9999.9
2021-03-11 04:38:48.0	Ana9 - 9: T.Zuluft WRG warm	18.8
2021-03-11 04:38:58.0	Ana1 - 1: T.Au?en	2.9
2021-03-11 04:38:58.0	Ana2 - 2: T.Zuluft	13.6
2021-03-11 04:38:58.0	Ana3 - 3: T.Abluft	19.5
2021-03-11 04:38:58.0	Ana4 - 4: T.Fortluft	11.2
2021-03-11 04:38:58.0	Ana5 - 5: T.Raum	9999.9
2021-03-11 04:38:58.0	Ana9 - 9: T.Zuluft WRG warm	18.8
2021-03-11 04:39:08.0	Ana1 - 1: T.Au?en	2.9
2021-03-11 04:39:08.0	Ana2 - 2: T.Zuluft	13.6
2021-03-11 04:39:08.0	Ana3 - 3: T.Abluft	19.5
2021-03-11 04:39:08.0	Ana4 - 4: T.Fortluft	11.2
2021-03-11 04:39:08.0	Ana5 - 5: T.Raum	9999.9
2021-03-11 04:39:08.0	Ana9 - 9: T.Zuluft WRG warm	18.8
2021-03-11 04:39:18.0	Ana1 - 1: T.Au?en	2.9
2021-03-11 04:39:18.0	Ana2 - 2: T.Zuluft	13.6
2021-03-11 04:39:18.0	Ana3 - 3: T.Abluft	19.5
2021-03-11 04:39:18.0	Ana4 - 4: T.Fortluft	11.2
2021-03-11 04:39:18.0	Ana5 - 5: T.Raum	9999.9
2021-03-11 04:39:18.0	Ana9 - 9: T.Zuluft WRG warm	18.8
2021-03-11 04:39:28.0	Ana1 - 1: T.Au?en	2.9
2021-03-11 04:39:28.0	Ana2 - 2: T.Zuluft	13.6
2021-03-11 04:39:28.0	Ana3 - 3: T.Abluft	19.5
2021-03-11 04:39:28.0	Ana4 - 4: T.Fortluft	11.2
2021-03-11 04:39:28.0	Ana5 - 5: T.Raum	9999.9
2021-03-11 04:39:28.0	Ana9 - 9: T.Zuluft WRG warm	18.8
2021-03-11 04:39:38.0	Ana1 - 1: T.Au?en	2.9
2021-03-11 04:39:38.0	Ana2 - 2: T.Zuluft	13.6
2021-03-11 04:39:38.0	Ana3 - 3: T.Abluft	19.5
2021-03-11 04:39:38.0	Ana4 - 4: T.Fortluft	11.2
2021-03-11 04:39:38.0	Ana5 - 5: T.Raum	9999.9
2021-03-11 04:39:38.0	Ana9 - 9: T.Zuluft WRG warm	18.8
2021-03-11 04:39:48.0	Ana1 - 1: T.Au?en	2.9
2021-03-11 04:39:48.0	Ana2 - 2: T.Zuluft	13.6
2021-03-11 04:39:48.0	Ana3 - 3: T.Abluft	19.5
2021-03-11 04:39:48.0	Ana4 - 4: T.Fortluft	11.2
2021-03-11 04:39:48.0	Ana5 - 5: T.Raum	9999.9
2021-03-11 04:39:48.0	Ana9 - 9: T.Zuluft WRG warm	18.8
2021-03-11 04:39:58.0	Ana1 - 1: T.Au?en	2.9
2021-03-11 04:39:58.0	Ana2 - 2: T.Zuluft	13.6
2021-03-11 04:39:58.0	Ana3 - 3: T.Abluft	19.5
2021-03-11 04:39:58.0	Ana4 - 4: T.Fortluft	11.2
2021-03-11 04:39:58.0	Ana5 - 5: T.Raum	9999.9
2021-03-11 04:39:58.0	Ana9 - 9: T.Zuluft WRG warm	18.8
2021-03-11 04:40:08.0	Ana1 - 1: T.Au?en	2.9
2021-03-11 04:40:08.0	Ana2 - 2: T.Zuluft	13.6
2021-03-11 04:40:08.0	Ana3 - 3: T.Abluft	19.5
2021-03-11 04:40:08.0	Ana4 - 4: T.Fortluft	11.2
2021-03-11 04:40:08.0	Ana5 - 5: T.Raum	9999.9
2021-03-11 04:40:08.0	Ana9 - 9: T.Zuluft WRG warm	18.8
2021-03-11 04:40:18.0	Ana1 - 1: T.Au?en	2.9
2021-03-11 04:40:18.0	Ana2 - 2: T.Zuluft	13.6
2021-03-11 04:40:18.0	Ana3 - 3: T.Abluft	19.5
2021-03-11 04:40:18.0	Ana4 - 4: T.Fortluft	11.2
2021-03-11 04:40:18.0	Ana5 - 5: T.Raum	9999.9
2021-03-11 04:40:18.0	Ana9 - 9: T.Zuluft WRG warm	18.8
2021-03-11 04:40:28.0	Ana1 - 1: T.Au?en	2.9
2021-03-11 04:40:28.0	Ana2 - 2: T.Zuluft	13.6
2021-03-11 04:40:28.0	Ana3 - 3: T.Abluft	19.5
2021-03-11 04:40:28.0	Ana4 - 4: T.Fortluft	11.2
2021-03-11 04:40:28.0	Ana5 - 5: T.Raum	9999.9
2021-03-11 04:40:28.0	Ana9 - 9: T.Zuluft WRG warm	18.8
2021-03-11 04:40:38.0	Ana1 - 1: T.Au?en	2.9
2021-03-11 04:40:38.0	Ana2 - 2: T.Zuluft	13.6
2021-03-11 04:40:38.0	Ana3 - 3: T.Abluft	19.5
2021-03-11 04:40:38.0	Ana4 - 4: T.Fortluft	11.2
2021-03-11 04:40:38.0	Ana5 - 5: T.Raum	9999.9
2021-03-11 04:40:38.0	Ana9 - 9: T.Zuluft WRG warm	18.8
2021-03-11 04:40:48.0	Ana1 - 1: T.Au?en	2.9
2021-03-11 04:40:48.0	Ana2 - 2: T.Zuluft	13.6
2021-03-11 04:40:48.0	Ana3 - 3: T.Abluft	19.5
2021-03-11 04:40:48.0	Ana4 - 4: T.Fortluft	11.2
2021-03-11 04:40:48.0	Ana5 - 5: T.Raum	9999.9
2021-03-11 04:40:48.0	Ana9 - 9: T.Zuluft WRG warm	18.8
2021-03-11 04:40:58.0	Ana1 - 1: T.Au?en	2.9
2021-03-11 04:40:58.0	Ana2 - 2: T.Zuluft	13.6
2021-03-11 04:40:58.0	Ana3 - 3: T.Abluft	19.5
2021-03-11 04:40:58.0	Ana4 - 4: T.Fortluft	11.2
2021-03-11 04:40:58.0	Ana5 - 5: T.Raum	9999.9
2021-03-11 04:40:58.0	Ana9 - 9: T.Zuluft WRG warm	18.8
2021-03-11 04:41:08.0	Ana1 - 1: T.Au?en	3.0
2021-03-11 04:41:08.0	Ana2 - 2: T.Zuluft	13.6
2021-03-11 04:41:08.0	Ana3 - 3: T.Abluft	19.5
2021-03-11 04:41:08.0	Ana4 - 4: T.Fortluft	11.2
2021-03-11 04:41:08.0	Ana5 - 5: T.Raum	9999.9
2021-03-11 04:41:08.0	Ana9 - 9: T.Zuluft WRG warm	18.8
2021-03-11 04:41:18.0	Ana1 - 1: T.Au?en	2.9
2021-03-11 04:41:18.0	Ana2 - 2: T.Zuluft	13.6
2021-03-11 04:41:18.0	Ana3 - 3: T.Abluft	19.5
2021-03-11 04:41:18.0	Ana4 - 4: T.Fortluft	11.2
2021-03-11 04:41:18.0	Ana5 - 5: T.Raum	9999.9
2021-03-11 04:41:18.0	Ana9 - 9: T.Zuluft WRG warm	18.8
2021-03-11 04:41:28.0	Ana1 - 1: T.Au?en	2.9
2021-03-11 04:41:28.0	Ana2 - 2: T.Zuluft	13.6
2021-03-11 04:41:28.0	Ana3 - 3: T.Abluft	19.5
2021-03-11 04:41:28.0	Ana4 - 4: T.Fortluft	11.2
2021-03-11 04:41:28.0	Ana5 - 5: T.Raum	9999.9
2021-03-11 04:41:28.0	Ana9 - 9: T.Zuluft WRG warm	18.8
2021-03-11 04:41:38.0	Ana1 - 1: T.Au?en	2.9
2021-03-11 04:41:38.0	Ana2 - 2: T.Zuluft	13.6
2021-03-11 04:41:38.0	Ana3 - 3: T.Abluft	19.5
2021-03-11 04:41:38.0	Ana4 - 4: T.Fortluft	11.2
2021-03-11 04:41:38.0	Ana5 - 5: T.Raum	9999.9
2021-03-11 04:41:38.0	Ana9 - 9: T.Zuluft WRG warm	18.8
2021-03-11 04:41:48.0	Ana1 - 1: T.Au?en	2.9
2021-03-11 04:41:48.0	Ana2 - 2: T.Zuluft	13.6
2021-03-11 04:41:48.0	Ana3 - 3: T.Abluft	19.5
2021-03-11 04:41:48.0	Ana4 - 4: T.Fortluft	11.2
2021-03-11 04:41:48.0	Ana5 - 5: T.Raum	9999.9
2021-03-11 04:41:48.0	Ana9 - 9: T.Zuluft WRG warm	18.8
2021-03-11 04:41:58.0	Ana1 - 1: T.Au?en	2.9
2021-03-11 04:41:58.0	Ana2 - 2: T.Zuluft	13.6
2021-03-11 04:41:58.0	Ana3 - 3: T.Abluft	19.5
2021-03-11 04:41:58.0	Ana4 - 4: T.Fortluft	11.2
2021-03-11 04:41:58.0	Ana5 - 5: T.Raum	9999.9
2021-03-11 04:41:58.0	Ana9 - 9: T.Zuluft WRG warm	18.8
2021-03-11 04:42:08.0	Ana1 - 1: T.Au?en	2.9
2021-03-11 04:42:08.0	Ana2 - 2: T.Zuluft	13.6
2021-03-11 04:42:08.0	Ana3 - 3: T.Abluft	19.5
2021-03-11 04:42:08.0	Ana4 - 4: T.Fortluft	11.2
2021-03-11 04:42:08.0	Ana5 - 5: T.Raum	9999.9
2021-03-11 04:42:08.0	Ana9 - 9: T.Zuluft WRG warm	18.8
2021-03-11 04:42:18.0	Ana1 - 1: T.Au?en	2.9
2021-03-11 04:42:18.0	Ana2 - 2: T.Zuluft	13.6
2021-03-11 04:42:18.0	Ana3 - 3: T.Abluft	19.5
2021-03-11 04:42:18.0	Ana4 - 4: T.Fortluft	11.2
2021-03-11 04:42:18.0	Ana5 - 5: T.Raum	9999.9
2021-03-11 04:42:18.0	Ana9 - 9: T.Zuluft WRG warm	18.8
2021-03-11 04:42:28.0	Ana1 - 1: T.Au?en	2.9
2021-03-11 04:42:28.0	Ana2 - 2: T.Zuluft	13.6
2021-03-11 04:42:28.0	Ana3 - 3: T.Abluft	19.5
2021-03-11 04:42:28.0	Ana4 - 4: T.Fortluft	11.2
2021-03-11 04:42:28.0	Ana5 - 5: T.Raum	9999.9
2021-03-11 04:42:28.0	Ana9 - 9: T.Zuluft WRG warm	18.8
2021-03-11 04:42:38.0	Ana1 - 1: T.Au?en	2.9
2021-03-11 04:42:38.0	Ana2 - 2: T.Zuluft	13.6
2021-03-11 04:42:38.0	Ana3 - 3: T.Abluft	19.5
2021-03-11 04:42:38.0	Ana4 - 4: T.Fortluft	11.2
2021-03-11 04:42:38.0	Ana5 - 5: T.Raum	9999.9
2021-03-11 04:42:38.0	Ana9 - 9: T.Zuluft WRG warm	18.8
2021-03-11 04:42:48.0	Ana1 - 1: T.Au?en	2.9
2021-03-11 04:42:48.0	Ana2 - 2: T.Zuluft	13.6
2021-03-11 04:42:48.0	Ana3 - 3: T.Abluft	19.5
2021-03-11 04:42:48.0	Ana4 - 4: T.Fortluft	11.2
2021-03-11 04:42:48.0	Ana5 - 5: T.Raum	9999.9
2021-03-11 04:42:48.0	Ana9 - 9: T.Zuluft WRG warm	18.8
2021-03-11 04:42:58.0	Ana1 - 1: T.Au?en	2.9
2021-03-11 04:42:58.0	Ana2 - 2: T.Zuluft	13.6
2021-03-11 04:42:58.0	Ana3 - 3: T.Abluft	19.5
2021-03-11 04:42:58.0	Ana4 - 4: T.Fortluft	11.2
2021-03-11 04:42:58.0	Ana5 - 5: T.Raum	9999.9
2021-03-11 04:42:58.0	Ana9 - 9: T.Zuluft WRG warm	18.8
2021-03-11 04:43:08.0	Ana1 - 1: T.Au?en	2.9
2021-03-11 04:43:08.0	Ana2 - 2: T.Zuluft	13.6
2021-03-11 04:43:08.0	Ana3 - 3: T.Abluft	19.5
2021-03-11 04:43:08.0	Ana4 - 4: T.Fortluft	11.2
2021-03-11 04:43:08.0	Ana5 - 5: T.Raum	9999.9
2021-03-11 04:43:08.0	Ana9 - 9: T.Zuluft WRG warm	18.8
2021-03-11 04:43:18.0	Ana1 - 1: T.Au?en	2.9
2021-03-11 04:43:18.0	Ana2 - 2: T.Zuluft	13.6
2021-03-11 04:43:18.0	Ana3 - 3: T.Abluft	19.5
2021-03-11 04:43:18.0	Ana4 - 4: T.Fortluft	11.2
2021-03-11 04:43:18.0	Ana5 - 5: T.Raum	9999.9
2021-03-11 04:43:18.0	Ana9 - 9: T.Zuluft WRG warm	18.8
2021-03-11 04:43:28.0	Ana1 - 1: T.Au?en	2.9
2021-03-11 04:43:28.0	Ana2 - 2: T.Zuluft	13.6
2021-03-11 04:43:28.0	Ana3 - 3: T.Abluft	19.5
2021-03-11 04:43:28.0	Ana4 - 4: T.Fortluft	11.2
2021-03-11 04:43:28.0	Ana5 - 5: T.Raum	9999.9
2021-03-11 04:43:28.0	Ana9 - 9: T.Zuluft WRG warm	18.8
2021-03-11 04:43:38.0	Ana1 - 1: T.Au?en	2.9
2021-03-11 04:43:38.0	Ana2 - 2: T.Zuluft	13.6
2021-03-11 04:43:38.0	Ana3 - 3: T.Abluft	19.5
2021-03-11 04:43:38.0	Ana4 - 4: T.Fortluft	11.2
2021-03-11 04:43:38.0	Ana5 - 5: T.Raum	9999.9
2021-03-11 04:43:38.0	Ana9 - 9: T.Zuluft WRG warm	18.8
2021-03-11 04:43:48.0	Ana1 - 1: T.Au?en	2.9
2021-03-11 04:43:48.0	Ana2 - 2: T.Zuluft	13.6
2021-03-11 04:43:48.0	Ana3 - 3: T.Abluft	19.5
2021-03-11 04:43:48.0	Ana4 - 4: T.Fortluft	11.2
2021-03-11 04:43:48.0	Ana5 - 5: T.Raum	9999.9
2021-03-11 04:43:48.0	Ana9 - 9: T.Zuluft WRG warm	18.8
2021-03-11 04:43:58.0	Ana1 - 1: T.Au?en	2.9
2021-03-11 04:43:58.0	Ana2 - 2: T.Zuluft	13.6
2021-03-11 04:43:58.0	Ana3 - 3: T.Abluft	19.5
2021-03-11 04:43:58.0	Ana4 - 4: T.Fortluft	11.2
2021-03-11 04:43:58.0	Ana5 - 5: T.Raum	9999.9
2021-03-11 04:43:58.0	Ana9 - 9: T.Zuluft WRG warm	18.8
2021-03-11 04:44:08.0	Ana1 - 1: T.Au?en	2.9
2021-03-11 04:44:08.0	Ana2 - 2: T.Zuluft	13.6
2021-03-11 04:44:08.0	Ana3 - 3: T.Abluft	19.6
2021-03-11 04:44:08.0	Ana4 - 4: T.Fortluft	11.2
2021-03-11 04:44:08.0	Ana5 - 5: T.Raum	9999.9
2021-03-11 04:44:08.0	Ana9 - 9: T.Zuluft WRG warm	18.8
2021-03-11 04:44:18.0	Ana1 - 1: T.Au?en	2.9
2021-03-11 04:44:18.0	Ana2 - 2: T.Zuluft	13.6
2021-03-11 04:44:18.0	Ana3 - 3: T.Abluft	19.6
2021-03-11 04:44:18.0	Ana4 - 4: T.Fortluft	11.2
2021-03-11 04:44:18.0	Ana5 - 5: T.Raum	9999.9
2021-03-11 04:44:18.0	Ana9 - 9: T.Zuluft WRG warm	18.8
2021-03-11 04:44:28.0	Ana1 - 1: T.Au?en	2.9
2021-03-11 04:44:28.0	Ana2 - 2: T.Zuluft	13.6
2021-03-11 04:44:28.0	Ana3 - 3: T.Abluft	19.5
2021-03-11 04:44:28.0	Ana4 - 4: T.Fortluft	11.2
2021-03-11 04:44:28.0	Ana5 - 5: T.Raum	9999.9
2021-03-11 04:44:28.0	Ana9 - 9: T.Zuluft WRG warm	18.8
2021-03-11 04:44:38.0	Ana1 - 1: T.Au?en	3.0
2021-03-11 04:44:38.0	Ana2 - 2: T.Zuluft	13.6
2021-03-11 04:44:38.0	Ana3 - 3: T.Abluft	19.5
2021-03-11 04:44:38.0	Ana4 - 4: T.Fortluft	11.2
2021-03-11 04:44:38.0	Ana5 - 5: T.Raum	9999.9
2021-03-11 04:44:38.0	Ana9 - 9: T.Zuluft WRG warm	18.8
2021-03-11 04:44:48.0	Ana1 - 1: T.Au?en	3.0
2021-03-11 04:44:48.0	Ana2 - 2: T.Zuluft	13.6
2021-03-11 04:44:48.0	Ana3 - 3: T.Abluft	19.5
2021-03-11 04:44:48.0	Ana4 - 4: T.Fortluft	11.2
2021-03-11 04:44:48.0	Ana5 - 5: T.Raum	9999.9
2021-03-11 04:44:48.0	Ana9 - 9: T.Zuluft WRG warm	18.8
2021-03-11 04:44:58.0	Ana1 - 1: T.Au?en	3.0
2021-03-11 04:44:58.0	Ana2 - 2: T.Zuluft	13.6
2021-03-11 04:44:58.0	Ana3 - 3: T.Abluft	19.5
2021-03-11 04:44:58.0	Ana4 - 4: T.Fortluft	11.2
2021-03-11 04:44:58.0	Ana5 - 5: T.Raum	9999.9
2021-03-11 04:44:58.0	Ana9 - 9: T.Zuluft WRG warm	18.8
2021-03-11 04:45:08.0	Ana1 - 1: T.Au?en	3.0
2021-03-11 04:45:08.0	Ana2 - 2: T.Zuluft	13.6
2021-03-11 04:45:08.0	Ana3 - 3: T.Abluft	19.6
2021-03-11 04:45:08.0	Ana4 - 4: T.Fortluft	11.2
2021-03-11 04:45:08.0	Ana5 - 5: T.Raum	9999.9
2021-03-11 04:45:08.0	Ana9 - 9: T.Zuluft WRG warm	18.8
2021-03-11 04:45:18.0	Ana1 - 1: T.Au?en	3.0
2021-03-11 04:45:18.0	Ana2 - 2: T.Zuluft	13.6
2021-03-11 04:45:18.0	Ana3 - 3: T.Abluft	19.6
2021-03-11 04:45:18.0	Ana4 - 4: T.Fortluft	11.2
2021-03-11 04:45:18.0	Ana5 - 5: T.Raum	9999.9
2021-03-11 04:45:18.0	Ana9 - 9: T.Zuluft WRG warm	18.8
2021-03-11 04:45:28.0	Ana1 - 1: T.Au?en	3.1
2021-03-11 04:45:28.0	Ana2 - 2: T.Zuluft	13.6
2021-03-11 04:45:28.0	Ana3 - 3: T.Abluft	19.6
2021-03-11 04:45:28.0	Ana4 - 4: T.Fortluft	11.2
2021-03-11 04:45:28.0	Ana5 - 5: T.Raum	9999.9
2021-03-11 04:45:28.0	Ana9 - 9: T.Zuluft WRG warm	18.8
2021-03-11 04:45:38.0	Ana1 - 1: T.Au?en	3.0
2021-03-11 04:45:38.0	Ana2 - 2: T.Zuluft	13.6
2021-03-11 04:45:38.0	Ana3 - 3: T.Abluft	19.5
2021-03-11 04:45:38.0	Ana4 - 4: T.Fortluft	11.2
2021-03-11 04:45:38.0	Ana5 - 5: T.Raum	9999.9
2021-03-11 04:45:38.0	Ana9 - 9: T.Zuluft WRG warm	18.8
2021-03-11 04:45:48.0	Ana1 - 1: T.Au?en	3.0
2021-03-11 04:45:48.0	Ana2 - 2: T.Zuluft	13.6
2021-03-11 04:45:48.0	Ana3 - 3: T.Abluft	19.5
2021-03-11 04:45:48.0	Ana4 - 4: T.Fortluft	11.2
2021-03-11 04:45:48.0	Ana5 - 5: T.Raum	9999.9
2021-03-11 04:45:48.0	Ana9 - 9: T.Zuluft WRG warm	18.8
2021-03-11 04:45:58.0	Ana1 - 1: T.Au?en	3.0
2021-03-11 04:45:58.0	Ana2 - 2: T.Zuluft	13.6
2021-03-11 04:45:58.0	Ana3 - 3: T.Abluft	19.5
2021-03-11 04:45:58.0	Ana4 - 4: T.Fortluft	11.2
2021-03-11 04:45:58.0	Ana5 - 5: T.Raum	9999.9
2021-03-11 04:45:58.0	Ana9 - 9: T.Zuluft WRG warm	18.8
2021-03-11 04:46:08.0	Ana1 - 1: T.Au?en	3.0
2021-03-11 04:46:08.0	Ana2 - 2: T.Zuluft	13.6
2021-03-11 04:46:08.0	Ana3 - 3: T.Abluft	19.5
2021-03-11 04:46:08.0	Ana4 - 4: T.Fortluft	11.2
2021-03-11 04:46:08.0	Ana5 - 5: T.Raum	9999.9
2021-03-11 04:46:08.0	Ana9 - 9: T.Zuluft WRG warm	18.8
2021-03-11 04:46:18.0	Ana1 - 1: T.Au?en	3.0
2021-03-11 04:46:18.0	Ana2 - 2: T.Zuluft	13.6
2021-03-11 04:46:18.0	Ana3 - 3: T.Abluft	19.5
2021-03-11 04:46:18.0	Ana4 - 4: T.Fortluft	11.2
2021-03-11 04:46:18.0	Ana5 - 5: T.Raum	9999.9
2021-03-11 04:46:18.0	Ana9 - 9: T.Zuluft WRG warm	18.8
2021-03-11 04:46:28.0	Ana1 - 1: T.Au?en	3.0
2021-03-11 04:46:28.0	Ana2 - 2: T.Zuluft	13.6
2021-03-11 04:46:28.0	Ana3 - 3: T.Abluft	19.5
2021-03-11 04:46:28.0	Ana4 - 4: T.Fortluft	11.2
2021-03-11 04:46:28.0	Ana5 - 5: T.Raum	9999.9
2021-03-11 04:46:28.0	Ana9 - 9: T.Zuluft WRG warm	18.8
2021-03-11 04:46:38.0	Ana1 - 1: T.Au?en	3.0
2021-03-11 04:46:38.0	Ana2 - 2: T.Zuluft	13.6
2021-03-11 04:46:38.0	Ana3 - 3: T.Abluft	19.6
2021-03-11 04:46:38.0	Ana4 - 4: T.Fortluft	11.2
2021-03-11 04:46:38.0	Ana5 - 5: T.Raum	9999.9
2021-03-11 04:46:38.0	Ana9 - 9: T.Zuluft WRG warm	18.8
2021-03-11 04:46:48.0	Ana1 - 1: T.Au?en	3.0
2021-03-11 04:46:48.0	Ana2 - 2: T.Zuluft	13.6
2021-03-11 04:46:48.0	Ana3 - 3: T.Abluft	19.5
2021-03-11 04:46:48.0	Ana4 - 4: T.Fortluft	11.2
2021-03-11 04:46:48.0	Ana5 - 5: T.Raum	9999.9
2021-03-11 04:46:48.0	Ana9 - 9: T.Zuluft WRG warm	18.8
2021-03-11 04:46:58.0	Ana1 - 1: T.Au?en	2.9
2021-03-11 04:46:58.0	Ana2 - 2: T.Zuluft	13.6
2021-03-11 04:46:58.0	Ana3 - 3: T.Abluft	19.5
2021-03-11 04:46:58.0	Ana4 - 4: T.Fortluft	11.2
2021-03-11 04:46:58.0	Ana5 - 5: T.Raum	9999.9
2021-03-11 04:46:58.0	Ana9 - 9: T.Zuluft WRG warm	18.8
2021-03-11 04:47:08.0	Ana1 - 1: T.Au?en	2.9
2021-03-11 04:47:08.0	Ana2 - 2: T.Zuluft	13.6
2021-03-11 04:47:08.0	Ana3 - 3: T.Abluft	19.5
2021-03-11 04:47:08.0	Ana4 - 4: T.Fortluft	11.2
2021-03-11 04:47:08.0	Ana5 - 5: T.Raum	9999.9
2021-03-11 04:47:08.0	Ana9 - 9: T.Zuluft WRG warm	18.8
2021-03-11 04:47:18.0	Ana1 - 1: T.Au?en	2.9
2021-03-11 04:47:18.0	Ana2 - 2: T.Zuluft	13.6
2021-03-11 04:47:18.0	Ana3 - 3: T.Abluft	19.5
2021-03-11 04:47:18.0	Ana4 - 4: T.Fortluft	11.2
2021-03-11 04:47:18.0	Ana5 - 5: T.Raum	9999.9
2021-03-11 04:47:18.0	Ana9 - 9: T.Zuluft WRG warm	18.8
2021-03-11 04:47:28.0	Ana1 - 1: T.Au?en	2.9
2021-03-11 04:47:28.0	Ana2 - 2: T.Zuluft	13.6
2021-03-11 04:47:28.0	Ana3 - 3: T.Abluft	19.5
2021-03-11 04:47:28.0	Ana4 - 4: T.Fortluft	11.2
2021-03-11 04:47:28.0	Ana5 - 5: T.Raum	9999.9
2021-03-11 04:47:28.0	Ana9 - 9: T.Zuluft WRG warm	18.8
2021-03-11 04:47:38.0	Ana1 - 1: T.Au?en	2.9
2021-03-11 04:47:38.0	Ana2 - 2: T.Zuluft	13.6
2021-03-11 04:47:38.0	Ana3 - 3: T.Abluft	19.5
2021-03-11 04:47:38.0	Ana4 - 4: T.Fortluft	11.2
2021-03-11 04:47:38.0	Ana5 - 5: T.Raum	9999.9
2021-03-11 04:47:38.0	Ana9 - 9: T.Zuluft WRG warm	18.8
2021-03-11 04:47:48.0	Ana1 - 1: T.Au?en	2.9
2021-03-11 04:47:48.0	Ana2 - 2: T.Zuluft	13.6
2021-03-11 04:47:48.0	Ana3 - 3: T.Abluft	19.5
2021-03-11 04:47:48.0	Ana4 - 4: T.Fortluft	11.2
2021-03-11 04:47:48.0	Ana5 - 5: T.Raum	9999.9
2021-03-11 04:47:48.0	Ana9 - 9: T.Zuluft WRG warm	18.8
2021-03-11 04:47:58.0	Ana1 - 1: T.Au?en	2.9
2021-03-11 04:47:58.0	Ana2 - 2: T.Zuluft	13.6
2021-03-11 04:47:58.0	Ana3 - 3: T.Abluft	19.5
2021-03-11 04:47:58.0	Ana4 - 4: T.Fortluft	11.2
2021-03-11 04:47:58.0	Ana5 - 5: T.Raum	9999.9
2021-03-11 04:47:58.0	Ana9 - 9: T.Zuluft WRG warm	18.8
2021-03-11 04:48:08.0	Ana1 - 1: T.Au?en	2.9
2021-03-11 04:48:08.0	Ana2 - 2: T.Zuluft	13.6
2021-03-11 04:48:08.0	Ana3 - 3: T.Abluft	19.5
2021-03-11 04:48:08.0	Ana4 - 4: T.Fortluft	11.2
2021-03-11 04:48:08.0	Ana5 - 5: T.Raum	9999.9
2021-03-11 04:48:08.0	Ana9 - 9: T.Zuluft WRG warm	18.8
2021-03-11 04:48:18.0	Ana1 - 1: T.Au?en	2.9
2021-03-11 04:48:18.0	Ana2 - 2: T.Zuluft	13.6
2021-03-11 04:48:18.0	Ana3 - 3: T.Abluft	19.5
2021-03-11 04:48:18.0	Ana4 - 4: T.Fortluft	11.2
2021-03-11 04:48:18.0	Ana5 - 5: T.Raum	9999.9
2021-03-11 04:48:18.0	Ana9 - 9: T.Zuluft WRG warm	18.8
2021-03-11 04:48:28.0	Ana1 - 1: T.Au?en	2.9
2021-03-11 04:48:28.0	Ana2 - 2: T.Zuluft	13.6
2021-03-11 04:48:28.0	Ana3 - 3: T.Abluft	19.5
2021-03-11 04:48:28.0	Ana4 - 4: T.Fortluft	11.2
2021-03-11 04:48:28.0	Ana5 - 5: T.Raum	9999.9
2021-03-11 04:48:28.0	Ana9 - 9: T.Zuluft WRG warm	18.8
2021-03-11 04:48:38.0	Ana1 - 1: T.Au?en	2.9
2021-03-11 04:48:38.0	Ana2 - 2: T.Zuluft	13.6
2021-03-11 04:48:38.0	Ana3 - 3: T.Abluft	19.5
2021-03-11 04:48:38.0	Ana4 - 4: T.Fortluft	11.2
2021-03-11 04:48:38.0	Ana5 - 5: T.Raum	9999.9
2021-03-11 04:48:38.0	Ana9 - 9: T.Zuluft WRG warm	18.8
2021-03-11 04:48:48.0	Ana1 - 1: T.Au?en	2.9
2021-03-11 04:48:48.0	Ana2 - 2: T.Zuluft	13.6
2021-03-11 04:48:48.0	Ana3 - 3: T.Abluft	19.5
2021-03-11 04:48:48.0	Ana4 - 4: T.Fortluft	11.2
2021-03-11 04:48:48.0	Ana5 - 5: T.Raum	9999.9
2021-03-11 04:48:48.0	Ana9 - 9: T.Zuluft WRG warm	18.8
2021-03-11 04:48:58.0	Ana1 - 1: T.Au?en	2.9
2021-03-11 04:48:58.0	Ana2 - 2: T.Zuluft	13.6
2021-03-11 04:48:58.0	Ana3 - 3: T.Abluft	19.5
2021-03-11 04:48:58.0	Ana4 - 4: T.Fortluft	11.2
2021-03-11 04:48:58.0	Ana5 - 5: T.Raum	9999.9
2021-03-11 04:48:58.0	Ana9 - 9: T.Zuluft WRG warm	18.8
2021-03-11 04:49:08.0	Ana1 - 1: T.Au?en	2.9
2021-03-11 04:49:08.0	Ana2 - 2: T.Zuluft	13.6
2021-03-11 04:49:08.0	Ana3 - 3: T.Abluft	19.5
2021-03-11 04:49:08.0	Ana4 - 4: T.Fortluft	11.2
2021-03-11 04:49:08.0	Ana5 - 5: T.Raum	9999.9
2021-03-11 04:49:08.0	Ana9 - 9: T.Zuluft WRG warm	18.8
2021-03-11 04:49:18.0	Ana1 - 1: T.Au?en	2.9
2021-03-11 04:49:18.0	Ana2 - 2: T.Zuluft	13.6
2021-03-11 04:49:18.0	Ana3 - 3: T.Abluft	19.5
2021-03-11 04:49:18.0	Ana4 - 4: T.Fortluft	11.2
2021-03-11 04:49:18.0	Ana5 - 5: T.Raum	9999.9
2021-03-11 04:49:18.0	Ana9 - 9: T.Zuluft WRG warm	18.8
2021-03-11 04:49:28.0	Ana1 - 1: T.Au?en	2.9
2021-03-11 04:49:28.0	Ana2 - 2: T.Zuluft	13.6
2021-03-11 04:49:28.0	Ana3 - 3: T.Abluft	19.5
2021-03-11 04:49:28.0	Ana4 - 4: T.Fortluft	11.2
2021-03-11 04:49:28.0	Ana5 - 5: T.Raum	9999.9
2021-03-11 04:49:28.0	Ana9 - 9: T.Zuluft WRG warm	18.8
2021-03-11 04:49:38.0	Ana1 - 1: T.Au?en	2.9
2021-03-11 04:49:38.0	Ana2 - 2: T.Zuluft	13.6
2021-03-11 04:49:38.0	Ana3 - 3: T.Abluft	19.5
2021-03-11 04:49:38.0	Ana4 - 4: T.Fortluft	11.2
2021-03-11 04:49:38.0	Ana5 - 5: T.Raum	9999.9
2021-03-11 04:49:38.0	Ana9 - 9: T.Zuluft WRG warm	18.8
2021-03-11 04:49:48.0	Ana1 - 1: T.Au?en	2.9
2021-03-11 04:49:48.0	Ana2 - 2: T.Zuluft	13.6
2021-03-11 04:49:48.0	Ana3 - 3: T.Abluft	19.6
2021-03-11 04:49:48.0	Ana4 - 4: T.Fortluft	11.2
2021-03-11 04:49:48.0	Ana5 - 5: T.Raum	9999.9
2021-03-11 04:49:48.0	Ana9 - 9: T.Zuluft WRG warm	18.8
2021-03-11 04:49:58.0	Ana1 - 1: T.Au?en	2.9
2021-03-11 04:49:58.0	Ana2 - 2: T.Zuluft	13.6
2021-03-11 04:49:58.0	Ana3 - 3: T.Abluft	19.5
2021-03-11 04:49:58.0	Ana4 - 4: T.Fortluft	11.2
2021-03-11 04:49:58.0	Ana5 - 5: T.Raum	9999.9
2021-03-11 04:49:58.0	Ana9 - 9: T.Zuluft WRG warm	18.8
2021-03-11 04:50:08.0	Ana1 - 1: T.Au?en	2.9
2021-03-11 04:50:08.0	Ana2 - 2: T.Zuluft	13.6
2021-03-11 04:50:08.0	Ana3 - 3: T.Abluft	19.5
2021-03-11 04:50:08.0	Ana4 - 4: T.Fortluft	11.2
2021-03-11 04:50:08.0	Ana5 - 5: T.Raum	9999.9
2021-03-11 04:50:08.0	Ana9 - 9: T.Zuluft WRG warm	18.8
2021-03-11 04:50:18.0	Ana1 - 1: T.Au?en	2.9
2021-03-11 04:50:18.0	Ana2 - 2: T.Zuluft	13.6
2021-03-11 04:50:18.0	Ana3 - 3: T.Abluft	19.5
2021-03-11 04:50:18.0	Ana4 - 4: T.Fortluft	11.2
2021-03-11 04:50:18.0	Ana5 - 5: T.Raum	9999.9
2021-03-11 04:50:18.0	Ana9 - 9: T.Zuluft WRG warm	18.8
2021-03-11 04:50:28.0	Ana1 - 1: T.Au?en	2.9
2021-03-11 04:50:28.0	Ana2 - 2: T.Zuluft	13.6
2021-03-11 04:50:28.0	Ana3 - 3: T.Abluft	19.5
2021-03-11 04:50:28.0	Ana4 - 4: T.Fortluft	11.2
2021-03-11 04:50:28.0	Ana5 - 5: T.Raum	9999.9
2021-03-11 04:50:28.0	Ana9 - 9: T.Zuluft WRG warm	18.8
2021-03-11 04:50:38.0	Ana1 - 1: T.Au?en	2.9
2021-03-11 04:50:38.0	Ana2 - 2: T.Zuluft	13.6
2021-03-11 04:50:38.0	Ana3 - 3: T.Abluft	19.5
2021-03-11 04:50:38.0	Ana4 - 4: T.Fortluft	11.2
2021-03-11 04:50:38.0	Ana5 - 5: T.Raum	9999.9
2021-03-11 04:50:38.0	Ana9 - 9: T.Zuluft WRG warm	18.8
2021-03-11 04:50:48.0	Ana1 - 1: T.Au?en	2.8
2021-03-11 04:50:48.0	Ana2 - 2: T.Zuluft	13.6
2021-03-11 04:50:48.0	Ana3 - 3: T.Abluft	19.5
2021-03-11 04:50:48.0	Ana4 - 4: T.Fortluft	11.2
2021-03-11 04:50:48.0	Ana5 - 5: T.Raum	9999.9
2021-03-11 04:50:48.0	Ana9 - 9: T.Zuluft WRG warm	18.8
2021-03-11 04:50:58.0	Ana1 - 1: T.Au?en	2.8
2021-03-11 04:50:58.0	Ana2 - 2: T.Zuluft	13.6
2021-03-11 04:50:58.0	Ana3 - 3: T.Abluft	19.5
2021-03-11 04:50:58.0	Ana4 - 4: T.Fortluft	11.2
2021-03-11 04:50:58.0	Ana5 - 5: T.Raum	9999.9
2021-03-11 04:50:58.0	Ana9 - 9: T.Zuluft WRG warm	18.8
2021-03-11 04:51:08.0	Ana1 - 1: T.Au?en	2.8
2021-03-11 04:51:08.0	Ana2 - 2: T.Zuluft	13.6
2021-03-11 04:51:08.0	Ana3 - 3: T.Abluft	19.5
2021-03-11 04:51:08.0	Ana4 - 4: T.Fortluft	11.2
2021-03-11 04:51:08.0	Ana5 - 5: T.Raum	9999.9
2021-03-11 04:51:08.0	Ana9 - 9: T.Zuluft WRG warm	18.8
2021-03-11 04:51:18.0	Ana1 - 1: T.Au?en	2.8
2021-03-11 04:51:18.0	Ana2 - 2: T.Zuluft	13.6
2021-03-11 04:51:18.0	Ana3 - 3: T.Abluft	19.5
2021-03-11 04:51:18.0	Ana4 - 4: T.Fortluft	11.2
2021-03-11 04:51:18.0	Ana5 - 5: T.Raum	9999.9
2021-03-11 04:51:18.0	Ana9 - 9: T.Zuluft WRG warm	18.8
2021-03-11 04:51:28.0	Ana1 - 1: T.Au?en	2.8
2021-03-11 04:51:28.0	Ana2 - 2: T.Zuluft	13.6
2021-03-11 04:51:28.0	Ana3 - 3: T.Abluft	19.5
2021-03-11 04:51:28.0	Ana4 - 4: T.Fortluft	11.2
2021-03-11 04:51:28.0	Ana5 - 5: T.Raum	9999.9
2021-03-11 04:51:28.0	Ana9 - 9: T.Zuluft WRG warm	18.8
2021-03-11 04:51:38.0	Ana1 - 1: T.Au?en	2.8
2021-03-11 04:51:38.0	Ana2 - 2: T.Zuluft	13.6
2021-03-11 04:51:38.0	Ana3 - 3: T.Abluft	19.5
2021-03-11 04:51:38.0	Ana4 - 4: T.Fortluft	11.2
2021-03-11 04:51:38.0	Ana5 - 5: T.Raum	9999.9
2021-03-11 04:51:38.0	Ana9 - 9: T.Zuluft WRG warm	18.8
2021-03-11 04:51:48.0	Ana1 - 1: T.Au?en	2.8
2021-03-11 04:51:48.0	Ana2 - 2: T.Zuluft	13.6
2021-03-11 04:51:48.0	Ana3 - 3: T.Abluft	19.5
2021-03-11 04:51:48.0	Ana4 - 4: T.Fortluft	11.2
2021-03-11 04:51:48.0	Ana5 - 5: T.Raum	9999.9
2021-03-11 04:51:48.0	Ana9 - 9: T.Zuluft WRG warm	18.8
2021-03-11 04:51:58.0	Ana1 - 1: T.Au?en	2.8
2021-03-11 04:51:58.0	Ana2 - 2: T.Zuluft	13.6
2021-03-11 04:51:58.0	Ana3 - 3: T.Abluft	19.6
2021-03-11 04:51:58.0	Ana4 - 4: T.Fortluft	11.2
2021-03-11 04:51:58.0	Ana5 - 5: T.Raum	9999.9
2021-03-11 04:51:58.0	Ana9 - 9: T.Zuluft WRG warm	18.8
2021-03-11 04:52:08.0	Ana1 - 1: T.Au?en	2.8
2021-03-11 04:52:08.0	Ana2 - 2: T.Zuluft	13.6
2021-03-11 04:52:08.0	Ana3 - 3: T.Abluft	19.5
2021-03-11 04:52:08.0	Ana4 - 4: T.Fortluft	11.2
2021-03-11 04:52:08.0	Ana5 - 5: T.Raum	9999.9
2021-03-11 04:52:08.0	Ana9 - 9: T.Zuluft WRG warm	18.8
2021-03-11 04:52:18.0	Ana1 - 1: T.Au?en	2.8
2021-03-11 04:52:18.0	Ana2 - 2: T.Zuluft	13.6
2021-03-11 04:52:18.0	Ana3 - 3: T.Abluft	19.5
2021-03-11 04:52:18.0	Ana4 - 4: T.Fortluft	11.2
2021-03-11 04:52:18.0	Ana5 - 5: T.Raum	9999.9
2021-03-11 04:52:18.0	Ana9 - 9: T.Zuluft WRG warm	18.8
2021-03-11 04:52:28.0	Ana1 - 1: T.Au?en	2.8
2021-03-11 04:52:28.0	Ana2 - 2: T.Zuluft	13.6
2021-03-11 04:52:28.0	Ana3 - 3: T.Abluft	19.5
2021-03-11 04:52:28.0	Ana4 - 4: T.Fortluft	11.2
2021-03-11 04:52:28.0	Ana5 - 5: T.Raum	9999.9
2021-03-11 04:52:28.0	Ana9 - 9: T.Zuluft WRG warm	18.8
2021-03-11 04:52:38.0	Ana1 - 1: T.Au?en	2.8
2021-03-11 04:52:38.0	Ana2 - 2: T.Zuluft	13.6
2021-03-11 04:52:38.0	Ana3 - 3: T.Abluft	19.5
2021-03-11 04:52:38.0	Ana4 - 4: T.Fortluft	11.2
2021-03-11 04:52:38.0	Ana5 - 5: T.Raum	9999.9
2021-03-11 04:52:38.0	Ana9 - 9: T.Zuluft WRG warm	18.8
2021-03-11 04:52:48.0	Ana1 - 1: T.Au?en	2.8
2021-03-11 04:52:48.0	Ana2 - 2: T.Zuluft	13.6
2021-03-11 04:52:48.0	Ana3 - 3: T.Abluft	19.5
2021-03-11 04:52:48.0	Ana4 - 4: T.Fortluft	11.2
2021-03-11 04:52:48.0	Ana5 - 5: T.Raum	9999.9
2021-03-11 04:52:48.0	Ana9 - 9: T.Zuluft WRG warm	18.8
2021-03-11 04:52:58.0	Ana1 - 1: T.Au?en	2.8
2021-03-11 04:52:58.0	Ana2 - 2: T.Zuluft	13.6
2021-03-11 04:52:58.0	Ana3 - 3: T.Abluft	19.5
2021-03-11 04:52:58.0	Ana4 - 4: T.Fortluft	11.2
2021-03-11 04:52:58.0	Ana5 - 5: T.Raum	9999.9
2021-03-11 04:52:58.0	Ana9 - 9: T.Zuluft WRG warm	18.8
2021-03-11 04:53:08.0	Ana1 - 1: T.Au?en	2.8
2021-03-11 04:53:08.0	Ana2 - 2: T.Zuluft	13.6
2021-03-11 04:53:08.0	Ana3 - 3: T.Abluft	19.5
2021-03-11 04:53:08.0	Ana4 - 4: T.Fortluft	11.2
2021-03-11 04:53:08.0	Ana5 - 5: T.Raum	9999.9
2021-03-11 04:53:08.0	Ana9 - 9: T.Zuluft WRG warm	18.8
2021-03-11 04:53:18.0	Ana1 - 1: T.Au?en	2.8
2021-03-11 04:53:18.0	Ana2 - 2: T.Zuluft	13.6
2021-03-11 04:53:18.0	Ana3 - 3: T.Abluft	19.5
2021-03-11 04:53:18.0	Ana4 - 4: T.Fortluft	11.2
2021-03-11 04:53:18.0	Ana5 - 5: T.Raum	9999.9
2021-03-11 04:53:18.0	Ana9 - 9: T.Zuluft WRG warm	18.8
2021-03-11 04:53:28.0	Ana1 - 1: T.Au?en	2.8
2021-03-11 04:53:28.0	Ana2 - 2: T.Zuluft	13.6
2021-03-11 04:53:28.0	Ana3 - 3: T.Abluft	19.5
2021-03-11 04:53:28.0	Ana4 - 4: T.Fortluft	11.2
2021-03-11 04:53:28.0	Ana5 - 5: T.Raum	9999.9
2021-03-11 04:53:28.0	Ana9 - 9: T.Zuluft WRG warm	18.8
2021-03-11 04:53:38.0	Ana1 - 1: T.Au?en	2.8
2021-03-11 04:53:38.0	Ana2 - 2: T.Zuluft	13.6
2021-03-11 04:53:38.0	Ana3 - 3: T.Abluft	19.5
2021-03-11 04:53:38.0	Ana4 - 4: T.Fortluft	11.2
2021-03-11 04:53:38.0	Ana5 - 5: T.Raum	9999.9
2021-03-11 04:53:38.0	Ana9 - 9: T.Zuluft WRG warm	18.8
2021-03-11 04:53:48.0	Ana1 - 1: T.Au?en	2.8
2021-03-11 04:53:48.0	Ana2 - 2: T.Zuluft	13.6
2021-03-11 04:53:48.0	Ana3 - 3: T.Abluft	19.5
2021-03-11 04:53:48.0	Ana4 - 4: T.Fortluft	11.2
2021-03-11 04:53:48.0	Ana5 - 5: T.Raum	9999.9
2021-03-11 04:53:48.0	Ana9 - 9: T.Zuluft WRG warm	18.8
2021-03-11 04:53:58.0	Ana1 - 1: T.Au?en	2.8
2021-03-11 04:53:58.0	Ana2 - 2: T.Zuluft	13.6
2021-03-11 04:53:58.0	Ana3 - 3: T.Abluft	19.5
2021-03-11 04:53:58.0	Ana4 - 4: T.Fortluft	11.2
2021-03-11 04:53:58.0	Ana5 - 5: T.Raum	9999.9
2021-03-11 04:53:58.0	Ana9 - 9: T.Zuluft WRG warm	18.8
2021-03-11 04:54:08.0	Ana1 - 1: T.Au?en	2.8
2021-03-11 04:54:08.0	Ana2 - 2: T.Zuluft	13.6
2021-03-11 04:54:08.0	Ana3 - 3: T.Abluft	19.5
2021-03-11 04:54:08.0	Ana4 - 4: T.Fortluft	11.2
2021-03-11 04:54:08.0	Ana5 - 5: T.Raum	9999.9
2021-03-11 04:54:08.0	Ana9 - 9: T.Zuluft WRG warm	18.8
2021-03-11 04:54:18.0	Ana1 - 1: T.Au?en	2.8
2021-03-11 04:54:18.0	Ana2 - 2: T.Zuluft	13.6
2021-03-11 04:54:18.0	Ana3 - 3: T.Abluft	19.5
2021-03-11 04:54:18.0	Ana4 - 4: T.Fortluft	11.2
2021-03-11 04:54:18.0	Ana5 - 5: T.Raum	9999.9
2021-03-11 04:54:18.0	Ana9 - 9: T.Zuluft WRG warm	18.8
2021-03-11 04:54:28.0	Ana1 - 1: T.Au?en	2.8
2021-03-11 04:54:28.0	Ana2 - 2: T.Zuluft	13.6
2021-03-11 04:54:28.0	Ana3 - 3: T.Abluft	19.5
2021-03-11 04:54:28.0	Ana4 - 4: T.Fortluft	11.2
2021-03-11 04:54:28.0	Ana5 - 5: T.Raum	9999.9
2021-03-11 04:54:28.0	Ana9 - 9: T.Zuluft WRG warm	18.8
2021-03-11 04:54:38.0	Ana1 - 1: T.Au?en	2.8
2021-03-11 04:54:38.0	Ana2 - 2: T.Zuluft	13.6
2021-03-11 04:54:38.0	Ana3 - 3: T.Abluft	19.5
2021-03-11 04:54:38.0	Ana4 - 4: T.Fortluft	11.2
2021-03-11 04:54:38.0	Ana5 - 5: T.Raum	9999.9
2021-03-11 04:54:38.0	Ana9 - 9: T.Zuluft WRG warm	18.8
2021-03-11 04:54:48.0	Ana1 - 1: T.Au?en	2.8
2021-03-11 04:54:48.0	Ana2 - 2: T.Zuluft	13.6
2021-03-11 04:54:48.0	Ana3 - 3: T.Abluft	19.5
2021-03-11 04:54:48.0	Ana4 - 4: T.Fortluft	11.2
2021-03-11 04:54:48.0	Ana5 - 5: T.Raum	9999.9
2021-03-11 04:54:48.0	Ana9 - 9: T.Zuluft WRG warm	18.8
2021-03-11 04:54:58.0	Ana1 - 1: T.Au?en	2.8
2021-03-11 04:54:58.0	Ana2 - 2: T.Zuluft	13.6
2021-03-11 04:54:58.0	Ana3 - 3: T.Abluft	19.5
2021-03-11 04:54:58.0	Ana4 - 4: T.Fortluft	11.2
2021-03-11 04:54:58.0	Ana5 - 5: T.Raum	9999.9
2021-03-11 04:54:58.0	Ana9 - 9: T.Zuluft WRG warm	18.8
2021-03-11 04:55:08.0	Ana1 - 1: T.Au?en	2.8
2021-03-11 04:55:08.0	Ana2 - 2: T.Zuluft	13.6
2021-03-11 04:55:08.0	Ana3 - 3: T.Abluft	19.5
2021-03-11 04:55:08.0	Ana4 - 4: T.Fortluft	11.2
2021-03-11 04:55:08.0	Ana5 - 5: T.Raum	9999.9
2021-03-11 04:55:08.0	Ana9 - 9: T.Zuluft WRG warm	18.8
2021-03-11 04:55:18.0	Ana1 - 1: T.Au?en	2.8
2021-03-11 04:55:18.0	Ana2 - 2: T.Zuluft	13.6
2021-03-11 04:55:18.0	Ana3 - 3: T.Abluft	19.5
2021-03-11 04:55:18.0	Ana4 - 4: T.Fortluft	11.2
2021-03-11 04:55:18.0	Ana5 - 5: T.Raum	9999.9
2021-03-11 04:55:18.0	Ana9 - 9: T.Zuluft WRG warm	18.8
2021-03-11 04:55:28.0	Ana1 - 1: T.Au?en	2.8
2021-03-11 04:55:28.0	Ana2 - 2: T.Zuluft	13.6
2021-03-11 04:55:28.0	Ana3 - 3: T.Abluft	19.5
2021-03-11 04:55:28.0	Ana4 - 4: T.Fortluft	11.2
2021-03-11 04:55:28.0	Ana5 - 5: T.Raum	9999.9
2021-03-11 04:55:28.0	Ana9 - 9: T.Zuluft WRG warm	18.8
2021-03-11 04:55:38.0	Ana1 - 1: T.Au?en	2.8
2021-03-11 04:55:38.0	Ana2 - 2: T.Zuluft	13.6
2021-03-11 04:55:38.0	Ana3 - 3: T.Abluft	19.5
2021-03-11 04:55:38.0	Ana4 - 4: T.Fortluft	11.2
2021-03-11 04:55:38.0	Ana5 - 5: T.Raum	9999.9
2021-03-11 04:55:38.0	Ana9 - 9: T.Zuluft WRG warm	18.8
2021-03-11 04:55:48.0	Ana1 - 1: T.Au?en	2.8
2021-03-11 04:55:48.0	Ana2 - 2: T.Zuluft	13.6
2021-03-11 04:55:48.0	Ana3 - 3: T.Abluft	19.5
2021-03-11 04:55:48.0	Ana4 - 4: T.Fortluft	11.2
2021-03-11 04:55:48.0	Ana5 - 5: T.Raum	9999.9
2021-03-11 04:55:48.0	Ana9 - 9: T.Zuluft WRG warm	18.8
2021-03-11 04:55:58.0	Ana1 - 1: T.Au?en	2.8
2021-03-11 04:55:58.0	Ana2 - 2: T.Zuluft	13.6
2021-03-11 04:55:58.0	Ana3 - 3: T.Abluft	19.5
2021-03-11 04:55:58.0	Ana4 - 4: T.Fortluft	11.2
2021-03-11 04:55:58.0	Ana5 - 5: T.Raum	9999.9
2021-03-11 04:55:58.0	Ana9 - 9: T.Zuluft WRG warm	18.8
2021-03-11 04:56:08.0	Ana1 - 1: T.Au?en	2.8
2021-03-11 04:56:08.0	Ana2 - 2: T.Zuluft	13.6
2021-03-11 04:56:08.0	Ana3 - 3: T.Abluft	19.5
2021-03-11 04:56:08.0	Ana4 - 4: T.Fortluft	11.2
2021-03-11 04:56:08.0	Ana5 - 5: T.Raum	9999.9
2021-03-11 04:56:08.0	Ana9 - 9: T.Zuluft WRG warm	18.8
2021-03-11 04:56:18.0	Ana1 - 1: T.Au?en	2.8
2021-03-11 04:56:18.0	Ana2 - 2: T.Zuluft	13.6
2021-03-11 04:56:18.0	Ana3 - 3: T.Abluft	19.5
2021-03-11 04:56:18.0	Ana4 - 4: T.Fortluft	11.2
2021-03-11 04:56:18.0	Ana5 - 5: T.Raum	9999.9
2021-03-11 04:56:18.0	Ana9 - 9: T.Zuluft WRG warm	18.8
2021-03-11 04:56:28.0	Ana1 - 1: T.Au?en	2.8
2021-03-11 04:56:28.0	Ana2 - 2: T.Zuluft	13.6
2021-03-11 04:56:28.0	Ana3 - 3: T.Abluft	19.5
2021-03-11 04:56:28.0	Ana4 - 4: T.Fortluft	11.2
2021-03-11 04:56:28.0	Ana5 - 5: T.Raum	9999.9
2021-03-11 04:56:28.0	Ana9 - 9: T.Zuluft WRG warm	18.8
2021-03-11 04:56:38.0	Ana1 - 1: T.Au?en	2.8
2021-03-11 04:56:38.0	Ana2 - 2: T.Zuluft	13.6
2021-03-11 04:56:38.0	Ana3 - 3: T.Abluft	19.5
2021-03-11 04:56:38.0	Ana4 - 4: T.Fortluft	11.2
2021-03-11 04:56:38.0	Ana5 - 5: T.Raum	9999.9
2021-03-11 04:56:38.0	Ana9 - 9: T.Zuluft WRG warm	18.8
2021-03-11 04:56:48.0	Ana1 - 1: T.Au?en	2.8
2021-03-11 04:56:48.0	Ana2 - 2: T.Zuluft	13.6
2021-03-11 04:56:48.0	Ana3 - 3: T.Abluft	19.5
2021-03-11 04:56:48.0	Ana4 - 4: T.Fortluft	11.2
2021-03-11 04:56:48.0	Ana5 - 5: T.Raum	9999.9
2021-03-11 04:56:48.0	Ana9 - 9: T.Zuluft WRG warm	18.8
2021-03-11 04:56:58.0	Ana1 - 1: T.Au?en	2.8
2021-03-11 04:56:58.0	Ana2 - 2: T.Zuluft	13.6
2021-03-11 04:56:58.0	Ana3 - 3: T.Abluft	19.5
2021-03-11 04:56:58.0	Ana4 - 4: T.Fortluft	11.2
2021-03-11 04:56:58.0	Ana5 - 5: T.Raum	9999.9
2021-03-11 04:56:58.0	Ana9 - 9: T.Zuluft WRG warm	18.8
2021-03-11 04:57:08.0	Ana1 - 1: T.Au?en	2.8
2021-03-11 04:57:08.0	Ana2 - 2: T.Zuluft	13.6
2021-03-11 04:57:08.0	Ana3 - 3: T.Abluft	19.5
2021-03-11 04:57:08.0	Ana4 - 4: T.Fortluft	11.2
2021-03-11 04:57:08.0	Ana5 - 5: T.Raum	9999.9
2021-03-11 04:57:08.0	Ana9 - 9: T.Zuluft WRG warm	18.8
2021-03-11 04:57:18.0	Ana1 - 1: T.Au?en	2.8
2021-03-11 04:57:18.0	Ana2 - 2: T.Zuluft	13.6
2021-03-11 04:57:18.0	Ana3 - 3: T.Abluft	19.5
2021-03-11 04:57:18.0	Ana4 - 4: T.Fortluft	11.2
2021-03-11 04:57:18.0	Ana5 - 5: T.Raum	9999.9
2021-03-11 04:57:18.0	Ana9 - 9: T.Zuluft WRG warm	18.8
2021-03-11 04:57:28.0	Ana1 - 1: T.Au?en	2.8
2021-03-11 04:57:28.0	Ana2 - 2: T.Zuluft	13.6
2021-03-11 04:57:28.0	Ana3 - 3: T.Abluft	19.5
2021-03-11 04:57:28.0	Ana4 - 4: T.Fortluft	11.2
2021-03-11 04:57:28.0	Ana5 - 5: T.Raum	9999.9
2021-03-11 04:57:28.0	Ana9 - 9: T.Zuluft WRG warm	18.8
2021-03-11 04:57:38.0	Ana1 - 1: T.Au?en	2.8
2021-03-11 04:57:38.0	Ana2 - 2: T.Zuluft	13.6
2021-03-11 04:57:38.0	Ana3 - 3: T.Abluft	19.5
2021-03-11 04:57:38.0	Ana4 - 4: T.Fortluft	11.2
2021-03-11 04:57:38.0	Ana5 - 5: T.Raum	9999.9
2021-03-11 04:57:38.0	Ana9 - 9: T.Zuluft WRG warm	18.8
2021-03-11 04:57:48.0	Ana1 - 1: T.Au?en	2.8
2021-03-11 04:57:48.0	Ana2 - 2: T.Zuluft	13.6
2021-03-11 04:57:48.0	Ana3 - 3: T.Abluft	19.5
2021-03-11 04:57:48.0	Ana4 - 4: T.Fortluft	11.2
2021-03-11 04:57:48.0	Ana5 - 5: T.Raum	9999.9
2021-03-11 04:57:48.0	Ana9 - 9: T.Zuluft WRG warm	18.8
2021-03-11 04:57:58.0	Ana1 - 1: T.Au?en	2.8
2021-03-11 04:57:58.0	Ana2 - 2: T.Zuluft	13.6
2021-03-11 04:57:58.0	Ana3 - 3: T.Abluft	19.5
2021-03-11 04:57:58.0	Ana4 - 4: T.Fortluft	11.2
2021-03-11 04:57:58.0	Ana5 - 5: T.Raum	9999.9
2021-03-11 04:57:58.0	Ana9 - 9: T.Zuluft WRG warm	18.8
2021-03-11 04:58:08.0	Ana1 - 1: T.Au?en	2.8
2021-03-11 04:58:08.0	Ana2 - 2: T.Zuluft	13.6
2021-03-11 04:58:08.0	Ana3 - 3: T.Abluft	19.5
2021-03-11 04:58:08.0	Ana4 - 4: T.Fortluft	11.2
2021-03-11 04:58:08.0	Ana5 - 5: T.Raum	9999.9
2021-03-11 04:58:08.0	Ana9 - 9: T.Zuluft WRG warm	18.8
2021-03-11 04:58:18.0	Ana1 - 1: T.Au?en	2.8
2021-03-11 04:58:18.0	Ana2 - 2: T.Zuluft	13.6
2021-03-11 04:58:18.0	Ana3 - 3: T.Abluft	19.5
2021-03-11 04:58:18.0	Ana4 - 4: T.Fortluft	11.2
2021-03-11 04:58:18.0	Ana5 - 5: T.Raum	9999.9
2021-03-11 04:58:18.0	Ana9 - 9: T.Zuluft WRG warm	18.8
2021-03-11 04:58:28.0	Ana1 - 1: T.Au?en	2.8
2021-03-11 04:58:28.0	Ana2 - 2: T.Zuluft	13.6
2021-03-11 04:58:28.0	Ana3 - 3: T.Abluft	19.5
2021-03-11 04:58:28.0	Ana4 - 4: T.Fortluft	11.2
2021-03-11 04:58:28.0	Ana5 - 5: T.Raum	9999.9
2021-03-11 04:58:28.0	Ana9 - 9: T.Zuluft WRG warm	18.8
2021-03-11 04:58:38.0	Ana1 - 1: T.Au?en	2.8
2021-03-11 04:58:38.0	Ana2 - 2: T.Zuluft	13.6
2021-03-11 04:58:38.0	Ana3 - 3: T.Abluft	19.5
2021-03-11 04:58:38.0	Ana4 - 4: T.Fortluft	11.2
2021-03-11 04:58:38.0	Ana5 - 5: T.Raum	9999.9
2021-03-11 04:58:38.0	Ana9 - 9: T.Zuluft WRG warm	18.8
2021-03-11 04:58:48.0	Ana1 - 1: T.Au?en	2.8
2021-03-11 04:58:48.0	Ana2 - 2: T.Zuluft	13.6
2021-03-11 04:58:48.0	Ana3 - 3: T.Abluft	19.5
2021-03-11 04:58:48.0	Ana4 - 4: T.Fortluft	11.2
2021-03-11 04:58:48.0	Ana5 - 5: T.Raum	9999.9
2021-03-11 04:58:48.0	Ana9 - 9: T.Zuluft WRG warm	18.8
2021-03-11 04:58:58.0	Ana1 - 1: T.Au?en	2.8
2021-03-11 04:58:58.0	Ana2 - 2: T.Zuluft	13.6
2021-03-11 04:58:58.0	Ana3 - 3: T.Abluft	19.5
2021-03-11 04:58:58.0	Ana4 - 4: T.Fortluft	11.2
2021-03-11 04:58:58.0	Ana5 - 5: T.Raum	9999.9
2021-03-11 04:58:58.0	Ana9 - 9: T.Zuluft WRG warm	18.8
2021-03-11 04:59:08.0	Ana1 - 1: T.Au?en	2.8
2021-03-11 04:59:08.0	Ana2 - 2: T.Zuluft	13.6
2021-03-11 04:59:08.0	Ana3 - 3: T.Abluft	19.5
2021-03-11 04:59:08.0	Ana4 - 4: T.Fortluft	11.2
2021-03-11 04:59:08.0	Ana5 - 5: T.Raum	9999.9
2021-03-11 04:59:08.0	Ana9 - 9: T.Zuluft WRG warm	18.8
2021-03-11 04:59:18.0	Ana1 - 1: T.Au?en	2.8
2021-03-11 04:59:18.0	Ana2 - 2: T.Zuluft	13.6
2021-03-11 04:59:18.0	Ana3 - 3: T.Abluft	19.5
2021-03-11 04:59:18.0	Ana4 - 4: T.Fortluft	11.2
2021-03-11 04:59:18.0	Ana5 - 5: T.Raum	9999.9
2021-03-11 04:59:18.0	Ana9 - 9: T.Zuluft WRG warm	18.8
2021-03-11 04:59:28.0	Ana1 - 1: T.Au?en	2.8
2021-03-11 04:59:28.0	Ana2 - 2: T.Zuluft	13.6
2021-03-11 04:59:28.0	Ana3 - 3: T.Abluft	19.5
2021-03-11 04:59:28.0	Ana4 - 4: T.Fortluft	11.2
2021-03-11 04:59:28.0	Ana5 - 5: T.Raum	9999.9
2021-03-11 04:59:28.0	Ana9 - 9: T.Zuluft WRG warm	18.8
2021-03-11 04:59:38.0	Ana1 - 1: T.Au?en	2.8
2021-03-11 04:59:38.0	Ana2 - 2: T.Zuluft	13.6
2021-03-11 04:59:38.0	Ana3 - 3: T.Abluft	19.5
2021-03-11 04:59:38.0	Ana4 - 4: T.Fortluft	11.2
2021-03-11 04:59:38.0	Ana5 - 5: T.Raum	9999.9
2021-03-11 04:59:38.0	Ana9 - 9: T.Zuluft WRG warm	18.8
2021-03-11 04:59:48.0	Ana1 - 1: T.Au?en	2.8
2021-03-11 04:59:48.0	Ana2 - 2: T.Zuluft	13.6
2021-03-11 04:59:48.0	Ana3 - 3: T.Abluft	19.5
2021-03-11 04:59:48.0	Ana4 - 4: T.Fortluft	11.2
2021-03-11 04:59:48.0	Ana5 - 5: T.Raum	9999.9
2021-03-11 04:59:48.0	Ana9 - 9: T.Zuluft WRG warm	18.8
2021-03-11 04:59:58.0	Ana1 - 1: T.Au?en	2.8
2021-03-11 04:59:58.0	Ana2 - 2: T.Zuluft	13.6
2021-03-11 04:59:58.0	Ana3 - 3: T.Abluft	19.5
2021-03-11 04:59:58.0	Ana4 - 4: T.Fortluft	11.2
2021-03-11 04:59:58.0	Ana5 - 5: T.Raum	9999.9
2021-03-11 04:59:58.0	Ana9 - 9: T.Zuluft WRG warm	18.8
2021-03-11 05:00:08.0	Ana1 - 1: T.Au?en	2.8
2021-03-11 05:00:08.0	Ana2 - 2: T.Zuluft	13.6
2021-03-11 05:00:08.0	Ana3 - 3: T.Abluft	19.5
2021-03-11 05:00:08.0	Ana4 - 4: T.Fortluft	11.2
2021-03-11 05:00:08.0	Ana5 - 5: T.Raum	9999.9
2021-03-11 05:00:08.0	Ana9 - 9: T.Zuluft WRG warm	18.8
2021-03-11 05:00:18.0	Ana1 - 1: T.Au?en	2.9
2021-03-11 05:00:18.0	Ana2 - 2: T.Zuluft	13.6
2021-03-11 05:00:18.0	Ana3 - 3: T.Abluft	19.5
2021-03-11 05:00:18.0	Ana4 - 4: T.Fortluft	11.2
2021-03-11 05:00:18.0	Ana5 - 5: T.Raum	9999.9
2021-03-11 05:00:18.0	Ana9 - 9: T.Zuluft WRG warm	18.8
2021-03-11 05:00:28.0	Ana1 - 1: T.Au?en	2.9
2021-03-11 05:00:28.0	Ana2 - 2: T.Zuluft	13.6
2021-03-11 05:00:28.0	Ana3 - 3: T.Abluft	19.5
2021-03-11 05:00:28.0	Ana4 - 4: T.Fortluft	11.2
2021-03-11 05:00:28.0	Ana5 - 5: T.Raum	9999.9
2021-03-11 05:00:28.0	Ana9 - 9: T.Zuluft WRG warm	18.8
2021-03-11 05:00:38.0	Ana1 - 1: T.Au?en	2.9
2021-03-11 05:00:38.0	Ana2 - 2: T.Zuluft	13.6
2021-03-11 05:00:38.0	Ana3 - 3: T.Abluft	19.5
2021-03-11 05:00:38.0	Ana4 - 4: T.Fortluft	11.2
2021-03-11 05:00:38.0	Ana5 - 5: T.Raum	9999.9
2021-03-11 05:00:38.0	Ana9 - 9: T.Zuluft WRG warm	18.8
2021-03-11 05:00:48.0	Ana1 - 1: T.Au?en	2.9
2021-03-11 05:00:48.0	Ana2 - 2: T.Zuluft	13.6
2021-03-11 05:00:48.0	Ana3 - 3: T.Abluft	19.5
2021-03-11 05:00:48.0	Ana4 - 4: T.Fortluft	11.2
2021-03-11 05:00:48.0	Ana5 - 5: T.Raum	9999.9
2021-03-11 05:00:48.0	Ana9 - 9: T.Zuluft WRG warm	18.8
2021-03-11 05:00:58.0	Ana1 - 1: T.Au?en	2.9
2021-03-11 05:00:58.0	Ana2 - 2: T.Zuluft	13.6
2021-03-11 05:00:58.0	Ana3 - 3: T.Abluft	19.5
2021-03-11 05:00:58.0	Ana4 - 4: T.Fortluft	11.2
2021-03-11 05:00:58.0	Ana5 - 5: T.Raum	9999.9
2021-03-11 05:00:58.0	Ana9 - 9: T.Zuluft WRG warm	18.8
2021-03-11 05:01:08.0	Ana1 - 1: T.Au?en	2.9
2021-03-11 05:01:08.0	Ana2 - 2: T.Zuluft	13.6
2021-03-11 05:01:08.0	Ana3 - 3: T.Abluft	19.5
2021-03-11 05:01:08.0	Ana4 - 4: T.Fortluft	11.2
2021-03-11 05:01:08.0	Ana5 - 5: T.Raum	9999.9
2021-03-11 05:01:08.0	Ana9 - 9: T.Zuluft WRG warm	18.8
2021-03-11 05:01:18.0	Ana1 - 1: T.Au?en	2.9
2021-03-11 05:01:18.0	Ana2 - 2: T.Zuluft	13.6
2021-03-11 05:01:18.0	Ana3 - 3: T.Abluft	19.5
2021-03-11 05:01:18.0	Ana4 - 4: T.Fortluft	11.2
2021-03-11 05:01:18.0	Ana5 - 5: T.Raum	9999.9
2021-03-11 05:01:18.0	Ana9 - 9: T.Zuluft WRG warm	18.8
2021-03-11 05:01:28.0	Ana1 - 1: T.Au?en	2.9
2021-03-11 05:01:28.0	Ana2 - 2: T.Zuluft	13.6
2021-03-11 05:01:28.0	Ana3 - 3: T.Abluft	19.5
2021-03-11 05:01:28.0	Ana4 - 4: T.Fortluft	11.2
2021-03-11 05:01:28.0	Ana5 - 5: T.Raum	9999.9
2021-03-11 05:01:28.0	Ana9 - 9: T.Zuluft WRG warm	18.8
2021-03-11 05:01:38.0	Ana1 - 1: T.Au?en	2.9
2021-03-11 05:01:38.0	Ana2 - 2: T.Zuluft	13.6
2021-03-11 05:01:38.0	Ana3 - 3: T.Abluft	19.5
2021-03-11 05:01:38.0	Ana4 - 4: T.Fortluft	11.2
2021-03-11 05:01:38.0	Ana5 - 5: T.Raum	9999.9
2021-03-11 05:01:38.0	Ana9 - 9: T.Zuluft WRG warm	18.8
2021-03-11 05:01:48.0	Ana1 - 1: T.Au?en	2.9
2021-03-11 05:01:48.0	Ana2 - 2: T.Zuluft	13.6
2021-03-11 05:01:48.0	Ana3 - 3: T.Abluft	19.5
2021-03-11 05:01:48.0	Ana4 - 4: T.Fortluft	11.2
2021-03-11 05:01:48.0	Ana5 - 5: T.Raum	9999.9
2021-03-11 05:01:48.0	Ana9 - 9: T.Zuluft WRG warm	18.8
2021-03-11 05:01:58.0	Ana1 - 1: T.Au?en	2.9
2021-03-11 05:01:58.0	Ana2 - 2: T.Zuluft	13.6
2021-03-11 05:01:58.0	Ana3 - 3: T.Abluft	19.5
2021-03-11 05:01:58.0	Ana4 - 4: T.Fortluft	11.2
2021-03-11 05:01:58.0	Ana5 - 5: T.Raum	9999.9
2021-03-11 05:01:58.0	Ana9 - 9: T.Zuluft WRG warm	18.8
2021-03-11 05:02:08.0	Ana1 - 1: T.Au?en	2.9
2021-03-11 05:02:08.0	Ana2 - 2: T.Zuluft	13.6
2021-03-11 05:02:08.0	Ana3 - 3: T.Abluft	19.5
2021-03-11 05:02:08.0	Ana4 - 4: T.Fortluft	11.2
2021-03-11 05:02:08.0	Ana5 - 5: T.Raum	9999.9
2021-03-11 05:02:08.0	Ana9 - 9: T.Zuluft WRG warm	18.8
2021-03-11 05:02:18.0	Ana1 - 1: T.Au?en	3.0
2021-03-11 05:02:18.0	Ana2 - 2: T.Zuluft	13.6
2021-03-11 05:02:18.0	Ana3 - 3: T.Abluft	19.5
2021-03-11 05:02:18.0	Ana4 - 4: T.Fortluft	11.2
2021-03-11 05:02:18.0	Ana5 - 5: T.Raum	9999.9
2021-03-11 05:02:18.0	Ana9 - 9: T.Zuluft WRG warm	18.8
2021-03-11 05:02:28.0	Ana1 - 1: T.Au?en	3.0
2021-03-11 05:02:28.0	Ana2 - 2: T.Zuluft	13.6
2021-03-11 05:02:28.0	Ana3 - 3: T.Abluft	19.5
2021-03-11 05:02:28.0	Ana4 - 4: T.Fortluft	11.2
2021-03-11 05:02:28.0	Ana5 - 5: T.Raum	9999.9
2021-03-11 05:02:28.0	Ana9 - 9: T.Zuluft WRG warm	18.8
2021-03-11 05:02:38.0	Ana1 - 1: T.Au?en	3.0
2021-03-11 05:02:38.0	Ana2 - 2: T.Zuluft	13.6
2021-03-11 05:02:38.0	Ana3 - 3: T.Abluft	19.5
2021-03-11 05:02:38.0	Ana4 - 4: T.Fortluft	11.2
2021-03-11 05:02:38.0	Ana5 - 5: T.Raum	9999.9
2021-03-11 05:02:38.0	Ana9 - 9: T.Zuluft WRG warm	18.8
2021-03-11 05:02:48.0	Ana1 - 1: T.Au?en	3.0
2021-03-11 05:02:48.0	Ana2 - 2: T.Zuluft	13.6
2021-03-11 05:02:48.0	Ana3 - 3: T.Abluft	19.5
2021-03-11 05:02:48.0	Ana4 - 4: T.Fortluft	11.2
2021-03-11 05:02:48.0	Ana5 - 5: T.Raum	9999.9
2021-03-11 05:02:48.0	Ana9 - 9: T.Zuluft WRG warm	18.8
2021-03-11 05:02:58.0	Ana1 - 1: T.Au?en	3.0
2021-03-11 05:02:58.0	Ana2 - 2: T.Zuluft	13.6
2021-03-11 05:02:58.0	Ana3 - 3: T.Abluft	19.5
2021-03-11 05:02:58.0	Ana4 - 4: T.Fortluft	11.2
2021-03-11 05:02:58.0	Ana5 - 5: T.Raum	9999.9
2021-03-11 05:02:58.0	Ana9 - 9: T.Zuluft WRG warm	18.8
2021-03-11 05:03:08.0	Ana1 - 1: T.Au?en	3.0
2021-03-11 05:03:08.0	Ana2 - 2: T.Zuluft	13.6
2021-03-11 05:03:08.0	Ana3 - 3: T.Abluft	19.5
2021-03-11 05:03:08.0	Ana4 - 4: T.Fortluft	11.2
2021-03-11 05:03:08.0	Ana5 - 5: T.Raum	9999.9
2021-03-11 05:03:08.0	Ana9 - 9: T.Zuluft WRG warm	18.8
2021-03-11 05:03:18.0	Ana1 - 1: T.Au?en	2.9
2021-03-11 05:03:18.0	Ana2 - 2: T.Zuluft	13.6
2021-03-11 05:03:18.0	Ana3 - 3: T.Abluft	19.5
2021-03-11 05:03:18.0	Ana4 - 4: T.Fortluft	11.2
2021-03-11 05:03:18.0	Ana5 - 5: T.Raum	9999.9
2021-03-11 05:03:18.0	Ana9 - 9: T.Zuluft WRG warm	18.8
2021-03-11 05:03:28.0	Ana1 - 1: T.Au?en	2.9
2021-03-11 05:03:28.0	Ana2 - 2: T.Zuluft	13.6
2021-03-11 05:03:28.0	Ana3 - 3: T.Abluft	19.5
2021-03-11 05:03:28.0	Ana4 - 4: T.Fortluft	11.2
2021-03-11 05:03:28.0	Ana5 - 5: T.Raum	9999.9
2021-03-11 05:03:28.0	Ana9 - 9: T.Zuluft WRG warm	18.8
2021-03-11 05:03:38.0	Ana1 - 1: T.Au?en	2.9
2021-03-11 05:03:38.0	Ana2 - 2: T.Zuluft	13.6
2021-03-11 05:03:38.0	Ana3 - 3: T.Abluft	19.5
2021-03-11 05:03:38.0	Ana4 - 4: T.Fortluft	11.2
2021-03-11 05:03:38.0	Ana5 - 5: T.Raum	9999.9
2021-03-11 05:03:38.0	Ana9 - 9: T.Zuluft WRG warm	18.8
2021-03-11 05:03:48.0	Ana1 - 1: T.Au?en	2.9
2021-03-11 05:03:48.0	Ana2 - 2: T.Zuluft	13.6
2021-03-11 05:03:48.0	Ana3 - 3: T.Abluft	19.5
2021-03-11 05:03:48.0	Ana4 - 4: T.Fortluft	11.2
2021-03-11 05:03:48.0	Ana5 - 5: T.Raum	9999.9
2021-03-11 05:03:48.0	Ana9 - 9: T.Zuluft WRG warm	18.8
2021-03-11 05:03:58.0	Ana1 - 1: T.Au?en	2.9
2021-03-11 05:03:58.0	Ana2 - 2: T.Zuluft	13.6
2021-03-11 05:03:58.0	Ana3 - 3: T.Abluft	19.5
2021-03-11 05:03:58.0	Ana4 - 4: T.Fortluft	11.2
2021-03-11 05:03:58.0	Ana5 - 5: T.Raum	9999.9
2021-03-11 05:03:58.0	Ana9 - 9: T.Zuluft WRG warm	18.8
2021-03-11 05:04:08.0	Ana1 - 1: T.Au?en	2.9
2021-03-11 05:04:08.0	Ana2 - 2: T.Zuluft	13.6
2021-03-11 05:04:08.0	Ana3 - 3: T.Abluft	19.5
2021-03-11 05:04:08.0	Ana4 - 4: T.Fortluft	11.2
2021-03-11 05:04:08.0	Ana5 - 5: T.Raum	9999.9
2021-03-11 05:04:08.0	Ana9 - 9: T.Zuluft WRG warm	18.8
2021-03-11 05:04:18.0	Ana1 - 1: T.Au?en	2.9
2021-03-11 05:04:18.0	Ana2 - 2: T.Zuluft	13.6
2021-03-11 05:04:18.0	Ana3 - 3: T.Abluft	19.6
2021-03-11 05:04:18.0	Ana4 - 4: T.Fortluft	11.2
2021-03-11 05:04:18.0	Ana5 - 5: T.Raum	9999.9
2021-03-11 05:04:18.0	Ana9 - 9: T.Zuluft WRG warm	18.8
2021-03-11 05:04:28.0	Ana1 - 1: T.Au?en	2.9
2021-03-11 05:04:28.0	Ana2 - 2: T.Zuluft	13.6
2021-03-11 05:04:28.0	Ana3 - 3: T.Abluft	19.5
2021-03-11 05:04:28.0	Ana4 - 4: T.Fortluft	11.2
2021-03-11 05:04:28.0	Ana5 - 5: T.Raum	9999.9
2021-03-11 05:04:28.0	Ana9 - 9: T.Zuluft WRG warm	18.8
2021-03-11 05:04:38.0	Ana1 - 1: T.Au?en	2.8
2021-03-11 05:04:38.0	Ana2 - 2: T.Zuluft	13.6
2021-03-11 05:04:38.0	Ana3 - 3: T.Abluft	19.5
2021-03-11 05:04:38.0	Ana4 - 4: T.Fortluft	11.2
2021-03-11 05:04:38.0	Ana5 - 5: T.Raum	9999.9
2021-03-11 05:04:38.0	Ana9 - 9: T.Zuluft WRG warm	18.8
2021-03-11 05:04:48.0	Ana1 - 1: T.Au?en	2.8
2021-03-11 05:04:48.0	Ana2 - 2: T.Zuluft	13.6
2021-03-11 05:04:48.0	Ana3 - 3: T.Abluft	19.6
2021-03-11 05:04:48.0	Ana4 - 4: T.Fortluft	11.2
2021-03-11 05:04:48.0	Ana5 - 5: T.Raum	9999.9
2021-03-11 05:04:48.0	Ana9 - 9: T.Zuluft WRG warm	18.8
2021-03-11 05:04:58.0	Ana1 - 1: T.Au?en	2.8
2021-03-11 05:04:58.0	Ana2 - 2: T.Zuluft	13.6
2021-03-11 05:04:58.0	Ana3 - 3: T.Abluft	19.5
2021-03-11 05:04:58.0	Ana4 - 4: T.Fortluft	11.2
2021-03-11 05:04:58.0	Ana5 - 5: T.Raum	9999.9
2021-03-11 05:04:58.0	Ana9 - 9: T.Zuluft WRG warm	18.8
2021-03-11 05:05:08.0	Ana1 - 1: T.Au?en	2.8
2021-03-11 05:05:08.0	Ana2 - 2: T.Zuluft	13.6
2021-03-11 05:05:08.0	Ana3 - 3: T.Abluft	19.5
2021-03-11 05:05:08.0	Ana4 - 4: T.Fortluft	11.2
2021-03-11 05:05:08.0	Ana5 - 5: T.Raum	9999.9
2021-03-11 05:05:08.0	Ana9 - 9: T.Zuluft WRG warm	18.8
2021-03-11 05:05:18.0	Ana1 - 1: T.Au?en	2.8
2021-03-11 05:05:18.0	Ana2 - 2: T.Zuluft	13.6
2021-03-11 05:05:18.0	Ana3 - 3: T.Abluft	19.6
2021-03-11 05:05:18.0	Ana4 - 4: T.Fortluft	11.2
2021-03-11 05:05:18.0	Ana5 - 5: T.Raum	9999.9
2021-03-11 05:05:18.0	Ana9 - 9: T.Zuluft WRG warm	18.8
2021-03-11 05:05:28.0	Ana1 - 1: T.Au?en	2.8
2021-03-11 05:05:28.0	Ana2 - 2: T.Zuluft	13.6
2021-03-11 05:05:28.0	Ana3 - 3: T.Abluft	19.5
2021-03-11 05:05:28.0	Ana4 - 4: T.Fortluft	11.2
2021-03-11 05:05:28.0	Ana5 - 5: T.Raum	9999.9
2021-03-11 05:05:28.0	Ana9 - 9: T.Zuluft WRG warm	18.8
2021-03-11 05:05:38.0	Ana1 - 1: T.Au?en	2.8
2021-03-11 05:05:38.0	Ana2 - 2: T.Zuluft	13.6
2021-03-11 05:05:38.0	Ana3 - 3: T.Abluft	19.5
2021-03-11 05:05:38.0	Ana4 - 4: T.Fortluft	11.2
2021-03-11 05:05:38.0	Ana5 - 5: T.Raum	9999.9
2021-03-11 05:05:38.0	Ana9 - 9: T.Zuluft WRG warm	18.8
2021-03-11 05:05:48.0	Ana1 - 1: T.Au?en	2.8
2021-03-11 05:05:48.0	Ana2 - 2: T.Zuluft	13.6
2021-03-11 05:05:48.0	Ana3 - 3: T.Abluft	19.6
2021-03-11 05:05:48.0	Ana4 - 4: T.Fortluft	11.2
2021-03-11 05:05:48.0	Ana5 - 5: T.Raum	9999.9
2021-03-11 05:05:48.0	Ana9 - 9: T.Zuluft WRG warm	18.8
2021-03-11 05:05:58.0	Ana1 - 1: T.Au?en	2.8
2021-03-11 05:05:58.0	Ana2 - 2: T.Zuluft	13.6
2021-03-11 05:05:58.0	Ana3 - 3: T.Abluft	19.6
2021-03-11 05:05:58.0	Ana4 - 4: T.Fortluft	11.2
2021-03-11 05:05:58.0	Ana5 - 5: T.Raum	9999.9
2021-03-11 05:05:58.0	Ana9 - 9: T.Zuluft WRG warm	18.8
2021-03-11 05:06:08.0	Ana1 - 1: T.Au?en	2.8
2021-03-11 05:06:08.0	Ana2 - 2: T.Zuluft	13.6
2021-03-11 05:06:08.0	Ana3 - 3: T.Abluft	19.5
2021-03-11 05:06:08.0	Ana4 - 4: T.Fortluft	11.2
2021-03-11 05:06:08.0	Ana5 - 5: T.Raum	9999.9
2021-03-11 05:06:08.0	Ana9 - 9: T.Zuluft WRG warm	18.8
2021-03-11 05:06:18.0	Ana1 - 1: T.Au?en	2.9
2021-03-11 05:06:18.0	Ana2 - 2: T.Zuluft	13.6
2021-03-11 05:06:18.0	Ana3 - 3: T.Abluft	19.5
2021-03-11 05:06:18.0	Ana4 - 4: T.Fortluft	11.2
2021-03-11 05:06:18.0	Ana5 - 5: T.Raum	9999.9
2021-03-11 05:06:18.0	Ana9 - 9: T.Zuluft WRG warm	18.8
2021-03-11 05:06:28.0	Ana1 - 1: T.Au?en	2.9
2021-03-11 05:06:28.0	Ana2 - 2: T.Zuluft	13.6
2021-03-11 05:06:28.0	Ana3 - 3: T.Abluft	19.6
2021-03-11 05:06:28.0	Ana4 - 4: T.Fortluft	11.2
2021-03-11 05:06:28.0	Ana5 - 5: T.Raum	9999.9
2021-03-11 05:06:28.0	Ana9 - 9: T.Zuluft WRG warm	18.8
2021-03-11 05:06:38.0	Ana1 - 1: T.Au?en	2.9
2021-03-11 05:06:38.0	Ana2 - 2: T.Zuluft	13.6
2021-03-11 05:06:38.0	Ana3 - 3: T.Abluft	19.5
2021-03-11 05:06:38.0	Ana4 - 4: T.Fortluft	11.2
2021-03-11 05:06:38.0	Ana5 - 5: T.Raum	9999.9
2021-03-11 05:06:38.0	Ana9 - 9: T.Zuluft WRG warm	18.8
2021-03-11 05:06:48.0	Ana1 - 1: T.Au?en	2.9
2021-03-11 05:06:48.0	Ana2 - 2: T.Zuluft	13.6
2021-03-11 05:06:48.0	Ana3 - 3: T.Abluft	19.6
2021-03-11 05:06:48.0	Ana4 - 4: T.Fortluft	11.2
2021-03-11 05:06:48.0	Ana5 - 5: T.Raum	9999.9
2021-03-11 05:06:48.0	Ana9 - 9: T.Zuluft WRG warm	18.8
2021-03-11 05:06:58.0	Ana1 - 1: T.Au?en	2.9
2021-03-11 05:06:58.0	Ana2 - 2: T.Zuluft	13.6
2021-03-11 05:06:58.0	Ana3 - 3: T.Abluft	19.6
2021-03-11 05:06:58.0	Ana4 - 4: T.Fortluft	11.2
2021-03-11 05:06:58.0	Ana5 - 5: T.Raum	9999.9
2021-03-11 05:06:58.0	Ana9 - 9: T.Zuluft WRG warm	18.8
2021-03-11 05:07:08.0	Ana1 - 1: T.Au?en	2.8
2021-03-11 05:07:08.0	Ana2 - 2: T.Zuluft	13.6
2021-03-11 05:07:08.0	Ana3 - 3: T.Abluft	19.6
2021-03-11 05:07:08.0	Ana4 - 4: T.Fortluft	11.2
2021-03-11 05:07:08.0	Ana5 - 5: T.Raum	9999.9
2021-03-11 05:07:08.0	Ana9 - 9: T.Zuluft WRG warm	18.8
2021-03-11 05:07:18.0	Ana1 - 1: T.Au?en	2.8
2021-03-11 05:07:18.0	Ana2 - 2: T.Zuluft	13.6
2021-03-11 05:07:18.0	Ana3 - 3: T.Abluft	19.6
2021-03-11 05:07:18.0	Ana4 - 4: T.Fortluft	11.2
2021-03-11 05:07:18.0	Ana5 - 5: T.Raum	9999.9
2021-03-11 05:07:18.0	Ana9 - 9: T.Zuluft WRG warm	18.8
2021-03-11 05:07:28.0	Ana1 - 1: T.Au?en	2.8
2021-03-11 05:07:28.0	Ana2 - 2: T.Zuluft	13.6
2021-03-11 05:07:28.0	Ana3 - 3: T.Abluft	19.6
2021-03-11 05:07:28.0	Ana4 - 4: T.Fortluft	11.2
2021-03-11 05:07:28.0	Ana5 - 5: T.Raum	9999.9
2021-03-11 05:07:28.0	Ana9 - 9: T.Zuluft WRG warm	18.8
2021-03-11 05:07:38.0	Ana1 - 1: T.Au?en	2.8
2021-03-11 05:07:38.0	Ana2 - 2: T.Zuluft	13.6
2021-03-11 05:07:38.0	Ana3 - 3: T.Abluft	19.6
2021-03-11 05:07:38.0	Ana4 - 4: T.Fortluft	11.2
2021-03-11 05:07:38.0	Ana5 - 5: T.Raum	9999.9
2021-03-11 05:07:38.0	Ana9 - 9: T.Zuluft WRG warm	18.8
2021-03-11 05:07:48.0	Ana1 - 1: T.Au?en	2.8
2021-03-11 05:07:48.0	Ana2 - 2: T.Zuluft	13.6
2021-03-11 05:07:48.0	Ana3 - 3: T.Abluft	19.6
2021-03-11 05:07:48.0	Ana4 - 4: T.Fortluft	11.2
2021-03-11 05:07:48.0	Ana5 - 5: T.Raum	9999.9
2021-03-11 05:07:48.0	Ana9 - 9: T.Zuluft WRG warm	18.8
2021-03-11 05:07:58.0	Ana1 - 1: T.Au?en	2.7
2021-03-11 05:07:58.0	Ana2 - 2: T.Zuluft	13.5
2021-03-11 05:07:58.0	Ana3 - 3: T.Abluft	19.5
2021-03-11 05:07:58.0	Ana4 - 4: T.Fortluft	11.2
2021-03-11 05:07:58.0	Ana5 - 5: T.Raum	9999.9
2021-03-11 05:07:58.0	Ana9 - 9: T.Zuluft WRG warm	18.8
2021-03-11 05:08:08.0	Ana1 - 1: T.Au?en	2.7
2021-03-11 05:08:08.0	Ana2 - 2: T.Zuluft	13.6
2021-03-11 05:08:08.0	Ana3 - 3: T.Abluft	19.5
2021-03-11 05:08:08.0	Ana4 - 4: T.Fortluft	11.2
2021-03-11 05:08:08.0	Ana5 - 5: T.Raum	9999.9
2021-03-11 05:08:08.0	Ana9 - 9: T.Zuluft WRG warm	18.8
2021-03-11 05:08:18.0	Ana1 - 1: T.Au?en	2.7
2021-03-11 05:08:18.0	Ana2 - 2: T.Zuluft	13.6
2021-03-11 05:08:18.0	Ana3 - 3: T.Abluft	19.6
2021-03-11 05:08:18.0	Ana4 - 4: T.Fortluft	11.2
2021-03-11 05:08:18.0	Ana5 - 5: T.Raum	9999.9
2021-03-11 05:08:18.0	Ana9 - 9: T.Zuluft WRG warm	18.8
2021-03-11 05:08:28.0	Ana1 - 1: T.Au?en	2.7
2021-03-11 05:08:28.0	Ana2 - 2: T.Zuluft	13.6
2021-03-11 05:08:28.0	Ana3 - 3: T.Abluft	19.5
2021-03-11 05:08:28.0	Ana4 - 4: T.Fortluft	11.2
2021-03-11 05:08:28.0	Ana5 - 5: T.Raum	9999.9
2021-03-11 05:08:28.0	Ana9 - 9: T.Zuluft WRG warm	18.8
2021-03-11 05:08:38.0	Ana1 - 1: T.Au?en	2.6
2021-03-11 05:08:38.0	Ana2 - 2: T.Zuluft	13.5
2021-03-11 05:08:38.0	Ana3 - 3: T.Abluft	19.5
2021-03-11 05:08:38.0	Ana4 - 4: T.Fortluft	11.1
2021-03-11 05:08:38.0	Ana5 - 5: T.Raum	9999.9
2021-03-11 05:08:38.0	Ana9 - 9: T.Zuluft WRG warm	18.8
2021-03-11 05:08:48.0	Ana1 - 1: T.Au?en	2.6
2021-03-11 05:08:48.0	Ana2 - 2: T.Zuluft	13.6
2021-03-11 05:08:48.0	Ana3 - 3: T.Abluft	19.5
2021-03-11 05:08:48.0	Ana4 - 4: T.Fortluft	11.1
2021-03-11 05:08:48.0	Ana5 - 5: T.Raum	9999.9
2021-03-11 05:08:48.0	Ana9 - 9: T.Zuluft WRG warm	18.8
2021-03-11 05:08:58.0	Ana1 - 1: T.Au?en	2.6
2021-03-11 05:08:58.0	Ana2 - 2: T.Zuluft	13.6
2021-03-11 05:08:58.0	Ana3 - 3: T.Abluft	19.5
2021-03-11 05:08:58.0	Ana4 - 4: T.Fortluft	11.2
2021-03-11 05:08:58.0	Ana5 - 5: T.Raum	9999.9
2021-03-11 05:08:58.0	Ana9 - 9: T.Zuluft WRG warm	18.8
2021-03-11 05:09:08.0	Ana1 - 1: T.Au?en	2.6
2021-03-11 05:09:08.0	Ana2 - 2: T.Zuluft	13.6
2021-03-11 05:09:08.0	Ana3 - 3: T.Abluft	19.5
2021-03-11 05:09:08.0	Ana4 - 4: T.Fortluft	11.2
2021-03-11 05:09:08.0	Ana5 - 5: T.Raum	9999.9
2021-03-11 05:09:08.0	Ana9 - 9: T.Zuluft WRG warm	18.8
2021-03-11 05:09:18.0	Ana1 - 1: T.Au?en	2.7
2021-03-11 05:09:18.0	Ana2 - 2: T.Zuluft	13.5
2021-03-11 05:09:18.0	Ana3 - 3: T.Abluft	19.5
2021-03-11 05:09:18.0	Ana4 - 4: T.Fortluft	11.2
2021-03-11 05:09:18.0	Ana5 - 5: T.Raum	9999.9
2021-03-11 05:09:18.0	Ana9 - 9: T.Zuluft WRG warm	18.8
2021-03-11 05:09:28.0	Ana1 - 1: T.Au?en	2.7
2021-03-11 05:09:28.0	Ana2 - 2: T.Zuluft	13.6
2021-03-11 05:09:28.0	Ana3 - 3: T.Abluft	19.5
2021-03-11 05:09:28.0	Ana4 - 4: T.Fortluft	11.2
2021-03-11 05:09:28.0	Ana5 - 5: T.Raum	9999.9
2021-03-11 05:09:28.0	Ana9 - 9: T.Zuluft WRG warm	18.8
2021-03-11 05:09:38.0	Ana1 - 1: T.Au?en	2.7
2021-03-11 05:09:38.0	Ana2 - 2: T.Zuluft	13.5
2021-03-11 05:09:38.0	Ana3 - 3: T.Abluft	19.5
2021-03-11 05:09:38.0	Ana4 - 4: T.Fortluft	11.2
2021-03-11 05:09:38.0	Ana5 - 5: T.Raum	9999.9
2021-03-11 05:09:38.0	Ana9 - 9: T.Zuluft WRG warm	18.8
2021-03-11 05:09:48.0	Ana1 - 1: T.Au?en	2.7
2021-03-11 05:09:48.0	Ana2 - 2: T.Zuluft	13.6
2021-03-11 05:09:48.0	Ana3 - 3: T.Abluft	19.5
2021-03-11 05:09:48.0	Ana4 - 4: T.Fortluft	11.2
2021-03-11 05:09:48.0	Ana5 - 5: T.Raum	9999.9
2021-03-11 05:09:48.0	Ana9 - 9: T.Zuluft WRG warm	18.8
2021-03-11 05:09:58.0	Ana1 - 1: T.Au?en	2.8
2021-03-11 05:09:58.0	Ana2 - 2: T.Zuluft	13.6
2021-03-11 05:09:58.0	Ana3 - 3: T.Abluft	19.5
2021-03-11 05:09:58.0	Ana4 - 4: T.Fortluft	11.2
2021-03-11 05:09:58.0	Ana5 - 5: T.Raum	9999.9
2021-03-11 05:09:58.0	Ana9 - 9: T.Zuluft WRG warm	18.8
2021-03-11 05:10:08.0	Ana1 - 1: T.Au?en	2.8
2021-03-11 05:10:08.0	Ana2 - 2: T.Zuluft	13.6
2021-03-11 05:10:08.0	Ana3 - 3: T.Abluft	19.6
2021-03-11 05:10:08.0	Ana4 - 4: T.Fortluft	11.2
2021-03-11 05:10:08.0	Ana5 - 5: T.Raum	9999.9
2021-03-11 05:10:08.0	Ana9 - 9: T.Zuluft WRG warm	18.8
2021-03-11 05:10:18.0	Ana1 - 1: T.Au?en	2.8
2021-03-11 05:10:18.0	Ana2 - 2: T.Zuluft	13.6
2021-03-11 05:10:18.0	Ana3 - 3: T.Abluft	19.6
2021-03-11 05:10:18.0	Ana4 - 4: T.Fortluft	11.2
2021-03-11 05:10:18.0	Ana5 - 5: T.Raum	9999.9
2021-03-11 05:10:18.0	Ana9 - 9: T.Zuluft WRG warm	18.8
2021-03-11 05:10:28.0	Ana1 - 1: T.Au?en	2.8
2021-03-11 05:10:28.0	Ana2 - 2: T.Zuluft	13.6
2021-03-11 05:10:28.0	Ana3 - 3: T.Abluft	19.6
2021-03-11 05:10:28.0	Ana4 - 4: T.Fortluft	11.2
2021-03-11 05:10:28.0	Ana5 - 5: T.Raum	9999.9
2021-03-11 05:10:28.0	Ana9 - 9: T.Zuluft WRG warm	18.8
2021-03-11 05:10:38.0	Ana1 - 1: T.Au?en	2.8
2021-03-11 05:10:38.0	Ana2 - 2: T.Zuluft	13.6
2021-03-11 05:10:38.0	Ana3 - 3: T.Abluft	19.6
2021-03-11 05:10:38.0	Ana4 - 4: T.Fortluft	11.2
2021-03-11 05:10:38.0	Ana5 - 5: T.Raum	9999.9
2021-03-11 05:10:38.0	Ana9 - 9: T.Zuluft WRG warm	18.8
2021-03-11 05:10:48.0	Ana1 - 1: T.Au?en	2.8
2021-03-11 05:10:48.0	Ana2 - 2: T.Zuluft	13.6
2021-03-11 05:10:48.0	Ana3 - 3: T.Abluft	19.6
2021-03-11 05:10:48.0	Ana4 - 4: T.Fortluft	11.2
2021-03-11 05:10:48.0	Ana5 - 5: T.Raum	9999.9
2021-03-11 05:10:48.0	Ana9 - 9: T.Zuluft WRG warm	18.8
2021-03-11 05:10:58.0	Ana1 - 1: T.Au?en	2.8
2021-03-11 05:10:58.0	Ana2 - 2: T.Zuluft	13.6
2021-03-11 05:10:58.0	Ana3 - 3: T.Abluft	19.5
2021-03-11 05:10:58.0	Ana4 - 4: T.Fortluft	11.2
2021-03-11 05:10:58.0	Ana5 - 5: T.Raum	9999.9
2021-03-11 05:10:58.0	Ana9 - 9: T.Zuluft WRG warm	18.8
2021-03-11 05:11:08.0	Ana1 - 1: T.Au?en	2.8
2021-03-11 05:11:08.0	Ana2 - 2: T.Zuluft	13.5
2021-03-11 05:11:08.0	Ana3 - 3: T.Abluft	19.5
2021-03-11 05:11:08.0	Ana4 - 4: T.Fortluft	11.2
2021-03-11 05:11:08.0	Ana5 - 5: T.Raum	9999.9
2021-03-11 05:11:08.0	Ana9 - 9: T.Zuluft WRG warm	18.8
2021-03-11 05:11:18.0	Ana1 - 1: T.Au?en	2.8
2021-03-11 05:11:18.0	Ana2 - 2: T.Zuluft	13.6
2021-03-11 05:11:18.0	Ana3 - 3: T.Abluft	19.5
2021-03-11 05:11:18.0	Ana4 - 4: T.Fortluft	11.2
2021-03-11 05:11:18.0	Ana5 - 5: T.Raum	9999.9
2021-03-11 05:11:18.0	Ana9 - 9: T.Zuluft WRG warm	18.8
2021-03-11 05:11:28.0	Ana1 - 1: T.Au?en	2.8
2021-03-11 05:11:28.0	Ana2 - 2: T.Zuluft	13.6
2021-03-11 05:11:28.0	Ana3 - 3: T.Abluft	19.5
2021-03-11 05:11:28.0	Ana4 - 4: T.Fortluft	11.2
2021-03-11 05:11:28.0	Ana5 - 5: T.Raum	9999.9
2021-03-11 05:11:28.0	Ana9 - 9: T.Zuluft WRG warm	18.8
2021-03-11 05:11:38.0	Ana1 - 1: T.Au?en	2.8
2021-03-11 05:11:38.0	Ana2 - 2: T.Zuluft	13.6
2021-03-11 05:11:38.0	Ana3 - 3: T.Abluft	19.6
2021-03-11 05:11:38.0	Ana4 - 4: T.Fortluft	11.2
2021-03-11 05:11:38.0	Ana5 - 5: T.Raum	9999.9
2021-03-11 05:11:38.0	Ana9 - 9: T.Zuluft WRG warm	18.8
2021-03-11 05:11:48.0	Ana1 - 1: T.Au?en	2.8
2021-03-11 05:11:48.0	Ana2 - 2: T.Zuluft	13.5
2021-03-11 05:11:48.0	Ana3 - 3: T.Abluft	19.6
2021-03-11 05:11:48.0	Ana4 - 4: T.Fortluft	11.2
2021-03-11 05:11:48.0	Ana5 - 5: T.Raum	9999.9
2021-03-11 05:11:48.0	Ana9 - 9: T.Zuluft WRG warm	18.8
2021-03-11 05:11:58.0	Ana1 - 1: T.Au?en	2.7
2021-03-11 05:11:58.0	Ana2 - 2: T.Zuluft	13.5
2021-03-11 05:11:58.0	Ana3 - 3: T.Abluft	19.6
2021-03-11 05:11:58.0	Ana4 - 4: T.Fortluft	11.2
2021-03-11 05:11:58.0	Ana5 - 5: T.Raum	9999.9
2021-03-11 05:11:58.0	Ana9 - 9: T.Zuluft WRG warm	18.8
2021-03-11 05:12:08.0	Ana1 - 1: T.Au?en	2.7
2021-03-11 05:12:08.0	Ana2 - 2: T.Zuluft	13.6
2021-03-11 05:12:08.0	Ana3 - 3: T.Abluft	19.5
2021-03-11 05:12:08.0	Ana4 - 4: T.Fortluft	11.2
2021-03-11 05:12:08.0	Ana5 - 5: T.Raum	9999.9
2021-03-11 05:12:08.0	Ana9 - 9: T.Zuluft WRG warm	18.8
2021-03-11 05:12:18.0	Ana1 - 1: T.Au?en	2.7
2021-03-11 05:12:18.0	Ana2 - 2: T.Zuluft	13.6
2021-03-11 05:12:18.0	Ana3 - 3: T.Abluft	19.5
2021-03-11 05:12:18.0	Ana4 - 4: T.Fortluft	11.2
2021-03-11 05:12:18.0	Ana5 - 5: T.Raum	9999.9
2021-03-11 05:12:18.0	Ana9 - 9: T.Zuluft WRG warm	18.8
2021-03-11 05:12:28.0	Ana1 - 1: T.Au?en	2.7
2021-03-11 05:12:28.0	Ana2 - 2: T.Zuluft	13.6
2021-03-11 05:12:28.0	Ana3 - 3: T.Abluft	19.6
2021-03-11 05:12:28.0	Ana4 - 4: T.Fortluft	11.2
2021-03-11 05:12:28.0	Ana5 - 5: T.Raum	9999.9
2021-03-11 05:12:28.0	Ana9 - 9: T.Zuluft WRG warm	18.8
2021-03-11 05:12:38.0	Ana1 - 1: T.Au?en	2.8
2021-03-11 05:12:38.0	Ana2 - 2: T.Zuluft	13.6
2021-03-11 05:12:38.0	Ana3 - 3: T.Abluft	19.6
2021-03-11 05:12:38.0	Ana4 - 4: T.Fortluft	11.2
2021-03-11 05:12:38.0	Ana5 - 5: T.Raum	9999.9
2021-03-11 05:12:38.0	Ana9 - 9: T.Zuluft WRG warm	18.8
2021-03-11 05:12:48.0	Ana1 - 1: T.Au?en	2.8
2021-03-11 05:12:48.0	Ana2 - 2: T.Zuluft	13.6
2021-03-11 05:12:48.0	Ana3 - 3: T.Abluft	19.5
2021-03-11 05:12:48.0	Ana4 - 4: T.Fortluft	11.2
2021-03-11 05:12:48.0	Ana5 - 5: T.Raum	9999.9
2021-03-11 05:12:48.0	Ana9 - 9: T.Zuluft WRG warm	18.8
2021-03-11 05:12:58.0	Ana1 - 1: T.Au?en	2.8
2021-03-11 05:12:58.0	Ana2 - 2: T.Zuluft	13.6
2021-03-11 05:12:58.0	Ana3 - 3: T.Abluft	19.5
2021-03-11 05:12:58.0	Ana4 - 4: T.Fortluft	11.2
2021-03-11 05:12:58.0	Ana5 - 5: T.Raum	9999.9
2021-03-11 05:12:58.0	Ana9 - 9: T.Zuluft WRG warm	18.8
2021-03-11 05:13:08.0	Ana1 - 1: T.Au?en	2.8
2021-03-11 05:13:08.0	Ana2 - 2: T.Zuluft	13.6
2021-03-11 05:13:08.0	Ana3 - 3: T.Abluft	19.5
2021-03-11 05:13:08.0	Ana4 - 4: T.Fortluft	11.2
2021-03-11 05:13:08.0	Ana5 - 5: T.Raum	9999.9
2021-03-11 05:13:08.0	Ana9 - 9: T.Zuluft WRG warm	18.8
2021-03-11 05:13:18.0	Ana1 - 1: T.Au?en	2.8
2021-03-11 05:13:18.0	Ana2 - 2: T.Zuluft	13.6
2021-03-11 05:13:18.0	Ana3 - 3: T.Abluft	19.6
2021-03-11 05:13:18.0	Ana4 - 4: T.Fortluft	11.2
2021-03-11 05:13:18.0	Ana5 - 5: T.Raum	9999.9
2021-03-11 05:13:18.0	Ana9 - 9: T.Zuluft WRG warm	18.8
2021-03-11 05:13:28.0	Ana1 - 1: T.Au?en	2.8
2021-03-11 05:13:28.0	Ana2 - 2: T.Zuluft	13.6
2021-03-11 05:13:28.0	Ana3 - 3: T.Abluft	19.6
2021-03-11 05:13:28.0	Ana4 - 4: T.Fortluft	11.1
2021-03-11 05:13:28.0	Ana5 - 5: T.Raum	9999.9
2021-03-11 05:13:28.0	Ana9 - 9: T.Zuluft WRG warm	18.8
2021-03-11 05:13:38.0	Ana1 - 1: T.Au?en	2.8
2021-03-11 05:13:38.0	Ana2 - 2: T.Zuluft	13.6
2021-03-11 05:13:38.0	Ana3 - 3: T.Abluft	19.6
2021-03-11 05:13:38.0	Ana4 - 4: T.Fortluft	11.1
2021-03-11 05:13:38.0	Ana5 - 5: T.Raum	9999.9
2021-03-11 05:13:38.0	Ana9 - 9: T.Zuluft WRG warm	18.8
2021-03-11 05:13:48.0	Ana1 - 1: T.Au?en	2.8
2021-03-11 05:13:48.0	Ana2 - 2: T.Zuluft	13.6
2021-03-11 05:13:48.0	Ana3 - 3: T.Abluft	19.6
2021-03-11 05:13:48.0	Ana4 - 4: T.Fortluft	11.2
2021-03-11 05:13:48.0	Ana5 - 5: T.Raum	9999.9
2021-03-11 05:13:48.0	Ana9 - 9: T.Zuluft WRG warm	18.8
2021-03-11 05:13:58.0	Ana1 - 1: T.Au?en	2.8
2021-03-11 05:13:58.0	Ana2 - 2: T.Zuluft	13.6
2021-03-11 05:13:58.0	Ana3 - 3: T.Abluft	19.6
2021-03-11 05:13:58.0	Ana4 - 4: T.Fortluft	11.2
2021-03-11 05:13:58.0	Ana5 - 5: T.Raum	9999.9
2021-03-11 05:13:58.0	Ana9 - 9: T.Zuluft WRG warm	18.8
2021-03-11 05:14:08.0	Ana1 - 1: T.Au?en	2.8
2021-03-11 05:14:08.0	Ana2 - 2: T.Zuluft	13.6
2021-03-11 05:14:08.0	Ana3 - 3: T.Abluft	19.5
2021-03-11 05:14:08.0	Ana4 - 4: T.Fortluft	11.2
2021-03-11 05:14:08.0	Ana5 - 5: T.Raum	9999.9
2021-03-11 05:14:08.0	Ana9 - 9: T.Zuluft WRG warm	18.8
2021-03-11 05:14:18.0	Ana1 - 1: T.Au?en	2.8
2021-03-11 05:14:18.0	Ana2 - 2: T.Zuluft	13.6
2021-03-11 05:14:18.0	Ana3 - 3: T.Abluft	19.6
2021-03-11 05:14:18.0	Ana4 - 4: T.Fortluft	11.2
2021-03-11 05:14:18.0	Ana5 - 5: T.Raum	9999.9
2021-03-11 05:14:18.0	Ana9 - 9: T.Zuluft WRG warm	18.8
2021-03-11 05:14:28.0	Ana1 - 1: T.Au?en	2.8
2021-03-11 05:14:28.0	Ana2 - 2: T.Zuluft	13.6
2021-03-11 05:14:28.0	Ana3 - 3: T.Abluft	19.6
2021-03-11 05:14:28.0	Ana4 - 4: T.Fortluft	11.2
2021-03-11 05:14:28.0	Ana5 - 5: T.Raum	9999.9
2021-03-11 05:14:28.0	Ana9 - 9: T.Zuluft WRG warm	18.8
2021-03-11 05:14:38.0	Ana1 - 1: T.Au?en	2.8
2021-03-11 05:14:38.0	Ana2 - 2: T.Zuluft	13.6
2021-03-11 05:14:38.0	Ana3 - 3: T.Abluft	19.6
2021-03-11 05:14:38.0	Ana4 - 4: T.Fortluft	11.2
2021-03-11 05:14:38.0	Ana5 - 5: T.Raum	9999.9
2021-03-11 05:14:38.0	Ana9 - 9: T.Zuluft WRG warm	18.8
2021-03-11 05:14:48.0	Ana1 - 1: T.Au?en	2.8
2021-03-11 05:14:48.0	Ana2 - 2: T.Zuluft	13.6
2021-03-11 05:14:48.0	Ana3 - 3: T.Abluft	19.5
2021-03-11 05:14:48.0	Ana4 - 4: T.Fortluft	11.2
2021-03-11 05:14:48.0	Ana5 - 5: T.Raum	9999.9
2021-03-11 05:14:48.0	Ana9 - 9: T.Zuluft WRG warm	18.8
2021-03-11 05:14:58.0	Ana1 - 1: T.Au?en	2.7
2021-03-11 05:14:58.0	Ana2 - 2: T.Zuluft	13.6
2021-03-11 05:14:58.0	Ana3 - 3: T.Abluft	19.6
2021-03-11 05:14:58.0	Ana4 - 4: T.Fortluft	11.2
2021-03-11 05:14:58.0	Ana5 - 5: T.Raum	9999.9
2021-03-11 05:14:58.0	Ana9 - 9: T.Zuluft WRG warm	18.8
2021-03-11 05:15:08.0	Ana1 - 1: T.Au?en	2.7
2021-03-11 05:15:08.0	Ana2 - 2: T.Zuluft	13.6
2021-03-11 05:15:08.0	Ana3 - 3: T.Abluft	19.6
2021-03-11 05:15:08.0	Ana4 - 4: T.Fortluft	11.2
2021-03-11 05:15:08.0	Ana5 - 5: T.Raum	9999.9
2021-03-11 05:15:08.0	Ana9 - 9: T.Zuluft WRG warm	18.8
2021-03-11 05:15:18.0	Ana1 - 1: T.Au?en	2.7
2021-03-11 05:15:18.0	Ana2 - 2: T.Zuluft	13.6
2021-03-11 05:15:18.0	Ana3 - 3: T.Abluft	19.6
2021-03-11 05:15:18.0	Ana4 - 4: T.Fortluft	11.2
2021-03-11 05:15:18.0	Ana5 - 5: T.Raum	9999.9
2021-03-11 05:15:18.0	Ana9 - 9: T.Zuluft WRG warm	18.8
2021-03-11 05:15:28.0	Ana1 - 1: T.Au?en	2.7
2021-03-11 05:15:28.0	Ana2 - 2: T.Zuluft	13.5
2021-03-11 05:15:28.0	Ana3 - 3: T.Abluft	19.6
2021-03-11 05:15:28.0	Ana4 - 4: T.Fortluft	11.2
2021-03-11 05:15:28.0	Ana5 - 5: T.Raum	9999.9
2021-03-11 05:15:28.0	Ana9 - 9: T.Zuluft WRG warm	18.8
2021-03-11 05:15:38.0	Ana1 - 1: T.Au?en	2.7
2021-03-11 05:15:38.0	Ana2 - 2: T.Zuluft	13.5
2021-03-11 05:15:38.0	Ana3 - 3: T.Abluft	19.5
2021-03-11 05:15:38.0	Ana4 - 4: T.Fortluft	11.1
2021-03-11 05:15:38.0	Ana5 - 5: T.Raum	9999.9
2021-03-11 05:15:38.0	Ana9 - 9: T.Zuluft WRG warm	18.8
2021-03-11 05:15:48.0	Ana1 - 1: T.Au?en	2.7
2021-03-11 05:15:48.0	Ana2 - 2: T.Zuluft	13.5
2021-03-11 05:15:48.0	Ana3 - 3: T.Abluft	19.6
2021-03-11 05:15:48.0	Ana4 - 4: T.Fortluft	11.1
2021-03-11 05:15:48.0	Ana5 - 5: T.Raum	9999.9
2021-03-11 05:15:48.0	Ana9 - 9: T.Zuluft WRG warm	18.8
2021-03-11 05:15:58.0	Ana1 - 1: T.Au?en	2.7
2021-03-11 05:15:58.0	Ana2 - 2: T.Zuluft	13.5
2021-03-11 05:15:58.0	Ana3 - 3: T.Abluft	19.6
2021-03-11 05:15:58.0	Ana4 - 4: T.Fortluft	11.1
2021-03-11 05:15:58.0	Ana5 - 5: T.Raum	9999.9
2021-03-11 05:15:58.0	Ana9 - 9: T.Zuluft WRG warm	18.8
2021-03-11 05:16:08.0	Ana1 - 1: T.Au?en	2.7
2021-03-11 05:16:08.0	Ana2 - 2: T.Zuluft	13.6
2021-03-11 05:16:08.0	Ana3 - 3: T.Abluft	19.6
2021-03-11 05:16:08.0	Ana4 - 4: T.Fortluft	11.1
2021-03-11 05:16:08.0	Ana5 - 5: T.Raum	9999.9
2021-03-11 05:16:08.0	Ana9 - 9: T.Zuluft WRG warm	18.8
2021-03-11 05:16:18.0	Ana1 - 1: T.Au?en	2.7
2021-03-11 05:16:18.0	Ana2 - 2: T.Zuluft	13.6
2021-03-11 05:16:18.0	Ana3 - 3: T.Abluft	19.6
2021-03-11 05:16:18.0	Ana4 - 4: T.Fortluft	11.1
2021-03-11 05:16:18.0	Ana5 - 5: T.Raum	9999.9
2021-03-11 05:16:18.0	Ana9 - 9: T.Zuluft WRG warm	18.8
2021-03-11 05:16:28.0	Ana1 - 1: T.Au?en	2.7
2021-03-11 05:16:28.0	Ana2 - 2: T.Zuluft	13.6
2021-03-11 05:16:28.0	Ana3 - 3: T.Abluft	19.5
2021-03-11 05:16:28.0	Ana4 - 4: T.Fortluft	11.1
2021-03-11 05:16:28.0	Ana5 - 5: T.Raum	9999.9
2021-03-11 05:16:28.0	Ana9 - 9: T.Zuluft WRG warm	18.8
2021-03-11 05:16:38.0	Ana1 - 1: T.Au?en	2.7
2021-03-11 05:16:38.0	Ana2 - 2: T.Zuluft	13.5
2021-03-11 05:16:38.0	Ana3 - 3: T.Abluft	19.6
2021-03-11 05:16:38.0	Ana4 - 4: T.Fortluft	11.1
2021-03-11 05:16:38.0	Ana5 - 5: T.Raum	9999.9
2021-03-11 05:16:38.0	Ana9 - 9: T.Zuluft WRG warm	18.8
2021-03-11 05:16:48.0	Ana1 - 1: T.Au?en	2.7
2021-03-11 05:16:48.0	Ana2 - 2: T.Zuluft	13.6
2021-03-11 05:16:48.0	Ana3 - 3: T.Abluft	19.6
2021-03-11 05:16:48.0	Ana4 - 4: T.Fortluft	11.1
2021-03-11 05:16:48.0	Ana5 - 5: T.Raum	9999.9
2021-03-11 05:16:48.0	Ana9 - 9: T.Zuluft WRG warm	18.8
2021-03-11 05:16:58.0	Ana1 - 1: T.Au?en	2.7
2021-03-11 05:16:58.0	Ana2 - 2: T.Zuluft	13.5
2021-03-11 05:16:58.0	Ana3 - 3: T.Abluft	19.6
2021-03-11 05:16:58.0	Ana4 - 4: T.Fortluft	11.1
2021-03-11 05:16:58.0	Ana5 - 5: T.Raum	9999.9
2021-03-11 05:16:58.0	Ana9 - 9: T.Zuluft WRG warm	18.8
2021-03-11 05:17:08.0	Ana1 - 1: T.Au?en	2.7
2021-03-11 05:17:08.0	Ana2 - 2: T.Zuluft	13.5
2021-03-11 05:17:08.0	Ana3 - 3: T.Abluft	19.6
2021-03-11 05:17:08.0	Ana4 - 4: T.Fortluft	11.1
2021-03-11 05:17:08.0	Ana5 - 5: T.Raum	9999.9
2021-03-11 05:17:08.0	Ana9 - 9: T.Zuluft WRG warm	18.8
2021-03-11 05:17:18.0	Ana1 - 1: T.Au?en	2.7
2021-03-11 05:17:18.0	Ana2 - 2: T.Zuluft	13.5
2021-03-11 05:17:18.0	Ana3 - 3: T.Abluft	19.6
2021-03-11 05:17:18.0	Ana4 - 4: T.Fortluft	11.1
2021-03-11 05:17:18.0	Ana5 - 5: T.Raum	9999.9
2021-03-11 05:17:18.0	Ana9 - 9: T.Zuluft WRG warm	18.8
2021-03-11 05:17:28.0	Ana1 - 1: T.Au?en	2.7
2021-03-11 05:17:28.0	Ana2 - 2: T.Zuluft	13.6
2021-03-11 05:17:28.0	Ana3 - 3: T.Abluft	19.6
2021-03-11 05:17:28.0	Ana4 - 4: T.Fortluft	11.2
2021-03-11 05:17:28.0	Ana5 - 5: T.Raum	9999.9
2021-03-11 05:17:28.0	Ana9 - 9: T.Zuluft WRG warm	18.8
2021-03-11 05:17:38.0	Ana1 - 1: T.Au?en	2.7
2021-03-11 05:17:38.0	Ana2 - 2: T.Zuluft	13.6
2021-03-11 05:17:38.0	Ana3 - 3: T.Abluft	19.6
2021-03-11 05:17:38.0	Ana4 - 4: T.Fortluft	11.1
2021-03-11 05:17:38.0	Ana5 - 5: T.Raum	9999.9
2021-03-11 05:17:38.0	Ana9 - 9: T.Zuluft WRG warm	18.8
2021-03-11 05:17:48.0	Ana1 - 1: T.Au?en	2.7
2021-03-11 05:17:48.0	Ana2 - 2: T.Zuluft	13.6
2021-03-11 05:17:48.0	Ana3 - 3: T.Abluft	19.6
2021-03-11 05:17:48.0	Ana4 - 4: T.Fortluft	11.1
2021-03-11 05:17:48.0	Ana5 - 5: T.Raum	9999.9
2021-03-11 05:17:48.0	Ana9 - 9: T.Zuluft WRG warm	18.8
2021-03-11 05:17:58.0	Ana1 - 1: T.Au?en	2.7
2021-03-11 05:17:58.0	Ana2 - 2: T.Zuluft	13.6
2021-03-11 05:17:58.0	Ana3 - 3: T.Abluft	19.6
2021-03-11 05:17:58.0	Ana4 - 4: T.Fortluft	11.2
2021-03-11 05:17:58.0	Ana5 - 5: T.Raum	9999.9
2021-03-11 05:17:58.0	Ana9 - 9: T.Zuluft WRG warm	18.8
2021-03-11 05:18:08.0	Ana1 - 1: T.Au?en	2.7
2021-03-11 05:18:08.0	Ana2 - 2: T.Zuluft	13.5
2021-03-11 05:18:08.0	Ana3 - 3: T.Abluft	19.6
2021-03-11 05:18:08.0	Ana4 - 4: T.Fortluft	11.1
2021-03-11 05:18:08.0	Ana5 - 5: T.Raum	9999.9
2021-03-11 05:18:08.0	Ana9 - 9: T.Zuluft WRG warm	18.8
2021-03-11 05:18:18.0	Ana1 - 1: T.Au?en	2.7
2021-03-11 05:18:18.0	Ana2 - 2: T.Zuluft	13.6
2021-03-11 05:18:18.0	Ana3 - 3: T.Abluft	19.6
2021-03-11 05:18:18.0	Ana4 - 4: T.Fortluft	11.1
2021-03-11 05:18:18.0	Ana5 - 5: T.Raum	9999.9
2021-03-11 05:18:18.0	Ana9 - 9: T.Zuluft WRG warm	18.8
2021-03-11 05:18:28.0	Ana1 - 1: T.Au?en	2.7
2021-03-11 05:18:28.0	Ana2 - 2: T.Zuluft	13.6
2021-03-11 05:18:28.0	Ana3 - 3: T.Abluft	19.6
2021-03-11 05:18:28.0	Ana4 - 4: T.Fortluft	11.1
2021-03-11 05:18:28.0	Ana5 - 5: T.Raum	9999.9
2021-03-11 05:18:28.0	Ana9 - 9: T.Zuluft WRG warm	18.8
2021-03-11 05:18:38.0	Ana1 - 1: T.Au?en	2.7
2021-03-11 05:18:38.0	Ana2 - 2: T.Zuluft	13.5
2021-03-11 05:18:38.0	Ana3 - 3: T.Abluft	19.6
2021-03-11 05:18:38.0	Ana4 - 4: T.Fortluft	11.1
2021-03-11 05:18:38.0	Ana5 - 5: T.Raum	9999.9
2021-03-11 05:18:38.0	Ana9 - 9: T.Zuluft WRG warm	18.8
2021-03-11 05:18:48.0	Ana1 - 1: T.Au?en	2.7
2021-03-11 05:18:48.0	Ana2 - 2: T.Zuluft	13.5
2021-03-11 05:18:48.0	Ana3 - 3: T.Abluft	19.6
2021-03-11 05:18:48.0	Ana4 - 4: T.Fortluft	11.1
2021-03-11 05:18:48.0	Ana5 - 5: T.Raum	9999.9
2021-03-11 05:18:48.0	Ana9 - 9: T.Zuluft WRG warm	18.8
2021-03-11 05:18:58.0	Ana1 - 1: T.Au?en	2.7
2021-03-11 05:18:58.0	Ana2 - 2: T.Zuluft	13.5
2021-03-11 05:18:58.0	Ana3 - 3: T.Abluft	19.6
2021-03-11 05:18:58.0	Ana4 - 4: T.Fortluft	11.1
2021-03-11 05:18:58.0	Ana5 - 5: T.Raum	9999.9
2021-03-11 05:18:58.0	Ana9 - 9: T.Zuluft WRG warm	18.8
2021-03-11 05:19:08.0	Ana1 - 1: T.Au?en	2.7
2021-03-11 05:19:08.0	Ana2 - 2: T.Zuluft	13.5
2021-03-11 05:19:08.0	Ana3 - 3: T.Abluft	19.6
2021-03-11 05:19:08.0	Ana4 - 4: T.Fortluft	11.2
2021-03-11 05:19:08.0	Ana5 - 5: T.Raum	9999.9
2021-03-11 05:19:08.0	Ana9 - 9: T.Zuluft WRG warm	18.8
2021-03-11 05:19:18.0	Ana1 - 1: T.Au?en	2.7
2021-03-11 05:19:18.0	Ana2 - 2: T.Zuluft	13.5
2021-03-11 05:19:18.0	Ana3 - 3: T.Abluft	19.6
2021-03-11 05:19:18.0	Ana4 - 4: T.Fortluft	11.1
2021-03-11 05:19:18.0	Ana5 - 5: T.Raum	9999.9
2021-03-11 05:19:18.0	Ana9 - 9: T.Zuluft WRG warm	18.8
2021-03-11 05:19:28.0	Ana1 - 1: T.Au?en	2.7
2021-03-11 05:19:28.0	Ana2 - 2: T.Zuluft	13.5
2021-03-11 05:19:28.0	Ana3 - 3: T.Abluft	19.6
2021-03-11 05:19:28.0	Ana4 - 4: T.Fortluft	11.1
2021-03-11 05:19:28.0	Ana5 - 5: T.Raum	9999.9
2021-03-11 05:19:28.0	Ana9 - 9: T.Zuluft WRG warm	18.8
2021-03-11 05:19:38.0	Ana1 - 1: T.Au?en	2.7
2021-03-11 05:19:38.0	Ana2 - 2: T.Zuluft	13.5
2021-03-11 05:19:38.0	Ana3 - 3: T.Abluft	19.6
2021-03-11 05:19:38.0	Ana4 - 4: T.Fortluft	11.1
2021-03-11 05:19:38.0	Ana5 - 5: T.Raum	9999.9
2021-03-11 05:19:38.0	Ana9 - 9: T.Zuluft WRG warm	18.8
2021-03-11 05:19:48.0	Ana1 - 1: T.Au?en	2.7
2021-03-11 05:19:48.0	Ana2 - 2: T.Zuluft	13.5
2021-03-11 05:19:48.0	Ana3 - 3: T.Abluft	19.6
2021-03-11 05:19:48.0	Ana4 - 4: T.Fortluft	11.1
2021-03-11 05:19:48.0	Ana5 - 5: T.Raum	9999.9
2021-03-11 05:19:48.0	Ana9 - 9: T.Zuluft WRG warm	18.8
2021-03-11 05:19:58.0	Ana1 - 1: T.Au?en	2.7
2021-03-11 05:19:58.0	Ana2 - 2: T.Zuluft	13.5
2021-03-11 05:19:58.0	Ana3 - 3: T.Abluft	19.6
2021-03-11 05:19:58.0	Ana4 - 4: T.Fortluft	11.1
2021-03-11 05:19:58.0	Ana5 - 5: T.Raum	9999.9
2021-03-11 05:19:58.0	Ana9 - 9: T.Zuluft WRG warm	18.8
2021-03-11 05:20:08.0	Ana1 - 1: T.Au?en	2.8
2021-03-11 05:20:08.0	Ana2 - 2: T.Zuluft	13.5
2021-03-11 05:20:08.0	Ana3 - 3: T.Abluft	19.6
2021-03-11 05:20:08.0	Ana4 - 4: T.Fortluft	11.1
2021-03-11 05:20:08.0	Ana5 - 5: T.Raum	9999.9
2021-03-11 05:20:08.0	Ana9 - 9: T.Zuluft WRG warm	18.8
2021-03-11 05:20:18.0	Ana1 - 1: T.Au?en	2.8
2021-03-11 05:20:18.0	Ana2 - 2: T.Zuluft	13.5
2021-03-11 05:20:18.0	Ana3 - 3: T.Abluft	19.6
2021-03-11 05:20:18.0	Ana4 - 4: T.Fortluft	11.1
2021-03-11 05:20:18.0	Ana5 - 5: T.Raum	9999.9
2021-03-11 05:20:18.0	Ana9 - 9: T.Zuluft WRG warm	18.8
2021-03-11 05:20:28.0	Ana1 - 1: T.Au?en	2.8
2021-03-11 05:20:28.0	Ana2 - 2: T.Zuluft	13.5
2021-03-11 05:20:28.0	Ana3 - 3: T.Abluft	19.6
2021-03-11 05:20:28.0	Ana4 - 4: T.Fortluft	11.1
2021-03-11 05:20:28.0	Ana5 - 5: T.Raum	9999.9
2021-03-11 05:20:28.0	Ana9 - 9: T.Zuluft WRG warm	18.8
2021-03-11 05:20:38.0	Ana1 - 1: T.Au?en	2.8
2021-03-11 05:20:38.0	Ana2 - 2: T.Zuluft	13.5
2021-03-11 05:20:38.0	Ana3 - 3: T.Abluft	19.6
2021-03-11 05:20:38.0	Ana4 - 4: T.Fortluft	11.1
2021-03-11 05:20:38.0	Ana5 - 5: T.Raum	9999.9
2021-03-11 05:20:38.0	Ana9 - 9: T.Zuluft WRG warm	18.8
2021-03-11 05:20:48.0	Ana1 - 1: T.Au?en	2.8
2021-03-11 05:20:48.0	Ana2 - 2: T.Zuluft	13.5
2021-03-11 05:20:48.0	Ana3 - 3: T.Abluft	19.6
2021-03-11 05:20:48.0	Ana4 - 4: T.Fortluft	11.1
2021-03-11 05:20:48.0	Ana5 - 5: T.Raum	9999.9
2021-03-11 05:20:48.0	Ana9 - 9: T.Zuluft WRG warm	18.8
2021-03-11 05:20:58.0	Ana1 - 1: T.Au?en	2.8
2021-03-11 05:20:58.0	Ana2 - 2: T.Zuluft	13.5
2021-03-11 05:20:58.0	Ana3 - 3: T.Abluft	19.6
2021-03-11 05:20:58.0	Ana4 - 4: T.Fortluft	11.1
2021-03-11 05:20:58.0	Ana5 - 5: T.Raum	9999.9
2021-03-11 05:20:58.0	Ana9 - 9: T.Zuluft WRG warm	18.8
2021-03-11 05:21:08.0	Ana1 - 1: T.Au?en	2.8
2021-03-11 05:21:08.0	Ana2 - 2: T.Zuluft	13.5
2021-03-11 05:21:08.0	Ana3 - 3: T.Abluft	19.6
2021-03-11 05:21:08.0	Ana4 - 4: T.Fortluft	11.1
2021-03-11 05:21:08.0	Ana5 - 5: T.Raum	9999.9
2021-03-11 05:21:08.0	Ana9 - 9: T.Zuluft WRG warm	18.8
2021-03-11 05:21:18.0	Ana1 - 1: T.Au?en	2.8
2021-03-11 05:21:18.0	Ana2 - 2: T.Zuluft	13.5
2021-03-11 05:21:18.0	Ana3 - 3: T.Abluft	19.6
2021-03-11 05:21:18.0	Ana4 - 4: T.Fortluft	11.1
2021-03-11 05:21:18.0	Ana5 - 5: T.Raum	9999.9
2021-03-11 05:21:18.0	Ana9 - 9: T.Zuluft WRG warm	18.8
2021-03-11 05:21:28.0	Ana1 - 1: T.Au?en	2.7
2021-03-11 05:21:28.0	Ana2 - 2: T.Zuluft	13.5
2021-03-11 05:21:28.0	Ana3 - 3: T.Abluft	19.6
2021-03-11 05:21:28.0	Ana4 - 4: T.Fortluft	11.1
2021-03-11 05:21:28.0	Ana5 - 5: T.Raum	9999.9
2021-03-11 05:21:28.0	Ana9 - 9: T.Zuluft WRG warm	18.8
2021-03-11 05:21:38.0	Ana1 - 1: T.Au?en	2.7
2021-03-11 05:21:38.0	Ana2 - 2: T.Zuluft	13.5
2021-03-11 05:21:38.0	Ana3 - 3: T.Abluft	19.5
2021-03-11 05:21:38.0	Ana4 - 4: T.Fortluft	11.1
2021-03-11 05:21:38.0	Ana5 - 5: T.Raum	9999.9
2021-03-11 05:21:38.0	Ana9 - 9: T.Zuluft WRG warm	18.8
2021-03-11 05:21:48.0	Ana1 - 1: T.Au?en	2.7
2021-03-11 05:21:48.0	Ana2 - 2: T.Zuluft	13.5
2021-03-11 05:21:48.0	Ana3 - 3: T.Abluft	19.6
2021-03-11 05:21:48.0	Ana4 - 4: T.Fortluft	11.1
2021-03-11 05:21:48.0	Ana5 - 5: T.Raum	9999.9
2021-03-11 05:21:48.0	Ana9 - 9: T.Zuluft WRG warm	18.8
2021-03-11 05:21:58.0	Ana1 - 1: T.Au?en	2.7
2021-03-11 05:21:58.0	Ana2 - 2: T.Zuluft	13.5
2021-03-11 05:21:58.0	Ana3 - 3: T.Abluft	19.6
2021-03-11 05:21:58.0	Ana4 - 4: T.Fortluft	11.1
2021-03-11 05:21:58.0	Ana5 - 5: T.Raum	9999.9
2021-03-11 05:21:58.0	Ana9 - 9: T.Zuluft WRG warm	18.8
2021-03-11 05:22:08.0	Ana1 - 1: T.Au?en	2.7
2021-03-11 05:22:08.0	Ana2 - 2: T.Zuluft	13.5
2021-03-11 05:22:08.0	Ana3 - 3: T.Abluft	19.6
2021-03-11 05:22:08.0	Ana4 - 4: T.Fortluft	11.1
2021-03-11 05:22:08.0	Ana5 - 5: T.Raum	9999.9
2021-03-11 05:22:08.0	Ana9 - 9: T.Zuluft WRG warm	18.8
2021-03-11 05:22:18.0	Ana1 - 1: T.Au?en	2.7
2021-03-11 05:22:18.0	Ana2 - 2: T.Zuluft	13.5
2021-03-11 05:22:18.0	Ana3 - 3: T.Abluft	19.6
2021-03-11 05:22:18.0	Ana4 - 4: T.Fortluft	11.1
2021-03-11 05:22:18.0	Ana5 - 5: T.Raum	9999.9
2021-03-11 05:22:18.0	Ana9 - 9: T.Zuluft WRG warm	18.8
2021-03-11 05:22:28.0	Ana1 - 1: T.Au?en	2.7
2021-03-11 05:22:28.0	Ana2 - 2: T.Zuluft	13.5
2021-03-11 05:22:28.0	Ana3 - 3: T.Abluft	19.5
2021-03-11 05:22:28.0	Ana4 - 4: T.Fortluft	11.1
2021-03-11 05:22:28.0	Ana5 - 5: T.Raum	9999.9
2021-03-11 05:22:28.0	Ana9 - 9: T.Zuluft WRG warm	18.8
2021-03-11 05:22:38.0	Ana1 - 1: T.Au?en	2.7
2021-03-11 05:22:38.0	Ana2 - 2: T.Zuluft	13.5
2021-03-11 05:22:38.0	Ana3 - 3: T.Abluft	19.6
2021-03-11 05:22:38.0	Ana4 - 4: T.Fortluft	11.1
2021-03-11 05:22:38.0	Ana5 - 5: T.Raum	9999.9
2021-03-11 05:22:38.0	Ana9 - 9: T.Zuluft WRG warm	18.8
2021-03-11 05:22:48.0	Ana1 - 1: T.Au?en	2.7
2021-03-11 05:22:48.0	Ana2 - 2: T.Zuluft	13.5
2021-03-11 05:22:48.0	Ana3 - 3: T.Abluft	19.6
2021-03-11 05:22:48.0	Ana4 - 4: T.Fortluft	11.1
2021-03-11 05:22:48.0	Ana5 - 5: T.Raum	9999.9
2021-03-11 05:22:48.0	Ana9 - 9: T.Zuluft WRG warm	18.8
2021-03-11 05:22:58.0	Ana1 - 1: T.Au?en	2.7
2021-03-11 05:22:58.0	Ana2 - 2: T.Zuluft	13.5
2021-03-11 05:22:58.0	Ana3 - 3: T.Abluft	19.5
2021-03-11 05:22:58.0	Ana4 - 4: T.Fortluft	11.1
2021-03-11 05:22:58.0	Ana5 - 5: T.Raum	9999.9
2021-03-11 05:22:58.0	Ana9 - 9: T.Zuluft WRG warm	18.8
2021-03-11 05:23:08.0	Ana1 - 1: T.Au?en	2.7
2021-03-11 05:23:08.0	Ana2 - 2: T.Zuluft	13.5
2021-03-11 05:23:08.0	Ana3 - 3: T.Abluft	19.5
2021-03-11 05:23:08.0	Ana4 - 4: T.Fortluft	11.1
2021-03-11 05:23:08.0	Ana5 - 5: T.Raum	9999.9
2021-03-11 05:23:08.0	Ana9 - 9: T.Zuluft WRG warm	18.8
2021-03-11 05:23:18.0	Ana1 - 1: T.Au?en	2.7
2021-03-11 05:23:18.0	Ana2 - 2: T.Zuluft	13.6
2021-03-11 05:23:18.0	Ana3 - 3: T.Abluft	19.6
2021-03-11 05:23:18.0	Ana4 - 4: T.Fortluft	11.1
2021-03-11 05:23:18.0	Ana5 - 5: T.Raum	9999.9
2021-03-11 05:23:18.0	Ana9 - 9: T.Zuluft WRG warm	18.8
2021-03-11 05:23:28.0	Ana1 - 1: T.Au?en	2.7
2021-03-11 05:23:28.0	Ana2 - 2: T.Zuluft	13.5
2021-03-11 05:23:28.0	Ana3 - 3: T.Abluft	19.5
2021-03-11 05:23:28.0	Ana4 - 4: T.Fortluft	11.1
2021-03-11 05:23:28.0	Ana5 - 5: T.Raum	9999.9
2021-03-11 05:23:28.0	Ana9 - 9: T.Zuluft WRG warm	18.8
2021-03-11 05:23:38.0	Ana1 - 1: T.Au?en	2.7
2021-03-11 05:23:38.0	Ana2 - 2: T.Zuluft	13.5
2021-03-11 05:23:38.0	Ana3 - 3: T.Abluft	19.5
2021-03-11 05:23:38.0	Ana4 - 4: T.Fortluft	11.1
2021-03-11 05:23:38.0	Ana5 - 5: T.Raum	9999.9
2021-03-11 05:23:38.0	Ana9 - 9: T.Zuluft WRG warm	18.8
2021-03-11 05:23:48.0	Ana1 - 1: T.Au?en	2.7
2021-03-11 05:23:48.0	Ana2 - 2: T.Zuluft	13.5
2021-03-11 05:23:48.0	Ana3 - 3: T.Abluft	19.6
2021-03-11 05:23:48.0	Ana4 - 4: T.Fortluft	11.1
2021-03-11 05:23:48.0	Ana5 - 5: T.Raum	9999.9
2021-03-11 05:23:48.0	Ana9 - 9: T.Zuluft WRG warm	18.8
2021-03-11 05:23:58.0	Ana1 - 1: T.Au?en	2.7
2021-03-11 05:23:58.0	Ana2 - 2: T.Zuluft	13.5
2021-03-11 05:23:58.0	Ana3 - 3: T.Abluft	19.5
2021-03-11 05:23:58.0	Ana4 - 4: T.Fortluft	11.1
2021-03-11 05:23:58.0	Ana5 - 5: T.Raum	9999.9
2021-03-11 05:23:58.0	Ana9 - 9: T.Zuluft WRG warm	18.8
2021-03-11 05:24:08.0	Ana1 - 1: T.Au?en	2.7
2021-03-11 05:24:08.0	Ana2 - 2: T.Zuluft	13.5
2021-03-11 05:24:08.0	Ana3 - 3: T.Abluft	19.5
2021-03-11 05:24:08.0	Ana4 - 4: T.Fortluft	11.1
2021-03-11 05:24:08.0	Ana5 - 5: T.Raum	9999.9
2021-03-11 05:24:08.0	Ana9 - 9: T.Zuluft WRG warm	18.8
2021-03-11 05:24:18.0	Ana1 - 1: T.Au?en	2.7
2021-03-11 05:24:18.0	Ana2 - 2: T.Zuluft	13.5
2021-03-11 05:24:18.0	Ana3 - 3: T.Abluft	19.5
2021-03-11 05:24:18.0	Ana4 - 4: T.Fortluft	11.1
2021-03-11 05:24:18.0	Ana5 - 5: T.Raum	9999.9
2021-03-11 05:24:18.0	Ana9 - 9: T.Zuluft WRG warm	18.8
2021-03-11 05:24:28.0	Ana1 - 1: T.Au?en	2.7
2021-03-11 05:24:28.0	Ana2 - 2: T.Zuluft	13.5
2021-03-11 05:24:28.0	Ana3 - 3: T.Abluft	19.5
2021-03-11 05:24:28.0	Ana4 - 4: T.Fortluft	11.1
2021-03-11 05:24:28.0	Ana5 - 5: T.Raum	9999.9
2021-03-11 05:24:28.0	Ana9 - 9: T.Zuluft WRG warm	18.8
2021-03-11 05:24:38.0	Ana1 - 1: T.Au?en	2.7
2021-03-11 05:24:38.0	Ana2 - 2: T.Zuluft	13.5
2021-03-11 05:24:38.0	Ana3 - 3: T.Abluft	19.5
2021-03-11 05:24:38.0	Ana4 - 4: T.Fortluft	11.1
2021-03-11 05:24:38.0	Ana5 - 5: T.Raum	9999.9
2021-03-11 05:24:38.0	Ana9 - 9: T.Zuluft WRG warm	18.8
2021-03-11 05:24:48.0	Ana1 - 1: T.Au?en	2.7
2021-03-11 05:24:48.0	Ana2 - 2: T.Zuluft	13.5
2021-03-11 05:24:48.0	Ana3 - 3: T.Abluft	19.5
2021-03-11 05:24:48.0	Ana4 - 4: T.Fortluft	11.1
2021-03-11 05:24:48.0	Ana5 - 5: T.Raum	9999.9
2021-03-11 05:24:48.0	Ana9 - 9: T.Zuluft WRG warm	18.8
2021-03-11 05:24:58.0	Ana1 - 1: T.Au?en	2.7
2021-03-11 05:24:58.0	Ana2 - 2: T.Zuluft	13.5
2021-03-11 05:24:58.0	Ana3 - 3: T.Abluft	19.5
2021-03-11 05:24:58.0	Ana4 - 4: T.Fortluft	11.1
2021-03-11 05:24:58.0	Ana5 - 5: T.Raum	9999.9
2021-03-11 05:24:58.0	Ana9 - 9: T.Zuluft WRG warm	18.8
2021-03-11 05:25:08.0	Ana1 - 1: T.Au?en	2.7
2021-03-11 05:25:08.0	Ana2 - 2: T.Zuluft	13.5
2021-03-11 05:25:08.0	Ana3 - 3: T.Abluft	19.5
2021-03-11 05:25:08.0	Ana4 - 4: T.Fortluft	11.1
2021-03-11 05:25:08.0	Ana5 - 5: T.Raum	9999.9
2021-03-11 05:25:08.0	Ana9 - 9: T.Zuluft WRG warm	18.8
2021-03-11 05:25:18.0	Ana1 - 1: T.Au?en	2.7
2021-03-11 05:25:18.0	Ana2 - 2: T.Zuluft	13.5
2021-03-11 05:25:18.0	Ana3 - 3: T.Abluft	19.6
2021-03-11 05:25:18.0	Ana4 - 4: T.Fortluft	11.1
2021-03-11 05:25:18.0	Ana5 - 5: T.Raum	9999.9
2021-03-11 05:25:18.0	Ana9 - 9: T.Zuluft WRG warm	18.8
2021-03-11 05:25:28.0	Ana1 - 1: T.Au?en	2.7
2021-03-11 05:25:28.0	Ana2 - 2: T.Zuluft	13.5
2021-03-11 05:25:28.0	Ana3 - 3: T.Abluft	19.5
2021-03-11 05:25:28.0	Ana4 - 4: T.Fortluft	11.1
2021-03-11 05:25:28.0	Ana5 - 5: T.Raum	9999.9
2021-03-11 05:25:28.0	Ana9 - 9: T.Zuluft WRG warm	18.8
2021-03-11 05:25:38.0	Ana1 - 1: T.Au?en	2.7
2021-03-11 05:25:38.0	Ana2 - 2: T.Zuluft	13.5
2021-03-11 05:25:38.0	Ana3 - 3: T.Abluft	19.5
2021-03-11 05:25:38.0	Ana4 - 4: T.Fortluft	11.1
2021-03-11 05:25:38.0	Ana5 - 5: T.Raum	9999.9
2021-03-11 05:25:38.0	Ana9 - 9: T.Zuluft WRG warm	18.8
2021-03-11 05:25:48.0	Ana1 - 1: T.Au?en	2.7
2021-03-11 05:25:48.0	Ana2 - 2: T.Zuluft	13.5
2021-03-11 05:25:48.0	Ana3 - 3: T.Abluft	19.5
2021-03-11 05:25:48.0	Ana4 - 4: T.Fortluft	11.1
2021-03-11 05:25:48.0	Ana5 - 5: T.Raum	9999.9
2021-03-11 05:25:48.0	Ana9 - 9: T.Zuluft WRG warm	18.8
2021-03-11 05:25:58.0	Ana1 - 1: T.Au?en	2.7
2021-03-11 05:25:58.0	Ana2 - 2: T.Zuluft	13.5
2021-03-11 05:25:58.0	Ana3 - 3: T.Abluft	19.5
2021-03-11 05:25:58.0	Ana4 - 4: T.Fortluft	11.1
2021-03-11 05:25:58.0	Ana5 - 5: T.Raum	9999.9
2021-03-11 05:25:58.0	Ana9 - 9: T.Zuluft WRG warm	18.8
2021-03-11 05:26:08.0	Ana1 - 1: T.Au?en	2.7
2021-03-11 05:26:08.0	Ana2 - 2: T.Zuluft	13.5
2021-03-11 05:26:08.0	Ana3 - 3: T.Abluft	19.5
2021-03-11 05:26:08.0	Ana4 - 4: T.Fortluft	11.1
2021-03-11 05:26:08.0	Ana5 - 5: T.Raum	9999.9
2021-03-11 05:26:08.0	Ana9 - 9: T.Zuluft WRG warm	18.8
2021-03-11 05:26:18.0	Ana1 - 1: T.Au?en	2.7
2021-03-11 05:26:18.0	Ana2 - 2: T.Zuluft	13.5
2021-03-11 05:26:18.0	Ana3 - 3: T.Abluft	19.5
2021-03-11 05:26:18.0	Ana4 - 4: T.Fortluft	11.1
2021-03-11 05:26:18.0	Ana5 - 5: T.Raum	9999.9
2021-03-11 05:26:18.0	Ana9 - 9: T.Zuluft WRG warm	18.8
2021-03-11 05:26:28.0	Ana1 - 1: T.Au?en	2.6
2021-03-11 05:26:28.0	Ana2 - 2: T.Zuluft	13.5
2021-03-11 05:26:28.0	Ana3 - 3: T.Abluft	19.5
2021-03-11 05:26:28.0	Ana4 - 4: T.Fortluft	11.1
2021-03-11 05:26:28.0	Ana5 - 5: T.Raum	9999.9
2021-03-11 05:26:28.0	Ana9 - 9: T.Zuluft WRG warm	18.8
2021-03-11 05:26:38.0	Ana1 - 1: T.Au?en	2.6
2021-03-11 05:26:38.0	Ana2 - 2: T.Zuluft	13.5
2021-03-11 05:26:38.0	Ana3 - 3: T.Abluft	19.5
2021-03-11 05:26:38.0	Ana4 - 4: T.Fortluft	11.1
2021-03-11 05:26:38.0	Ana5 - 5: T.Raum	9999.9
2021-03-11 05:26:38.0	Ana9 - 9: T.Zuluft WRG warm	18.8
2021-03-11 05:26:48.0	Ana1 - 1: T.Au?en	2.6
2021-03-11 05:26:48.0	Ana2 - 2: T.Zuluft	13.5
2021-03-11 05:26:48.0	Ana3 - 3: T.Abluft	19.5
2021-03-11 05:26:48.0	Ana4 - 4: T.Fortluft	11.1
2021-03-11 05:26:48.0	Ana5 - 5: T.Raum	9999.9
2021-03-11 05:26:48.0	Ana9 - 9: T.Zuluft WRG warm	18.8
2021-03-11 05:26:58.0	Ana1 - 1: T.Au?en	2.6
2021-03-11 05:26:58.0	Ana2 - 2: T.Zuluft	13.5
2021-03-11 05:26:58.0	Ana3 - 3: T.Abluft	19.5
2021-03-11 05:26:58.0	Ana4 - 4: T.Fortluft	11.1
2021-03-11 05:26:58.0	Ana5 - 5: T.Raum	9999.9
2021-03-11 05:26:58.0	Ana9 - 9: T.Zuluft WRG warm	18.8
2021-03-11 05:27:08.0	Ana1 - 1: T.Au?en	2.6
2021-03-11 05:27:08.0	Ana2 - 2: T.Zuluft	13.5
2021-03-11 05:27:08.0	Ana3 - 3: T.Abluft	19.5
2021-03-11 05:27:08.0	Ana4 - 4: T.Fortluft	11.1
2021-03-11 05:27:08.0	Ana5 - 5: T.Raum	9999.9
2021-03-11 05:27:08.0	Ana9 - 9: T.Zuluft WRG warm	18.8
2021-03-11 05:27:18.0	Ana1 - 1: T.Au?en	2.6
2021-03-11 05:27:18.0	Ana2 - 2: T.Zuluft	13.5
2021-03-11 05:27:18.0	Ana3 - 3: T.Abluft	19.5
2021-03-11 05:27:18.0	Ana4 - 4: T.Fortluft	11.1
2021-03-11 05:27:18.0	Ana5 - 5: T.Raum	9999.9
2021-03-11 05:27:18.0	Ana9 - 9: T.Zuluft WRG warm	18.8
2021-03-11 05:27:28.0	Ana1 - 1: T.Au?en	2.6
2021-03-11 05:27:28.0	Ana2 - 2: T.Zuluft	13.5
2021-03-11 05:27:28.0	Ana3 - 3: T.Abluft	19.5
2021-03-11 05:27:28.0	Ana4 - 4: T.Fortluft	11.1
2021-03-11 05:27:28.0	Ana5 - 5: T.Raum	9999.9
2021-03-11 05:27:28.0	Ana9 - 9: T.Zuluft WRG warm	18.8
2021-03-11 05:27:38.0	Ana1 - 1: T.Au?en	2.6
2021-03-11 05:27:38.0	Ana2 - 2: T.Zuluft	13.5
2021-03-11 05:27:38.0	Ana3 - 3: T.Abluft	19.5
2021-03-11 05:27:38.0	Ana4 - 4: T.Fortluft	11.1
2021-03-11 05:27:38.0	Ana5 - 5: T.Raum	9999.9
2021-03-11 05:27:38.0	Ana9 - 9: T.Zuluft WRG warm	18.8
2021-03-11 05:27:48.0	Ana1 - 1: T.Au?en	2.6
2021-03-11 05:27:48.0	Ana2 - 2: T.Zuluft	13.5
2021-03-11 05:27:48.0	Ana3 - 3: T.Abluft	19.5
2021-03-11 05:27:48.0	Ana4 - 4: T.Fortluft	11.1
2021-03-11 05:27:48.0	Ana5 - 5: T.Raum	9999.9
2021-03-11 05:27:48.0	Ana9 - 9: T.Zuluft WRG warm	18.8
2021-03-11 05:27:58.0	Ana1 - 1: T.Au?en	2.6
2021-03-11 05:27:58.0	Ana2 - 2: T.Zuluft	13.5
2021-03-11 05:27:58.0	Ana3 - 3: T.Abluft	19.5
2021-03-11 05:27:58.0	Ana4 - 4: T.Fortluft	11.1
2021-03-11 05:27:58.0	Ana5 - 5: T.Raum	9999.9
2021-03-11 05:27:58.0	Ana9 - 9: T.Zuluft WRG warm	18.8
2021-03-11 05:28:08.0	Ana1 - 1: T.Au?en	2.6
2021-03-11 05:28:08.0	Ana2 - 2: T.Zuluft	13.5
2021-03-11 05:28:08.0	Ana3 - 3: T.Abluft	19.5
2021-03-11 05:28:08.0	Ana4 - 4: T.Fortluft	11.1
2021-03-11 05:28:08.0	Ana5 - 5: T.Raum	9999.9
2021-03-11 05:28:08.0	Ana9 - 9: T.Zuluft WRG warm	18.8
2021-03-11 05:28:18.0	Ana1 - 1: T.Au?en	2.6
2021-03-11 05:28:18.0	Ana2 - 2: T.Zuluft	13.5
2021-03-11 05:28:18.0	Ana3 - 3: T.Abluft	19.5
2021-03-11 05:28:18.0	Ana4 - 4: T.Fortluft	11.1
2021-03-11 05:28:18.0	Ana5 - 5: T.Raum	9999.9
2021-03-11 05:28:18.0	Ana9 - 9: T.Zuluft WRG warm	18.8
2021-03-11 05:28:28.0	Ana1 - 1: T.Au?en	2.5
2021-03-11 05:28:28.0	Ana2 - 2: T.Zuluft	13.5
2021-03-11 05:28:28.0	Ana3 - 3: T.Abluft	19.5
2021-03-11 05:28:28.0	Ana4 - 4: T.Fortluft	11.1
2021-03-11 05:28:28.0	Ana5 - 5: T.Raum	9999.9
2021-03-11 05:28:28.0	Ana9 - 9: T.Zuluft WRG warm	18.8
2021-03-11 05:28:38.0	Ana1 - 1: T.Au?en	2.5
2021-03-11 05:28:38.0	Ana2 - 2: T.Zuluft	13.5
2021-03-11 05:28:38.0	Ana3 - 3: T.Abluft	19.5
2021-03-11 05:28:38.0	Ana4 - 4: T.Fortluft	11.1
2021-03-11 05:28:38.0	Ana5 - 5: T.Raum	9999.9
2021-03-11 05:28:38.0	Ana9 - 9: T.Zuluft WRG warm	18.8
2021-03-11 05:28:48.0	Ana1 - 1: T.Au?en	2.5
2021-03-11 05:28:48.0	Ana2 - 2: T.Zuluft	13.5
2021-03-11 05:28:48.0	Ana3 - 3: T.Abluft	19.5
2021-03-11 05:28:48.0	Ana4 - 4: T.Fortluft	11.1
2021-03-11 05:28:48.0	Ana5 - 5: T.Raum	9999.9
2021-03-11 05:28:48.0	Ana9 - 9: T.Zuluft WRG warm	18.8
2021-03-11 05:28:58.0	Ana1 - 1: T.Au?en	2.5
2021-03-11 05:28:58.0	Ana2 - 2: T.Zuluft	13.5
2021-03-11 05:28:58.0	Ana3 - 3: T.Abluft	19.5
2021-03-11 05:28:58.0	Ana4 - 4: T.Fortluft	11.1
2021-03-11 05:28:58.0	Ana5 - 5: T.Raum	9999.9
2021-03-11 05:28:58.0	Ana9 - 9: T.Zuluft WRG warm	18.8
2021-03-11 05:29:08.0	Ana1 - 1: T.Au?en	2.5
2021-03-11 05:29:08.0	Ana2 - 2: T.Zuluft	13.5
2021-03-11 05:29:08.0	Ana3 - 3: T.Abluft	19.5
2021-03-11 05:29:08.0	Ana4 - 4: T.Fortluft	11.1
2021-03-11 05:29:08.0	Ana5 - 5: T.Raum	9999.9
2021-03-11 05:29:08.0	Ana9 - 9: T.Zuluft WRG warm	18.8
2021-03-11 05:29:18.0	Ana1 - 1: T.Au?en	2.5
2021-03-11 05:29:18.0	Ana2 - 2: T.Zuluft	13.5
2021-03-11 05:29:18.0	Ana3 - 3: T.Abluft	19.5
2021-03-11 05:29:18.0	Ana4 - 4: T.Fortluft	11.1
2021-03-11 05:29:18.0	Ana5 - 5: T.Raum	9999.9
2021-03-11 05:29:18.0	Ana9 - 9: T.Zuluft WRG warm	18.8
2021-03-11 05:29:28.0	Ana1 - 1: T.Au?en	2.5
2021-03-11 05:29:28.0	Ana2 - 2: T.Zuluft	13.5
2021-03-11 05:29:28.0	Ana3 - 3: T.Abluft	19.5
2021-03-11 05:29:28.0	Ana4 - 4: T.Fortluft	11.1
2021-03-11 05:29:28.0	Ana5 - 5: T.Raum	9999.9
2021-03-11 05:29:28.0	Ana9 - 9: T.Zuluft WRG warm	18.8
2021-03-11 05:29:38.0	Ana1 - 1: T.Au?en	2.5
2021-03-11 05:29:38.0	Ana2 - 2: T.Zuluft	13.5
2021-03-11 05:29:38.0	Ana3 - 3: T.Abluft	19.5
2021-03-11 05:29:38.0	Ana4 - 4: T.Fortluft	11.1
2021-03-11 05:29:38.0	Ana5 - 5: T.Raum	9999.9
2021-03-11 05:29:38.0	Ana9 - 9: T.Zuluft WRG warm	18.8
2021-03-11 05:29:48.0	Ana1 - 1: T.Au?en	2.5
2021-03-11 05:29:48.0	Ana2 - 2: T.Zuluft	13.5
2021-03-11 05:29:48.0	Ana3 - 3: T.Abluft	19.5
2021-03-11 05:29:48.0	Ana4 - 4: T.Fortluft	11.1
2021-03-11 05:29:48.0	Ana5 - 5: T.Raum	9999.9
2021-03-11 05:29:48.0	Ana9 - 9: T.Zuluft WRG warm	18.8
2021-03-11 05:29:58.0	Ana1 - 1: T.Au?en	2.5
2021-03-11 05:29:58.0	Ana2 - 2: T.Zuluft	13.5
2021-03-11 05:29:58.0	Ana3 - 3: T.Abluft	19.5
2021-03-11 05:29:58.0	Ana4 - 4: T.Fortluft	11.1
2021-03-11 05:29:58.0	Ana5 - 5: T.Raum	9999.9
2021-03-11 05:29:58.0	Ana9 - 9: T.Zuluft WRG warm	18.8
2021-03-11 05:30:08.0	Ana1 - 1: T.Au?en	2.5
2021-03-11 05:30:08.0	Ana2 - 2: T.Zuluft	13.5
2021-03-11 05:30:08.0	Ana3 - 3: T.Abluft	19.5
2021-03-11 05:30:08.0	Ana4 - 4: T.Fortluft	11.1
2021-03-11 05:30:08.0	Ana5 - 5: T.Raum	9999.9
2021-03-11 05:30:08.0	Ana9 - 9: T.Zuluft WRG warm	18.8
2021-03-11 05:30:18.0	Ana1 - 1: T.Au?en	2.5
2021-03-11 05:30:18.0	Ana2 - 2: T.Zuluft	13.5
2021-03-11 05:30:18.0	Ana3 - 3: T.Abluft	19.5
2021-03-11 05:30:18.0	Ana4 - 4: T.Fortluft	11.1
2021-03-11 05:30:18.0	Ana5 - 5: T.Raum	9999.9
2021-03-11 05:30:18.0	Ana9 - 9: T.Zuluft WRG warm	18.8
2021-03-11 05:30:28.0	Ana1 - 1: T.Au?en	2.5
2021-03-11 05:30:28.0	Ana2 - 2: T.Zuluft	13.5
2021-03-11 05:30:28.0	Ana3 - 3: T.Abluft	19.5
2021-03-11 05:30:28.0	Ana4 - 4: T.Fortluft	11.1
2021-03-11 05:30:28.0	Ana5 - 5: T.Raum	9999.9
2021-03-11 05:30:28.0	Ana9 - 9: T.Zuluft WRG warm	18.8
2021-03-11 05:30:38.0	Ana1 - 1: T.Au?en	2.5
2021-03-11 05:30:38.0	Ana2 - 2: T.Zuluft	13.5
2021-03-11 05:30:38.0	Ana3 - 3: T.Abluft	19.5
2021-03-11 05:30:38.0	Ana4 - 4: T.Fortluft	11.1
2021-03-11 05:30:38.0	Ana5 - 5: T.Raum	9999.9
2021-03-11 05:30:38.0	Ana9 - 9: T.Zuluft WRG warm	18.8
2021-03-11 05:30:48.0	Ana1 - 1: T.Au?en	2.5
2021-03-11 05:30:48.0	Ana2 - 2: T.Zuluft	13.5
2021-03-11 05:30:48.0	Ana3 - 3: T.Abluft	19.5
2021-03-11 05:30:48.0	Ana4 - 4: T.Fortluft	11.1
2021-03-11 05:30:48.0	Ana5 - 5: T.Raum	9999.9
2021-03-11 05:30:48.0	Ana9 - 9: T.Zuluft WRG warm	18.8
2021-03-11 05:30:58.0	Ana1 - 1: T.Au?en	2.5
2021-03-11 05:30:58.0	Ana2 - 2: T.Zuluft	13.5
2021-03-11 05:30:58.0	Ana3 - 3: T.Abluft	19.5
2021-03-11 05:30:58.0	Ana4 - 4: T.Fortluft	11.1
2021-03-11 05:30:58.0	Ana5 - 5: T.Raum	9999.9
2021-03-11 05:30:58.0	Ana9 - 9: T.Zuluft WRG warm	18.8
2021-03-11 05:31:08.0	Ana1 - 1: T.Au?en	2.5
2021-03-11 05:31:08.0	Ana2 - 2: T.Zuluft	13.5
2021-03-11 05:31:08.0	Ana3 - 3: T.Abluft	19.5
2021-03-11 05:31:08.0	Ana4 - 4: T.Fortluft	11.1
2021-03-11 05:31:08.0	Ana5 - 5: T.Raum	9999.9
2021-03-11 05:31:08.0	Ana9 - 9: T.Zuluft WRG warm	18.8
2021-03-11 05:31:18.0	Ana1 - 1: T.Au?en	2.5
2021-03-11 05:31:18.0	Ana2 - 2: T.Zuluft	13.5
2021-03-11 05:31:18.0	Ana3 - 3: T.Abluft	19.5
2021-03-11 05:31:18.0	Ana4 - 4: T.Fortluft	11.1
2021-03-11 05:31:18.0	Ana5 - 5: T.Raum	9999.9
2021-03-11 05:31:18.0	Ana9 - 9: T.Zuluft WRG warm	18.8
2021-03-11 05:31:28.0	Ana1 - 1: T.Au?en	2.5
2021-03-11 05:31:28.0	Ana2 - 2: T.Zuluft	13.5
2021-03-11 05:31:28.0	Ana3 - 3: T.Abluft	19.5
2021-03-11 05:31:28.0	Ana4 - 4: T.Fortluft	11.1
2021-03-11 05:31:28.0	Ana5 - 5: T.Raum	9999.9
2021-03-11 05:31:28.0	Ana9 - 9: T.Zuluft WRG warm	18.8
2021-03-11 05:31:38.0	Ana1 - 1: T.Au?en	2.5
2021-03-11 05:31:38.0	Ana2 - 2: T.Zuluft	13.5
2021-03-11 05:31:38.0	Ana3 - 3: T.Abluft	19.5
2021-03-11 05:31:38.0	Ana4 - 4: T.Fortluft	11.1
2021-03-11 05:31:38.0	Ana5 - 5: T.Raum	9999.9
2021-03-11 05:31:38.0	Ana9 - 9: T.Zuluft WRG warm	18.8
2021-03-11 05:31:48.0	Ana1 - 1: T.Au?en	2.5
2021-03-11 05:31:48.0	Ana2 - 2: T.Zuluft	13.5
2021-03-11 05:31:48.0	Ana3 - 3: T.Abluft	19.5
2021-03-11 05:31:48.0	Ana4 - 4: T.Fortluft	11.1
2021-03-11 05:31:48.0	Ana5 - 5: T.Raum	9999.9
2021-03-11 05:31:48.0	Ana9 - 9: T.Zuluft WRG warm	18.8
2021-03-11 05:31:58.0	Ana1 - 1: T.Au?en	2.5
2021-03-11 05:31:58.0	Ana2 - 2: T.Zuluft	13.5
2021-03-11 05:31:58.0	Ana3 - 3: T.Abluft	19.5
2021-03-11 05:31:58.0	Ana4 - 4: T.Fortluft	11.1
2021-03-11 05:31:58.0	Ana5 - 5: T.Raum	9999.9
2021-03-11 05:31:58.0	Ana9 - 9: T.Zuluft WRG warm	18.8
2021-03-11 05:32:08.0	Ana1 - 1: T.Au?en	2.5
2021-03-11 05:32:08.0	Ana2 - 2: T.Zuluft	13.5
2021-03-11 05:32:08.0	Ana3 - 3: T.Abluft	19.5
2021-03-11 05:32:08.0	Ana4 - 4: T.Fortluft	11.1
2021-03-11 05:32:08.0	Ana5 - 5: T.Raum	9999.9
2021-03-11 05:32:08.0	Ana9 - 9: T.Zuluft WRG warm	18.8
2021-03-11 05:32:18.0	Ana1 - 1: T.Au?en	2.5
2021-03-11 05:32:18.0	Ana2 - 2: T.Zuluft	13.5
2021-03-11 05:32:18.0	Ana3 - 3: T.Abluft	19.5
2021-03-11 05:32:18.0	Ana4 - 4: T.Fortluft	11.1
2021-03-11 05:32:18.0	Ana5 - 5: T.Raum	9999.9
2021-03-11 05:32:18.0	Ana9 - 9: T.Zuluft WRG warm	18.8
2021-03-11 05:32:28.0	Ana1 - 1: T.Au?en	2.5
2021-03-11 05:32:28.0	Ana2 - 2: T.Zuluft	13.5
2021-03-11 05:32:28.0	Ana3 - 3: T.Abluft	19.5
2021-03-11 05:32:28.0	Ana4 - 4: T.Fortluft	11.1
2021-03-11 05:32:28.0	Ana5 - 5: T.Raum	9999.9
2021-03-11 05:32:28.0	Ana9 - 9: T.Zuluft WRG warm	18.8
2021-03-11 05:32:38.0	Ana1 - 1: T.Au?en	2.5
2021-03-11 05:32:38.0	Ana2 - 2: T.Zuluft	13.5
2021-03-11 05:32:38.0	Ana3 - 3: T.Abluft	19.5
2021-03-11 05:32:38.0	Ana4 - 4: T.Fortluft	11.1
2021-03-11 05:32:38.0	Ana5 - 5: T.Raum	9999.9
2021-03-11 05:32:38.0	Ana9 - 9: T.Zuluft WRG warm	18.8
2021-03-11 05:32:48.0	Ana1 - 1: T.Au?en	2.5
2021-03-11 05:32:48.0	Ana2 - 2: T.Zuluft	13.5
2021-03-11 05:32:48.0	Ana3 - 3: T.Abluft	19.5
2021-03-11 05:32:48.0	Ana4 - 4: T.Fortluft	11.1
2021-03-11 05:32:48.0	Ana5 - 5: T.Raum	9999.9
2021-03-11 05:32:48.0	Ana9 - 9: T.Zuluft WRG warm	18.8
2021-03-11 05:32:58.0	Ana1 - 1: T.Au?en	2.5
2021-03-11 05:32:58.0	Ana2 - 2: T.Zuluft	13.5
2021-03-11 05:32:58.0	Ana3 - 3: T.Abluft	19.5
2021-03-11 05:32:58.0	Ana4 - 4: T.Fortluft	11.1
2021-03-11 05:32:58.0	Ana5 - 5: T.Raum	9999.9
2021-03-11 05:32:58.0	Ana9 - 9: T.Zuluft WRG warm	18.8
2021-03-11 05:33:08.0	Ana1 - 1: T.Au?en	2.5
2021-03-11 05:33:08.0	Ana2 - 2: T.Zuluft	13.5
2021-03-11 05:33:08.0	Ana3 - 3: T.Abluft	19.5
2021-03-11 05:33:08.0	Ana4 - 4: T.Fortluft	11.1
2021-03-11 05:33:08.0	Ana5 - 5: T.Raum	9999.9
2021-03-11 05:33:08.0	Ana9 - 9: T.Zuluft WRG warm	18.8
2021-03-11 05:33:18.0	Ana1 - 1: T.Au?en	2.5
2021-03-11 05:33:18.0	Ana2 - 2: T.Zuluft	13.5
2021-03-11 05:33:18.0	Ana3 - 3: T.Abluft	19.5
2021-03-11 05:33:18.0	Ana4 - 4: T.Fortluft	11.1
2021-03-11 05:33:18.0	Ana5 - 5: T.Raum	9999.9
2021-03-11 05:33:18.0	Ana9 - 9: T.Zuluft WRG warm	18.8
2021-03-11 05:33:28.0	Ana1 - 1: T.Au?en	2.5
2021-03-11 05:33:28.0	Ana2 - 2: T.Zuluft	13.5
2021-03-11 05:33:28.0	Ana3 - 3: T.Abluft	19.5
2021-03-11 05:33:28.0	Ana4 - 4: T.Fortluft	11.1
2021-03-11 05:33:28.0	Ana5 - 5: T.Raum	9999.9
2021-03-11 05:33:28.0	Ana9 - 9: T.Zuluft WRG warm	18.8
2021-03-11 05:33:38.0	Ana1 - 1: T.Au?en	2.5
2021-03-11 05:33:38.0	Ana2 - 2: T.Zuluft	13.5
2021-03-11 05:33:38.0	Ana3 - 3: T.Abluft	19.5
2021-03-11 05:33:38.0	Ana4 - 4: T.Fortluft	11.1
2021-03-11 05:33:38.0	Ana5 - 5: T.Raum	9999.9
2021-03-11 05:33:38.0	Ana9 - 9: T.Zuluft WRG warm	18.8
2021-03-11 05:33:48.0	Ana1 - 1: T.Au?en	2.5
2021-03-11 05:33:48.0	Ana2 - 2: T.Zuluft	13.5
2021-03-11 05:33:48.0	Ana3 - 3: T.Abluft	19.5
2021-03-11 05:33:48.0	Ana4 - 4: T.Fortluft	11.1
2021-03-11 05:33:48.0	Ana5 - 5: T.Raum	9999.9
2021-03-11 05:33:48.0	Ana9 - 9: T.Zuluft WRG warm	18.8
2021-03-11 05:33:58.0	Ana1 - 1: T.Au?en	2.5
2021-03-11 05:33:58.0	Ana2 - 2: T.Zuluft	13.5
2021-03-11 05:33:58.0	Ana3 - 3: T.Abluft	19.5
2021-03-11 05:33:58.0	Ana4 - 4: T.Fortluft	11.1
2021-03-11 05:33:58.0	Ana5 - 5: T.Raum	9999.9
2021-03-11 05:33:58.0	Ana9 - 9: T.Zuluft WRG warm	18.8
2021-03-11 05:34:08.0	Ana1 - 1: T.Au?en	2.5
2021-03-11 05:34:08.0	Ana2 - 2: T.Zuluft	13.5
2021-03-11 05:34:08.0	Ana3 - 3: T.Abluft	19.5
2021-03-11 05:34:08.0	Ana4 - 4: T.Fortluft	11.1
2021-03-11 05:34:08.0	Ana5 - 5: T.Raum	9999.9
2021-03-11 05:34:08.0	Ana9 - 9: T.Zuluft WRG warm	18.8
2021-03-11 05:34:18.0	Ana1 - 1: T.Au?en	2.6
2021-03-11 05:34:18.0	Ana2 - 2: T.Zuluft	13.5
2021-03-11 05:34:18.0	Ana3 - 3: T.Abluft	19.5
2021-03-11 05:34:18.0	Ana4 - 4: T.Fortluft	11.1
2021-03-11 05:34:18.0	Ana5 - 5: T.Raum	9999.9
2021-03-11 05:34:18.0	Ana9 - 9: T.Zuluft WRG warm	18.8
2021-03-11 05:34:28.0	Ana1 - 1: T.Au?en	2.6
2021-03-11 05:34:28.0	Ana2 - 2: T.Zuluft	13.5
2021-03-11 05:34:28.0	Ana3 - 3: T.Abluft	19.5
2021-03-11 05:34:28.0	Ana4 - 4: T.Fortluft	11.1
2021-03-11 05:34:28.0	Ana5 - 5: T.Raum	9999.9
2021-03-11 05:34:28.0	Ana9 - 9: T.Zuluft WRG warm	18.8
2021-03-11 05:34:38.0	Ana1 - 1: T.Au?en	2.6
2021-03-11 05:34:38.0	Ana2 - 2: T.Zuluft	13.5
2021-03-11 05:34:38.0	Ana3 - 3: T.Abluft	19.5
2021-03-11 05:34:38.0	Ana4 - 4: T.Fortluft	11.1
2021-03-11 05:34:38.0	Ana5 - 5: T.Raum	9999.9
2021-03-11 05:34:38.0	Ana9 - 9: T.Zuluft WRG warm	18.8
2021-03-11 05:34:48.0	Ana1 - 1: T.Au?en	2.6
2021-03-11 05:34:48.0	Ana2 - 2: T.Zuluft	13.5
2021-03-11 05:34:48.0	Ana3 - 3: T.Abluft	19.5
2021-03-11 05:34:48.0	Ana4 - 4: T.Fortluft	11.1
2021-03-11 05:34:48.0	Ana5 - 5: T.Raum	9999.9
2021-03-11 05:34:48.0	Ana9 - 9: T.Zuluft WRG warm	18.8
2021-03-11 05:34:58.0	Ana1 - 1: T.Au?en	2.6
2021-03-11 05:34:58.0	Ana2 - 2: T.Zuluft	13.5
2021-03-11 05:34:58.0	Ana3 - 3: T.Abluft	19.5
2021-03-11 05:34:58.0	Ana4 - 4: T.Fortluft	11.1
2021-03-11 05:34:58.0	Ana5 - 5: T.Raum	9999.9
2021-03-11 05:34:58.0	Ana9 - 9: T.Zuluft WRG warm	18.8
2021-03-11 05:35:08.0	Ana1 - 1: T.Au?en	2.6
2021-03-11 05:35:08.0	Ana2 - 2: T.Zuluft	13.5
2021-03-11 05:35:08.0	Ana3 - 3: T.Abluft	19.5
2021-03-11 05:35:08.0	Ana4 - 4: T.Fortluft	11.1
2021-03-11 05:35:08.0	Ana5 - 5: T.Raum	9999.9
2021-03-11 05:35:08.0	Ana9 - 9: T.Zuluft WRG warm	18.8
2021-03-11 05:35:18.0	Ana1 - 1: T.Au?en	2.6
2021-03-11 05:35:18.0	Ana2 - 2: T.Zuluft	13.5
2021-03-11 05:35:18.0	Ana3 - 3: T.Abluft	19.5
2021-03-11 05:35:18.0	Ana4 - 4: T.Fortluft	11.1
2021-03-11 05:35:18.0	Ana5 - 5: T.Raum	9999.9
2021-03-11 05:35:18.0	Ana9 - 9: T.Zuluft WRG warm	18.8
2021-03-11 05:35:28.0	Ana1 - 1: T.Au?en	2.6
2021-03-11 05:35:28.0	Ana2 - 2: T.Zuluft	13.5
2021-03-11 05:35:28.0	Ana3 - 3: T.Abluft	19.5
2021-03-11 05:35:28.0	Ana4 - 4: T.Fortluft	11.1
2021-03-11 05:35:28.0	Ana5 - 5: T.Raum	9999.9
2021-03-11 05:35:28.0	Ana9 - 9: T.Zuluft WRG warm	18.8
2021-03-11 05:35:38.0	Ana1 - 1: T.Au?en	2.6
2021-03-11 05:35:38.0	Ana2 - 2: T.Zuluft	13.5
2021-03-11 05:35:38.0	Ana3 - 3: T.Abluft	19.5
2021-03-11 05:35:38.0	Ana4 - 4: T.Fortluft	11.1
2021-03-11 05:35:38.0	Ana5 - 5: T.Raum	9999.9
2021-03-11 05:35:38.0	Ana9 - 9: T.Zuluft WRG warm	18.8
2021-03-11 05:35:48.0	Ana1 - 1: T.Au?en	2.6
2021-03-11 05:35:48.0	Ana2 - 2: T.Zuluft	13.5
2021-03-11 05:35:48.0	Ana3 - 3: T.Abluft	19.5
2021-03-11 05:35:48.0	Ana4 - 4: T.Fortluft	11.1
2021-03-11 05:35:48.0	Ana5 - 5: T.Raum	9999.9
2021-03-11 05:35:48.0	Ana9 - 9: T.Zuluft WRG warm	18.8
2021-03-11 05:35:58.0	Ana1 - 1: T.Au?en	2.6
2021-03-11 05:35:58.0	Ana2 - 2: T.Zuluft	13.5
2021-03-11 05:35:58.0	Ana3 - 3: T.Abluft	19.5
2021-03-11 05:35:58.0	Ana4 - 4: T.Fortluft	11.1
2021-03-11 05:35:58.0	Ana5 - 5: T.Raum	9999.9
2021-03-11 05:35:58.0	Ana9 - 9: T.Zuluft WRG warm	18.8
2021-03-11 05:36:08.0	Ana1 - 1: T.Au?en	2.6
2021-03-11 05:36:08.0	Ana2 - 2: T.Zuluft	13.5
2021-03-11 05:36:08.0	Ana3 - 3: T.Abluft	19.5
2021-03-11 05:36:08.0	Ana4 - 4: T.Fortluft	11.1
2021-03-11 05:36:08.0	Ana5 - 5: T.Raum	9999.9
2021-03-11 05:36:08.0	Ana9 - 9: T.Zuluft WRG warm	18.8
2021-03-11 05:36:18.0	Ana1 - 1: T.Au?en	2.6
2021-03-11 05:36:18.0	Ana2 - 2: T.Zuluft	13.5
2021-03-11 05:36:18.0	Ana3 - 3: T.Abluft	19.5
2021-03-11 05:36:18.0	Ana4 - 4: T.Fortluft	11.1
2021-03-11 05:36:18.0	Ana5 - 5: T.Raum	9999.9
2021-03-11 05:36:18.0	Ana9 - 9: T.Zuluft WRG warm	18.8
2021-03-11 05:36:28.0	Ana1 - 1: T.Au?en	2.6
2021-03-11 05:36:28.0	Ana2 - 2: T.Zuluft	13.5
2021-03-11 05:36:28.0	Ana3 - 3: T.Abluft	19.5
2021-03-11 05:36:28.0	Ana4 - 4: T.Fortluft	11.1
2021-03-11 05:36:28.0	Ana5 - 5: T.Raum	9999.9
2021-03-11 05:36:28.0	Ana9 - 9: T.Zuluft WRG warm	18.8
2021-03-11 05:36:38.0	Ana1 - 1: T.Au?en	2.6
2021-03-11 05:36:38.0	Ana2 - 2: T.Zuluft	13.5
2021-03-11 05:36:38.0	Ana3 - 3: T.Abluft	19.5
2021-03-11 05:36:38.0	Ana4 - 4: T.Fortluft	11.1
2021-03-11 05:36:38.0	Ana5 - 5: T.Raum	9999.9
2021-03-11 05:36:38.0	Ana9 - 9: T.Zuluft WRG warm	18.8
2021-03-11 05:36:48.0	Ana1 - 1: T.Au?en	2.6
2021-03-11 05:36:48.0	Ana2 - 2: T.Zuluft	13.5
2021-03-11 05:36:48.0	Ana3 - 3: T.Abluft	19.5
2021-03-11 05:36:48.0	Ana4 - 4: T.Fortluft	11.1
2021-03-11 05:36:48.0	Ana5 - 5: T.Raum	9999.9
2021-03-11 05:36:48.0	Ana9 - 9: T.Zuluft WRG warm	18.8
2021-03-11 05:36:58.0	Ana1 - 1: T.Au?en	2.6
2021-03-11 05:36:58.0	Ana2 - 2: T.Zuluft	13.5
2021-03-11 05:36:58.0	Ana3 - 3: T.Abluft	19.5
2021-03-11 05:36:58.0	Ana4 - 4: T.Fortluft	11.1
2021-03-11 05:36:58.0	Ana5 - 5: T.Raum	9999.9
2021-03-11 05:36:58.0	Ana9 - 9: T.Zuluft WRG warm	18.8
2021-03-11 05:37:08.0	Ana1 - 1: T.Au?en	2.6
2021-03-11 05:37:08.0	Ana2 - 2: T.Zuluft	13.5
2021-03-11 05:37:08.0	Ana3 - 3: T.Abluft	19.5
2021-03-11 05:37:08.0	Ana4 - 4: T.Fortluft	11.1
2021-03-11 05:37:08.0	Ana5 - 5: T.Raum	9999.9
2021-03-11 05:37:08.0	Ana9 - 9: T.Zuluft WRG warm	18.8
2021-03-11 05:37:18.0	Ana1 - 1: T.Au?en	2.6
2021-03-11 05:37:18.0	Ana2 - 2: T.Zuluft	13.5
2021-03-11 05:37:18.0	Ana3 - 3: T.Abluft	19.5
2021-03-11 05:37:18.0	Ana4 - 4: T.Fortluft	11.1
2021-03-11 05:37:18.0	Ana5 - 5: T.Raum	9999.9
2021-03-11 05:37:18.0	Ana9 - 9: T.Zuluft WRG warm	18.8
2021-03-11 05:37:28.0	Ana1 - 1: T.Au?en	2.5
2021-03-11 05:37:28.0	Ana2 - 2: T.Zuluft	13.5
2021-03-11 05:37:28.0	Ana3 - 3: T.Abluft	19.5
2021-03-11 05:37:28.0	Ana4 - 4: T.Fortluft	11.1
2021-03-11 05:37:28.0	Ana5 - 5: T.Raum	9999.9
2021-03-11 05:37:28.0	Ana9 - 9: T.Zuluft WRG warm	18.8
2021-03-11 05:37:38.0	Ana1 - 1: T.Au?en	2.5
2021-03-11 05:37:38.0	Ana2 - 2: T.Zuluft	13.5
2021-03-11 05:37:38.0	Ana3 - 3: T.Abluft	19.5
2021-03-11 05:37:38.0	Ana4 - 4: T.Fortluft	11.1
2021-03-11 05:37:38.0	Ana5 - 5: T.Raum	9999.9
2021-03-11 05:37:38.0	Ana9 - 9: T.Zuluft WRG warm	18.8
2021-03-11 05:37:48.0	Ana1 - 1: T.Au?en	2.5
2021-03-11 05:37:48.0	Ana2 - 2: T.Zuluft	13.5
2021-03-11 05:37:48.0	Ana3 - 3: T.Abluft	19.5
2021-03-11 05:37:48.0	Ana4 - 4: T.Fortluft	11.1
2021-03-11 05:37:48.0	Ana5 - 5: T.Raum	9999.9
2021-03-11 05:37:48.0	Ana9 - 9: T.Zuluft WRG warm	18.8
2021-03-11 05:37:58.0	Ana1 - 1: T.Au?en	2.5
2021-03-11 05:37:58.0	Ana2 - 2: T.Zuluft	13.5
2021-03-11 05:37:58.0	Ana3 - 3: T.Abluft	19.5
2021-03-11 05:37:58.0	Ana4 - 4: T.Fortluft	11.1
2021-03-11 05:37:58.0	Ana5 - 5: T.Raum	9999.9
2021-03-11 05:37:58.0	Ana9 - 9: T.Zuluft WRG warm	18.8
2021-03-11 05:38:08.0	Ana1 - 1: T.Au?en	2.5
2021-03-11 05:38:08.0	Ana2 - 2: T.Zuluft	13.5
2021-03-11 05:38:08.0	Ana3 - 3: T.Abluft	19.5
2021-03-11 05:38:08.0	Ana4 - 4: T.Fortluft	11.1
2021-03-11 05:38:08.0	Ana5 - 5: T.Raum	9999.9
2021-03-11 05:38:08.0	Ana9 - 9: T.Zuluft WRG warm	18.8
2021-03-11 05:38:18.0	Ana1 - 1: T.Au?en	2.5
2021-03-11 05:38:18.0	Ana2 - 2: T.Zuluft	13.5
2021-03-11 05:38:18.0	Ana3 - 3: T.Abluft	19.5
2021-03-11 05:38:18.0	Ana4 - 4: T.Fortluft	11.1
2021-03-11 05:38:18.0	Ana5 - 5: T.Raum	9999.9
2021-03-11 05:38:18.0	Ana9 - 9: T.Zuluft WRG warm	18.8
2021-03-11 05:38:28.0	Ana1 - 1: T.Au?en	2.5
2021-03-11 05:38:28.0	Ana2 - 2: T.Zuluft	13.5
2021-03-11 05:38:28.0	Ana3 - 3: T.Abluft	19.5
2021-03-11 05:38:28.0	Ana4 - 4: T.Fortluft	11.1
2021-03-11 05:38:28.0	Ana5 - 5: T.Raum	9999.9
2021-03-11 05:38:28.0	Ana9 - 9: T.Zuluft WRG warm	18.8
2021-03-11 05:38:38.0	Ana1 - 1: T.Au?en	2.5
2021-03-11 05:38:38.0	Ana2 - 2: T.Zuluft	13.5
2021-03-11 05:38:38.0	Ana3 - 3: T.Abluft	19.5
2021-03-11 05:38:38.0	Ana4 - 4: T.Fortluft	11.1
2021-03-11 05:38:38.0	Ana5 - 5: T.Raum	9999.9
2021-03-11 05:38:38.0	Ana9 - 9: T.Zuluft WRG warm	18.8
2021-03-11 05:38:48.0	Ana1 - 1: T.Au?en	2.5
2021-03-11 05:38:48.0	Ana2 - 2: T.Zuluft	13.5
2021-03-11 05:38:48.0	Ana3 - 3: T.Abluft	19.5
2021-03-11 05:38:48.0	Ana4 - 4: T.Fortluft	11.1
2021-03-11 05:38:48.0	Ana5 - 5: T.Raum	9999.9
2021-03-11 05:38:48.0	Ana9 - 9: T.Zuluft WRG warm	18.8
2021-03-11 05:38:58.0	Ana1 - 1: T.Au?en	2.5
2021-03-11 05:38:58.0	Ana2 - 2: T.Zuluft	13.5
2021-03-11 05:38:58.0	Ana3 - 3: T.Abluft	19.5
2021-03-11 05:38:58.0	Ana4 - 4: T.Fortluft	11.1
2021-03-11 05:38:58.0	Ana5 - 5: T.Raum	9999.9
2021-03-11 05:38:58.0	Ana9 - 9: T.Zuluft WRG warm	18.8
2021-03-11 05:39:08.0	Ana1 - 1: T.Au?en	2.5
2021-03-11 05:39:08.0	Ana2 - 2: T.Zuluft	13.5
2021-03-11 05:39:08.0	Ana3 - 3: T.Abluft	19.5
2021-03-11 05:39:08.0	Ana4 - 4: T.Fortluft	11.1
2021-03-11 05:39:08.0	Ana5 - 5: T.Raum	9999.9
2021-03-11 05:39:08.0	Ana9 - 9: T.Zuluft WRG warm	18.8
2021-03-11 05:39:18.0	Ana1 - 1: T.Au?en	2.5
2021-03-11 05:39:18.0	Ana2 - 2: T.Zuluft	13.5
2021-03-11 05:39:18.0	Ana3 - 3: T.Abluft	19.5
2021-03-11 05:39:18.0	Ana4 - 4: T.Fortluft	11.1
2021-03-11 05:39:18.0	Ana5 - 5: T.Raum	9999.9
2021-03-11 05:39:18.0	Ana9 - 9: T.Zuluft WRG warm	18.8
2021-03-11 05:39:28.0	Ana1 - 1: T.Au?en	2.6
2021-03-11 05:39:28.0	Ana2 - 2: T.Zuluft	13.5
2021-03-11 05:39:28.0	Ana3 - 3: T.Abluft	19.5
2021-03-11 05:39:28.0	Ana4 - 4: T.Fortluft	11.1
2021-03-11 05:39:28.0	Ana5 - 5: T.Raum	9999.9
2021-03-11 05:39:28.0	Ana9 - 9: T.Zuluft WRG warm	18.8
2021-03-11 05:39:38.0	Ana1 - 1: T.Au?en	2.6
2021-03-11 05:39:38.0	Ana2 - 2: T.Zuluft	13.5
2021-03-11 05:39:38.0	Ana3 - 3: T.Abluft	19.5
2021-03-11 05:39:38.0	Ana4 - 4: T.Fortluft	11.1
2021-03-11 05:39:38.0	Ana5 - 5: T.Raum	9999.9
2021-03-11 05:39:38.0	Ana9 - 9: T.Zuluft WRG warm	18.8
2021-03-11 05:39:48.0	Ana1 - 1: T.Au?en	2.6
2021-03-11 05:39:48.0	Ana2 - 2: T.Zuluft	13.5
2021-03-11 05:39:48.0	Ana3 - 3: T.Abluft	19.5
2021-03-11 05:39:48.0	Ana4 - 4: T.Fortluft	11.1
2021-03-11 05:39:48.0	Ana5 - 5: T.Raum	9999.9
2021-03-11 05:39:48.0	Ana9 - 9: T.Zuluft WRG warm	18.8
2021-03-11 05:39:58.0	Ana1 - 1: T.Au?en	2.6
2021-03-11 05:39:58.0	Ana2 - 2: T.Zuluft	13.5
2021-03-11 05:39:58.0	Ana3 - 3: T.Abluft	19.5
2021-03-11 05:39:58.0	Ana4 - 4: T.Fortluft	11.1
2021-03-11 05:39:58.0	Ana5 - 5: T.Raum	9999.9
2021-03-11 05:39:58.0	Ana9 - 9: T.Zuluft WRG warm	18.8
2021-03-11 05:40:08.0	Ana1 - 1: T.Au?en	2.6
2021-03-11 05:40:08.0	Ana2 - 2: T.Zuluft	13.5
2021-03-11 05:40:08.0	Ana3 - 3: T.Abluft	19.5
2021-03-11 05:40:08.0	Ana4 - 4: T.Fortluft	11.1
2021-03-11 05:40:08.0	Ana5 - 5: T.Raum	9999.9
2021-03-11 05:40:08.0	Ana9 - 9: T.Zuluft WRG warm	18.8
2021-03-11 05:40:18.0	Ana1 - 1: T.Au?en	2.6
2021-03-11 05:40:18.0	Ana2 - 2: T.Zuluft	13.5
2021-03-11 05:40:18.0	Ana3 - 3: T.Abluft	19.5
2021-03-11 05:40:18.0	Ana4 - 4: T.Fortluft	11.1
2021-03-11 05:40:18.0	Ana5 - 5: T.Raum	9999.9
2021-03-11 05:40:18.0	Ana9 - 9: T.Zuluft WRG warm	18.8
2021-03-11 05:40:28.0	Ana1 - 1: T.Au?en	2.6
2021-03-11 05:40:28.0	Ana2 - 2: T.Zuluft	13.5
2021-03-11 05:40:28.0	Ana3 - 3: T.Abluft	19.5
2021-03-11 05:40:28.0	Ana4 - 4: T.Fortluft	11.1
2021-03-11 05:40:28.0	Ana5 - 5: T.Raum	9999.9
2021-03-11 05:40:28.0	Ana9 - 9: T.Zuluft WRG warm	18.8
2021-03-11 05:40:38.0	Ana1 - 1: T.Au?en	2.6
2021-03-11 05:40:38.0	Ana2 - 2: T.Zuluft	13.5
2021-03-11 05:40:38.0	Ana3 - 3: T.Abluft	19.5
2021-03-11 05:40:38.0	Ana4 - 4: T.Fortluft	11.1
2021-03-11 05:40:38.0	Ana5 - 5: T.Raum	9999.9
2021-03-11 05:40:38.0	Ana9 - 9: T.Zuluft WRG warm	18.8
2021-03-11 05:40:48.0	Ana1 - 1: T.Au?en	2.6
2021-03-11 05:40:48.0	Ana2 - 2: T.Zuluft	13.5
2021-03-11 05:40:48.0	Ana3 - 3: T.Abluft	19.5
2021-03-11 05:40:48.0	Ana4 - 4: T.Fortluft	11.1
2021-03-11 05:40:48.0	Ana5 - 5: T.Raum	9999.9
2021-03-11 05:40:48.0	Ana9 - 9: T.Zuluft WRG warm	18.8
2021-03-11 05:40:58.0	Ana1 - 1: T.Au?en	2.6
2021-03-11 05:40:58.0	Ana2 - 2: T.Zuluft	13.5
2021-03-11 05:40:58.0	Ana3 - 3: T.Abluft	19.5
2021-03-11 05:40:58.0	Ana4 - 4: T.Fortluft	11.1
2021-03-11 05:40:58.0	Ana5 - 5: T.Raum	9999.9
2021-03-11 05:40:58.0	Ana9 - 9: T.Zuluft WRG warm	18.8
2021-03-11 05:41:08.0	Ana1 - 1: T.Au?en	2.6
2021-03-11 05:41:08.0	Ana2 - 2: T.Zuluft	13.5
2021-03-11 05:41:08.0	Ana3 - 3: T.Abluft	19.5
2021-03-11 05:41:08.0	Ana4 - 4: T.Fortluft	11.1
2021-03-11 05:41:08.0	Ana5 - 5: T.Raum	9999.9
2021-03-11 05:41:08.0	Ana9 - 9: T.Zuluft WRG warm	18.8
2021-03-11 05:41:18.0	Ana1 - 1: T.Au?en	2.6
2021-03-11 05:41:18.0	Ana2 - 2: T.Zuluft	13.5
2021-03-11 05:41:18.0	Ana3 - 3: T.Abluft	19.5
2021-03-11 05:41:18.0	Ana4 - 4: T.Fortluft	11.1
2021-03-11 05:41:18.0	Ana5 - 5: T.Raum	9999.9
2021-03-11 05:41:18.0	Ana9 - 9: T.Zuluft WRG warm	18.8
2021-03-11 05:41:28.0	Ana1 - 1: T.Au?en	2.6
2021-03-11 05:41:28.0	Ana2 - 2: T.Zuluft	13.5
2021-03-11 05:41:28.0	Ana3 - 3: T.Abluft	19.5
2021-03-11 05:41:28.0	Ana4 - 4: T.Fortluft	11.1
2021-03-11 05:41:28.0	Ana5 - 5: T.Raum	9999.9
2021-03-11 05:41:28.0	Ana9 - 9: T.Zuluft WRG warm	18.8
2021-03-11 05:41:38.0	Ana1 - 1: T.Au?en	2.6
2021-03-11 05:41:38.0	Ana2 - 2: T.Zuluft	13.5
2021-03-11 05:41:38.0	Ana3 - 3: T.Abluft	19.5
2021-03-11 05:41:38.0	Ana4 - 4: T.Fortluft	11.1
2021-03-11 05:41:38.0	Ana5 - 5: T.Raum	9999.9
2021-03-11 05:41:38.0	Ana9 - 9: T.Zuluft WRG warm	18.8
2021-03-11 05:41:48.0	Ana1 - 1: T.Au?en	2.6
2021-03-11 05:41:48.0	Ana2 - 2: T.Zuluft	13.5
2021-03-11 05:41:48.0	Ana3 - 3: T.Abluft	19.5
2021-03-11 05:41:48.0	Ana4 - 4: T.Fortluft	11.1
2021-03-11 05:41:48.0	Ana5 - 5: T.Raum	9999.9
2021-03-11 05:41:48.0	Ana9 - 9: T.Zuluft WRG warm	18.8
2021-03-11 05:41:58.0	Ana1 - 1: T.Au?en	2.6
2021-03-11 05:41:58.0	Ana2 - 2: T.Zuluft	13.5
2021-03-11 05:41:58.0	Ana3 - 3: T.Abluft	19.5
2021-03-11 05:41:58.0	Ana4 - 4: T.Fortluft	11.1
2021-03-11 05:41:58.0	Ana5 - 5: T.Raum	9999.9
2021-03-11 05:41:58.0	Ana9 - 9: T.Zuluft WRG warm	18.8
2021-03-11 05:42:08.0	Ana1 - 1: T.Au?en	2.6
2021-03-11 05:42:08.0	Ana2 - 2: T.Zuluft	13.5
2021-03-11 05:42:08.0	Ana3 - 3: T.Abluft	19.5
2021-03-11 05:42:08.0	Ana4 - 4: T.Fortluft	11.1
2021-03-11 05:42:08.0	Ana5 - 5: T.Raum	9999.9
2021-03-11 05:42:08.0	Ana9 - 9: T.Zuluft WRG warm	18.8
2021-03-11 05:42:18.0	Ana1 - 1: T.Au?en	2.6
2021-03-11 05:42:18.0	Ana2 - 2: T.Zuluft	13.5
2021-03-11 05:42:18.0	Ana3 - 3: T.Abluft	19.5
2021-03-11 05:42:18.0	Ana4 - 4: T.Fortluft	11.1
2021-03-11 05:42:18.0	Ana5 - 5: T.Raum	9999.9
2021-03-11 05:42:18.0	Ana9 - 9: T.Zuluft WRG warm	18.8
2021-03-11 05:42:28.0	Ana1 - 1: T.Au?en	2.6
2021-03-11 05:42:28.0	Ana2 - 2: T.Zuluft	13.5
2021-03-11 05:42:28.0	Ana3 - 3: T.Abluft	19.5
2021-03-11 05:42:28.0	Ana4 - 4: T.Fortluft	11.1
2021-03-11 05:42:28.0	Ana5 - 5: T.Raum	9999.9
2021-03-11 05:42:28.0	Ana9 - 9: T.Zuluft WRG warm	18.8
2021-03-11 05:42:38.0	Ana1 - 1: T.Au?en	2.6
2021-03-11 05:42:38.0	Ana2 - 2: T.Zuluft	13.5
2021-03-11 05:42:38.0	Ana3 - 3: T.Abluft	19.5
2021-03-11 05:42:38.0	Ana4 - 4: T.Fortluft	11.1
2021-03-11 05:42:38.0	Ana5 - 5: T.Raum	9999.9
2021-03-11 05:42:38.0	Ana9 - 9: T.Zuluft WRG warm	18.8
2021-03-11 05:42:48.0	Ana1 - 1: T.Au?en	2.6
2021-03-11 05:42:48.0	Ana2 - 2: T.Zuluft	13.5
2021-03-11 05:42:48.0	Ana3 - 3: T.Abluft	19.5
2021-03-11 05:42:48.0	Ana4 - 4: T.Fortluft	11.1
2021-03-11 05:42:48.0	Ana5 - 5: T.Raum	9999.9
2021-03-11 05:42:48.0	Ana9 - 9: T.Zuluft WRG warm	18.8
2021-03-11 05:42:58.0	Ana1 - 1: T.Au?en	2.6
2021-03-11 05:42:58.0	Ana2 - 2: T.Zuluft	13.5
2021-03-11 05:42:58.0	Ana3 - 3: T.Abluft	19.5
2021-03-11 05:42:58.0	Ana4 - 4: T.Fortluft	11.1
2021-03-11 05:42:58.0	Ana5 - 5: T.Raum	9999.9
2021-03-11 05:42:58.0	Ana9 - 9: T.Zuluft WRG warm	18.8
2021-03-11 05:43:08.0	Ana1 - 1: T.Au?en	2.6
2021-03-11 05:43:08.0	Ana2 - 2: T.Zuluft	13.5
2021-03-11 05:43:08.0	Ana3 - 3: T.Abluft	19.5
2021-03-11 05:43:08.0	Ana4 - 4: T.Fortluft	11.1
2021-03-11 05:43:08.0	Ana5 - 5: T.Raum	9999.9
2021-03-11 05:43:08.0	Ana9 - 9: T.Zuluft WRG warm	18.8
2021-03-11 05:43:18.0	Ana1 - 1: T.Au?en	2.6
2021-03-11 05:43:18.0	Ana2 - 2: T.Zuluft	13.5
2021-03-11 05:43:18.0	Ana3 - 3: T.Abluft	19.5
2021-03-11 05:43:18.0	Ana4 - 4: T.Fortluft	11.1
2021-03-11 05:43:18.0	Ana5 - 5: T.Raum	9999.9
2021-03-11 05:43:18.0	Ana9 - 9: T.Zuluft WRG warm	18.8
2021-03-11 05:43:28.0	Ana1 - 1: T.Au?en	2.7
2021-03-11 05:43:28.0	Ana2 - 2: T.Zuluft	13.5
2021-03-11 05:43:28.0	Ana3 - 3: T.Abluft	19.5
2021-03-11 05:43:28.0	Ana4 - 4: T.Fortluft	11.1
2021-03-11 05:43:28.0	Ana5 - 5: T.Raum	9999.9
2021-03-11 05:43:28.0	Ana9 - 9: T.Zuluft WRG warm	18.8
2021-03-11 05:43:38.0	Ana1 - 1: T.Au?en	2.7
2021-03-11 05:43:38.0	Ana2 - 2: T.Zuluft	13.5
2021-03-11 05:43:38.0	Ana3 - 3: T.Abluft	19.5
2021-03-11 05:43:38.0	Ana4 - 4: T.Fortluft	11.1
2021-03-11 05:43:38.0	Ana5 - 5: T.Raum	9999.9
2021-03-11 05:43:38.0	Ana9 - 9: T.Zuluft WRG warm	18.8
2021-03-11 05:43:48.0	Ana1 - 1: T.Au?en	2.7
2021-03-11 05:43:48.0	Ana2 - 2: T.Zuluft	13.5
2021-03-11 05:43:48.0	Ana3 - 3: T.Abluft	19.5
2021-03-11 05:43:48.0	Ana4 - 4: T.Fortluft	11.1
2021-03-11 05:43:48.0	Ana5 - 5: T.Raum	9999.9
2021-03-11 05:43:48.0	Ana9 - 9: T.Zuluft WRG warm	18.8
2021-03-11 05:43:58.0	Ana1 - 1: T.Au?en	2.7
2021-03-11 05:43:58.0	Ana2 - 2: T.Zuluft	13.5
2021-03-11 05:43:58.0	Ana3 - 3: T.Abluft	19.5
2021-03-11 05:43:58.0	Ana4 - 4: T.Fortluft	11.1
2021-03-11 05:43:58.0	Ana5 - 5: T.Raum	9999.9
2021-03-11 05:43:58.0	Ana9 - 9: T.Zuluft WRG warm	18.8
2021-03-11 05:44:08.0	Ana1 - 1: T.Au?en	2.7
2021-03-11 05:44:08.0	Ana2 - 2: T.Zuluft	13.5
2021-03-11 05:44:08.0	Ana3 - 3: T.Abluft	19.5
2021-03-11 05:44:08.0	Ana4 - 4: T.Fortluft	11.1
2021-03-11 05:44:08.0	Ana5 - 5: T.Raum	9999.9
2021-03-11 05:44:08.0	Ana9 - 9: T.Zuluft WRG warm	18.8
2021-03-11 05:44:18.0	Ana1 - 1: T.Au?en	2.7
2021-03-11 05:44:18.0	Ana2 - 2: T.Zuluft	13.5
2021-03-11 05:44:18.0	Ana3 - 3: T.Abluft	19.5
2021-03-11 05:44:18.0	Ana4 - 4: T.Fortluft	11.0
2021-03-11 05:44:18.0	Ana5 - 5: T.Raum	9999.9
2021-03-11 05:44:18.0	Ana9 - 9: T.Zuluft WRG warm	18.8
2021-03-11 05:44:28.0	Ana1 - 1: T.Au?en	2.7
2021-03-11 05:44:28.0	Ana2 - 2: T.Zuluft	13.4
2021-03-11 05:44:28.0	Ana3 - 3: T.Abluft	19.5
2021-03-11 05:44:28.0	Ana4 - 4: T.Fortluft	11.0
2021-03-11 05:44:28.0	Ana5 - 5: T.Raum	9999.9
2021-03-11 05:44:28.0	Ana9 - 9: T.Zuluft WRG warm	18.8
2021-03-11 05:44:38.0	Ana1 - 1: T.Au?en	2.7
2021-03-11 05:44:38.0	Ana2 - 2: T.Zuluft	13.4
2021-03-11 05:44:38.0	Ana3 - 3: T.Abluft	19.5
2021-03-11 05:44:38.0	Ana4 - 4: T.Fortluft	11.0
2021-03-11 05:44:38.0	Ana5 - 5: T.Raum	9999.9
2021-03-11 05:44:38.0	Ana9 - 9: T.Zuluft WRG warm	18.8
2021-03-11 05:44:48.0	Ana1 - 1: T.Au?en	2.7
2021-03-11 05:44:48.0	Ana2 - 2: T.Zuluft	13.4
2021-03-11 05:44:48.0	Ana3 - 3: T.Abluft	19.5
2021-03-11 05:44:48.0	Ana4 - 4: T.Fortluft	11.0
2021-03-11 05:44:48.0	Ana5 - 5: T.Raum	9999.9
2021-03-11 05:44:48.0	Ana9 - 9: T.Zuluft WRG warm	18.8
2021-03-11 05:44:58.0	Ana1 - 1: T.Au?en	2.7
2021-03-11 05:44:58.0	Ana2 - 2: T.Zuluft	13.4
2021-03-11 05:44:58.0	Ana3 - 3: T.Abluft	19.5
2021-03-11 05:44:58.0	Ana4 - 4: T.Fortluft	11.0
2021-03-11 05:44:58.0	Ana5 - 5: T.Raum	9999.9
2021-03-11 05:44:58.0	Ana9 - 9: T.Zuluft WRG warm	18.8
2021-03-11 05:45:08.0	Ana1 - 1: T.Au?en	2.7
2021-03-11 05:45:08.0	Ana2 - 2: T.Zuluft	13.5
2021-03-11 05:45:08.0	Ana3 - 3: T.Abluft	19.5
2021-03-11 05:45:08.0	Ana4 - 4: T.Fortluft	11.0
2021-03-11 05:45:08.0	Ana5 - 5: T.Raum	9999.9
2021-03-11 05:45:08.0	Ana9 - 9: T.Zuluft WRG warm	18.8
2021-03-11 05:45:18.0	Ana1 - 1: T.Au?en	2.7
2021-03-11 05:45:18.0	Ana2 - 2: T.Zuluft	13.4
2021-03-11 05:45:18.0	Ana3 - 3: T.Abluft	19.5
2021-03-11 05:45:18.0	Ana4 - 4: T.Fortluft	11.0
2021-03-11 05:45:18.0	Ana5 - 5: T.Raum	9999.9
2021-03-11 05:45:18.0	Ana9 - 9: T.Zuluft WRG warm	18.8
2021-03-11 05:45:28.0	Ana1 - 1: T.Au?en	2.7
2021-03-11 05:45:28.0	Ana2 - 2: T.Zuluft	13.5
2021-03-11 05:45:28.0	Ana3 - 3: T.Abluft	19.5
2021-03-11 05:45:28.0	Ana4 - 4: T.Fortluft	11.0
2021-03-11 05:45:28.0	Ana5 - 5: T.Raum	9999.9
2021-03-11 05:45:28.0	Ana9 - 9: T.Zuluft WRG warm	18.8
2021-03-11 05:45:38.0	Ana1 - 1: T.Au?en	2.7
2021-03-11 05:45:38.0	Ana2 - 2: T.Zuluft	13.4
2021-03-11 05:45:38.0	Ana3 - 3: T.Abluft	19.5
2021-03-11 05:45:38.0	Ana4 - 4: T.Fortluft	11.0
2021-03-11 05:45:38.0	Ana5 - 5: T.Raum	9999.9
2021-03-11 05:45:38.0	Ana9 - 9: T.Zuluft WRG warm	18.8
2021-03-11 05:45:48.0	Ana1 - 1: T.Au?en	2.6
2021-03-11 05:45:48.0	Ana2 - 2: T.Zuluft	13.4
2021-03-11 05:45:48.0	Ana3 - 3: T.Abluft	19.5
2021-03-11 05:45:48.0	Ana4 - 4: T.Fortluft	11.1
2021-03-11 05:45:48.0	Ana5 - 5: T.Raum	9999.9
2021-03-11 05:45:48.0	Ana9 - 9: T.Zuluft WRG warm	18.8
2021-03-11 05:45:58.0	Ana1 - 1: T.Au?en	2.6
2021-03-11 05:45:58.0	Ana2 - 2: T.Zuluft	13.5
2021-03-11 05:45:58.0	Ana3 - 3: T.Abluft	19.6
2021-03-11 05:45:58.0	Ana4 - 4: T.Fortluft	11.0
2021-03-11 05:45:58.0	Ana5 - 5: T.Raum	9999.9
2021-03-11 05:45:58.0	Ana9 - 9: T.Zuluft WRG warm	18.8
2021-03-11 05:46:08.0	Ana1 - 1: T.Au?en	2.6
2021-03-11 05:46:08.0	Ana2 - 2: T.Zuluft	13.5
2021-03-11 05:46:08.0	Ana3 - 3: T.Abluft	19.6
2021-03-11 05:46:08.0	Ana4 - 4: T.Fortluft	11.0
2021-03-11 05:46:08.0	Ana5 - 5: T.Raum	9999.9
2021-03-11 05:46:08.0	Ana9 - 9: T.Zuluft WRG warm	18.8
2021-03-11 05:46:18.0	Ana1 - 1: T.Au?en	2.6
2021-03-11 05:46:18.0	Ana2 - 2: T.Zuluft	13.5
2021-03-11 05:46:18.0	Ana3 - 3: T.Abluft	19.5
2021-03-11 05:46:18.0	Ana4 - 4: T.Fortluft	11.0
2021-03-11 05:46:18.0	Ana5 - 5: T.Raum	9999.9
2021-03-11 05:46:18.0	Ana9 - 9: T.Zuluft WRG warm	18.8
2021-03-11 05:46:28.0	Ana1 - 1: T.Au?en	2.6
2021-03-11 05:46:28.0	Ana2 - 2: T.Zuluft	13.5
2021-03-11 05:46:28.0	Ana3 - 3: T.Abluft	19.5
2021-03-11 05:46:28.0	Ana4 - 4: T.Fortluft	11.0
2021-03-11 05:46:28.0	Ana5 - 5: T.Raum	9999.9
2021-03-11 05:46:28.0	Ana9 - 9: T.Zuluft WRG warm	18.8
2021-03-11 05:46:38.0	Ana1 - 1: T.Au?en	2.6
2021-03-11 05:46:38.0	Ana2 - 2: T.Zuluft	13.5
2021-03-11 05:46:38.0	Ana3 - 3: T.Abluft	19.5
2021-03-11 05:46:38.0	Ana4 - 4: T.Fortluft	11.0
2021-03-11 05:46:38.0	Ana5 - 5: T.Raum	9999.9
2021-03-11 05:46:38.0	Ana9 - 9: T.Zuluft WRG warm	18.8
2021-03-11 05:46:48.0	Ana1 - 1: T.Au?en	2.6
2021-03-11 05:46:48.0	Ana2 - 2: T.Zuluft	13.4
2021-03-11 05:46:48.0	Ana3 - 3: T.Abluft	19.5
2021-03-11 05:46:48.0	Ana4 - 4: T.Fortluft	11.0
2021-03-11 05:46:48.0	Ana5 - 5: T.Raum	9999.9
2021-03-11 05:46:48.0	Ana9 - 9: T.Zuluft WRG warm	18.8
2021-03-11 05:46:58.0	Ana1 - 1: T.Au?en	2.6
2021-03-11 05:46:58.0	Ana2 - 2: T.Zuluft	13.4
2021-03-11 05:46:58.0	Ana3 - 3: T.Abluft	19.5
2021-03-11 05:46:58.0	Ana4 - 4: T.Fortluft	11.0
2021-03-11 05:46:58.0	Ana5 - 5: T.Raum	9999.9
2021-03-11 05:46:58.0	Ana9 - 9: T.Zuluft WRG warm	18.8
2021-03-11 05:47:08.0	Ana1 - 1: T.Au?en	2.6
2021-03-11 05:47:08.0	Ana2 - 2: T.Zuluft	13.4
2021-03-11 05:47:08.0	Ana3 - 3: T.Abluft	19.5
2021-03-11 05:47:08.0	Ana4 - 4: T.Fortluft	11.1
2021-03-11 05:47:08.0	Ana5 - 5: T.Raum	9999.9
2021-03-11 05:47:08.0	Ana9 - 9: T.Zuluft WRG warm	18.8
2021-03-11 05:47:18.0	Ana1 - 1: T.Au?en	2.6
2021-03-11 05:47:18.0	Ana2 - 2: T.Zuluft	13.4
2021-03-11 05:47:18.0	Ana3 - 3: T.Abluft	19.6
2021-03-11 05:47:18.0	Ana4 - 4: T.Fortluft	11.1
2021-03-11 05:47:18.0	Ana5 - 5: T.Raum	9999.9
2021-03-11 05:47:18.0	Ana9 - 9: T.Zuluft WRG warm	18.8
2021-03-11 05:47:28.0	Ana1 - 1: T.Au?en	2.6
2021-03-11 05:47:28.0	Ana2 - 2: T.Zuluft	13.4
2021-03-11 05:47:28.0	Ana3 - 3: T.Abluft	19.5
2021-03-11 05:47:28.0	Ana4 - 4: T.Fortluft	11.0
2021-03-11 05:47:28.0	Ana5 - 5: T.Raum	9999.9
2021-03-11 05:47:28.0	Ana9 - 9: T.Zuluft WRG warm	18.8
2021-03-11 05:47:38.0	Ana1 - 1: T.Au?en	2.6
2021-03-11 05:47:38.0	Ana2 - 2: T.Zuluft	13.4
2021-03-11 05:47:38.0	Ana3 - 3: T.Abluft	19.5
2021-03-11 05:47:38.0	Ana4 - 4: T.Fortluft	11.0
2021-03-11 05:47:38.0	Ana5 - 5: T.Raum	9999.9
2021-03-11 05:47:38.0	Ana9 - 9: T.Zuluft WRG warm	18.8
2021-03-11 05:47:48.0	Ana1 - 1: T.Au?en	2.6
2021-03-11 05:47:48.0	Ana2 - 2: T.Zuluft	13.4
2021-03-11 05:47:48.0	Ana3 - 3: T.Abluft	19.6
2021-03-11 05:47:48.0	Ana4 - 4: T.Fortluft	11.0
2021-03-11 05:47:48.0	Ana5 - 5: T.Raum	9999.9
2021-03-11 05:47:48.0	Ana9 - 9: T.Zuluft WRG warm	18.8
2021-03-11 05:47:58.0	Ana1 - 1: T.Au?en	2.6
2021-03-11 05:47:58.0	Ana2 - 2: T.Zuluft	13.4
2021-03-11 05:47:58.0	Ana3 - 3: T.Abluft	19.5
2021-03-11 05:47:58.0	Ana4 - 4: T.Fortluft	11.1
2021-03-11 05:47:58.0	Ana5 - 5: T.Raum	9999.9
2021-03-11 05:47:58.0	Ana9 - 9: T.Zuluft WRG warm	18.8
2021-03-11 05:48:08.0	Ana1 - 1: T.Au?en	2.6
2021-03-11 05:48:08.0	Ana2 - 2: T.Zuluft	13.4
2021-03-11 05:48:08.0	Ana3 - 3: T.Abluft	19.5
2021-03-11 05:48:08.0	Ana4 - 4: T.Fortluft	11.0
2021-03-11 05:48:08.0	Ana5 - 5: T.Raum	9999.9
2021-03-11 05:48:08.0	Ana9 - 9: T.Zuluft WRG warm	18.8
2021-03-11 05:48:18.0	Ana1 - 1: T.Au?en	2.6
2021-03-11 05:48:18.0	Ana2 - 2: T.Zuluft	13.5
2021-03-11 05:48:18.0	Ana3 - 3: T.Abluft	19.5
2021-03-11 05:48:18.0	Ana4 - 4: T.Fortluft	11.0
2021-03-11 05:48:18.0	Ana5 - 5: T.Raum	9999.9
2021-03-11 05:48:18.0	Ana9 - 9: T.Zuluft WRG warm	18.8
2021-03-11 05:48:28.0	Ana1 - 1: T.Au?en	2.6
2021-03-11 05:48:28.0	Ana2 - 2: T.Zuluft	13.4
2021-03-11 05:48:28.0	Ana3 - 3: T.Abluft	19.5
2021-03-11 05:48:28.0	Ana4 - 4: T.Fortluft	11.0
2021-03-11 05:48:28.0	Ana5 - 5: T.Raum	9999.9
2021-03-11 05:48:28.0	Ana9 - 9: T.Zuluft WRG warm	18.8
2021-03-11 05:48:38.0	Ana1 - 1: T.Au?en	2.6
2021-03-11 05:48:38.0	Ana2 - 2: T.Zuluft	13.4
2021-03-11 05:48:38.0	Ana3 - 3: T.Abluft	19.5
2021-03-11 05:48:38.0	Ana4 - 4: T.Fortluft	11.0
2021-03-11 05:48:38.0	Ana5 - 5: T.Raum	9999.9
2021-03-11 05:48:38.0	Ana9 - 9: T.Zuluft WRG warm	18.8
2021-03-11 05:48:48.0	Ana1 - 1: T.Au?en	2.6
2021-03-11 05:48:48.0	Ana2 - 2: T.Zuluft	13.4
2021-03-11 05:48:48.0	Ana3 - 3: T.Abluft	19.5
2021-03-11 05:48:48.0	Ana4 - 4: T.Fortluft	11.0
2021-03-11 05:48:48.0	Ana5 - 5: T.Raum	9999.9
2021-03-11 05:48:48.0	Ana9 - 9: T.Zuluft WRG warm	18.8
2021-03-11 05:48:58.0	Ana1 - 1: T.Au?en	2.6
2021-03-11 05:48:58.0	Ana2 - 2: T.Zuluft	13.4
2021-03-11 05:48:58.0	Ana3 - 3: T.Abluft	19.5
2021-03-11 05:48:58.0	Ana4 - 4: T.Fortluft	11.0
2021-03-11 05:48:58.0	Ana5 - 5: T.Raum	9999.9
2021-03-11 05:48:58.0	Ana9 - 9: T.Zuluft WRG warm	18.8
2021-03-11 05:49:08.0	Ana1 - 1: T.Au?en	2.6
2021-03-11 05:49:08.0	Ana2 - 2: T.Zuluft	13.4
2021-03-11 05:49:08.0	Ana3 - 3: T.Abluft	19.6
2021-03-11 05:49:08.0	Ana4 - 4: T.Fortluft	11.0
2021-03-11 05:49:08.0	Ana5 - 5: T.Raum	9999.9
2021-03-11 05:49:08.0	Ana9 - 9: T.Zuluft WRG warm	18.8
2021-03-11 05:49:18.0	Ana1 - 1: T.Au?en	2.6
2021-03-11 05:49:18.0	Ana2 - 2: T.Zuluft	13.5
2021-03-11 05:49:18.0	Ana3 - 3: T.Abluft	19.5
2021-03-11 05:49:18.0	Ana4 - 4: T.Fortluft	11.0
2021-03-11 05:49:18.0	Ana5 - 5: T.Raum	9999.9
2021-03-11 05:49:18.0	Ana9 - 9: T.Zuluft WRG warm	18.8
2021-03-11 05:49:28.0	Ana1 - 1: T.Au?en	2.6
2021-03-11 05:49:28.0	Ana2 - 2: T.Zuluft	13.5
2021-03-11 05:49:28.0	Ana3 - 3: T.Abluft	19.5
2021-03-11 05:49:28.0	Ana4 - 4: T.Fortluft	11.0
2021-03-11 05:49:28.0	Ana5 - 5: T.Raum	9999.9
2021-03-11 05:49:28.0	Ana9 - 9: T.Zuluft WRG warm	18.8
2021-03-11 05:49:38.0	Ana1 - 1: T.Au?en	2.6
2021-03-11 05:49:38.0	Ana2 - 2: T.Zuluft	13.5
2021-03-11 05:49:38.0	Ana3 - 3: T.Abluft	19.5
2021-03-11 05:49:38.0	Ana4 - 4: T.Fortluft	11.0
2021-03-11 05:49:38.0	Ana5 - 5: T.Raum	9999.9
2021-03-11 05:49:38.0	Ana9 - 9: T.Zuluft WRG warm	18.8
2021-03-11 05:49:48.0	Ana1 - 1: T.Au?en	2.6
2021-03-11 05:49:48.0	Ana2 - 2: T.Zuluft	13.4
2021-03-11 05:49:48.0	Ana3 - 3: T.Abluft	19.5
2021-03-11 05:49:48.0	Ana4 - 4: T.Fortluft	11.0
2021-03-11 05:49:48.0	Ana5 - 5: T.Raum	9999.9
2021-03-11 05:49:48.0	Ana9 - 9: T.Zuluft WRG warm	18.8
2021-03-11 05:49:58.0	Ana1 - 1: T.Au?en	2.6
2021-03-11 05:49:58.0	Ana2 - 2: T.Zuluft	13.5
2021-03-11 05:49:58.0	Ana3 - 3: T.Abluft	19.5
2021-03-11 05:49:58.0	Ana4 - 4: T.Fortluft	11.0
2021-03-11 05:49:58.0	Ana5 - 5: T.Raum	9999.9
2021-03-11 05:49:58.0	Ana9 - 9: T.Zuluft WRG warm	18.8
2021-03-11 05:50:08.0	Ana1 - 1: T.Au?en	2.6
2021-03-11 05:50:08.0	Ana2 - 2: T.Zuluft	13.4
2021-03-11 05:50:08.0	Ana3 - 3: T.Abluft	19.5
2021-03-11 05:50:08.0	Ana4 - 4: T.Fortluft	11.0
2021-03-11 05:50:08.0	Ana5 - 5: T.Raum	9999.9
2021-03-11 05:50:08.0	Ana9 - 9: T.Zuluft WRG warm	18.8
2021-03-11 05:50:18.0	Ana1 - 1: T.Au?en	2.6
2021-03-11 05:50:18.0	Ana2 - 2: T.Zuluft	13.4
2021-03-11 05:50:18.0	Ana3 - 3: T.Abluft	19.5
2021-03-11 05:50:18.0	Ana4 - 4: T.Fortluft	11.0
2021-03-11 05:50:18.0	Ana5 - 5: T.Raum	9999.9
2021-03-11 05:50:18.0	Ana9 - 9: T.Zuluft WRG warm	18.8
2021-03-11 05:50:28.0	Ana1 - 1: T.Au?en	2.6
2021-03-11 05:50:28.0	Ana2 - 2: T.Zuluft	13.4
2021-03-11 05:50:28.0	Ana3 - 3: T.Abluft	19.5
2021-03-11 05:50:28.0	Ana4 - 4: T.Fortluft	11.0
2021-03-11 05:50:28.0	Ana5 - 5: T.Raum	9999.9
2021-03-11 05:50:28.0	Ana9 - 9: T.Zuluft WRG warm	18.8
2021-03-11 05:50:38.0	Ana1 - 1: T.Au?en	2.6
2021-03-11 05:50:38.0	Ana2 - 2: T.Zuluft	13.5
2021-03-11 05:50:38.0	Ana3 - 3: T.Abluft	19.5
2021-03-11 05:50:38.0	Ana4 - 4: T.Fortluft	11.0
2021-03-11 05:50:38.0	Ana5 - 5: T.Raum	9999.9
2021-03-11 05:50:38.0	Ana9 - 9: T.Zuluft WRG warm	18.8
2021-03-11 05:50:48.0	Ana1 - 1: T.Au?en	2.6
2021-03-11 05:50:48.0	Ana2 - 2: T.Zuluft	13.5
2021-03-11 05:50:48.0	Ana3 - 3: T.Abluft	19.5
2021-03-11 05:50:48.0	Ana4 - 4: T.Fortluft	11.0
2021-03-11 05:50:48.0	Ana5 - 5: T.Raum	9999.9
2021-03-11 05:50:48.0	Ana9 - 9: T.Zuluft WRG warm	18.8
2021-03-11 05:50:58.0	Ana1 - 1: T.Au?en	2.6
2021-03-11 05:50:58.0	Ana2 - 2: T.Zuluft	13.4
2021-03-11 05:50:58.0	Ana3 - 3: T.Abluft	19.5
2021-03-11 05:50:58.0	Ana4 - 4: T.Fortluft	11.0
2021-03-11 05:50:58.0	Ana5 - 5: T.Raum	9999.9
2021-03-11 05:50:58.0	Ana9 - 9: T.Zuluft WRG warm	18.8
2021-03-11 05:51:08.0	Ana1 - 1: T.Au?en	2.6
2021-03-11 05:51:08.0	Ana2 - 2: T.Zuluft	13.4
2021-03-11 05:51:08.0	Ana3 - 3: T.Abluft	19.5
2021-03-11 05:51:08.0	Ana4 - 4: T.Fortluft	11.0
2021-03-11 05:51:08.0	Ana5 - 5: T.Raum	9999.9
2021-03-11 05:51:08.0	Ana9 - 9: T.Zuluft WRG warm	18.8
2021-03-11 05:51:18.0	Ana1 - 1: T.Au?en	2.6
2021-03-11 05:51:18.0	Ana2 - 2: T.Zuluft	13.4
2021-03-11 05:51:18.0	Ana3 - 3: T.Abluft	19.5
2021-03-11 05:51:18.0	Ana4 - 4: T.Fortluft	11.0
2021-03-11 05:51:18.0	Ana5 - 5: T.Raum	9999.9
2021-03-11 05:51:18.0	Ana9 - 9: T.Zuluft WRG warm	18.8
2021-03-11 05:51:28.0	Ana1 - 1: T.Au?en	2.6
2021-03-11 05:51:28.0	Ana2 - 2: T.Zuluft	13.4
2021-03-11 05:51:28.0	Ana3 - 3: T.Abluft	19.5
2021-03-11 05:51:28.0	Ana4 - 4: T.Fortluft	11.0
2021-03-11 05:51:28.0	Ana5 - 5: T.Raum	9999.9
2021-03-11 05:51:28.0	Ana9 - 9: T.Zuluft WRG warm	18.8
2021-03-11 05:51:38.0	Ana1 - 1: T.Au?en	2.7
2021-03-11 05:51:38.0	Ana2 - 2: T.Zuluft	13.5
2021-03-11 05:51:38.0	Ana3 - 3: T.Abluft	19.5
2021-03-11 05:51:38.0	Ana4 - 4: T.Fortluft	11.0
2021-03-11 05:51:38.0	Ana5 - 5: T.Raum	9999.9
2021-03-11 05:51:38.0	Ana9 - 9: T.Zuluft WRG warm	18.8
2021-03-11 05:51:48.0	Ana1 - 1: T.Au?en	2.7
2021-03-11 05:51:48.0	Ana2 - 2: T.Zuluft	13.5
2021-03-11 05:51:48.0	Ana3 - 3: T.Abluft	19.5
2021-03-11 05:51:48.0	Ana4 - 4: T.Fortluft	11.0
2021-03-11 05:51:48.0	Ana5 - 5: T.Raum	9999.9
2021-03-11 05:51:48.0	Ana9 - 9: T.Zuluft WRG warm	18.8
2021-03-11 05:51:58.0	Ana1 - 1: T.Au?en	2.6
2021-03-11 05:51:58.0	Ana2 - 2: T.Zuluft	13.4
2021-03-11 05:51:58.0	Ana3 - 3: T.Abluft	19.5
2021-03-11 05:51:58.0	Ana4 - 4: T.Fortluft	11.0
2021-03-11 05:51:58.0	Ana5 - 5: T.Raum	9999.9
2021-03-11 05:51:58.0	Ana9 - 9: T.Zuluft WRG warm	18.8
2021-03-11 05:52:08.0	Ana1 - 1: T.Au?en	2.6
2021-03-11 05:52:08.0	Ana2 - 2: T.Zuluft	13.4
2021-03-11 05:52:08.0	Ana3 - 3: T.Abluft	19.5
2021-03-11 05:52:08.0	Ana4 - 4: T.Fortluft	11.0
2021-03-11 05:52:08.0	Ana5 - 5: T.Raum	9999.9
2021-03-11 05:52:08.0	Ana9 - 9: T.Zuluft WRG warm	18.8
2021-03-11 05:52:18.0	Ana1 - 1: T.Au?en	2.6
2021-03-11 05:52:18.0	Ana2 - 2: T.Zuluft	13.4
2021-03-11 05:52:18.0	Ana3 - 3: T.Abluft	19.5
2021-03-11 05:52:18.0	Ana4 - 4: T.Fortluft	11.0
2021-03-11 05:52:18.0	Ana5 - 5: T.Raum	9999.9
2021-03-11 05:52:18.0	Ana9 - 9: T.Zuluft WRG warm	18.8
2021-03-11 05:52:28.0	Ana1 - 1: T.Au?en	2.6
2021-03-11 05:52:28.0	Ana2 - 2: T.Zuluft	13.4
2021-03-11 05:52:28.0	Ana3 - 3: T.Abluft	19.5
2021-03-11 05:52:28.0	Ana4 - 4: T.Fortluft	11.0
2021-03-11 05:52:28.0	Ana5 - 5: T.Raum	9999.9
2021-03-11 05:52:28.0	Ana9 - 9: T.Zuluft WRG warm	18.8
2021-03-11 05:52:38.0	Ana1 - 1: T.Au?en	2.6
2021-03-11 05:52:38.0	Ana2 - 2: T.Zuluft	13.4
2021-03-11 05:52:38.0	Ana3 - 3: T.Abluft	19.5
2021-03-11 05:52:38.0	Ana4 - 4: T.Fortluft	11.0
2021-03-11 05:52:38.0	Ana5 - 5: T.Raum	9999.9
2021-03-11 05:52:38.0	Ana9 - 9: T.Zuluft WRG warm	18.8
2021-03-11 05:52:48.0	Ana1 - 1: T.Au?en	2.6
2021-03-11 05:52:48.0	Ana2 - 2: T.Zuluft	13.5
2021-03-11 05:52:48.0	Ana3 - 3: T.Abluft	19.5
2021-03-11 05:52:48.0	Ana4 - 4: T.Fortluft	11.0
2021-03-11 05:52:48.0	Ana5 - 5: T.Raum	9999.9
2021-03-11 05:52:48.0	Ana9 - 9: T.Zuluft WRG warm	18.8
2021-03-11 05:52:58.0	Ana1 - 1: T.Au?en	2.6
2021-03-11 05:52:58.0	Ana2 - 2: T.Zuluft	13.4
2021-03-11 05:52:58.0	Ana3 - 3: T.Abluft	19.5
2021-03-11 05:52:58.0	Ana4 - 4: T.Fortluft	11.0
2021-03-11 05:52:58.0	Ana5 - 5: T.Raum	9999.9
2021-03-11 05:52:58.0	Ana9 - 9: T.Zuluft WRG warm	18.8
2021-03-11 05:53:08.0	Ana1 - 1: T.Au?en	2.5
2021-03-11 05:53:08.0	Ana2 - 2: T.Zuluft	13.5
2021-03-11 05:53:08.0	Ana3 - 3: T.Abluft	19.5
2021-03-11 05:53:08.0	Ana4 - 4: T.Fortluft	11.0
2021-03-11 05:53:08.0	Ana5 - 5: T.Raum	9999.9
2021-03-11 05:53:08.0	Ana9 - 9: T.Zuluft WRG warm	18.8
2021-03-11 05:53:18.0	Ana1 - 1: T.Au?en	2.5
2021-03-11 05:53:18.0	Ana2 - 2: T.Zuluft	13.4
2021-03-11 05:53:18.0	Ana3 - 3: T.Abluft	19.5
2021-03-11 05:53:18.0	Ana4 - 4: T.Fortluft	11.0
2021-03-11 05:53:18.0	Ana5 - 5: T.Raum	9999.9
2021-03-11 05:53:18.0	Ana9 - 9: T.Zuluft WRG warm	18.8
2021-03-11 05:53:28.0	Ana1 - 1: T.Au?en	2.6
2021-03-11 05:53:28.0	Ana2 - 2: T.Zuluft	13.4
2021-03-11 05:53:28.0	Ana3 - 3: T.Abluft	19.5
2021-03-11 05:53:28.0	Ana4 - 4: T.Fortluft	11.0
2021-03-11 05:53:28.0	Ana5 - 5: T.Raum	9999.9
2021-03-11 05:53:28.0	Ana9 - 9: T.Zuluft WRG warm	18.8
2021-03-11 05:53:38.0	Ana1 - 1: T.Au?en	2.6
2021-03-11 05:53:38.0	Ana2 - 2: T.Zuluft	13.4
2021-03-11 05:53:38.0	Ana3 - 3: T.Abluft	19.5
2021-03-11 05:53:38.0	Ana4 - 4: T.Fortluft	11.0
2021-03-11 05:53:38.0	Ana5 - 5: T.Raum	9999.9
2021-03-11 05:53:38.0	Ana9 - 9: T.Zuluft WRG warm	18.8
2021-03-11 05:53:48.0	Ana1 - 1: T.Au?en	2.6
2021-03-11 05:53:48.0	Ana2 - 2: T.Zuluft	13.4
2021-03-11 05:53:48.0	Ana3 - 3: T.Abluft	19.5
2021-03-11 05:53:48.0	Ana4 - 4: T.Fortluft	11.0
2021-03-11 05:53:48.0	Ana5 - 5: T.Raum	9999.9
2021-03-11 05:53:48.0	Ana9 - 9: T.Zuluft WRG warm	18.8
2021-03-11 05:53:58.0	Ana1 - 1: T.Au?en	2.6
2021-03-11 05:53:58.0	Ana2 - 2: T.Zuluft	13.4
2021-03-11 05:53:58.0	Ana3 - 3: T.Abluft	19.5
2021-03-11 05:53:58.0	Ana4 - 4: T.Fortluft	11.0
2021-03-11 05:53:58.0	Ana5 - 5: T.Raum	9999.9
2021-03-11 05:53:58.0	Ana9 - 9: T.Zuluft WRG warm	18.8
2021-03-11 05:54:08.0	Ana1 - 1: T.Au?en	2.6
2021-03-11 05:54:08.0	Ana2 - 2: T.Zuluft	13.4
2021-03-11 05:54:08.0	Ana3 - 3: T.Abluft	19.5
2021-03-11 05:54:08.0	Ana4 - 4: T.Fortluft	11.0
2021-03-11 05:54:08.0	Ana5 - 5: T.Raum	9999.9
2021-03-11 05:54:08.0	Ana9 - 9: T.Zuluft WRG warm	18.8
2021-03-11 05:54:18.0	Ana1 - 1: T.Au?en	2.6
2021-03-11 05:54:18.0	Ana2 - 2: T.Zuluft	13.4
2021-03-11 05:54:18.0	Ana3 - 3: T.Abluft	19.5
2021-03-11 05:54:18.0	Ana4 - 4: T.Fortluft	11.0
2021-03-11 05:54:18.0	Ana5 - 5: T.Raum	9999.9
2021-03-11 05:54:18.0	Ana9 - 9: T.Zuluft WRG warm	18.8
2021-03-11 05:54:28.0	Ana1 - 1: T.Au?en	2.6
2021-03-11 05:54:28.0	Ana2 - 2: T.Zuluft	13.4
2021-03-11 05:54:28.0	Ana3 - 3: T.Abluft	19.5
2021-03-11 05:54:28.0	Ana4 - 4: T.Fortluft	11.0
2021-03-11 05:54:28.0	Ana5 - 5: T.Raum	9999.9
2021-03-11 05:54:28.0	Ana9 - 9: T.Zuluft WRG warm	18.8
2021-03-11 05:54:38.0	Ana1 - 1: T.Au?en	2.6
2021-03-11 05:54:38.0	Ana2 - 2: T.Zuluft	13.4
2021-03-11 05:54:38.0	Ana3 - 3: T.Abluft	19.5
2021-03-11 05:54:38.0	Ana4 - 4: T.Fortluft	11.0
2021-03-11 05:54:38.0	Ana5 - 5: T.Raum	9999.9
2021-03-11 05:54:38.0	Ana9 - 9: T.Zuluft WRG warm	18.8
2021-03-11 05:54:48.0	Ana1 - 1: T.Au?en	2.6
2021-03-11 05:54:48.0	Ana2 - 2: T.Zuluft	13.4
2021-03-11 05:54:48.0	Ana3 - 3: T.Abluft	19.5
2021-03-11 05:54:48.0	Ana4 - 4: T.Fortluft	11.0
2021-03-11 05:54:48.0	Ana5 - 5: T.Raum	9999.9
2021-03-11 05:54:48.0	Ana9 - 9: T.Zuluft WRG warm	18.8
2021-03-11 05:54:58.0	Ana1 - 1: T.Au?en	2.6
2021-03-11 05:54:58.0	Ana2 - 2: T.Zuluft	13.4
2021-03-11 05:54:58.0	Ana3 - 3: T.Abluft	19.5
2021-03-11 05:54:58.0	Ana4 - 4: T.Fortluft	11.0
2021-03-11 05:54:58.0	Ana5 - 5: T.Raum	9999.9
2021-03-11 05:54:58.0	Ana9 - 9: T.Zuluft WRG warm	18.8
2021-03-11 05:55:08.0	Ana1 - 1: T.Au?en	2.6
2021-03-11 05:55:08.0	Ana2 - 2: T.Zuluft	13.4
2021-03-11 05:55:08.0	Ana3 - 3: T.Abluft	19.5
2021-03-11 05:55:08.0	Ana4 - 4: T.Fortluft	11.0
2021-03-11 05:55:08.0	Ana5 - 5: T.Raum	9999.9
2021-03-11 05:55:08.0	Ana9 - 9: T.Zuluft WRG warm	18.8
2021-03-11 05:55:18.0	Ana1 - 1: T.Au?en	2.6
2021-03-11 05:55:18.0	Ana2 - 2: T.Zuluft	13.4
2021-03-11 05:55:18.0	Ana3 - 3: T.Abluft	19.5
2021-03-11 05:55:18.0	Ana4 - 4: T.Fortluft	11.0
2021-03-11 05:55:18.0	Ana5 - 5: T.Raum	9999.9
2021-03-11 05:55:18.0	Ana9 - 9: T.Zuluft WRG warm	18.8
2021-03-11 05:55:28.0	Ana1 - 1: T.Au?en	2.6
2021-03-11 05:55:28.0	Ana2 - 2: T.Zuluft	13.4
2021-03-11 05:55:28.0	Ana3 - 3: T.Abluft	19.5
2021-03-11 05:55:28.0	Ana4 - 4: T.Fortluft	11.0
2021-03-11 05:55:28.0	Ana5 - 5: T.Raum	9999.9
2021-03-11 05:55:28.0	Ana9 - 9: T.Zuluft WRG warm	18.8
2021-03-11 05:55:38.0	Ana1 - 1: T.Au?en	2.6
2021-03-11 05:55:38.0	Ana2 - 2: T.Zuluft	13.4
2021-03-11 05:55:38.0	Ana3 - 3: T.Abluft	19.5
2021-03-11 05:55:38.0	Ana4 - 4: T.Fortluft	11.0
2021-03-11 05:55:38.0	Ana5 - 5: T.Raum	9999.9
2021-03-11 05:55:38.0	Ana9 - 9: T.Zuluft WRG warm	18.8
2021-03-11 05:55:48.0	Ana1 - 1: T.Au?en	2.6
2021-03-11 05:55:48.0	Ana2 - 2: T.Zuluft	13.4
2021-03-11 05:55:48.0	Ana3 - 3: T.Abluft	19.5
2021-03-11 05:55:48.0	Ana4 - 4: T.Fortluft	11.1
2021-03-11 05:55:48.0	Ana5 - 5: T.Raum	9999.9
2021-03-11 05:55:48.0	Ana9 - 9: T.Zuluft WRG warm	18.8
2021-03-11 05:55:58.0	Ana1 - 1: T.Au?en	2.6
2021-03-11 05:55:58.0	Ana2 - 2: T.Zuluft	13.4
2021-03-11 05:55:58.0	Ana3 - 3: T.Abluft	19.5
2021-03-11 05:55:58.0	Ana4 - 4: T.Fortluft	11.1
2021-03-11 05:55:58.0	Ana5 - 5: T.Raum	9999.9
2021-03-11 05:55:58.0	Ana9 - 9: T.Zuluft WRG warm	18.8
2021-03-11 05:56:08.0	Ana1 - 1: T.Au?en	2.6
2021-03-11 05:56:08.0	Ana2 - 2: T.Zuluft	13.4
2021-03-11 05:56:08.0	Ana3 - 3: T.Abluft	19.5
2021-03-11 05:56:08.0	Ana4 - 4: T.Fortluft	11.1
2021-03-11 05:56:08.0	Ana5 - 5: T.Raum	9999.9
2021-03-11 05:56:08.0	Ana9 - 9: T.Zuluft WRG warm	18.8
2021-03-11 05:56:18.0	Ana1 - 1: T.Au?en	2.6
2021-03-11 05:56:18.0	Ana2 - 2: T.Zuluft	13.4
2021-03-11 05:56:18.0	Ana3 - 3: T.Abluft	19.5
2021-03-11 05:56:18.0	Ana4 - 4: T.Fortluft	11.1
2021-03-11 05:56:18.0	Ana5 - 5: T.Raum	9999.9
2021-03-11 05:56:18.0	Ana9 - 9: T.Zuluft WRG warm	18.8
2021-03-11 05:56:28.0	Ana1 - 1: T.Au?en	2.6
2021-03-11 05:56:28.0	Ana2 - 2: T.Zuluft	13.4
2021-03-11 05:56:28.0	Ana3 - 3: T.Abluft	19.5
2021-03-11 05:56:28.0	Ana4 - 4: T.Fortluft	11.0
2021-03-11 05:56:28.0	Ana5 - 5: T.Raum	9999.9
2021-03-11 05:56:28.0	Ana9 - 9: T.Zuluft WRG warm	18.8
2021-03-11 05:56:38.0	Ana1 - 1: T.Au?en	2.6
2021-03-11 05:56:38.0	Ana2 - 2: T.Zuluft	13.4
2021-03-11 05:56:38.0	Ana3 - 3: T.Abluft	19.5
2021-03-11 05:56:38.0	Ana4 - 4: T.Fortluft	11.0
2021-03-11 05:56:38.0	Ana5 - 5: T.Raum	9999.9
2021-03-11 05:56:38.0	Ana9 - 9: T.Zuluft WRG warm	18.8
2021-03-11 05:56:48.0	Ana1 - 1: T.Au?en	2.6
2021-03-11 05:56:48.0	Ana2 - 2: T.Zuluft	13.4
2021-03-11 05:56:48.0	Ana3 - 3: T.Abluft	19.5
2021-03-11 05:56:48.0	Ana4 - 4: T.Fortluft	11.0
2021-03-11 05:56:48.0	Ana5 - 5: T.Raum	9999.9
2021-03-11 05:56:48.0	Ana9 - 9: T.Zuluft WRG warm	18.8
2021-03-11 05:56:58.0	Ana1 - 1: T.Au?en	2.6
2021-03-11 05:56:58.0	Ana2 - 2: T.Zuluft	13.4
2021-03-11 05:56:58.0	Ana3 - 3: T.Abluft	19.5
2021-03-11 05:56:58.0	Ana4 - 4: T.Fortluft	11.0
2021-03-11 05:56:58.0	Ana5 - 5: T.Raum	9999.9
2021-03-11 05:56:58.0	Ana9 - 9: T.Zuluft WRG warm	18.8
2021-03-11 05:57:08.0	Ana1 - 1: T.Au?en	2.6
2021-03-11 05:57:08.0	Ana2 - 2: T.Zuluft	13.4
2021-03-11 05:57:08.0	Ana3 - 3: T.Abluft	19.5
2021-03-11 05:57:08.0	Ana4 - 4: T.Fortluft	11.0
2021-03-11 05:57:08.0	Ana5 - 5: T.Raum	9999.9
2021-03-11 05:57:08.0	Ana9 - 9: T.Zuluft WRG warm	18.8
2021-03-11 05:57:18.0	Ana1 - 1: T.Au?en	2.6
2021-03-11 05:57:18.0	Ana2 - 2: T.Zuluft	13.4
2021-03-11 05:57:18.0	Ana3 - 3: T.Abluft	19.5
2021-03-11 05:57:18.0	Ana4 - 4: T.Fortluft	11.0
2021-03-11 05:57:18.0	Ana5 - 5: T.Raum	9999.9
2021-03-11 05:57:18.0	Ana9 - 9: T.Zuluft WRG warm	18.8
2021-03-11 05:57:28.0	Ana1 - 1: T.Au?en	2.6
2021-03-11 05:57:28.0	Ana2 - 2: T.Zuluft	13.4
2021-03-11 05:57:28.0	Ana3 - 3: T.Abluft	19.5
2021-03-11 05:57:28.0	Ana4 - 4: T.Fortluft	11.0
2021-03-11 05:57:28.0	Ana5 - 5: T.Raum	9999.9
2021-03-11 05:57:28.0	Ana9 - 9: T.Zuluft WRG warm	18.8
2021-03-11 05:57:38.0	Ana1 - 1: T.Au?en	2.6
2021-03-11 05:57:38.0	Ana2 - 2: T.Zuluft	13.4
2021-03-11 05:57:38.0	Ana3 - 3: T.Abluft	19.5
2021-03-11 05:57:38.0	Ana4 - 4: T.Fortluft	11.0
2021-03-11 05:57:38.0	Ana5 - 5: T.Raum	9999.9
2021-03-11 05:57:38.0	Ana9 - 9: T.Zuluft WRG warm	18.8
2021-03-11 05:57:48.0	Ana1 - 1: T.Au?en	2.6
2021-03-11 05:57:48.0	Ana2 - 2: T.Zuluft	13.4
2021-03-11 05:57:48.0	Ana3 - 3: T.Abluft	19.5
2021-03-11 05:57:48.0	Ana4 - 4: T.Fortluft	11.0
2021-03-11 05:57:48.0	Ana5 - 5: T.Raum	9999.9
2021-03-11 05:57:48.0	Ana9 - 9: T.Zuluft WRG warm	18.8
2021-03-11 05:57:58.0	Ana1 - 1: T.Au?en	2.6
2021-03-11 05:57:58.0	Ana2 - 2: T.Zuluft	13.4
2021-03-11 05:57:58.0	Ana3 - 3: T.Abluft	19.5
2021-03-11 05:57:58.0	Ana4 - 4: T.Fortluft	11.0
2021-03-11 05:57:58.0	Ana5 - 5: T.Raum	9999.9
2021-03-11 05:57:58.0	Ana9 - 9: T.Zuluft WRG warm	18.8
2021-03-11 05:58:08.0	Ana1 - 1: T.Au?en	2.5
2021-03-11 05:58:08.0	Ana2 - 2: T.Zuluft	13.4
2021-03-11 05:58:08.0	Ana3 - 3: T.Abluft	19.5
2021-03-11 05:58:08.0	Ana4 - 4: T.Fortluft	11.1
2021-03-11 05:58:08.0	Ana5 - 5: T.Raum	9999.9
2021-03-11 05:58:08.0	Ana9 - 9: T.Zuluft WRG warm	18.8
2021-03-11 05:58:18.0	Ana1 - 1: T.Au?en	2.6
2021-03-11 05:58:18.0	Ana2 - 2: T.Zuluft	13.4
2021-03-11 05:58:18.0	Ana3 - 3: T.Abluft	19.5
2021-03-11 05:58:18.0	Ana4 - 4: T.Fortluft	11.1
2021-03-11 05:58:18.0	Ana5 - 5: T.Raum	9999.9
2021-03-11 05:58:18.0	Ana9 - 9: T.Zuluft WRG warm	18.8
2021-03-11 05:58:28.0	Ana1 - 1: T.Au?en	2.6
2021-03-11 05:58:28.0	Ana2 - 2: T.Zuluft	13.5
2021-03-11 05:58:28.0	Ana3 - 3: T.Abluft	19.5
2021-03-11 05:58:28.0	Ana4 - 4: T.Fortluft	11.0
2021-03-11 05:58:28.0	Ana5 - 5: T.Raum	9999.9
2021-03-11 05:58:28.0	Ana9 - 9: T.Zuluft WRG warm	18.8
2021-03-11 05:58:38.0	Ana1 - 1: T.Au?en	2.6
2021-03-11 05:58:38.0	Ana2 - 2: T.Zuluft	13.4
2021-03-11 05:58:38.0	Ana3 - 3: T.Abluft	19.5
2021-03-11 05:58:38.0	Ana4 - 4: T.Fortluft	11.0
2021-03-11 05:58:38.0	Ana5 - 5: T.Raum	9999.9
2021-03-11 05:58:38.0	Ana9 - 9: T.Zuluft WRG warm	18.8
2021-03-11 05:58:48.0	Ana1 - 1: T.Au?en	2.6
2021-03-11 05:58:48.0	Ana2 - 2: T.Zuluft	13.4
2021-03-11 05:58:48.0	Ana3 - 3: T.Abluft	19.5
2021-03-11 05:58:48.0	Ana4 - 4: T.Fortluft	11.0
2021-03-11 05:58:48.0	Ana5 - 5: T.Raum	9999.9
2021-03-11 05:58:48.0	Ana9 - 9: T.Zuluft WRG warm	18.8
2021-03-11 05:58:58.0	Ana1 - 1: T.Au?en	2.6
2021-03-11 05:58:58.0	Ana2 - 2: T.Zuluft	13.4
2021-03-11 05:58:58.0	Ana3 - 3: T.Abluft	19.5
2021-03-11 05:58:58.0	Ana4 - 4: T.Fortluft	11.0
2021-03-11 05:58:58.0	Ana5 - 5: T.Raum	9999.9
2021-03-11 05:58:58.0	Ana9 - 9: T.Zuluft WRG warm	18.8
2021-03-11 05:59:08.0	Ana1 - 1: T.Au?en	2.6
2021-03-11 05:59:08.0	Ana2 - 2: T.Zuluft	13.4
2021-03-11 05:59:08.0	Ana3 - 3: T.Abluft	19.5
2021-03-11 05:59:08.0	Ana4 - 4: T.Fortluft	11.0
2021-03-11 05:59:08.0	Ana5 - 5: T.Raum	9999.9
2021-03-11 05:59:08.0	Ana9 - 9: T.Zuluft WRG warm	18.8
2021-03-11 05:59:18.0	Ana1 - 1: T.Au?en	2.6
2021-03-11 05:59:18.0	Ana2 - 2: T.Zuluft	13.4
2021-03-11 05:59:18.0	Ana3 - 3: T.Abluft	19.5
2021-03-11 05:59:18.0	Ana4 - 4: T.Fortluft	11.0
2021-03-11 05:59:18.0	Ana5 - 5: T.Raum	9999.9
2021-03-11 05:59:18.0	Ana9 - 9: T.Zuluft WRG warm	18.8
2021-03-11 05:59:28.0	Ana1 - 1: T.Au?en	2.6
2021-03-11 05:59:28.0	Ana2 - 2: T.Zuluft	13.4
2021-03-11 05:59:28.0	Ana3 - 3: T.Abluft	19.5
2021-03-11 05:59:28.0	Ana4 - 4: T.Fortluft	11.0
2021-03-11 05:59:28.0	Ana5 - 5: T.Raum	9999.9
2021-03-11 05:59:28.0	Ana9 - 9: T.Zuluft WRG warm	18.8
2021-03-11 05:59:38.0	Ana1 - 1: T.Au?en	2.6
2021-03-11 05:59:38.0	Ana2 - 2: T.Zuluft	13.4
2021-03-11 05:59:38.0	Ana3 - 3: T.Abluft	19.5
2021-03-11 05:59:38.0	Ana4 - 4: T.Fortluft	11.0
2021-03-11 05:59:38.0	Ana5 - 5: T.Raum	9999.9
2021-03-11 05:59:38.0	Ana9 - 9: T.Zuluft WRG warm	18.8
2021-03-11 05:59:48.0	Ana1 - 1: T.Au?en	2.6
2021-03-11 05:59:48.0	Ana2 - 2: T.Zuluft	13.4
2021-03-11 05:59:48.0	Ana3 - 3: T.Abluft	19.5
2021-03-11 05:59:48.0	Ana4 - 4: T.Fortluft	11.0
2021-03-11 05:59:48.0	Ana5 - 5: T.Raum	9999.9
2021-03-11 05:59:48.0	Ana9 - 9: T.Zuluft WRG warm	18.8
2021-03-11 05:59:58.0	Ana1 - 1: T.Au?en	2.6
2021-03-11 05:59:58.0	Ana2 - 2: T.Zuluft	13.4
2021-03-11 05:59:58.0	Ana3 - 3: T.Abluft	19.5
2021-03-11 05:59:58.0	Ana4 - 4: T.Fortluft	11.0
2021-03-11 05:59:58.0	Ana5 - 5: T.Raum	9999.9
2021-03-11 05:59:58.0	Ana9 - 9: T.Zuluft WRG warm	18.8
2021-03-11 06:00:08.0	Ana1 - 1: T.Au?en	2.6
2021-03-11 06:00:08.0	Ana2 - 2: T.Zuluft	13.4
2021-03-11 06:00:08.0	Ana3 - 3: T.Abluft	19.5
2021-03-11 06:00:08.0	Ana4 - 4: T.Fortluft	11.0
2021-03-11 06:00:08.0	Ana5 - 5: T.Raum	9999.9
2021-03-11 06:00:08.0	Ana9 - 9: T.Zuluft WRG warm	18.8
2021-03-11 06:00:18.0	Ana1 - 1: T.Au?en	2.5
2021-03-11 06:00:18.0	Ana2 - 2: T.Zuluft	13.4
2021-03-11 06:00:18.0	Ana3 - 3: T.Abluft	19.5
2021-03-11 06:00:18.0	Ana4 - 4: T.Fortluft	11.0
2021-03-11 06:00:18.0	Ana5 - 5: T.Raum	9999.9
2021-03-11 06:00:18.0	Ana9 - 9: T.Zuluft WRG warm	18.8
2021-03-11 06:00:28.0	Ana1 - 1: T.Au?en	2.5
2021-03-11 06:00:28.0	Ana2 - 2: T.Zuluft	13.4
2021-03-11 06:00:28.0	Ana3 - 3: T.Abluft	19.5
2021-03-11 06:00:28.0	Ana4 - 4: T.Fortluft	11.0
2021-03-11 06:00:28.0	Ana5 - 5: T.Raum	9999.9
2021-03-11 06:00:28.0	Ana9 - 9: T.Zuluft WRG warm	18.8
2021-03-11 06:00:38.0	Ana1 - 1: T.Au?en	2.5
2021-03-11 06:00:38.0	Ana2 - 2: T.Zuluft	13.4
2021-03-11 06:00:38.0	Ana3 - 3: T.Abluft	19.5
2021-03-11 06:00:38.0	Ana4 - 4: T.Fortluft	11.0
2021-03-11 06:00:38.0	Ana5 - 5: T.Raum	9999.9
2021-03-11 06:00:38.0	Ana9 - 9: T.Zuluft WRG warm	18.8
2021-03-11 06:00:48.0	Ana1 - 1: T.Au?en	2.5
2021-03-11 06:00:48.0	Ana2 - 2: T.Zuluft	13.4
2021-03-11 06:00:48.0	Ana3 - 3: T.Abluft	19.5
2021-03-11 06:00:48.0	Ana4 - 4: T.Fortluft	11.0
2021-03-11 06:00:48.0	Ana5 - 5: T.Raum	9999.9
2021-03-11 06:00:48.0	Ana9 - 9: T.Zuluft WRG warm	18.8
2021-03-11 06:00:58.0	Ana1 - 1: T.Au?en	2.5
2021-03-11 06:00:58.0	Ana2 - 2: T.Zuluft	13.4
2021-03-11 06:00:58.0	Ana3 - 3: T.Abluft	19.5
2021-03-11 06:00:58.0	Ana4 - 4: T.Fortluft	11.0
2021-03-11 06:00:58.0	Ana5 - 5: T.Raum	9999.9
2021-03-11 06:00:58.0	Ana9 - 9: T.Zuluft WRG warm	18.8
2021-03-11 06:01:08.0	Ana1 - 1: T.Au?en	2.5
2021-03-11 06:01:08.0	Ana2 - 2: T.Zuluft	13.4
2021-03-11 06:01:08.0	Ana3 - 3: T.Abluft	19.5
2021-03-11 06:01:08.0	Ana4 - 4: T.Fortluft	11.0
2021-03-11 06:01:08.0	Ana5 - 5: T.Raum	9999.9
2021-03-11 06:01:08.0	Ana9 - 9: T.Zuluft WRG warm	18.8
2021-03-11 06:01:18.0	Ana1 - 1: T.Au?en	2.5
2021-03-11 06:01:18.0	Ana2 - 2: T.Zuluft	13.4
2021-03-11 06:01:18.0	Ana3 - 3: T.Abluft	19.5
2021-03-11 06:01:18.0	Ana4 - 4: T.Fortluft	11.0
2021-03-11 06:01:18.0	Ana5 - 5: T.Raum	9999.9
2021-03-11 06:01:18.0	Ana9 - 9: T.Zuluft WRG warm	18.8
2021-03-11 06:01:28.0	Ana1 - 1: T.Au?en	2.5
2021-03-11 06:01:28.0	Ana2 - 2: T.Zuluft	13.4
2021-03-11 06:01:28.0	Ana3 - 3: T.Abluft	19.5
2021-03-11 06:01:28.0	Ana4 - 4: T.Fortluft	11.0
2021-03-11 06:01:28.0	Ana5 - 5: T.Raum	9999.9
2021-03-11 06:01:28.0	Ana9 - 9: T.Zuluft WRG warm	18.8
2021-03-11 06:01:38.0	Ana1 - 1: T.Au?en	2.5
2021-03-11 06:01:38.0	Ana2 - 2: T.Zuluft	13.4
2021-03-11 06:01:38.0	Ana3 - 3: T.Abluft	19.5
2021-03-11 06:01:38.0	Ana4 - 4: T.Fortluft	11.0
2021-03-11 06:01:38.0	Ana5 - 5: T.Raum	9999.9
2021-03-11 06:01:38.0	Ana9 - 9: T.Zuluft WRG warm	18.8
2021-03-11 06:01:48.0	Ana1 - 1: T.Au?en	2.5
2021-03-11 06:01:48.0	Ana2 - 2: T.Zuluft	13.4
2021-03-11 06:01:48.0	Ana3 - 3: T.Abluft	19.5
2021-03-11 06:01:48.0	Ana4 - 4: T.Fortluft	11.0
2021-03-11 06:01:48.0	Ana5 - 5: T.Raum	9999.9
2021-03-11 06:01:48.0	Ana9 - 9: T.Zuluft WRG warm	18.8
2021-03-11 06:01:58.0	Ana1 - 1: T.Au?en	2.5
2021-03-11 06:01:58.0	Ana2 - 2: T.Zuluft	13.4
2021-03-11 06:01:58.0	Ana3 - 3: T.Abluft	19.5
2021-03-11 06:01:58.0	Ana4 - 4: T.Fortluft	11.1
2021-03-11 06:01:58.0	Ana5 - 5: T.Raum	9999.9
2021-03-11 06:01:58.0	Ana9 - 9: T.Zuluft WRG warm	18.8
2021-03-11 06:02:08.0	Ana1 - 1: T.Au?en	2.5
2021-03-11 06:02:08.0	Ana2 - 2: T.Zuluft	13.4
2021-03-11 06:02:08.0	Ana3 - 3: T.Abluft	19.5
2021-03-11 06:02:08.0	Ana4 - 4: T.Fortluft	11.0
2021-03-11 06:02:08.0	Ana5 - 5: T.Raum	9999.9
2021-03-11 06:02:08.0	Ana9 - 9: T.Zuluft WRG warm	18.8
2021-03-11 06:02:18.0	Ana1 - 1: T.Au?en	2.5
2021-03-11 06:02:18.0	Ana2 - 2: T.Zuluft	13.4
2021-03-11 06:02:18.0	Ana3 - 3: T.Abluft	19.5
2021-03-11 06:02:18.0	Ana4 - 4: T.Fortluft	11.0
2021-03-11 06:02:18.0	Ana5 - 5: T.Raum	9999.9
2021-03-11 06:02:18.0	Ana9 - 9: T.Zuluft WRG warm	18.8
2021-03-11 06:02:28.0	Ana1 - 1: T.Au?en	2.5
2021-03-11 06:02:28.0	Ana2 - 2: T.Zuluft	13.4
2021-03-11 06:02:28.0	Ana3 - 3: T.Abluft	19.5
2021-03-11 06:02:28.0	Ana4 - 4: T.Fortluft	11.0
2021-03-11 06:02:28.0	Ana5 - 5: T.Raum	9999.9
2021-03-11 06:02:28.0	Ana9 - 9: T.Zuluft WRG warm	18.8
2021-03-11 06:02:38.0	Ana1 - 1: T.Au?en	2.5
2021-03-11 06:02:38.0	Ana2 - 2: T.Zuluft	13.4
2021-03-11 06:02:38.0	Ana3 - 3: T.Abluft	19.5
2021-03-11 06:02:38.0	Ana4 - 4: T.Fortluft	11.0
2021-03-11 06:02:38.0	Ana5 - 5: T.Raum	9999.9
2021-03-11 06:02:38.0	Ana9 - 9: T.Zuluft WRG warm	18.8
2021-03-11 06:02:48.0	Ana1 - 1: T.Au?en	2.5
2021-03-11 06:02:48.0	Ana2 - 2: T.Zuluft	13.4
2021-03-11 06:02:48.0	Ana3 - 3: T.Abluft	19.5
2021-03-11 06:02:48.0	Ana4 - 4: T.Fortluft	11.0
2021-03-11 06:02:48.0	Ana5 - 5: T.Raum	9999.9
2021-03-11 06:02:48.0	Ana9 - 9: T.Zuluft WRG warm	18.8
2021-03-11 06:02:58.0	Ana1 - 1: T.Au?en	2.5
2021-03-11 06:02:58.0	Ana2 - 2: T.Zuluft	13.4
2021-03-11 06:02:58.0	Ana3 - 3: T.Abluft	19.5
2021-03-11 06:02:58.0	Ana4 - 4: T.Fortluft	11.0
2021-03-11 06:02:58.0	Ana5 - 5: T.Raum	9999.9
2021-03-11 06:02:58.0	Ana9 - 9: T.Zuluft WRG warm	18.8
2021-03-11 06:03:08.0	Ana1 - 1: T.Au?en	2.5
2021-03-11 06:03:08.0	Ana2 - 2: T.Zuluft	13.4
2021-03-11 06:03:08.0	Ana3 - 3: T.Abluft	19.5
2021-03-11 06:03:08.0	Ana4 - 4: T.Fortluft	11.0
2021-03-11 06:03:08.0	Ana5 - 5: T.Raum	9999.9
2021-03-11 06:03:08.0	Ana9 - 9: T.Zuluft WRG warm	18.8
2021-03-11 06:03:18.0	Ana1 - 1: T.Au?en	2.5
2021-03-11 06:03:18.0	Ana2 - 2: T.Zuluft	13.4
2021-03-11 06:03:18.0	Ana3 - 3: T.Abluft	19.5
2021-03-11 06:03:18.0	Ana4 - 4: T.Fortluft	11.1
2021-03-11 06:03:18.0	Ana5 - 5: T.Raum	9999.9
2021-03-11 06:03:18.0	Ana9 - 9: T.Zuluft WRG warm	18.8
2021-03-11 06:03:28.0	Ana1 - 1: T.Au?en	2.5
2021-03-11 06:03:28.0	Ana2 - 2: T.Zuluft	13.4
2021-03-11 06:03:28.0	Ana3 - 3: T.Abluft	19.5
2021-03-11 06:03:28.0	Ana4 - 4: T.Fortluft	11.0
2021-03-11 06:03:28.0	Ana5 - 5: T.Raum	9999.9
2021-03-11 06:03:28.0	Ana9 - 9: T.Zuluft WRG warm	18.8
2021-03-11 06:03:38.0	Ana1 - 1: T.Au?en	2.5
2021-03-11 06:03:38.0	Ana2 - 2: T.Zuluft	13.4
2021-03-11 06:03:38.0	Ana3 - 3: T.Abluft	19.5
2021-03-11 06:03:38.0	Ana4 - 4: T.Fortluft	11.0
2021-03-11 06:03:38.0	Ana5 - 5: T.Raum	9999.9
2021-03-11 06:03:38.0	Ana9 - 9: T.Zuluft WRG warm	18.8
2021-03-11 06:03:48.0	Ana1 - 1: T.Au?en	2.5
2021-03-11 06:03:48.0	Ana2 - 2: T.Zuluft	13.4
2021-03-11 06:03:48.0	Ana3 - 3: T.Abluft	19.5
2021-03-11 06:03:48.0	Ana4 - 4: T.Fortluft	11.0
2021-03-11 06:03:48.0	Ana5 - 5: T.Raum	9999.9
2021-03-11 06:03:48.0	Ana9 - 9: T.Zuluft WRG warm	18.8
2021-03-11 06:03:58.0	Ana1 - 1: T.Au?en	2.5
2021-03-11 06:03:58.0	Ana2 - 2: T.Zuluft	13.4
2021-03-11 06:03:58.0	Ana3 - 3: T.Abluft	19.5
2021-03-11 06:03:58.0	Ana4 - 4: T.Fortluft	11.0
2021-03-11 06:03:58.0	Ana5 - 5: T.Raum	9999.9
2021-03-11 06:03:58.0	Ana9 - 9: T.Zuluft WRG warm	18.8
2021-03-11 06:04:08.0	Ana1 - 1: T.Au?en	2.5
2021-03-11 06:04:08.0	Ana2 - 2: T.Zuluft	13.4
2021-03-11 06:04:08.0	Ana3 - 3: T.Abluft	19.5
2021-03-11 06:04:08.0	Ana4 - 4: T.Fortluft	11.0
2021-03-11 06:04:08.0	Ana5 - 5: T.Raum	9999.9
2021-03-11 06:04:08.0	Ana9 - 9: T.Zuluft WRG warm	18.8
2021-03-11 06:04:18.0	Ana1 - 1: T.Au?en	2.5
2021-03-11 06:04:18.0	Ana2 - 2: T.Zuluft	13.4
2021-03-11 06:04:18.0	Ana3 - 3: T.Abluft	19.5
2021-03-11 06:04:18.0	Ana4 - 4: T.Fortluft	11.0
2021-03-11 06:04:18.0	Ana5 - 5: T.Raum	9999.9
2021-03-11 06:04:18.0	Ana9 - 9: T.Zuluft WRG warm	18.8
2021-03-11 06:04:28.0	Ana1 - 1: T.Au?en	2.5
2021-03-11 06:04:28.0	Ana2 - 2: T.Zuluft	13.4
2021-03-11 06:04:28.0	Ana3 - 3: T.Abluft	19.5
2021-03-11 06:04:28.0	Ana4 - 4: T.Fortluft	11.0
2021-03-11 06:04:28.0	Ana5 - 5: T.Raum	9999.9
2021-03-11 06:04:28.0	Ana9 - 9: T.Zuluft WRG warm	18.8
2021-03-11 06:04:38.0	Ana1 - 1: T.Au?en	2.5
2021-03-11 06:04:38.0	Ana2 - 2: T.Zuluft	13.4
2021-03-11 06:04:38.0	Ana3 - 3: T.Abluft	19.5
2021-03-11 06:04:38.0	Ana4 - 4: T.Fortluft	11.0
2021-03-11 06:04:38.0	Ana5 - 5: T.Raum	9999.9
2021-03-11 06:04:38.0	Ana9 - 9: T.Zuluft WRG warm	18.8
2021-03-11 06:04:48.0	Ana1 - 1: T.Au?en	2.5
2021-03-11 06:04:48.0	Ana2 - 2: T.Zuluft	13.4
2021-03-11 06:04:48.0	Ana3 - 3: T.Abluft	19.5
2021-03-11 06:04:48.0	Ana4 - 4: T.Fortluft	11.0
2021-03-11 06:04:48.0	Ana5 - 5: T.Raum	9999.9
2021-03-11 06:04:48.0	Ana9 - 9: T.Zuluft WRG warm	18.8
2021-03-11 06:04:58.0	Ana1 - 1: T.Au?en	2.5
2021-03-11 06:04:58.0	Ana2 - 2: T.Zuluft	13.4
2021-03-11 06:04:58.0	Ana3 - 3: T.Abluft	19.5
2021-03-11 06:04:58.0	Ana4 - 4: T.Fortluft	11.0
2021-03-11 06:04:58.0	Ana5 - 5: T.Raum	9999.9
2021-03-11 06:04:58.0	Ana9 - 9: T.Zuluft WRG warm	18.8
2021-03-11 06:05:08.0	Ana1 - 1: T.Au?en	2.5
2021-03-11 06:05:08.0	Ana2 - 2: T.Zuluft	13.4
2021-03-11 06:05:08.0	Ana3 - 3: T.Abluft	19.5
2021-03-11 06:05:08.0	Ana4 - 4: T.Fortluft	11.0
2021-03-11 06:05:08.0	Ana5 - 5: T.Raum	9999.9
2021-03-11 06:05:08.0	Ana9 - 9: T.Zuluft WRG warm	18.8
2021-03-11 06:05:18.0	Ana1 - 1: T.Au?en	2.5
2021-03-11 06:05:18.0	Ana2 - 2: T.Zuluft	13.4
2021-03-11 06:05:18.0	Ana3 - 3: T.Abluft	19.5
2021-03-11 06:05:18.0	Ana4 - 4: T.Fortluft	11.0
2021-03-11 06:05:18.0	Ana5 - 5: T.Raum	9999.9
2021-03-11 06:05:18.0	Ana9 - 9: T.Zuluft WRG warm	18.8
2021-03-11 06:05:28.0	Ana1 - 1: T.Au?en	2.5
2021-03-11 06:05:28.0	Ana2 - 2: T.Zuluft	13.4
2021-03-11 06:05:28.0	Ana3 - 3: T.Abluft	19.5
2021-03-11 06:05:28.0	Ana4 - 4: T.Fortluft	11.0
2021-03-11 06:05:28.0	Ana5 - 5: T.Raum	9999.9
2021-03-11 06:05:28.0	Ana9 - 9: T.Zuluft WRG warm	18.8
2021-03-11 06:05:38.0	Ana1 - 1: T.Au?en	2.5
2021-03-11 06:05:38.0	Ana2 - 2: T.Zuluft	13.4
2021-03-11 06:05:38.0	Ana3 - 3: T.Abluft	19.5
2021-03-11 06:05:38.0	Ana4 - 4: T.Fortluft	11.0
2021-03-11 06:05:38.0	Ana5 - 5: T.Raum	9999.9
2021-03-11 06:05:38.0	Ana9 - 9: T.Zuluft WRG warm	18.8
2021-03-11 06:05:48.0	Ana1 - 1: T.Au?en	2.5
2021-03-11 06:05:48.0	Ana2 - 2: T.Zuluft	13.4
2021-03-11 06:05:48.0	Ana3 - 3: T.Abluft	19.5
2021-03-11 06:05:48.0	Ana4 - 4: T.Fortluft	11.0
2021-03-11 06:05:48.0	Ana5 - 5: T.Raum	9999.9
2021-03-11 06:05:48.0	Ana9 - 9: T.Zuluft WRG warm	18.8
2021-03-11 06:05:58.0	Ana1 - 1: T.Au?en	2.5
2021-03-11 06:05:58.0	Ana2 - 2: T.Zuluft	13.4
2021-03-11 06:05:58.0	Ana3 - 3: T.Abluft	19.5
2021-03-11 06:05:58.0	Ana4 - 4: T.Fortluft	11.0
2021-03-11 06:05:58.0	Ana5 - 5: T.Raum	9999.9
2021-03-11 06:05:58.0	Ana9 - 9: T.Zuluft WRG warm	18.8
2021-03-11 06:06:08.0	Ana1 - 1: T.Au?en	2.5
2021-03-11 06:06:08.0	Ana2 - 2: T.Zuluft	13.4
2021-03-11 06:06:08.0	Ana3 - 3: T.Abluft	19.5
2021-03-11 06:06:08.0	Ana4 - 4: T.Fortluft	11.0
2021-03-11 06:06:08.0	Ana5 - 5: T.Raum	9999.9
2021-03-11 06:06:08.0	Ana9 - 9: T.Zuluft WRG warm	18.8
2021-03-11 06:06:18.0	Ana1 - 1: T.Au?en	2.5
2021-03-11 06:06:18.0	Ana2 - 2: T.Zuluft	13.4
2021-03-11 06:06:18.0	Ana3 - 3: T.Abluft	19.5
2021-03-11 06:06:18.0	Ana4 - 4: T.Fortluft	11.0
2021-03-11 06:06:18.0	Ana5 - 5: T.Raum	9999.9
2021-03-11 06:06:18.0	Ana9 - 9: T.Zuluft WRG warm	18.8
2021-03-11 06:06:28.0	Ana1 - 1: T.Au?en	2.5
2021-03-11 06:06:28.0	Ana2 - 2: T.Zuluft	13.4
2021-03-11 06:06:28.0	Ana3 - 3: T.Abluft	19.5
2021-03-11 06:06:28.0	Ana4 - 4: T.Fortluft	11.0
2021-03-11 06:06:28.0	Ana5 - 5: T.Raum	9999.9
2021-03-11 06:06:28.0	Ana9 - 9: T.Zuluft WRG warm	18.8
2021-03-11 06:06:38.0	Ana1 - 1: T.Au?en	2.5
2021-03-11 06:06:38.0	Ana2 - 2: T.Zuluft	13.4
2021-03-11 06:06:38.0	Ana3 - 3: T.Abluft	19.5
2021-03-11 06:06:38.0	Ana4 - 4: T.Fortluft	11.0
2021-03-11 06:06:38.0	Ana5 - 5: T.Raum	9999.9
2021-03-11 06:06:38.0	Ana9 - 9: T.Zuluft WRG warm	18.8
2021-03-11 06:06:48.0	Ana1 - 1: T.Au?en	2.5
2021-03-11 06:06:48.0	Ana2 - 2: T.Zuluft	13.4
2021-03-11 06:06:48.0	Ana3 - 3: T.Abluft	19.5
2021-03-11 06:06:48.0	Ana4 - 4: T.Fortluft	11.0
2021-03-11 06:06:48.0	Ana5 - 5: T.Raum	9999.9
2021-03-11 06:06:48.0	Ana9 - 9: T.Zuluft WRG warm	18.8
2021-03-11 06:06:58.0	Ana1 - 1: T.Au?en	2.5
2021-03-11 06:06:58.0	Ana2 - 2: T.Zuluft	13.4
2021-03-11 06:06:58.0	Ana3 - 3: T.Abluft	19.5
2021-03-11 06:06:58.0	Ana4 - 4: T.Fortluft	11.0
2021-03-11 06:06:58.0	Ana5 - 5: T.Raum	9999.9
2021-03-11 06:06:58.0	Ana9 - 9: T.Zuluft WRG warm	18.8
2021-03-11 06:07:08.0	Ana1 - 1: T.Au?en	2.5
2021-03-11 06:07:08.0	Ana2 - 2: T.Zuluft	13.4
2021-03-11 06:07:08.0	Ana3 - 3: T.Abluft	19.5
2021-03-11 06:07:08.0	Ana4 - 4: T.Fortluft	11.0
2021-03-11 06:07:08.0	Ana5 - 5: T.Raum	9999.9
2021-03-11 06:07:08.0	Ana9 - 9: T.Zuluft WRG warm	18.8
2021-03-11 06:07:18.0	Ana1 - 1: T.Au?en	2.5
2021-03-11 06:07:18.0	Ana2 - 2: T.Zuluft	13.4
2021-03-11 06:07:18.0	Ana3 - 3: T.Abluft	19.5
2021-03-11 06:07:18.0	Ana4 - 4: T.Fortluft	11.0
2021-03-11 06:07:18.0	Ana5 - 5: T.Raum	9999.9
2021-03-11 06:07:18.0	Ana9 - 9: T.Zuluft WRG warm	18.8
2021-03-11 06:07:28.0	Ana1 - 1: T.Au?en	2.5
2021-03-11 06:07:28.0	Ana2 - 2: T.Zuluft	13.4
2021-03-11 06:07:28.0	Ana3 - 3: T.Abluft	19.5
2021-03-11 06:07:28.0	Ana4 - 4: T.Fortluft	11.0
2021-03-11 06:07:28.0	Ana5 - 5: T.Raum	9999.9
2021-03-11 06:07:28.0	Ana9 - 9: T.Zuluft WRG warm	18.8
2021-03-11 06:07:38.0	Ana1 - 1: T.Au?en	2.5
2021-03-11 06:07:38.0	Ana2 - 2: T.Zuluft	13.4
2021-03-11 06:07:38.0	Ana3 - 3: T.Abluft	19.5
2021-03-11 06:07:38.0	Ana4 - 4: T.Fortluft	11.0
2021-03-11 06:07:38.0	Ana5 - 5: T.Raum	9999.9
2021-03-11 06:07:38.0	Ana9 - 9: T.Zuluft WRG warm	18.8
2021-03-11 06:07:48.0	Ana1 - 1: T.Au?en	2.5
2021-03-11 06:07:48.0	Ana2 - 2: T.Zuluft	13.4
2021-03-11 06:07:48.0	Ana3 - 3: T.Abluft	19.5
2021-03-11 06:07:48.0	Ana4 - 4: T.Fortluft	11.0
2021-03-11 06:07:48.0	Ana5 - 5: T.Raum	9999.9
2021-03-11 06:07:48.0	Ana9 - 9: T.Zuluft WRG warm	18.8
2021-03-11 06:07:58.0	Ana1 - 1: T.Au?en	2.5
2021-03-11 06:07:58.0	Ana2 - 2: T.Zuluft	13.4
2021-03-11 06:07:58.0	Ana3 - 3: T.Abluft	19.5
2021-03-11 06:07:58.0	Ana4 - 4: T.Fortluft	11.0
2021-03-11 06:07:58.0	Ana5 - 5: T.Raum	9999.9
2021-03-11 06:07:58.0	Ana9 - 9: T.Zuluft WRG warm	18.8
2021-03-11 06:08:08.0	Ana1 - 1: T.Au?en	2.5
2021-03-11 06:08:08.0	Ana2 - 2: T.Zuluft	13.4
2021-03-11 06:08:08.0	Ana3 - 3: T.Abluft	19.5
2021-03-11 06:08:08.0	Ana4 - 4: T.Fortluft	11.0
2021-03-11 06:08:08.0	Ana5 - 5: T.Raum	9999.9
2021-03-11 06:08:08.0	Ana9 - 9: T.Zuluft WRG warm	18.8
2021-03-11 06:08:18.0	Ana1 - 1: T.Au?en	2.5
2021-03-11 06:08:18.0	Ana2 - 2: T.Zuluft	13.4
2021-03-11 06:08:18.0	Ana3 - 3: T.Abluft	19.5
2021-03-11 06:08:18.0	Ana4 - 4: T.Fortluft	11.0
2021-03-11 06:08:18.0	Ana5 - 5: T.Raum	9999.9
2021-03-11 06:08:18.0	Ana9 - 9: T.Zuluft WRG warm	18.8
2021-03-11 06:08:28.0	Ana1 - 1: T.Au?en	2.5
2021-03-11 06:08:28.0	Ana2 - 2: T.Zuluft	13.4
2021-03-11 06:08:28.0	Ana3 - 3: T.Abluft	19.5
2021-03-11 06:08:28.0	Ana4 - 4: T.Fortluft	11.0
2021-03-11 06:08:28.0	Ana5 - 5: T.Raum	9999.9
2021-03-11 06:08:28.0	Ana9 - 9: T.Zuluft WRG warm	18.8
2021-03-11 06:08:38.0	Ana1 - 1: T.Au?en	2.5
2021-03-11 06:08:38.0	Ana2 - 2: T.Zuluft	13.4
2021-03-11 06:08:38.0	Ana3 - 3: T.Abluft	19.5
2021-03-11 06:08:38.0	Ana4 - 4: T.Fortluft	11.0
2021-03-11 06:08:38.0	Ana5 - 5: T.Raum	9999.9
2021-03-11 06:08:38.0	Ana9 - 9: T.Zuluft WRG warm	18.8
2021-03-11 06:08:48.0	Ana1 - 1: T.Au?en	2.5
2021-03-11 06:08:48.0	Ana2 - 2: T.Zuluft	13.4
2021-03-11 06:08:48.0	Ana3 - 3: T.Abluft	19.5
2021-03-11 06:08:48.0	Ana4 - 4: T.Fortluft	11.0
2021-03-11 06:08:48.0	Ana5 - 5: T.Raum	9999.9
2021-03-11 06:08:48.0	Ana9 - 9: T.Zuluft WRG warm	18.8
2021-03-11 06:08:58.0	Ana1 - 1: T.Au?en	2.5
2021-03-11 06:08:58.0	Ana2 - 2: T.Zuluft	13.4
2021-03-11 06:08:58.0	Ana3 - 3: T.Abluft	19.5
2021-03-11 06:08:58.0	Ana4 - 4: T.Fortluft	11.0
2021-03-11 06:08:58.0	Ana5 - 5: T.Raum	9999.9
2021-03-11 06:08:58.0	Ana9 - 9: T.Zuluft WRG warm	18.8
2021-03-11 06:09:08.0	Ana1 - 1: T.Au?en	2.5
2021-03-11 06:09:08.0	Ana2 - 2: T.Zuluft	13.4
2021-03-11 06:09:08.0	Ana3 - 3: T.Abluft	19.5
2021-03-11 06:09:08.0	Ana4 - 4: T.Fortluft	11.0
2021-03-11 06:09:08.0	Ana5 - 5: T.Raum	9999.9
2021-03-11 06:09:08.0	Ana9 - 9: T.Zuluft WRG warm	18.8
2021-03-11 06:09:18.0	Ana1 - 1: T.Au?en	2.5
2021-03-11 06:09:18.0	Ana2 - 2: T.Zuluft	13.4
2021-03-11 06:09:18.0	Ana3 - 3: T.Abluft	19.5
2021-03-11 06:09:18.0	Ana4 - 4: T.Fortluft	11.0
2021-03-11 06:09:18.0	Ana5 - 5: T.Raum	9999.9
2021-03-11 06:09:18.0	Ana9 - 9: T.Zuluft WRG warm	18.8
2021-03-11 06:09:28.0	Ana1 - 1: T.Au?en	2.5
2021-03-11 06:09:28.0	Ana2 - 2: T.Zuluft	13.4
2021-03-11 06:09:28.0	Ana3 - 3: T.Abluft	19.5
2021-03-11 06:09:28.0	Ana4 - 4: T.Fortluft	11.0
2021-03-11 06:09:28.0	Ana5 - 5: T.Raum	9999.9
2021-03-11 06:09:28.0	Ana9 - 9: T.Zuluft WRG warm	18.8
2021-03-11 06:09:38.0	Ana1 - 1: T.Au?en	2.5
2021-03-11 06:09:38.0	Ana2 - 2: T.Zuluft	13.4
2021-03-11 06:09:38.0	Ana3 - 3: T.Abluft	19.5
2021-03-11 06:09:38.0	Ana4 - 4: T.Fortluft	11.0
2021-03-11 06:09:38.0	Ana5 - 5: T.Raum	9999.9
2021-03-11 06:09:38.0	Ana9 - 9: T.Zuluft WRG warm	18.8
2021-03-11 06:09:48.0	Ana1 - 1: T.Au?en	2.5
2021-03-11 06:09:48.0	Ana2 - 2: T.Zuluft	13.4
2021-03-11 06:09:48.0	Ana3 - 3: T.Abluft	19.5
2021-03-11 06:09:48.0	Ana4 - 4: T.Fortluft	11.0
2021-03-11 06:09:48.0	Ana5 - 5: T.Raum	9999.9
2021-03-11 06:09:48.0	Ana9 - 9: T.Zuluft WRG warm	18.8
2021-03-11 06:09:58.0	Ana1 - 1: T.Au?en	2.5
2021-03-11 06:09:58.0	Ana2 - 2: T.Zuluft	13.4
2021-03-11 06:09:58.0	Ana3 - 3: T.Abluft	19.5
2021-03-11 06:09:58.0	Ana4 - 4: T.Fortluft	11.0
2021-03-11 06:09:58.0	Ana5 - 5: T.Raum	9999.9
2021-03-11 06:09:58.0	Ana9 - 9: T.Zuluft WRG warm	18.8
2021-03-11 06:10:08.0	Ana1 - 1: T.Au?en	2.5
2021-03-11 06:10:08.0	Ana2 - 2: T.Zuluft	13.4
2021-03-11 06:10:08.0	Ana3 - 3: T.Abluft	19.5
2021-03-11 06:10:08.0	Ana4 - 4: T.Fortluft	11.0
2021-03-11 06:10:08.0	Ana5 - 5: T.Raum	9999.9
2021-03-11 06:10:08.0	Ana9 - 9: T.Zuluft WRG warm	18.8
2021-03-11 06:10:18.0	Ana1 - 1: T.Au?en	2.5
2021-03-11 06:10:18.0	Ana2 - 2: T.Zuluft	13.4
2021-03-11 06:10:18.0	Ana3 - 3: T.Abluft	19.5
2021-03-11 06:10:18.0	Ana4 - 4: T.Fortluft	11.0
2021-03-11 06:10:18.0	Ana5 - 5: T.Raum	9999.9
2021-03-11 06:10:18.0	Ana9 - 9: T.Zuluft WRG warm	18.8
2021-03-11 06:10:28.0	Ana1 - 1: T.Au?en	2.5
2021-03-11 06:10:28.0	Ana2 - 2: T.Zuluft	13.4
2021-03-11 06:10:28.0	Ana3 - 3: T.Abluft	19.5
2021-03-11 06:10:28.0	Ana4 - 4: T.Fortluft	11.0
2021-03-11 06:10:28.0	Ana5 - 5: T.Raum	9999.9
2021-03-11 06:10:28.0	Ana9 - 9: T.Zuluft WRG warm	18.8
2021-03-11 06:10:38.0	Ana1 - 1: T.Au?en	2.5
2021-03-11 06:10:38.0	Ana2 - 2: T.Zuluft	13.4
2021-03-11 06:10:38.0	Ana3 - 3: T.Abluft	19.5
2021-03-11 06:10:38.0	Ana4 - 4: T.Fortluft	11.0
2021-03-11 06:10:38.0	Ana5 - 5: T.Raum	9999.9
2021-03-11 06:10:38.0	Ana9 - 9: T.Zuluft WRG warm	18.8
2021-03-11 06:10:48.0	Ana1 - 1: T.Au?en	2.5
2021-03-11 06:10:48.0	Ana2 - 2: T.Zuluft	13.4
2021-03-11 06:10:48.0	Ana3 - 3: T.Abluft	19.5
2021-03-11 06:10:48.0	Ana4 - 4: T.Fortluft	11.0
2021-03-11 06:10:48.0	Ana5 - 5: T.Raum	9999.9
2021-03-11 06:10:48.0	Ana9 - 9: T.Zuluft WRG warm	18.8
2021-03-11 06:10:58.0	Ana1 - 1: T.Au?en	2.5
2021-03-11 06:10:58.0	Ana2 - 2: T.Zuluft	13.4
2021-03-11 06:10:58.0	Ana3 - 3: T.Abluft	19.5
2021-03-11 06:10:58.0	Ana4 - 4: T.Fortluft	11.0
2021-03-11 06:10:58.0	Ana5 - 5: T.Raum	9999.9
2021-03-11 06:10:58.0	Ana9 - 9: T.Zuluft WRG warm	18.8
2021-03-11 06:11:08.0	Ana1 - 1: T.Au?en	2.5
2021-03-11 06:11:08.0	Ana2 - 2: T.Zuluft	13.4
2021-03-11 06:11:08.0	Ana3 - 3: T.Abluft	19.5
2021-03-11 06:11:08.0	Ana4 - 4: T.Fortluft	11.0
2021-03-11 06:11:08.0	Ana5 - 5: T.Raum	9999.9
2021-03-11 06:11:08.0	Ana9 - 9: T.Zuluft WRG warm	18.8
2021-03-11 06:11:18.0	Ana1 - 1: T.Au?en	2.5
2021-03-11 06:11:18.0	Ana2 - 2: T.Zuluft	13.4
2021-03-11 06:11:18.0	Ana3 - 3: T.Abluft	19.5
2021-03-11 06:11:18.0	Ana4 - 4: T.Fortluft	11.0
2021-03-11 06:11:18.0	Ana5 - 5: T.Raum	9999.9
2021-03-11 06:11:18.0	Ana9 - 9: T.Zuluft WRG warm	18.8
2021-03-11 06:11:28.0	Ana1 - 1: T.Au?en	2.5
2021-03-11 06:11:28.0	Ana2 - 2: T.Zuluft	13.4
2021-03-11 06:11:28.0	Ana3 - 3: T.Abluft	19.5
2021-03-11 06:11:28.0	Ana4 - 4: T.Fortluft	11.0
2021-03-11 06:11:28.0	Ana5 - 5: T.Raum	9999.9
2021-03-11 06:11:28.0	Ana9 - 9: T.Zuluft WRG warm	18.8
2021-03-11 06:11:38.0	Ana1 - 1: T.Au?en	2.5
2021-03-11 06:11:38.0	Ana2 - 2: T.Zuluft	13.4
2021-03-11 06:11:38.0	Ana3 - 3: T.Abluft	19.5
2021-03-11 06:11:38.0	Ana4 - 4: T.Fortluft	11.0
2021-03-11 06:11:38.0	Ana5 - 5: T.Raum	9999.9
2021-03-11 06:11:38.0	Ana9 - 9: T.Zuluft WRG warm	18.8
2021-03-11 06:11:48.0	Ana1 - 1: T.Au?en	2.5
2021-03-11 06:11:48.0	Ana2 - 2: T.Zuluft	13.4
2021-03-11 06:11:48.0	Ana3 - 3: T.Abluft	19.5
2021-03-11 06:11:48.0	Ana4 - 4: T.Fortluft	11.0
2021-03-11 06:11:48.0	Ana5 - 5: T.Raum	9999.9
2021-03-11 06:11:48.0	Ana9 - 9: T.Zuluft WRG warm	18.8
2021-03-11 06:11:58.0	Ana1 - 1: T.Au?en	2.5
2021-03-11 06:11:58.0	Ana2 - 2: T.Zuluft	13.4
2021-03-11 06:11:58.0	Ana3 - 3: T.Abluft	19.5
2021-03-11 06:11:58.0	Ana4 - 4: T.Fortluft	11.0
2021-03-11 06:11:58.0	Ana5 - 5: T.Raum	9999.9
2021-03-11 06:11:58.0	Ana9 - 9: T.Zuluft WRG warm	18.8
2021-03-11 06:12:08.0	Ana1 - 1: T.Au?en	2.5
2021-03-11 06:12:08.0	Ana2 - 2: T.Zuluft	13.4
2021-03-11 06:12:08.0	Ana3 - 3: T.Abluft	19.5
2021-03-11 06:12:08.0	Ana4 - 4: T.Fortluft	11.0
2021-03-11 06:12:08.0	Ana5 - 5: T.Raum	9999.9
2021-03-11 06:12:08.0	Ana9 - 9: T.Zuluft WRG warm	18.8
2021-03-11 06:12:18.0	Ana1 - 1: T.Au?en	2.5
2021-03-11 06:12:18.0	Ana2 - 2: T.Zuluft	13.4
2021-03-11 06:12:18.0	Ana3 - 3: T.Abluft	19.5
2021-03-11 06:12:18.0	Ana4 - 4: T.Fortluft	11.0
2021-03-11 06:12:18.0	Ana5 - 5: T.Raum	9999.9
2021-03-11 06:12:18.0	Ana9 - 9: T.Zuluft WRG warm	18.8
2021-03-11 06:12:28.0	Ana1 - 1: T.Au?en	2.5
2021-03-11 06:12:28.0	Ana2 - 2: T.Zuluft	13.4
2021-03-11 06:12:28.0	Ana3 - 3: T.Abluft	19.5
2021-03-11 06:12:28.0	Ana4 - 4: T.Fortluft	11.0
2021-03-11 06:12:28.0	Ana5 - 5: T.Raum	9999.9
2021-03-11 06:12:28.0	Ana9 - 9: T.Zuluft WRG warm	18.8
2021-03-11 06:12:38.0	Ana1 - 1: T.Au?en	2.5
2021-03-11 06:12:38.0	Ana2 - 2: T.Zuluft	13.4
2021-03-11 06:12:38.0	Ana3 - 3: T.Abluft	19.5
2021-03-11 06:12:38.0	Ana4 - 4: T.Fortluft	11.0
2021-03-11 06:12:38.0	Ana5 - 5: T.Raum	9999.9
2021-03-11 06:12:38.0	Ana9 - 9: T.Zuluft WRG warm	18.8
2021-03-11 06:12:48.0	Ana1 - 1: T.Au?en	2.5
2021-03-11 06:12:48.0	Ana2 - 2: T.Zuluft	13.4
2021-03-11 06:12:48.0	Ana3 - 3: T.Abluft	19.5
2021-03-11 06:12:48.0	Ana4 - 4: T.Fortluft	11.0
2021-03-11 06:12:48.0	Ana5 - 5: T.Raum	9999.9
2021-03-11 06:12:48.0	Ana9 - 9: T.Zuluft WRG warm	18.8
2021-03-11 06:12:58.0	Ana1 - 1: T.Au?en	2.5
2021-03-11 06:12:58.0	Ana2 - 2: T.Zuluft	13.4
2021-03-11 06:12:58.0	Ana3 - 3: T.Abluft	19.5
2021-03-11 06:12:58.0	Ana4 - 4: T.Fortluft	11.0
2021-03-11 06:12:58.0	Ana5 - 5: T.Raum	9999.9
2021-03-11 06:12:58.0	Ana9 - 9: T.Zuluft WRG warm	18.8
2021-03-11 06:13:08.0	Ana1 - 1: T.Au?en	2.5
2021-03-11 06:13:08.0	Ana2 - 2: T.Zuluft	13.4
2021-03-11 06:13:08.0	Ana3 - 3: T.Abluft	19.5
2021-03-11 06:13:08.0	Ana4 - 4: T.Fortluft	11.0
2021-03-11 06:13:08.0	Ana5 - 5: T.Raum	9999.9
2021-03-11 06:13:08.0	Ana9 - 9: T.Zuluft WRG warm	18.8
2021-03-11 06:13:18.0	Ana1 - 1: T.Au?en	2.5
2021-03-11 06:13:18.0	Ana2 - 2: T.Zuluft	13.4
2021-03-11 06:13:18.0	Ana3 - 3: T.Abluft	19.5
2021-03-11 06:13:18.0	Ana4 - 4: T.Fortluft	11.0
2021-03-11 06:13:18.0	Ana5 - 5: T.Raum	9999.9
2021-03-11 06:13:18.0	Ana9 - 9: T.Zuluft WRG warm	18.8
2021-03-11 06:13:28.0	Ana1 - 1: T.Au?en	2.5
2021-03-11 06:13:28.0	Ana2 - 2: T.Zuluft	13.4
2021-03-11 06:13:28.0	Ana3 - 3: T.Abluft	19.5
2021-03-11 06:13:28.0	Ana4 - 4: T.Fortluft	11.0
2021-03-11 06:13:28.0	Ana5 - 5: T.Raum	9999.9
2021-03-11 06:13:28.0	Ana9 - 9: T.Zuluft WRG warm	18.8
2021-03-11 06:13:38.0	Ana1 - 1: T.Au?en	2.5
2021-03-11 06:13:38.0	Ana2 - 2: T.Zuluft	13.4
2021-03-11 06:13:38.0	Ana3 - 3: T.Abluft	19.5
2021-03-11 06:13:38.0	Ana4 - 4: T.Fortluft	11.0
2021-03-11 06:13:38.0	Ana5 - 5: T.Raum	9999.9
2021-03-11 06:13:38.0	Ana9 - 9: T.Zuluft WRG warm	18.8
2021-03-11 06:13:48.0	Ana1 - 1: T.Au?en	2.5
2021-03-11 06:13:48.0	Ana2 - 2: T.Zuluft	13.4
2021-03-11 06:13:48.0	Ana3 - 3: T.Abluft	19.5
2021-03-11 06:13:48.0	Ana4 - 4: T.Fortluft	11.0
2021-03-11 06:13:48.0	Ana5 - 5: T.Raum	9999.9
2021-03-11 06:13:48.0	Ana9 - 9: T.Zuluft WRG warm	18.8
2021-03-11 06:13:58.0	Ana1 - 1: T.Au?en	2.5
2021-03-11 06:13:58.0	Ana2 - 2: T.Zuluft	13.4
2021-03-11 06:13:58.0	Ana3 - 3: T.Abluft	19.5
2021-03-11 06:13:58.0	Ana4 - 4: T.Fortluft	11.0
2021-03-11 06:13:58.0	Ana5 - 5: T.Raum	9999.9
2021-03-11 06:13:58.0	Ana9 - 9: T.Zuluft WRG warm	18.8
2021-03-11 06:14:08.0	Ana1 - 1: T.Au?en	2.5
2021-03-11 06:14:08.0	Ana2 - 2: T.Zuluft	13.4
2021-03-11 06:14:08.0	Ana3 - 3: T.Abluft	19.5
2021-03-11 06:14:08.0	Ana4 - 4: T.Fortluft	11.0
2021-03-11 06:14:08.0	Ana5 - 5: T.Raum	9999.9
2021-03-11 06:14:08.0	Ana9 - 9: T.Zuluft WRG warm	18.8
2021-03-11 06:14:18.0	Ana1 - 1: T.Au?en	2.5
2021-03-11 06:14:18.0	Ana2 - 2: T.Zuluft	13.4
2021-03-11 06:14:18.0	Ana3 - 3: T.Abluft	19.5
2021-03-11 06:14:18.0	Ana4 - 4: T.Fortluft	11.0
2021-03-11 06:14:18.0	Ana5 - 5: T.Raum	9999.9
2021-03-11 06:14:18.0	Ana9 - 9: T.Zuluft WRG warm	18.8
2021-03-11 06:14:28.0	Ana1 - 1: T.Au?en	2.5
2021-03-11 06:14:28.0	Ana2 - 2: T.Zuluft	13.4
2021-03-11 06:14:28.0	Ana3 - 3: T.Abluft	19.5
2021-03-11 06:14:28.0	Ana4 - 4: T.Fortluft	11.0
2021-03-11 06:14:28.0	Ana5 - 5: T.Raum	9999.9
2021-03-11 06:14:28.0	Ana9 - 9: T.Zuluft WRG warm	18.8
2021-03-11 06:14:38.0	Ana1 - 1: T.Au?en	2.5
2021-03-11 06:14:38.0	Ana2 - 2: T.Zuluft	13.4
2021-03-11 06:14:38.0	Ana3 - 3: T.Abluft	19.5
2021-03-11 06:14:38.0	Ana4 - 4: T.Fortluft	11.0
2021-03-11 06:14:38.0	Ana5 - 5: T.Raum	9999.9
2021-03-11 06:14:38.0	Ana9 - 9: T.Zuluft WRG warm	18.8
2021-03-11 06:14:48.0	Ana1 - 1: T.Au?en	2.5
2021-03-11 06:14:48.0	Ana2 - 2: T.Zuluft	13.4
2021-03-11 06:14:48.0	Ana3 - 3: T.Abluft	19.5
2021-03-11 06:14:48.0	Ana4 - 4: T.Fortluft	11.0
2021-03-11 06:14:48.0	Ana5 - 5: T.Raum	9999.9
2021-03-11 06:14:48.0	Ana9 - 9: T.Zuluft WRG warm	18.8
2021-03-11 06:14:58.0	Ana1 - 1: T.Au?en	2.5
2021-03-11 06:14:58.0	Ana2 - 2: T.Zuluft	13.4
2021-03-11 06:14:58.0	Ana3 - 3: T.Abluft	19.5
2021-03-11 06:14:58.0	Ana4 - 4: T.Fortluft	11.0
2021-03-11 06:14:58.0	Ana5 - 5: T.Raum	9999.9
2021-03-11 06:14:58.0	Ana9 - 9: T.Zuluft WRG warm	18.8
2021-03-11 06:15:08.0	Ana1 - 1: T.Au?en	2.5
2021-03-11 06:15:08.0	Ana2 - 2: T.Zuluft	13.4
2021-03-11 06:15:08.0	Ana3 - 3: T.Abluft	19.5
2021-03-11 06:15:08.0	Ana4 - 4: T.Fortluft	11.0
2021-03-11 06:15:08.0	Ana5 - 5: T.Raum	9999.9
2021-03-11 06:15:08.0	Ana9 - 9: T.Zuluft WRG warm	18.8
2021-03-11 06:15:18.0	Ana1 - 1: T.Au?en	2.5
2021-03-11 06:15:18.0	Ana2 - 2: T.Zuluft	13.4
2021-03-11 06:15:18.0	Ana3 - 3: T.Abluft	19.5
2021-03-11 06:15:18.0	Ana4 - 4: T.Fortluft	11.0
2021-03-11 06:15:18.0	Ana5 - 5: T.Raum	9999.9
2021-03-11 06:15:18.0	Ana9 - 9: T.Zuluft WRG warm	18.8
2021-03-11 06:15:28.0	Ana1 - 1: T.Au?en	2.5
2021-03-11 06:15:28.0	Ana2 - 2: T.Zuluft	13.4
2021-03-11 06:15:28.0	Ana3 - 3: T.Abluft	19.5
2021-03-11 06:15:28.0	Ana4 - 4: T.Fortluft	11.0
2021-03-11 06:15:28.0	Ana5 - 5: T.Raum	9999.9
2021-03-11 06:15:28.0	Ana9 - 9: T.Zuluft WRG warm	18.8
2021-03-11 06:15:38.0	Ana1 - 1: T.Au?en	2.5
2021-03-11 06:15:38.0	Ana2 - 2: T.Zuluft	13.4
2021-03-11 06:15:38.0	Ana3 - 3: T.Abluft	19.5
2021-03-11 06:15:38.0	Ana4 - 4: T.Fortluft	11.0
2021-03-11 06:15:38.0	Ana5 - 5: T.Raum	9999.9
2021-03-11 06:15:38.0	Ana9 - 9: T.Zuluft WRG warm	18.8
2021-03-11 06:15:48.0	Ana1 - 1: T.Au?en	2.4
2021-03-11 06:15:48.0	Ana2 - 2: T.Zuluft	13.4
2021-03-11 06:15:48.0	Ana3 - 3: T.Abluft	19.5
2021-03-11 06:15:48.0	Ana4 - 4: T.Fortluft	11.0
2021-03-11 06:15:48.0	Ana5 - 5: T.Raum	9999.9
2021-03-11 06:15:48.0	Ana9 - 9: T.Zuluft WRG warm	18.8
2021-03-11 06:15:58.0	Ana1 - 1: T.Au?en	2.4
2021-03-11 06:15:58.0	Ana2 - 2: T.Zuluft	13.4
2021-03-11 06:15:58.0	Ana3 - 3: T.Abluft	19.5
2021-03-11 06:15:58.0	Ana4 - 4: T.Fortluft	11.0
2021-03-11 06:15:58.0	Ana5 - 5: T.Raum	9999.9
2021-03-11 06:15:58.0	Ana9 - 9: T.Zuluft WRG warm	18.8
2021-03-11 06:16:08.0	Ana1 - 1: T.Au?en	2.4
2021-03-11 06:16:08.0	Ana2 - 2: T.Zuluft	13.4
2021-03-11 06:16:08.0	Ana3 - 3: T.Abluft	19.5
2021-03-11 06:16:08.0	Ana4 - 4: T.Fortluft	11.0
2021-03-11 06:16:08.0	Ana5 - 5: T.Raum	9999.9
2021-03-11 06:16:08.0	Ana9 - 9: T.Zuluft WRG warm	18.8
2021-03-11 06:16:18.0	Ana1 - 1: T.Au?en	2.4
2021-03-11 06:16:18.0	Ana2 - 2: T.Zuluft	13.4
2021-03-11 06:16:18.0	Ana3 - 3: T.Abluft	19.5
2021-03-11 06:16:18.0	Ana4 - 4: T.Fortluft	11.0
2021-03-11 06:16:18.0	Ana5 - 5: T.Raum	9999.9
2021-03-11 06:16:18.0	Ana9 - 9: T.Zuluft WRG warm	18.8
2021-03-11 06:16:28.0	Ana1 - 1: T.Au?en	2.4
2021-03-11 06:16:28.0	Ana2 - 2: T.Zuluft	13.4
2021-03-11 06:16:28.0	Ana3 - 3: T.Abluft	19.5
2021-03-11 06:16:28.0	Ana4 - 4: T.Fortluft	11.0
2021-03-11 06:16:28.0	Ana5 - 5: T.Raum	9999.9
2021-03-11 06:16:28.0	Ana9 - 9: T.Zuluft WRG warm	18.8
2021-03-11 06:16:38.0	Ana1 - 1: T.Au?en	2.4
2021-03-11 06:16:38.0	Ana2 - 2: T.Zuluft	13.4
2021-03-11 06:16:38.0	Ana3 - 3: T.Abluft	19.5
2021-03-11 06:16:38.0	Ana4 - 4: T.Fortluft	11.0
2021-03-11 06:16:38.0	Ana5 - 5: T.Raum	9999.9
2021-03-11 06:16:38.0	Ana9 - 9: T.Zuluft WRG warm	18.8
2021-03-11 06:16:48.0	Ana1 - 1: T.Au?en	2.4
2021-03-11 06:16:48.0	Ana2 - 2: T.Zuluft	13.4
2021-03-11 06:16:48.0	Ana3 - 3: T.Abluft	19.5
2021-03-11 06:16:48.0	Ana4 - 4: T.Fortluft	11.0
2021-03-11 06:16:48.0	Ana5 - 5: T.Raum	9999.9
2021-03-11 06:16:48.0	Ana9 - 9: T.Zuluft WRG warm	18.8
2021-03-11 06:16:58.0	Ana1 - 1: T.Au?en	2.5
2021-03-11 06:16:58.0	Ana2 - 2: T.Zuluft	13.4
2021-03-11 06:16:58.0	Ana3 - 3: T.Abluft	19.5
2021-03-11 06:16:58.0	Ana4 - 4: T.Fortluft	11.0
2021-03-11 06:16:58.0	Ana5 - 5: T.Raum	9999.9
2021-03-11 06:16:58.0	Ana9 - 9: T.Zuluft WRG warm	18.8
2021-03-11 06:17:08.0	Ana1 - 1: T.Au?en	2.4
2021-03-11 06:17:08.0	Ana2 - 2: T.Zuluft	13.4
2021-03-11 06:17:08.0	Ana3 - 3: T.Abluft	19.5
2021-03-11 06:17:08.0	Ana4 - 4: T.Fortluft	11.0
2021-03-11 06:17:08.0	Ana5 - 5: T.Raum	9999.9
2021-03-11 06:17:08.0	Ana9 - 9: T.Zuluft WRG warm	18.8
2021-03-11 06:17:18.0	Ana1 - 1: T.Au?en	2.4
2021-03-11 06:17:18.0	Ana2 - 2: T.Zuluft	13.4
2021-03-11 06:17:18.0	Ana3 - 3: T.Abluft	19.5
2021-03-11 06:17:18.0	Ana4 - 4: T.Fortluft	11.0
2021-03-11 06:17:18.0	Ana5 - 5: T.Raum	9999.9
2021-03-11 06:17:18.0	Ana9 - 9: T.Zuluft WRG warm	18.8
2021-03-11 06:17:28.0	Ana1 - 1: T.Au?en	2.4
2021-03-11 06:17:28.0	Ana2 - 2: T.Zuluft	13.4
2021-03-11 06:17:28.0	Ana3 - 3: T.Abluft	19.5
2021-03-11 06:17:28.0	Ana4 - 4: T.Fortluft	11.0
2021-03-11 06:17:28.0	Ana5 - 5: T.Raum	9999.9
2021-03-11 06:17:28.0	Ana9 - 9: T.Zuluft WRG warm	18.8
2021-03-11 06:17:38.0	Ana1 - 1: T.Au?en	2.4
2021-03-11 06:17:38.0	Ana2 - 2: T.Zuluft	13.4
2021-03-11 06:17:38.0	Ana3 - 3: T.Abluft	19.5
2021-03-11 06:17:38.0	Ana4 - 4: T.Fortluft	11.0
2021-03-11 06:17:38.0	Ana5 - 5: T.Raum	9999.9
2021-03-11 06:17:38.0	Ana9 - 9: T.Zuluft WRG warm	18.8
2021-03-11 06:17:48.0	Ana1 - 1: T.Au?en	2.4
2021-03-11 06:17:48.0	Ana2 - 2: T.Zuluft	13.4
2021-03-11 06:17:48.0	Ana3 - 3: T.Abluft	19.5
2021-03-11 06:17:48.0	Ana4 - 4: T.Fortluft	11.0
2021-03-11 06:17:48.0	Ana5 - 5: T.Raum	9999.9
2021-03-11 06:17:48.0	Ana9 - 9: T.Zuluft WRG warm	18.8
2021-03-11 06:17:58.0	Ana1 - 1: T.Au?en	2.4
2021-03-11 06:17:58.0	Ana2 - 2: T.Zuluft	13.4
2021-03-11 06:17:58.0	Ana3 - 3: T.Abluft	19.5
2021-03-11 06:17:58.0	Ana4 - 4: T.Fortluft	11.0
2021-03-11 06:17:58.0	Ana5 - 5: T.Raum	9999.9
2021-03-11 06:17:58.0	Ana9 - 9: T.Zuluft WRG warm	18.8
2021-03-11 06:18:08.0	Ana1 - 1: T.Au?en	2.4
2021-03-11 06:18:08.0	Ana2 - 2: T.Zuluft	13.4
2021-03-11 06:18:08.0	Ana3 - 3: T.Abluft	19.5
2021-03-11 06:18:08.0	Ana4 - 4: T.Fortluft	11.0
2021-03-11 06:18:08.0	Ana5 - 5: T.Raum	9999.9
2021-03-11 06:18:08.0	Ana9 - 9: T.Zuluft WRG warm	18.8
2021-03-11 06:18:18.0	Ana1 - 1: T.Au?en	2.4
2021-03-11 06:18:18.0	Ana2 - 2: T.Zuluft	13.4
2021-03-11 06:18:18.0	Ana3 - 3: T.Abluft	19.5
2021-03-11 06:18:18.0	Ana4 - 4: T.Fortluft	11.0
2021-03-11 06:18:18.0	Ana5 - 5: T.Raum	9999.9
2021-03-11 06:18:18.0	Ana9 - 9: T.Zuluft WRG warm	18.8
2021-03-11 06:18:28.0	Ana1 - 1: T.Au?en	2.4
2021-03-11 06:18:28.0	Ana2 - 2: T.Zuluft	13.4
2021-03-11 06:18:28.0	Ana3 - 3: T.Abluft	19.5
2021-03-11 06:18:28.0	Ana4 - 4: T.Fortluft	11.0
2021-03-11 06:18:28.0	Ana5 - 5: T.Raum	9999.9
2021-03-11 06:18:28.0	Ana9 - 9: T.Zuluft WRG warm	18.8
2021-03-11 06:18:38.0	Ana1 - 1: T.Au?en	2.4
2021-03-11 06:18:38.0	Ana2 - 2: T.Zuluft	13.4
2021-03-11 06:18:38.0	Ana3 - 3: T.Abluft	19.5
2021-03-11 06:18:38.0	Ana4 - 4: T.Fortluft	11.0
2021-03-11 06:18:38.0	Ana5 - 5: T.Raum	9999.9
2021-03-11 06:18:38.0	Ana9 - 9: T.Zuluft WRG warm	18.8
2021-03-11 06:18:48.0	Ana1 - 1: T.Au?en	2.4
2021-03-11 06:18:48.0	Ana2 - 2: T.Zuluft	13.4
2021-03-11 06:18:48.0	Ana3 - 3: T.Abluft	19.5
2021-03-11 06:18:48.0	Ana4 - 4: T.Fortluft	11.0
2021-03-11 06:18:48.0	Ana5 - 5: T.Raum	9999.9
2021-03-11 06:18:48.0	Ana9 - 9: T.Zuluft WRG warm	18.8
2021-03-11 06:18:58.0	Ana1 - 1: T.Au?en	2.4
2021-03-11 06:18:58.0	Ana2 - 2: T.Zuluft	13.4
2021-03-11 06:18:58.0	Ana3 - 3: T.Abluft	19.5
2021-03-11 06:18:58.0	Ana4 - 4: T.Fortluft	11.0
2021-03-11 06:18:58.0	Ana5 - 5: T.Raum	9999.9
2021-03-11 06:18:58.0	Ana9 - 9: T.Zuluft WRG warm	18.8
2021-03-11 06:19:08.0	Ana1 - 1: T.Au?en	2.4
2021-03-11 06:19:08.0	Ana2 - 2: T.Zuluft	13.4
2021-03-11 06:19:08.0	Ana3 - 3: T.Abluft	19.5
2021-03-11 06:19:08.0	Ana4 - 4: T.Fortluft	11.0
2021-03-11 06:19:08.0	Ana5 - 5: T.Raum	9999.9
2021-03-11 06:19:08.0	Ana9 - 9: T.Zuluft WRG warm	18.8
2021-03-11 06:19:18.0	Ana1 - 1: T.Au?en	2.4
2021-03-11 06:19:18.0	Ana2 - 2: T.Zuluft	13.4
2021-03-11 06:19:18.0	Ana3 - 3: T.Abluft	19.5
2021-03-11 06:19:18.0	Ana4 - 4: T.Fortluft	11.0
2021-03-11 06:19:18.0	Ana5 - 5: T.Raum	9999.9
2021-03-11 06:19:18.0	Ana9 - 9: T.Zuluft WRG warm	18.8
2021-03-11 06:19:28.0	Ana1 - 1: T.Au?en	2.4
2021-03-11 06:19:28.0	Ana2 - 2: T.Zuluft	13.4
2021-03-11 06:19:28.0	Ana3 - 3: T.Abluft	19.5
2021-03-11 06:19:28.0	Ana4 - 4: T.Fortluft	11.0
2021-03-11 06:19:28.0	Ana5 - 5: T.Raum	9999.9
2021-03-11 06:19:28.0	Ana9 - 9: T.Zuluft WRG warm	18.8
2021-03-11 06:19:38.0	Ana1 - 1: T.Au?en	2.4
2021-03-11 06:19:38.0	Ana2 - 2: T.Zuluft	13.4
2021-03-11 06:19:38.0	Ana3 - 3: T.Abluft	19.5
2021-03-11 06:19:38.0	Ana4 - 4: T.Fortluft	11.0
2021-03-11 06:19:38.0	Ana5 - 5: T.Raum	9999.9
2021-03-11 06:19:38.0	Ana9 - 9: T.Zuluft WRG warm	18.8
2021-03-11 06:19:48.0	Ana1 - 1: T.Au?en	2.5
2021-03-11 06:19:48.0	Ana2 - 2: T.Zuluft	13.4
2021-03-11 06:19:48.0	Ana3 - 3: T.Abluft	19.5
2021-03-11 06:19:48.0	Ana4 - 4: T.Fortluft	11.0
2021-03-11 06:19:48.0	Ana5 - 5: T.Raum	9999.9
2021-03-11 06:19:48.0	Ana9 - 9: T.Zuluft WRG warm	18.8
2021-03-11 06:19:58.0	Ana1 - 1: T.Au?en	2.5
2021-03-11 06:19:58.0	Ana2 - 2: T.Zuluft	13.4
2021-03-11 06:19:58.0	Ana3 - 3: T.Abluft	19.5
2021-03-11 06:19:58.0	Ana4 - 4: T.Fortluft	11.0
2021-03-11 06:19:58.0	Ana5 - 5: T.Raum	9999.9
2021-03-11 06:19:58.0	Ana9 - 9: T.Zuluft WRG warm	18.8
2021-03-11 06:20:08.0	Ana1 - 1: T.Au?en	2.5
2021-03-11 06:20:08.0	Ana2 - 2: T.Zuluft	13.4
2021-03-11 06:20:08.0	Ana3 - 3: T.Abluft	19.5
2021-03-11 06:20:08.0	Ana4 - 4: T.Fortluft	11.0
2021-03-11 06:20:08.0	Ana5 - 5: T.Raum	9999.9
2021-03-11 06:20:08.0	Ana9 - 9: T.Zuluft WRG warm	18.8
2021-03-11 06:20:18.0	Ana1 - 1: T.Au?en	2.5
2021-03-11 06:20:18.0	Ana2 - 2: T.Zuluft	13.4
2021-03-11 06:20:18.0	Ana3 - 3: T.Abluft	19.5
2021-03-11 06:20:18.0	Ana4 - 4: T.Fortluft	11.0
2021-03-11 06:20:18.0	Ana5 - 5: T.Raum	9999.9
2021-03-11 06:20:18.0	Ana9 - 9: T.Zuluft WRG warm	18.8
2021-03-11 06:20:28.0	Ana1 - 1: T.Au?en	2.5
2021-03-11 06:20:28.0	Ana2 - 2: T.Zuluft	13.4
2021-03-11 06:20:28.0	Ana3 - 3: T.Abluft	19.5
2021-03-11 06:20:28.0	Ana4 - 4: T.Fortluft	11.0
2021-03-11 06:20:28.0	Ana5 - 5: T.Raum	9999.9
2021-03-11 06:20:28.0	Ana9 - 9: T.Zuluft WRG warm	18.8
2021-03-11 06:20:38.0	Ana1 - 1: T.Au?en	2.4
2021-03-11 06:20:38.0	Ana2 - 2: T.Zuluft	13.4
2021-03-11 06:20:38.0	Ana3 - 3: T.Abluft	19.5
2021-03-11 06:20:38.0	Ana4 - 4: T.Fortluft	11.0
2021-03-11 06:20:38.0	Ana5 - 5: T.Raum	9999.9
2021-03-11 06:20:38.0	Ana9 - 9: T.Zuluft WRG warm	18.8
2021-03-11 06:20:48.0	Ana1 - 1: T.Au?en	2.4
2021-03-11 06:20:48.0	Ana2 - 2: T.Zuluft	13.4
2021-03-11 06:20:48.0	Ana3 - 3: T.Abluft	19.5
2021-03-11 06:20:48.0	Ana4 - 4: T.Fortluft	11.0
2021-03-11 06:20:48.0	Ana5 - 5: T.Raum	9999.9
2021-03-11 06:20:48.0	Ana9 - 9: T.Zuluft WRG warm	18.8
2021-03-11 06:20:58.0	Ana1 - 1: T.Au?en	2.4
2021-03-11 06:20:58.0	Ana2 - 2: T.Zuluft	13.4
2021-03-11 06:20:58.0	Ana3 - 3: T.Abluft	19.5
2021-03-11 06:20:58.0	Ana4 - 4: T.Fortluft	11.0
2021-03-11 06:20:58.0	Ana5 - 5: T.Raum	9999.9
2021-03-11 06:20:58.0	Ana9 - 9: T.Zuluft WRG warm	18.8
2021-03-11 06:21:08.0	Ana1 - 1: T.Au?en	2.4
2021-03-11 06:21:08.0	Ana2 - 2: T.Zuluft	13.4
2021-03-11 06:21:08.0	Ana3 - 3: T.Abluft	19.5
2021-03-11 06:21:08.0	Ana4 - 4: T.Fortluft	11.0
2021-03-11 06:21:08.0	Ana5 - 5: T.Raum	9999.9
2021-03-11 06:21:08.0	Ana9 - 9: T.Zuluft WRG warm	18.8
2021-03-11 06:21:18.0	Ana1 - 1: T.Au?en	2.4
2021-03-11 06:21:18.0	Ana2 - 2: T.Zuluft	13.4
2021-03-11 06:21:18.0	Ana3 - 3: T.Abluft	19.5
2021-03-11 06:21:18.0	Ana4 - 4: T.Fortluft	11.0
2021-03-11 06:21:18.0	Ana5 - 5: T.Raum	9999.9
2021-03-11 06:21:18.0	Ana9 - 9: T.Zuluft WRG warm	18.8
2021-03-11 06:21:28.0	Ana1 - 1: T.Au?en	2.4
2021-03-11 06:21:28.0	Ana2 - 2: T.Zuluft	13.4
2021-03-11 06:21:28.0	Ana3 - 3: T.Abluft	19.5
2021-03-11 06:21:28.0	Ana4 - 4: T.Fortluft	11.0
2021-03-11 06:21:28.0	Ana5 - 5: T.Raum	9999.9
2021-03-11 06:21:28.0	Ana9 - 9: T.Zuluft WRG warm	18.8
2021-03-11 06:21:38.0	Ana1 - 1: T.Au?en	2.4
2021-03-11 06:21:38.0	Ana2 - 2: T.Zuluft	13.4
2021-03-11 06:21:38.0	Ana3 - 3: T.Abluft	19.5
2021-03-11 06:21:38.0	Ana4 - 4: T.Fortluft	11.0
2021-03-11 06:21:38.0	Ana5 - 5: T.Raum	9999.9
2021-03-11 06:21:38.0	Ana9 - 9: T.Zuluft WRG warm	18.8
2021-03-11 06:21:48.0	Ana1 - 1: T.Au?en	2.4
2021-03-11 06:21:48.0	Ana2 - 2: T.Zuluft	13.4
2021-03-11 06:21:48.0	Ana3 - 3: T.Abluft	19.5
2021-03-11 06:21:48.0	Ana4 - 4: T.Fortluft	11.0
2021-03-11 06:21:48.0	Ana5 - 5: T.Raum	9999.9
2021-03-11 06:21:48.0	Ana9 - 9: T.Zuluft WRG warm	18.8
2021-03-11 06:21:58.0	Ana1 - 1: T.Au?en	2.4
2021-03-11 06:21:58.0	Ana2 - 2: T.Zuluft	13.4
2021-03-11 06:21:58.0	Ana3 - 3: T.Abluft	19.5
2021-03-11 06:21:58.0	Ana4 - 4: T.Fortluft	11.0
2021-03-11 06:21:58.0	Ana5 - 5: T.Raum	9999.9
2021-03-11 06:21:58.0	Ana9 - 9: T.Zuluft WRG warm	18.8
2021-03-11 06:22:08.0	Ana1 - 1: T.Au?en	2.3
2021-03-11 06:22:08.0	Ana2 - 2: T.Zuluft	13.4
2021-03-11 06:22:08.0	Ana3 - 3: T.Abluft	19.5
2021-03-11 06:22:08.0	Ana4 - 4: T.Fortluft	11.0
2021-03-11 06:22:08.0	Ana5 - 5: T.Raum	9999.9
2021-03-11 06:22:08.0	Ana9 - 9: T.Zuluft WRG warm	18.8
2021-03-11 06:22:18.0	Ana1 - 1: T.Au?en	2.3
2021-03-11 06:22:18.0	Ana2 - 2: T.Zuluft	13.4
2021-03-11 06:22:18.0	Ana3 - 3: T.Abluft	19.5
2021-03-11 06:22:18.0	Ana4 - 4: T.Fortluft	11.0
2021-03-11 06:22:18.0	Ana5 - 5: T.Raum	9999.9
2021-03-11 06:22:18.0	Ana9 - 9: T.Zuluft WRG warm	18.8
2021-03-11 06:22:28.0	Ana1 - 1: T.Au?en	2.3
2021-03-11 06:22:28.0	Ana2 - 2: T.Zuluft	13.4
2021-03-11 06:22:28.0	Ana3 - 3: T.Abluft	19.5
2021-03-11 06:22:28.0	Ana4 - 4: T.Fortluft	11.0
2021-03-11 06:22:28.0	Ana5 - 5: T.Raum	9999.9
2021-03-11 06:22:28.0	Ana9 - 9: T.Zuluft WRG warm	18.8
2021-03-11 06:22:38.0	Ana1 - 1: T.Au?en	2.3
2021-03-11 06:22:38.0	Ana2 - 2: T.Zuluft	13.4
2021-03-11 06:22:38.0	Ana3 - 3: T.Abluft	19.5
2021-03-11 06:22:38.0	Ana4 - 4: T.Fortluft	11.0
2021-03-11 06:22:38.0	Ana5 - 5: T.Raum	9999.9
2021-03-11 06:22:38.0	Ana9 - 9: T.Zuluft WRG warm	18.8
2021-03-11 06:22:48.0	Ana1 - 1: T.Au?en	2.4
2021-03-11 06:22:48.0	Ana2 - 2: T.Zuluft	13.4
2021-03-11 06:22:48.0	Ana3 - 3: T.Abluft	19.5
2021-03-11 06:22:48.0	Ana4 - 4: T.Fortluft	11.0
2021-03-11 06:22:48.0	Ana5 - 5: T.Raum	9999.9
2021-03-11 06:22:48.0	Ana9 - 9: T.Zuluft WRG warm	18.8
2021-03-11 06:22:58.0	Ana1 - 1: T.Au?en	2.4
2021-03-11 06:22:58.0	Ana2 - 2: T.Zuluft	13.4
2021-03-11 06:22:58.0	Ana3 - 3: T.Abluft	19.5
2021-03-11 06:22:58.0	Ana4 - 4: T.Fortluft	11.0
2021-03-11 06:22:58.0	Ana5 - 5: T.Raum	9999.9
2021-03-11 06:22:58.0	Ana9 - 9: T.Zuluft WRG warm	18.8
2021-03-11 06:23:08.0	Ana1 - 1: T.Au?en	2.4
2021-03-11 06:23:08.0	Ana2 - 2: T.Zuluft	13.4
2021-03-11 06:23:08.0	Ana3 - 3: T.Abluft	19.5
2021-03-11 06:23:08.0	Ana4 - 4: T.Fortluft	11.0
2021-03-11 06:23:08.0	Ana5 - 5: T.Raum	9999.9
2021-03-11 06:23:08.0	Ana9 - 9: T.Zuluft WRG warm	18.8
2021-03-11 06:23:18.0	Ana1 - 1: T.Au?en	2.4
2021-03-11 06:23:18.0	Ana2 - 2: T.Zuluft	13.4
2021-03-11 06:23:18.0	Ana3 - 3: T.Abluft	19.5
2021-03-11 06:23:18.0	Ana4 - 4: T.Fortluft	11.0
2021-03-11 06:23:18.0	Ana5 - 5: T.Raum	9999.9
2021-03-11 06:23:18.0	Ana9 - 9: T.Zuluft WRG warm	18.8
2021-03-11 06:23:28.0	Ana1 - 1: T.Au?en	2.3
2021-03-11 06:23:28.0	Ana2 - 2: T.Zuluft	13.4
2021-03-11 06:23:28.0	Ana3 - 3: T.Abluft	19.5
2021-03-11 06:23:28.0	Ana4 - 4: T.Fortluft	11.0
2021-03-11 06:23:28.0	Ana5 - 5: T.Raum	9999.9
2021-03-11 06:23:28.0	Ana9 - 9: T.Zuluft WRG warm	18.8
2021-03-11 06:23:38.0	Ana1 - 1: T.Au?en	2.3
2021-03-11 06:23:38.0	Ana2 - 2: T.Zuluft	13.4
2021-03-11 06:23:38.0	Ana3 - 3: T.Abluft	19.5
2021-03-11 06:23:38.0	Ana4 - 4: T.Fortluft	11.0
2021-03-11 06:23:38.0	Ana5 - 5: T.Raum	9999.9
2021-03-11 06:23:38.0	Ana9 - 9: T.Zuluft WRG warm	18.8
2021-03-11 06:23:48.0	Ana1 - 1: T.Au?en	2.4
2021-03-11 06:23:48.0	Ana2 - 2: T.Zuluft	13.4
2021-03-11 06:23:48.0	Ana3 - 3: T.Abluft	19.5
2021-03-11 06:23:48.0	Ana4 - 4: T.Fortluft	11.0
2021-03-11 06:23:48.0	Ana5 - 5: T.Raum	9999.9
2021-03-11 06:23:48.0	Ana9 - 9: T.Zuluft WRG warm	18.8
2021-03-11 06:23:58.0	Ana1 - 1: T.Au?en	2.4
2021-03-11 06:23:58.0	Ana2 - 2: T.Zuluft	13.4
2021-03-11 06:23:58.0	Ana3 - 3: T.Abluft	19.5
2021-03-11 06:23:58.0	Ana4 - 4: T.Fortluft	11.0
2021-03-11 06:23:58.0	Ana5 - 5: T.Raum	9999.9
2021-03-11 06:23:58.0	Ana9 - 9: T.Zuluft WRG warm	18.8
2021-03-11 06:24:08.0	Ana1 - 1: T.Au?en	2.4
2021-03-11 06:24:08.0	Ana2 - 2: T.Zuluft	13.4
2021-03-11 06:24:08.0	Ana3 - 3: T.Abluft	19.5
2021-03-11 06:24:08.0	Ana4 - 4: T.Fortluft	11.0
2021-03-11 06:24:08.0	Ana5 - 5: T.Raum	9999.9
2021-03-11 06:24:08.0	Ana9 - 9: T.Zuluft WRG warm	18.8
2021-03-11 06:24:18.0	Ana1 - 1: T.Au?en	2.4
2021-03-11 06:24:18.0	Ana2 - 2: T.Zuluft	13.4
2021-03-11 06:24:18.0	Ana3 - 3: T.Abluft	19.5
2021-03-11 06:24:18.0	Ana4 - 4: T.Fortluft	11.0
2021-03-11 06:24:18.0	Ana5 - 5: T.Raum	9999.9
2021-03-11 06:24:18.0	Ana9 - 9: T.Zuluft WRG warm	18.8
2021-03-11 06:24:28.0	Ana1 - 1: T.Au?en	2.4
2021-03-11 06:24:28.0	Ana2 - 2: T.Zuluft	13.4
2021-03-11 06:24:28.0	Ana3 - 3: T.Abluft	19.5
2021-03-11 06:24:28.0	Ana4 - 4: T.Fortluft	11.0
2021-03-11 06:24:28.0	Ana5 - 5: T.Raum	9999.9
2021-03-11 06:24:28.0	Ana9 - 9: T.Zuluft WRG warm	18.8
2021-03-11 06:24:38.0	Ana1 - 1: T.Au?en	2.4
2021-03-11 06:24:38.0	Ana2 - 2: T.Zuluft	13.4
2021-03-11 06:24:38.0	Ana3 - 3: T.Abluft	19.5
2021-03-11 06:24:38.0	Ana4 - 4: T.Fortluft	11.0
2021-03-11 06:24:38.0	Ana5 - 5: T.Raum	9999.9
2021-03-11 06:24:38.0	Ana9 - 9: T.Zuluft WRG warm	18.8
2021-03-11 06:24:48.0	Ana1 - 1: T.Au?en	2.3
2021-03-11 06:24:48.0	Ana2 - 2: T.Zuluft	13.4
2021-03-11 06:24:48.0	Ana3 - 3: T.Abluft	19.5
2021-03-11 06:24:48.0	Ana4 - 4: T.Fortluft	11.0
2021-03-11 06:24:48.0	Ana5 - 5: T.Raum	9999.9
2021-03-11 06:24:48.0	Ana9 - 9: T.Zuluft WRG warm	18.8
2021-03-11 06:24:58.0	Ana1 - 1: T.Au?en	2.4
2021-03-11 06:24:58.0	Ana2 - 2: T.Zuluft	13.4
2021-03-11 06:24:58.0	Ana3 - 3: T.Abluft	19.5
2021-03-11 06:24:58.0	Ana4 - 4: T.Fortluft	11.0
2021-03-11 06:24:58.0	Ana5 - 5: T.Raum	9999.9
2021-03-11 06:24:58.0	Ana9 - 9: T.Zuluft WRG warm	18.8
2021-03-11 06:25:08.0	Ana1 - 1: T.Au?en	2.4
2021-03-11 06:25:08.0	Ana2 - 2: T.Zuluft	13.4
2021-03-11 06:25:08.0	Ana3 - 3: T.Abluft	19.5
2021-03-11 06:25:08.0	Ana4 - 4: T.Fortluft	11.0
2021-03-11 06:25:08.0	Ana5 - 5: T.Raum	9999.9
2021-03-11 06:25:08.0	Ana9 - 9: T.Zuluft WRG warm	18.8
2021-03-11 06:25:18.0	Ana1 - 1: T.Au?en	2.4
2021-03-11 06:25:18.0	Ana2 - 2: T.Zuluft	13.4
2021-03-11 06:25:18.0	Ana3 - 3: T.Abluft	19.5
2021-03-11 06:25:18.0	Ana4 - 4: T.Fortluft	11.0
2021-03-11 06:25:18.0	Ana5 - 5: T.Raum	9999.9
2021-03-11 06:25:18.0	Ana9 - 9: T.Zuluft WRG warm	18.8
2021-03-11 06:25:28.0	Ana1 - 1: T.Au?en	2.4
2021-03-11 06:25:28.0	Ana2 - 2: T.Zuluft	13.4
2021-03-11 06:25:28.0	Ana3 - 3: T.Abluft	19.5
2021-03-11 06:25:28.0	Ana4 - 4: T.Fortluft	11.0
2021-03-11 06:25:28.0	Ana5 - 5: T.Raum	9999.9
2021-03-11 06:25:28.0	Ana9 - 9: T.Zuluft WRG warm	18.8
2021-03-11 06:25:38.0	Ana1 - 1: T.Au?en	2.4
2021-03-11 06:25:38.0	Ana2 - 2: T.Zuluft	13.4
2021-03-11 06:25:38.0	Ana3 - 3: T.Abluft	19.5
2021-03-11 06:25:38.0	Ana4 - 4: T.Fortluft	11.0
2021-03-11 06:25:38.0	Ana5 - 5: T.Raum	9999.9
2021-03-11 06:25:38.0	Ana9 - 9: T.Zuluft WRG warm	18.8
2021-03-11 06:25:48.0	Ana1 - 1: T.Au?en	2.3
2021-03-11 06:25:48.0	Ana2 - 2: T.Zuluft	13.4
2021-03-11 06:25:48.0	Ana3 - 3: T.Abluft	19.5
2021-03-11 06:25:48.0	Ana4 - 4: T.Fortluft	11.0
2021-03-11 06:25:48.0	Ana5 - 5: T.Raum	9999.9
2021-03-11 06:25:48.0	Ana9 - 9: T.Zuluft WRG warm	18.8
2021-03-11 06:25:58.0	Ana1 - 1: T.Au?en	2.3
2021-03-11 06:25:58.0	Ana2 - 2: T.Zuluft	13.4
2021-03-11 06:25:58.0	Ana3 - 3: T.Abluft	19.5
2021-03-11 06:25:58.0	Ana4 - 4: T.Fortluft	11.0
2021-03-11 06:25:58.0	Ana5 - 5: T.Raum	9999.9
2021-03-11 06:25:58.0	Ana9 - 9: T.Zuluft WRG warm	18.8
2021-03-11 06:26:08.0	Ana1 - 1: T.Au?en	2.3
2021-03-11 06:26:08.0	Ana2 - 2: T.Zuluft	13.4
2021-03-11 06:26:08.0	Ana3 - 3: T.Abluft	19.5
2021-03-11 06:26:08.0	Ana4 - 4: T.Fortluft	11.0
2021-03-11 06:26:08.0	Ana5 - 5: T.Raum	9999.9
2021-03-11 06:26:08.0	Ana9 - 9: T.Zuluft WRG warm	18.8
2021-03-11 06:26:18.0	Ana1 - 1: T.Au?en	2.3
2021-03-11 06:26:18.0	Ana2 - 2: T.Zuluft	13.4
2021-03-11 06:26:18.0	Ana3 - 3: T.Abluft	19.5
2021-03-11 06:26:18.0	Ana4 - 4: T.Fortluft	11.0
2021-03-11 06:26:18.0	Ana5 - 5: T.Raum	9999.9
2021-03-11 06:26:18.0	Ana9 - 9: T.Zuluft WRG warm	18.8
2021-03-11 06:26:28.0	Ana1 - 1: T.Au?en	2.3
2021-03-11 06:26:28.0	Ana2 - 2: T.Zuluft	13.4
2021-03-11 06:26:28.0	Ana3 - 3: T.Abluft	19.5
2021-03-11 06:26:28.0	Ana4 - 4: T.Fortluft	11.0
2021-03-11 06:26:28.0	Ana5 - 5: T.Raum	9999.9
2021-03-11 06:26:28.0	Ana9 - 9: T.Zuluft WRG warm	18.8
2021-03-11 06:26:38.0	Ana1 - 1: T.Au?en	2.3
2021-03-11 06:26:38.0	Ana2 - 2: T.Zuluft	13.4
2021-03-11 06:26:38.0	Ana3 - 3: T.Abluft	19.5
2021-03-11 06:26:38.0	Ana4 - 4: T.Fortluft	11.0
2021-03-11 06:26:38.0	Ana5 - 5: T.Raum	9999.9
2021-03-11 06:26:38.0	Ana9 - 9: T.Zuluft WRG warm	18.8
2021-03-11 06:26:48.0	Ana1 - 1: T.Au?en	2.3
2021-03-11 06:26:48.0	Ana2 - 2: T.Zuluft	13.4
2021-03-11 06:26:48.0	Ana3 - 3: T.Abluft	19.5
2021-03-11 06:26:48.0	Ana4 - 4: T.Fortluft	11.0
2021-03-11 06:26:48.0	Ana5 - 5: T.Raum	9999.9
2021-03-11 06:26:48.0	Ana9 - 9: T.Zuluft WRG warm	18.8
2021-03-11 06:26:58.0	Ana1 - 1: T.Au?en	2.3
2021-03-11 06:26:58.0	Ana2 - 2: T.Zuluft	13.4
2021-03-11 06:26:58.0	Ana3 - 3: T.Abluft	19.5
2021-03-11 06:26:58.0	Ana4 - 4: T.Fortluft	11.0
2021-03-11 06:26:58.0	Ana5 - 5: T.Raum	9999.9
2021-03-11 06:26:58.0	Ana9 - 9: T.Zuluft WRG warm	18.8
2021-03-11 06:27:08.0	Ana1 - 1: T.Au?en	2.3
2021-03-11 06:27:08.0	Ana2 - 2: T.Zuluft	13.4
2021-03-11 06:27:08.0	Ana3 - 3: T.Abluft	19.5
2021-03-11 06:27:08.0	Ana4 - 4: T.Fortluft	11.0
2021-03-11 06:27:08.0	Ana5 - 5: T.Raum	9999.9
2021-03-11 06:27:08.0	Ana9 - 9: T.Zuluft WRG warm	18.8
2021-03-11 06:27:18.0	Ana1 - 1: T.Au?en	2.3
2021-03-11 06:27:18.0	Ana2 - 2: T.Zuluft	13.4
2021-03-11 06:27:18.0	Ana3 - 3: T.Abluft	19.5
2021-03-11 06:27:18.0	Ana4 - 4: T.Fortluft	11.0
2021-03-11 06:27:18.0	Ana5 - 5: T.Raum	9999.9
2021-03-11 06:27:18.0	Ana9 - 9: T.Zuluft WRG warm	18.8
2021-03-11 06:27:28.0	Ana1 - 1: T.Au?en	2.3
2021-03-11 06:27:28.0	Ana2 - 2: T.Zuluft	13.4
2021-03-11 06:27:28.0	Ana3 - 3: T.Abluft	19.5
2021-03-11 06:27:28.0	Ana4 - 4: T.Fortluft	11.0
2021-03-11 06:27:28.0	Ana5 - 5: T.Raum	9999.9
2021-03-11 06:27:28.0	Ana9 - 9: T.Zuluft WRG warm	18.8
2021-03-11 06:27:38.0	Ana1 - 1: T.Au?en	2.3
2021-03-11 06:27:38.0	Ana2 - 2: T.Zuluft	13.4
2021-03-11 06:27:38.0	Ana3 - 3: T.Abluft	19.5
2021-03-11 06:27:38.0	Ana4 - 4: T.Fortluft	11.0
2021-03-11 06:27:38.0	Ana5 - 5: T.Raum	9999.9
2021-03-11 06:27:38.0	Ana9 - 9: T.Zuluft WRG warm	18.8
2021-03-11 06:27:48.0	Ana1 - 1: T.Au?en	2.3
2021-03-11 06:27:48.0	Ana2 - 2: T.Zuluft	13.4
2021-03-11 06:27:48.0	Ana3 - 3: T.Abluft	19.5
2021-03-11 06:27:48.0	Ana4 - 4: T.Fortluft	11.0
2021-03-11 06:27:48.0	Ana5 - 5: T.Raum	9999.9
2021-03-11 06:27:48.0	Ana9 - 9: T.Zuluft WRG warm	18.8
2021-03-11 06:27:58.0	Ana1 - 1: T.Au?en	2.3
2021-03-11 06:27:58.0	Ana2 - 2: T.Zuluft	13.4
2021-03-11 06:27:58.0	Ana3 - 3: T.Abluft	19.5
2021-03-11 06:27:58.0	Ana4 - 4: T.Fortluft	11.0
2021-03-11 06:27:58.0	Ana5 - 5: T.Raum	9999.9
2021-03-11 06:27:58.0	Ana9 - 9: T.Zuluft WRG warm	18.8
2021-03-11 06:28:08.0	Ana1 - 1: T.Au?en	2.3
2021-03-11 06:28:08.0	Ana2 - 2: T.Zuluft	13.4
2021-03-11 06:28:08.0	Ana3 - 3: T.Abluft	19.5
2021-03-11 06:28:08.0	Ana4 - 4: T.Fortluft	11.0
2021-03-11 06:28:08.0	Ana5 - 5: T.Raum	9999.9
2021-03-11 06:28:08.0	Ana9 - 9: T.Zuluft WRG warm	18.8
2021-03-11 06:28:18.0	Ana1 - 1: T.Au?en	2.3
2021-03-11 06:28:18.0	Ana2 - 2: T.Zuluft	13.4
2021-03-11 06:28:18.0	Ana3 - 3: T.Abluft	19.5
2021-03-11 06:28:18.0	Ana4 - 4: T.Fortluft	11.0
2021-03-11 06:28:18.0	Ana5 - 5: T.Raum	9999.9
2021-03-11 06:28:18.0	Ana9 - 9: T.Zuluft WRG warm	18.8
2021-03-11 06:28:28.0	Ana1 - 1: T.Au?en	2.3
2021-03-11 06:28:28.0	Ana2 - 2: T.Zuluft	13.4
2021-03-11 06:28:28.0	Ana3 - 3: T.Abluft	19.5
2021-03-11 06:28:28.0	Ana4 - 4: T.Fortluft	11.0
2021-03-11 06:28:28.0	Ana5 - 5: T.Raum	9999.9
2021-03-11 06:28:28.0	Ana9 - 9: T.Zuluft WRG warm	18.8
2021-03-11 06:28:38.0	Ana1 - 1: T.Au?en	2.3
2021-03-11 06:28:38.0	Ana2 - 2: T.Zuluft	13.4
2021-03-11 06:28:38.0	Ana3 - 3: T.Abluft	19.5
2021-03-11 06:28:38.0	Ana4 - 4: T.Fortluft	11.0
2021-03-11 06:28:38.0	Ana5 - 5: T.Raum	9999.9
2021-03-11 06:28:38.0	Ana9 - 9: T.Zuluft WRG warm	18.8
2021-03-11 06:28:48.0	Ana1 - 1: T.Au?en	2.3
2021-03-11 06:28:48.0	Ana2 - 2: T.Zuluft	13.4
2021-03-11 06:28:48.0	Ana3 - 3: T.Abluft	19.5
2021-03-11 06:28:48.0	Ana4 - 4: T.Fortluft	11.0
2021-03-11 06:28:48.0	Ana5 - 5: T.Raum	9999.9
2021-03-11 06:28:48.0	Ana9 - 9: T.Zuluft WRG warm	18.8
2021-03-11 06:28:58.0	Ana1 - 1: T.Au?en	2.3
2021-03-11 06:28:58.0	Ana2 - 2: T.Zuluft	13.4
2021-03-11 06:28:58.0	Ana3 - 3: T.Abluft	19.5
2021-03-11 06:28:58.0	Ana4 - 4: T.Fortluft	11.0
2021-03-11 06:28:58.0	Ana5 - 5: T.Raum	9999.9
2021-03-11 06:28:58.0	Ana9 - 9: T.Zuluft WRG warm	18.8
2021-03-11 06:29:08.0	Ana1 - 1: T.Au?en	2.2
2021-03-11 06:29:08.0	Ana2 - 2: T.Zuluft	13.4
2021-03-11 06:29:08.0	Ana3 - 3: T.Abluft	19.5
2021-03-11 06:29:08.0	Ana4 - 4: T.Fortluft	11.0
2021-03-11 06:29:08.0	Ana5 - 5: T.Raum	9999.9
2021-03-11 06:29:08.0	Ana9 - 9: T.Zuluft WRG warm	18.8
2021-03-11 06:29:18.0	Ana1 - 1: T.Au?en	2.2
2021-03-11 06:29:18.0	Ana2 - 2: T.Zuluft	13.4
2021-03-11 06:29:18.0	Ana3 - 3: T.Abluft	19.4
2021-03-11 06:29:18.0	Ana4 - 4: T.Fortluft	11.0
2021-03-11 06:29:18.0	Ana5 - 5: T.Raum	9999.9
2021-03-11 06:29:18.0	Ana9 - 9: T.Zuluft WRG warm	18.8
2021-03-11 06:29:28.0	Ana1 - 1: T.Au?en	2.2
2021-03-11 06:29:28.0	Ana2 - 2: T.Zuluft	13.4
2021-03-11 06:29:28.0	Ana3 - 3: T.Abluft	19.5
2021-03-11 06:29:28.0	Ana4 - 4: T.Fortluft	11.0
2021-03-11 06:29:28.0	Ana5 - 5: T.Raum	9999.9
2021-03-11 06:29:28.0	Ana9 - 9: T.Zuluft WRG warm	18.8
2021-03-11 06:29:38.0	Ana1 - 1: T.Au?en	2.2
2021-03-11 06:29:38.0	Ana2 - 2: T.Zuluft	13.4
2021-03-11 06:29:38.0	Ana3 - 3: T.Abluft	19.5
2021-03-11 06:29:38.0	Ana4 - 4: T.Fortluft	11.0
2021-03-11 06:29:38.0	Ana5 - 5: T.Raum	9999.9
2021-03-11 06:29:38.0	Ana9 - 9: T.Zuluft WRG warm	18.8
2021-03-11 06:29:48.0	Ana1 - 1: T.Au?en	2.2
2021-03-11 06:29:48.0	Ana2 - 2: T.Zuluft	13.4
2021-03-11 06:29:48.0	Ana3 - 3: T.Abluft	19.5
2021-03-11 06:29:48.0	Ana4 - 4: T.Fortluft	11.0
2021-03-11 06:29:48.0	Ana5 - 5: T.Raum	9999.9
2021-03-11 06:29:48.0	Ana9 - 9: T.Zuluft WRG warm	18.8
2021-03-11 06:29:58.0	Ana1 - 1: T.Au?en	2.2
2021-03-11 06:29:58.0	Ana2 - 2: T.Zuluft	13.4
2021-03-11 06:29:58.0	Ana3 - 3: T.Abluft	19.4
2021-03-11 06:29:58.0	Ana4 - 4: T.Fortluft	11.0
2021-03-11 06:29:58.0	Ana5 - 5: T.Raum	9999.9
2021-03-11 06:29:58.0	Ana9 - 9: T.Zuluft WRG warm	18.8
2021-03-11 06:30:08.0	Ana1 - 1: T.Au?en	2.2
2021-03-11 06:30:08.0	Ana2 - 2: T.Zuluft	13.4
2021-03-11 06:30:08.0	Ana3 - 3: T.Abluft	19.5
2021-03-11 06:30:08.0	Ana4 - 4: T.Fortluft	11.0
2021-03-11 06:30:08.0	Ana5 - 5: T.Raum	9999.9
2021-03-11 06:30:08.0	Ana9 - 9: T.Zuluft WRG warm	18.8
2021-03-11 06:30:18.0	Ana1 - 1: T.Au?en	2.3
2021-03-11 06:30:18.0	Ana2 - 2: T.Zuluft	13.4
2021-03-11 06:30:18.0	Ana3 - 3: T.Abluft	19.4
2021-03-11 06:30:18.0	Ana4 - 4: T.Fortluft	11.0
2021-03-11 06:30:18.0	Ana5 - 5: T.Raum	9999.9
2021-03-11 06:30:18.0	Ana9 - 9: T.Zuluft WRG warm	18.8
2021-03-11 06:30:28.0	Ana1 - 1: T.Au?en	2.3
2021-03-11 06:30:28.0	Ana2 - 2: T.Zuluft	13.4
2021-03-11 06:30:28.0	Ana3 - 3: T.Abluft	19.5
2021-03-11 06:30:28.0	Ana4 - 4: T.Fortluft	11.0
2021-03-11 06:30:28.0	Ana5 - 5: T.Raum	9999.9
2021-03-11 06:30:28.0	Ana9 - 9: T.Zuluft WRG warm	18.8
2021-03-11 06:30:38.0	Ana1 - 1: T.Au?en	2.3
2021-03-11 06:30:38.0	Ana2 - 2: T.Zuluft	13.4
2021-03-11 06:30:38.0	Ana3 - 3: T.Abluft	19.4
2021-03-11 06:30:38.0	Ana4 - 4: T.Fortluft	11.0
2021-03-11 06:30:38.0	Ana5 - 5: T.Raum	9999.9
2021-03-11 06:30:38.0	Ana9 - 9: T.Zuluft WRG warm	18.8
2021-03-11 06:30:48.0	Ana1 - 1: T.Au?en	2.3
2021-03-11 06:30:48.0	Ana2 - 2: T.Zuluft	13.4
2021-03-11 06:30:48.0	Ana3 - 3: T.Abluft	19.4
2021-03-11 06:30:48.0	Ana4 - 4: T.Fortluft	11.0
2021-03-11 06:30:48.0	Ana5 - 5: T.Raum	9999.9
2021-03-11 06:30:48.0	Ana9 - 9: T.Zuluft WRG warm	18.8
2021-03-11 06:30:58.0	Ana1 - 1: T.Au?en	2.2
2021-03-11 06:30:58.0	Ana2 - 2: T.Zuluft	13.4
2021-03-11 06:30:58.0	Ana3 - 3: T.Abluft	19.4
2021-03-11 06:30:58.0	Ana4 - 4: T.Fortluft	11.0
2021-03-11 06:30:58.0	Ana5 - 5: T.Raum	9999.9
2021-03-11 06:30:58.0	Ana9 - 9: T.Zuluft WRG warm	18.8
2021-03-11 06:31:08.0	Ana1 - 1: T.Au?en	2.2
2021-03-11 06:31:08.0	Ana2 - 2: T.Zuluft	13.4
2021-03-11 06:31:08.0	Ana3 - 3: T.Abluft	19.4
2021-03-11 06:31:08.0	Ana4 - 4: T.Fortluft	11.0
2021-03-11 06:31:08.0	Ana5 - 5: T.Raum	9999.9
2021-03-11 06:31:08.0	Ana9 - 9: T.Zuluft WRG warm	18.8
2021-03-11 06:31:18.0	Ana1 - 1: T.Au?en	2.2
2021-03-11 06:31:18.0	Ana2 - 2: T.Zuluft	13.4
2021-03-11 06:31:18.0	Ana3 - 3: T.Abluft	19.4
2021-03-11 06:31:18.0	Ana4 - 4: T.Fortluft	11.0
2021-03-11 06:31:18.0	Ana5 - 5: T.Raum	9999.9
2021-03-11 06:31:18.0	Ana9 - 9: T.Zuluft WRG warm	18.8
2021-03-11 06:31:28.0	Ana1 - 1: T.Au?en	2.2
2021-03-11 06:31:28.0	Ana2 - 2: T.Zuluft	13.4
2021-03-11 06:31:28.0	Ana3 - 3: T.Abluft	19.4
2021-03-11 06:31:28.0	Ana4 - 4: T.Fortluft	11.0
2021-03-11 06:31:28.0	Ana5 - 5: T.Raum	9999.9
2021-03-11 06:31:28.0	Ana9 - 9: T.Zuluft WRG warm	18.8
2021-03-11 06:31:38.0	Ana1 - 1: T.Au?en	2.2
2021-03-11 06:31:38.0	Ana2 - 2: T.Zuluft	13.4
2021-03-11 06:31:38.0	Ana3 - 3: T.Abluft	19.4
2021-03-11 06:31:38.0	Ana4 - 4: T.Fortluft	11.0
2021-03-11 06:31:38.0	Ana5 - 5: T.Raum	9999.9
2021-03-11 06:31:38.0	Ana9 - 9: T.Zuluft WRG warm	18.8
2021-03-11 06:31:48.0	Ana1 - 1: T.Au?en	2.2
2021-03-11 06:31:48.0	Ana2 - 2: T.Zuluft	13.4
2021-03-11 06:31:48.0	Ana3 - 3: T.Abluft	19.4
2021-03-11 06:31:48.0	Ana4 - 4: T.Fortluft	11.0
2021-03-11 06:31:48.0	Ana5 - 5: T.Raum	9999.9
2021-03-11 06:31:48.0	Ana9 - 9: T.Zuluft WRG warm	18.8
2021-03-11 06:31:58.0	Ana1 - 1: T.Au?en	2.2
2021-03-11 06:31:58.0	Ana2 - 2: T.Zuluft	13.4
2021-03-11 06:31:58.0	Ana3 - 3: T.Abluft	19.4
2021-03-11 06:31:58.0	Ana4 - 4: T.Fortluft	11.0
2021-03-11 06:31:58.0	Ana5 - 5: T.Raum	9999.9
2021-03-11 06:31:58.0	Ana9 - 9: T.Zuluft WRG warm	18.8
2021-03-11 06:32:08.0	Ana1 - 1: T.Au?en	2.2
2021-03-11 06:32:08.0	Ana2 - 2: T.Zuluft	13.4
2021-03-11 06:32:08.0	Ana3 - 3: T.Abluft	19.4
2021-03-11 06:32:08.0	Ana4 - 4: T.Fortluft	11.0
2021-03-11 06:32:08.0	Ana5 - 5: T.Raum	9999.9
2021-03-11 06:32:08.0	Ana9 - 9: T.Zuluft WRG warm	18.8
2021-03-11 06:32:18.0	Ana1 - 1: T.Au?en	2.2
2021-03-11 06:32:18.0	Ana2 - 2: T.Zuluft	13.4
2021-03-11 06:32:18.0	Ana3 - 3: T.Abluft	19.4
2021-03-11 06:32:18.0	Ana4 - 4: T.Fortluft	11.0
2021-03-11 06:32:18.0	Ana5 - 5: T.Raum	9999.9
2021-03-11 06:32:18.0	Ana9 - 9: T.Zuluft WRG warm	18.8
2021-03-11 06:32:28.0	Ana1 - 1: T.Au?en	2.2
2021-03-11 06:32:28.0	Ana2 - 2: T.Zuluft	13.4
2021-03-11 06:32:28.0	Ana3 - 3: T.Abluft	19.4
2021-03-11 06:32:28.0	Ana4 - 4: T.Fortluft	11.0
2021-03-11 06:32:28.0	Ana5 - 5: T.Raum	9999.9
2021-03-11 06:32:28.0	Ana9 - 9: T.Zuluft WRG warm	18.8
2021-03-11 06:32:38.0	Ana1 - 1: T.Au?en	2.2
2021-03-11 06:32:38.0	Ana2 - 2: T.Zuluft	13.3
2021-03-11 06:32:38.0	Ana3 - 3: T.Abluft	19.4
2021-03-11 06:32:38.0	Ana4 - 4: T.Fortluft	11.0
2021-03-11 06:32:38.0	Ana5 - 5: T.Raum	9999.9
2021-03-11 06:32:38.0	Ana9 - 9: T.Zuluft WRG warm	18.8
2021-03-11 06:32:48.0	Ana1 - 1: T.Au?en	2.2
2021-03-11 06:32:48.0	Ana2 - 2: T.Zuluft	13.3
2021-03-11 06:32:48.0	Ana3 - 3: T.Abluft	19.4
2021-03-11 06:32:48.0	Ana4 - 4: T.Fortluft	11.0
2021-03-11 06:32:48.0	Ana5 - 5: T.Raum	9999.9
2021-03-11 06:32:48.0	Ana9 - 9: T.Zuluft WRG warm	18.8
2021-03-11 06:32:58.0	Ana1 - 1: T.Au?en	2.2
2021-03-11 06:32:58.0	Ana2 - 2: T.Zuluft	13.3
2021-03-11 06:32:58.0	Ana3 - 3: T.Abluft	19.4
2021-03-11 06:32:58.0	Ana4 - 4: T.Fortluft	11.0
2021-03-11 06:32:58.0	Ana5 - 5: T.Raum	9999.9
2021-03-11 06:32:58.0	Ana9 - 9: T.Zuluft WRG warm	18.8
2021-03-11 06:33:08.0	Ana1 - 1: T.Au?en	2.2
2021-03-11 06:33:08.0	Ana2 - 2: T.Zuluft	13.3
2021-03-11 06:33:08.0	Ana3 - 3: T.Abluft	19.4
2021-03-11 06:33:08.0	Ana4 - 4: T.Fortluft	11.0
2021-03-11 06:33:08.0	Ana5 - 5: T.Raum	9999.9
2021-03-11 06:33:08.0	Ana9 - 9: T.Zuluft WRG warm	18.8
2021-03-11 06:33:18.0	Ana1 - 1: T.Au?en	2.2
2021-03-11 06:33:18.0	Ana2 - 2: T.Zuluft	13.4
2021-03-11 06:33:18.0	Ana3 - 3: T.Abluft	19.4
2021-03-11 06:33:18.0	Ana4 - 4: T.Fortluft	11.0
2021-03-11 06:33:18.0	Ana5 - 5: T.Raum	9999.9
2021-03-11 06:33:18.0	Ana9 - 9: T.Zuluft WRG warm	18.8
2021-03-11 06:33:28.0	Ana1 - 1: T.Au?en	2.2
2021-03-11 06:33:28.0	Ana2 - 2: T.Zuluft	13.3
2021-03-11 06:33:28.0	Ana3 - 3: T.Abluft	19.4
2021-03-11 06:33:28.0	Ana4 - 4: T.Fortluft	11.0
2021-03-11 06:33:28.0	Ana5 - 5: T.Raum	9999.9
2021-03-11 06:33:28.0	Ana9 - 9: T.Zuluft WRG warm	18.8
2021-03-11 06:33:38.0	Ana1 - 1: T.Au?en	2.2
2021-03-11 06:33:38.0	Ana2 - 2: T.Zuluft	13.3
2021-03-11 06:33:38.0	Ana3 - 3: T.Abluft	19.4
2021-03-11 06:33:38.0	Ana4 - 4: T.Fortluft	11.0
2021-03-11 06:33:38.0	Ana5 - 5: T.Raum	9999.9
2021-03-11 06:33:38.0	Ana9 - 9: T.Zuluft WRG warm	18.8
2021-03-11 06:33:48.0	Ana1 - 1: T.Au?en	2.1
2021-03-11 06:33:48.0	Ana2 - 2: T.Zuluft	13.3
2021-03-11 06:33:48.0	Ana3 - 3: T.Abluft	19.4
2021-03-11 06:33:48.0	Ana4 - 4: T.Fortluft	11.0
2021-03-11 06:33:48.0	Ana5 - 5: T.Raum	9999.9
2021-03-11 06:33:48.0	Ana9 - 9: T.Zuluft WRG warm	18.8
2021-03-11 06:33:58.0	Ana1 - 1: T.Au?en	2.2
2021-03-11 06:33:58.0	Ana2 - 2: T.Zuluft	13.3
2021-03-11 06:33:58.0	Ana3 - 3: T.Abluft	19.4
2021-03-11 06:33:58.0	Ana4 - 4: T.Fortluft	11.0
2021-03-11 06:33:58.0	Ana5 - 5: T.Raum	9999.9
2021-03-11 06:33:58.0	Ana9 - 9: T.Zuluft WRG warm	18.8
2021-03-11 06:34:08.0	Ana1 - 1: T.Au?en	2.2
2021-03-11 06:34:08.0	Ana2 - 2: T.Zuluft	13.4
2021-03-11 06:34:08.0	Ana3 - 3: T.Abluft	19.4
2021-03-11 06:34:08.0	Ana4 - 4: T.Fortluft	11.0
2021-03-11 06:34:08.0	Ana5 - 5: T.Raum	9999.9
2021-03-11 06:34:08.0	Ana9 - 9: T.Zuluft WRG warm	18.8
2021-03-11 06:34:18.0	Ana1 - 1: T.Au?en	2.2
2021-03-11 06:34:18.0	Ana2 - 2: T.Zuluft	13.3
2021-03-11 06:34:18.0	Ana3 - 3: T.Abluft	19.4
2021-03-11 06:34:18.0	Ana4 - 4: T.Fortluft	11.0
2021-03-11 06:34:18.0	Ana5 - 5: T.Raum	9999.9
2021-03-11 06:34:18.0	Ana9 - 9: T.Zuluft WRG warm	18.8
2021-03-11 06:34:28.0	Ana1 - 1: T.Au?en	2.2
2021-03-11 06:34:28.0	Ana2 - 2: T.Zuluft	13.3
2021-03-11 06:34:28.0	Ana3 - 3: T.Abluft	19.4
2021-03-11 06:34:28.0	Ana4 - 4: T.Fortluft	11.0
2021-03-11 06:34:28.0	Ana5 - 5: T.Raum	9999.9
2021-03-11 06:34:28.0	Ana9 - 9: T.Zuluft WRG warm	18.8
2021-03-11 06:34:38.0	Ana1 - 1: T.Au?en	2.2
2021-03-11 06:34:38.0	Ana2 - 2: T.Zuluft	13.4
2021-03-11 06:34:38.0	Ana3 - 3: T.Abluft	19.4
2021-03-11 06:34:38.0	Ana4 - 4: T.Fortluft	11.0
2021-03-11 06:34:38.0	Ana5 - 5: T.Raum	9999.9
2021-03-11 06:34:38.0	Ana9 - 9: T.Zuluft WRG warm	18.8
2021-03-11 06:34:48.0	Ana1 - 1: T.Au?en	2.2
2021-03-11 06:34:48.0	Ana2 - 2: T.Zuluft	13.4
2021-03-11 06:34:48.0	Ana3 - 3: T.Abluft	19.4
2021-03-11 06:34:48.0	Ana4 - 4: T.Fortluft	10.9
2021-03-11 06:34:48.0	Ana5 - 5: T.Raum	9999.9
2021-03-11 06:34:48.0	Ana9 - 9: T.Zuluft WRG warm	18.8
2021-03-11 06:34:58.0	Ana1 - 1: T.Au?en	2.2
2021-03-11 06:34:58.0	Ana2 - 2: T.Zuluft	13.3
2021-03-11 06:34:58.0	Ana3 - 3: T.Abluft	19.4
2021-03-11 06:34:58.0	Ana4 - 4: T.Fortluft	11.0
2021-03-11 06:34:58.0	Ana5 - 5: T.Raum	9999.9
2021-03-11 06:34:58.0	Ana9 - 9: T.Zuluft WRG warm	18.8
2021-03-11 06:35:08.0	Ana1 - 1: T.Au?en	2.2
2021-03-11 06:35:08.0	Ana2 - 2: T.Zuluft	13.4
2021-03-11 06:35:08.0	Ana3 - 3: T.Abluft	19.4
2021-03-11 06:35:08.0	Ana4 - 4: T.Fortluft	11.0
2021-03-11 06:35:08.0	Ana5 - 5: T.Raum	9999.9
2021-03-11 06:35:08.0	Ana9 - 9: T.Zuluft WRG warm	18.8
2021-03-11 06:35:18.0	Ana1 - 1: T.Au?en	2.2
2021-03-11 06:35:18.0	Ana2 - 2: T.Zuluft	13.4
2021-03-11 06:35:18.0	Ana3 - 3: T.Abluft	19.4
2021-03-11 06:35:18.0	Ana4 - 4: T.Fortluft	11.0
2021-03-11 06:35:18.0	Ana5 - 5: T.Raum	9999.9
2021-03-11 06:35:18.0	Ana9 - 9: T.Zuluft WRG warm	18.8
2021-03-11 06:35:28.0	Ana1 - 1: T.Au?en	2.2
2021-03-11 06:35:28.0	Ana2 - 2: T.Zuluft	13.4
2021-03-11 06:35:28.0	Ana3 - 3: T.Abluft	19.4
2021-03-11 06:35:28.0	Ana4 - 4: T.Fortluft	11.0
2021-03-11 06:35:28.0	Ana5 - 5: T.Raum	9999.9
2021-03-11 06:35:28.0	Ana9 - 9: T.Zuluft WRG warm	18.8
2021-03-11 06:35:38.0	Ana1 - 1: T.Au?en	2.2
2021-03-11 06:35:38.0	Ana2 - 2: T.Zuluft	13.4
2021-03-11 06:35:38.0	Ana3 - 3: T.Abluft	19.4
2021-03-11 06:35:38.0	Ana4 - 4: T.Fortluft	10.9
2021-03-11 06:35:38.0	Ana5 - 5: T.Raum	9999.9
2021-03-11 06:35:38.0	Ana9 - 9: T.Zuluft WRG warm	18.8
2021-03-11 06:35:48.0	Ana1 - 1: T.Au?en	2.2
2021-03-11 06:35:48.0	Ana2 - 2: T.Zuluft	13.4
2021-03-11 06:35:48.0	Ana3 - 3: T.Abluft	19.4
2021-03-11 06:35:48.0	Ana4 - 4: T.Fortluft	10.9
2021-03-11 06:35:48.0	Ana5 - 5: T.Raum	9999.9
2021-03-11 06:35:48.0	Ana9 - 9: T.Zuluft WRG warm	18.8
2021-03-11 06:35:58.0	Ana1 - 1: T.Au?en	2.2
2021-03-11 06:35:58.0	Ana2 - 2: T.Zuluft	13.4
2021-03-11 06:35:58.0	Ana3 - 3: T.Abluft	19.4
2021-03-11 06:35:58.0	Ana4 - 4: T.Fortluft	11.0
2021-03-11 06:35:58.0	Ana5 - 5: T.Raum	9999.9
2021-03-11 06:35:58.0	Ana9 - 9: T.Zuluft WRG warm	18.8
2021-03-11 06:36:08.0	Ana1 - 1: T.Au?en	2.2
2021-03-11 06:36:08.0	Ana2 - 2: T.Zuluft	13.4
2021-03-11 06:36:08.0	Ana3 - 3: T.Abluft	19.4
2021-03-11 06:36:08.0	Ana4 - 4: T.Fortluft	11.0
2021-03-11 06:36:08.0	Ana5 - 5: T.Raum	9999.9
2021-03-11 06:36:08.0	Ana9 - 9: T.Zuluft WRG warm	18.8
2021-03-11 06:36:18.0	Ana1 - 1: T.Au?en	2.2
2021-03-11 06:36:18.0	Ana2 - 2: T.Zuluft	13.4
2021-03-11 06:36:18.0	Ana3 - 3: T.Abluft	19.4
2021-03-11 06:36:18.0	Ana4 - 4: T.Fortluft	10.9
2021-03-11 06:36:18.0	Ana5 - 5: T.Raum	9999.9
2021-03-11 06:36:18.0	Ana9 - 9: T.Zuluft WRG warm	18.8
2021-03-11 06:36:28.0	Ana1 - 1: T.Au?en	2.2
2021-03-11 06:36:28.0	Ana2 - 2: T.Zuluft	13.3
2021-03-11 06:36:28.0	Ana3 - 3: T.Abluft	19.4
2021-03-11 06:36:28.0	Ana4 - 4: T.Fortluft	11.0
2021-03-11 06:36:28.0	Ana5 - 5: T.Raum	9999.9
2021-03-11 06:36:28.0	Ana9 - 9: T.Zuluft WRG warm	18.8
2021-03-11 06:36:38.0	Ana1 - 1: T.Au?en	2.2
2021-03-11 06:36:38.0	Ana2 - 2: T.Zuluft	13.3
2021-03-11 06:36:38.0	Ana3 - 3: T.Abluft	19.4
2021-03-11 06:36:38.0	Ana4 - 4: T.Fortluft	10.9
2021-03-11 06:36:38.0	Ana5 - 5: T.Raum	9999.9
2021-03-11 06:36:38.0	Ana9 - 9: T.Zuluft WRG warm	18.8
2021-03-11 06:36:48.0	Ana1 - 1: T.Au?en	2.2
2021-03-11 06:36:48.0	Ana2 - 2: T.Zuluft	13.3
2021-03-11 06:36:48.0	Ana3 - 3: T.Abluft	19.4
2021-03-11 06:36:48.0	Ana4 - 4: T.Fortluft	11.0
2021-03-11 06:36:48.0	Ana5 - 5: T.Raum	9999.9
2021-03-11 06:36:48.0	Ana9 - 9: T.Zuluft WRG warm	18.8
2021-03-11 06:36:58.0	Ana1 - 1: T.Au?en	2.3
2021-03-11 06:36:58.0	Ana2 - 2: T.Zuluft	13.4
2021-03-11 06:36:58.0	Ana3 - 3: T.Abluft	19.4
2021-03-11 06:36:58.0	Ana4 - 4: T.Fortluft	11.0
2021-03-11 06:36:58.0	Ana5 - 5: T.Raum	9999.9
2021-03-11 06:36:58.0	Ana9 - 9: T.Zuluft WRG warm	18.8
2021-03-11 06:37:08.0	Ana1 - 1: T.Au?en	2.3
2021-03-11 06:37:08.0	Ana2 - 2: T.Zuluft	13.4
2021-03-11 06:37:08.0	Ana3 - 3: T.Abluft	19.4
2021-03-11 06:37:08.0	Ana4 - 4: T.Fortluft	11.0
2021-03-11 06:37:08.0	Ana5 - 5: T.Raum	9999.9
2021-03-11 06:37:08.0	Ana9 - 9: T.Zuluft WRG warm	18.8
2021-03-11 06:37:18.0	Ana1 - 1: T.Au?en	2.3
2021-03-11 06:37:18.0	Ana2 - 2: T.Zuluft	13.4
2021-03-11 06:37:18.0	Ana3 - 3: T.Abluft	19.4
2021-03-11 06:37:18.0	Ana4 - 4: T.Fortluft	11.0
2021-03-11 06:37:18.0	Ana5 - 5: T.Raum	9999.9
2021-03-11 06:37:18.0	Ana9 - 9: T.Zuluft WRG warm	18.8
2021-03-11 06:37:28.0	Ana1 - 1: T.Au?en	2.4
2021-03-11 06:37:28.0	Ana2 - 2: T.Zuluft	13.3
2021-03-11 06:37:28.0	Ana3 - 3: T.Abluft	19.4
2021-03-11 06:37:28.0	Ana4 - 4: T.Fortluft	10.9
2021-03-11 06:37:28.0	Ana5 - 5: T.Raum	9999.9
2021-03-11 06:37:28.0	Ana9 - 9: T.Zuluft WRG warm	18.8
2021-03-11 06:37:38.0	Ana1 - 1: T.Au?en	2.4
2021-03-11 06:37:38.0	Ana2 - 2: T.Zuluft	13.3
2021-03-11 06:37:38.0	Ana3 - 3: T.Abluft	19.4
2021-03-11 06:37:38.0	Ana4 - 4: T.Fortluft	11.0
2021-03-11 06:37:38.0	Ana5 - 5: T.Raum	9999.9
2021-03-11 06:37:38.0	Ana9 - 9: T.Zuluft WRG warm	18.8
2021-03-11 06:37:48.0	Ana1 - 1: T.Au?en	2.5
2021-03-11 06:37:48.0	Ana2 - 2: T.Zuluft	13.3
2021-03-11 06:37:48.0	Ana3 - 3: T.Abluft	19.4
2021-03-11 06:37:48.0	Ana4 - 4: T.Fortluft	10.9
2021-03-11 06:37:48.0	Ana5 - 5: T.Raum	9999.9
2021-03-11 06:37:48.0	Ana9 - 9: T.Zuluft WRG warm	18.8
2021-03-11 06:37:58.0	Ana1 - 1: T.Au?en	2.5
2021-03-11 06:37:58.0	Ana2 - 2: T.Zuluft	13.3
2021-03-11 06:37:58.0	Ana3 - 3: T.Abluft	19.4
2021-03-11 06:37:58.0	Ana4 - 4: T.Fortluft	10.9
2021-03-11 06:37:58.0	Ana5 - 5: T.Raum	9999.9
2021-03-11 06:37:58.0	Ana9 - 9: T.Zuluft WRG warm	18.8
2021-03-11 06:38:08.0	Ana1 - 1: T.Au?en	2.5
2021-03-11 06:38:08.0	Ana2 - 2: T.Zuluft	13.3
2021-03-11 06:38:08.0	Ana3 - 3: T.Abluft	19.4
2021-03-11 06:38:08.0	Ana4 - 4: T.Fortluft	11.0
2021-03-11 06:38:08.0	Ana5 - 5: T.Raum	9999.9
2021-03-11 06:38:08.0	Ana9 - 9: T.Zuluft WRG warm	18.8
2021-03-11 06:38:18.0	Ana1 - 1: T.Au?en	2.5
2021-03-11 06:38:18.0	Ana2 - 2: T.Zuluft	13.3
2021-03-11 06:38:18.0	Ana3 - 3: T.Abluft	19.4
2021-03-11 06:38:18.0	Ana4 - 4: T.Fortluft	10.9
2021-03-11 06:38:18.0	Ana5 - 5: T.Raum	9999.9
2021-03-11 06:38:18.0	Ana9 - 9: T.Zuluft WRG warm	18.8
2021-03-11 06:38:28.0	Ana1 - 1: T.Au?en	2.6
2021-03-11 06:38:28.0	Ana2 - 2: T.Zuluft	13.3
2021-03-11 06:38:28.0	Ana3 - 3: T.Abluft	19.4
2021-03-11 06:38:28.0	Ana4 - 4: T.Fortluft	10.9
2021-03-11 06:38:28.0	Ana5 - 5: T.Raum	9999.9
2021-03-11 06:38:28.0	Ana9 - 9: T.Zuluft WRG warm	18.8
2021-03-11 06:38:38.0	Ana1 - 1: T.Au?en	2.6
2021-03-11 06:38:38.0	Ana2 - 2: T.Zuluft	13.3
2021-03-11 06:38:38.0	Ana3 - 3: T.Abluft	19.4
2021-03-11 06:38:38.0	Ana4 - 4: T.Fortluft	10.9
2021-03-11 06:38:38.0	Ana5 - 5: T.Raum	9999.9
2021-03-11 06:38:38.0	Ana9 - 9: T.Zuluft WRG warm	18.8
2021-03-11 06:38:48.0	Ana1 - 1: T.Au?en	2.6
2021-03-11 06:38:48.0	Ana2 - 2: T.Zuluft	13.3
2021-03-11 06:38:48.0	Ana3 - 3: T.Abluft	19.4
2021-03-11 06:38:48.0	Ana4 - 4: T.Fortluft	10.9
2021-03-11 06:38:48.0	Ana5 - 5: T.Raum	9999.9
2021-03-11 06:38:48.0	Ana9 - 9: T.Zuluft WRG warm	18.8
2021-03-11 06:38:58.0	Ana1 - 1: T.Au?en	2.6
2021-03-11 06:38:58.0	Ana2 - 2: T.Zuluft	13.3
2021-03-11 06:38:58.0	Ana3 - 3: T.Abluft	19.4
2021-03-11 06:38:58.0	Ana4 - 4: T.Fortluft	11.0
2021-03-11 06:38:58.0	Ana5 - 5: T.Raum	9999.9
2021-03-11 06:38:58.0	Ana9 - 9: T.Zuluft WRG warm	18.8
2021-03-11 06:39:08.0	Ana1 - 1: T.Au?en	2.6
2021-03-11 06:39:08.0	Ana2 - 2: T.Zuluft	13.3
2021-03-11 06:39:08.0	Ana3 - 3: T.Abluft	19.4
2021-03-11 06:39:08.0	Ana4 - 4: T.Fortluft	11.0
2021-03-11 06:39:08.0	Ana5 - 5: T.Raum	9999.9
2021-03-11 06:39:08.0	Ana9 - 9: T.Zuluft WRG warm	18.8
2021-03-11 06:39:18.0	Ana1 - 1: T.Au?en	2.6
2021-03-11 06:39:18.0	Ana2 - 2: T.Zuluft	13.3
2021-03-11 06:39:18.0	Ana3 - 3: T.Abluft	19.5
2021-03-11 06:39:18.0	Ana4 - 4: T.Fortluft	10.9
2021-03-11 06:39:18.0	Ana5 - 5: T.Raum	9999.9
2021-03-11 06:39:18.0	Ana9 - 9: T.Zuluft WRG warm	18.8
2021-03-11 06:39:28.0	Ana1 - 1: T.Au?en	2.6
2021-03-11 06:39:28.0	Ana2 - 2: T.Zuluft	13.3
2021-03-11 06:39:28.0	Ana3 - 3: T.Abluft	19.4
2021-03-11 06:39:28.0	Ana4 - 4: T.Fortluft	10.9
2021-03-11 06:39:28.0	Ana5 - 5: T.Raum	9999.9
2021-03-11 06:39:28.0	Ana9 - 9: T.Zuluft WRG warm	18.8
2021-03-11 06:39:38.0	Ana1 - 1: T.Au?en	2.6
2021-03-11 06:39:38.0	Ana2 - 2: T.Zuluft	13.3
2021-03-11 06:39:38.0	Ana3 - 3: T.Abluft	19.5
2021-03-11 06:39:38.0	Ana4 - 4: T.Fortluft	11.0
2021-03-11 06:39:38.0	Ana5 - 5: T.Raum	9999.9
2021-03-11 06:39:38.0	Ana9 - 9: T.Zuluft WRG warm	18.8
2021-03-11 06:39:48.0	Ana1 - 1: T.Au?en	2.5
2021-03-11 06:39:48.0	Ana2 - 2: T.Zuluft	13.3
2021-03-11 06:39:48.0	Ana3 - 3: T.Abluft	19.5
2021-03-11 06:39:48.0	Ana4 - 4: T.Fortluft	10.9
2021-03-11 06:39:48.0	Ana5 - 5: T.Raum	9999.9
2021-03-11 06:39:48.0	Ana9 - 9: T.Zuluft WRG warm	18.8
2021-03-11 06:39:58.0	Ana1 - 1: T.Au?en	2.6
2021-03-11 06:39:58.0	Ana2 - 2: T.Zuluft	13.3
2021-03-11 06:39:58.0	Ana3 - 3: T.Abluft	19.5
2021-03-11 06:39:58.0	Ana4 - 4: T.Fortluft	10.9
2021-03-11 06:39:58.0	Ana5 - 5: T.Raum	9999.9
2021-03-11 06:39:58.0	Ana9 - 9: T.Zuluft WRG warm	18.8
2021-03-11 06:40:08.0	Ana1 - 1: T.Au?en	2.6
2021-03-11 06:40:08.0	Ana2 - 2: T.Zuluft	13.3
2021-03-11 06:40:08.0	Ana3 - 3: T.Abluft	19.5
2021-03-11 06:40:08.0	Ana4 - 4: T.Fortluft	10.9
2021-03-11 06:40:08.0	Ana5 - 5: T.Raum	9999.9
2021-03-11 06:40:08.0	Ana9 - 9: T.Zuluft WRG warm	18.8
2021-03-11 06:40:18.0	Ana1 - 1: T.Au?en	2.6
2021-03-11 06:40:18.0	Ana2 - 2: T.Zuluft	13.3
2021-03-11 06:40:18.0	Ana3 - 3: T.Abluft	19.5
2021-03-11 06:40:18.0	Ana4 - 4: T.Fortluft	10.9
2021-03-11 06:40:18.0	Ana5 - 5: T.Raum	9999.9
2021-03-11 06:40:18.0	Ana9 - 9: T.Zuluft WRG warm	18.8
2021-03-11 06:40:28.0	Ana1 - 1: T.Au?en	2.6
2021-03-11 06:40:28.0	Ana2 - 2: T.Zuluft	13.3
2021-03-11 06:40:28.0	Ana3 - 3: T.Abluft	19.5
2021-03-11 06:40:28.0	Ana4 - 4: T.Fortluft	10.9
2021-03-11 06:40:28.0	Ana5 - 5: T.Raum	9999.9
2021-03-11 06:40:28.0	Ana9 - 9: T.Zuluft WRG warm	18.8
2021-03-11 06:40:38.0	Ana1 - 1: T.Au?en	2.6
2021-03-11 06:40:38.0	Ana2 - 2: T.Zuluft	13.3
2021-03-11 06:40:38.0	Ana3 - 3: T.Abluft	19.5
2021-03-11 06:40:38.0	Ana4 - 4: T.Fortluft	10.9
2021-03-11 06:40:38.0	Ana5 - 5: T.Raum	9999.9
2021-03-11 06:40:38.0	Ana9 - 9: T.Zuluft WRG warm	18.8
2021-03-11 06:40:48.0	Ana1 - 1: T.Au?en	2.6
2021-03-11 06:40:48.0	Ana2 - 2: T.Zuluft	13.3
2021-03-11 06:40:48.0	Ana3 - 3: T.Abluft	19.5
2021-03-11 06:40:48.0	Ana4 - 4: T.Fortluft	10.9
2021-03-11 06:40:48.0	Ana5 - 5: T.Raum	9999.9
2021-03-11 06:40:48.0	Ana9 - 9: T.Zuluft WRG warm	18.8
2021-03-11 06:40:58.0	Ana1 - 1: T.Au?en	2.6
2021-03-11 06:40:58.0	Ana2 - 2: T.Zuluft	13.3
2021-03-11 06:40:58.0	Ana3 - 3: T.Abluft	19.5
2021-03-11 06:40:58.0	Ana4 - 4: T.Fortluft	10.9
2021-03-11 06:40:58.0	Ana5 - 5: T.Raum	9999.9
2021-03-11 06:40:58.0	Ana9 - 9: T.Zuluft WRG warm	18.8
2021-03-11 06:41:08.0	Ana1 - 1: T.Au?en	2.6
2021-03-11 06:41:08.0	Ana2 - 2: T.Zuluft	13.3
2021-03-11 06:41:08.0	Ana3 - 3: T.Abluft	19.5
2021-03-11 06:41:08.0	Ana4 - 4: T.Fortluft	10.9
2021-03-11 06:41:08.0	Ana5 - 5: T.Raum	9999.9
2021-03-11 06:41:08.0	Ana9 - 9: T.Zuluft WRG warm	18.8
2021-03-11 06:41:18.0	Ana1 - 1: T.Au?en	2.6
2021-03-11 06:41:18.0	Ana2 - 2: T.Zuluft	13.3
2021-03-11 06:41:18.0	Ana3 - 3: T.Abluft	19.5
2021-03-11 06:41:18.0	Ana4 - 4: T.Fortluft	10.9
2021-03-11 06:41:18.0	Ana5 - 5: T.Raum	9999.9
2021-03-11 06:41:18.0	Ana9 - 9: T.Zuluft WRG warm	18.8
2021-03-11 06:41:28.0	Ana1 - 1: T.Au?en	2.6
2021-03-11 06:41:28.0	Ana2 - 2: T.Zuluft	13.3
2021-03-11 06:41:28.0	Ana3 - 3: T.Abluft	19.5
2021-03-11 06:41:28.0	Ana4 - 4: T.Fortluft	10.9
2021-03-11 06:41:28.0	Ana5 - 5: T.Raum	9999.9
2021-03-11 06:41:28.0	Ana9 - 9: T.Zuluft WRG warm	18.8
2021-03-11 06:41:38.0	Ana1 - 1: T.Au?en	2.6
2021-03-11 06:41:38.0	Ana2 - 2: T.Zuluft	13.4
2021-03-11 06:41:38.0	Ana3 - 3: T.Abluft	19.5
2021-03-11 06:41:38.0	Ana4 - 4: T.Fortluft	10.9
2021-03-11 06:41:38.0	Ana5 - 5: T.Raum	9999.9
2021-03-11 06:41:38.0	Ana9 - 9: T.Zuluft WRG warm	18.8
2021-03-11 06:41:48.0	Ana1 - 1: T.Au?en	2.6
2021-03-11 06:41:48.0	Ana2 - 2: T.Zuluft	13.4
2021-03-11 06:41:48.0	Ana3 - 3: T.Abluft	19.5
2021-03-11 06:41:48.0	Ana4 - 4: T.Fortluft	10.9
2021-03-11 06:41:48.0	Ana5 - 5: T.Raum	9999.9
2021-03-11 06:41:48.0	Ana9 - 9: T.Zuluft WRG warm	18.8
2021-03-11 06:41:58.0	Ana1 - 1: T.Au?en	2.6
2021-03-11 06:41:58.0	Ana2 - 2: T.Zuluft	13.4
2021-03-11 06:41:58.0	Ana3 - 3: T.Abluft	19.5
2021-03-11 06:41:58.0	Ana4 - 4: T.Fortluft	10.9
2021-03-11 06:41:58.0	Ana5 - 5: T.Raum	9999.9
2021-03-11 06:41:58.0	Ana9 - 9: T.Zuluft WRG warm	18.8
2021-03-11 06:42:08.0	Ana1 - 1: T.Au?en	2.6
2021-03-11 06:42:08.0	Ana2 - 2: T.Zuluft	13.3
2021-03-11 06:42:08.0	Ana3 - 3: T.Abluft	19.5
2021-03-11 06:42:08.0	Ana4 - 4: T.Fortluft	10.9
2021-03-11 06:42:08.0	Ana5 - 5: T.Raum	9999.9
2021-03-11 06:42:08.0	Ana9 - 9: T.Zuluft WRG warm	18.8
2021-03-11 06:42:18.0	Ana1 - 1: T.Au?en	2.6
2021-03-11 06:42:18.0	Ana2 - 2: T.Zuluft	13.3
2021-03-11 06:42:18.0	Ana3 - 3: T.Abluft	19.5
2021-03-11 06:42:18.0	Ana4 - 4: T.Fortluft	10.9
2021-03-11 06:42:18.0	Ana5 - 5: T.Raum	9999.9
2021-03-11 06:42:18.0	Ana9 - 9: T.Zuluft WRG warm	18.8
2021-03-11 06:42:28.0	Ana1 - 1: T.Au?en	2.6
2021-03-11 06:42:28.0	Ana2 - 2: T.Zuluft	13.3
2021-03-11 06:42:28.0	Ana3 - 3: T.Abluft	19.5
2021-03-11 06:42:28.0	Ana4 - 4: T.Fortluft	10.9
2021-03-11 06:42:28.0	Ana5 - 5: T.Raum	9999.9
2021-03-11 06:42:28.0	Ana9 - 9: T.Zuluft WRG warm	18.8
2021-03-11 06:42:38.0	Ana1 - 1: T.Au?en	2.6
2021-03-11 06:42:38.0	Ana2 - 2: T.Zuluft	13.3
2021-03-11 06:42:38.0	Ana3 - 3: T.Abluft	19.5
2021-03-11 06:42:38.0	Ana4 - 4: T.Fortluft	10.9
2021-03-11 06:42:38.0	Ana5 - 5: T.Raum	9999.9
2021-03-11 06:42:38.0	Ana9 - 9: T.Zuluft WRG warm	18.8
2021-03-11 06:42:48.0	Ana1 - 1: T.Au?en	2.6
2021-03-11 06:42:48.0	Ana2 - 2: T.Zuluft	13.3
2021-03-11 06:42:48.0	Ana3 - 3: T.Abluft	19.5
2021-03-11 06:42:48.0	Ana4 - 4: T.Fortluft	10.9
2021-03-11 06:42:48.0	Ana5 - 5: T.Raum	9999.9
2021-03-11 06:42:48.0	Ana9 - 9: T.Zuluft WRG warm	18.8
2021-03-11 06:42:58.0	Ana1 - 1: T.Au?en	2.6
2021-03-11 06:42:58.0	Ana2 - 2: T.Zuluft	13.3
2021-03-11 06:42:58.0	Ana3 - 3: T.Abluft	19.5
2021-03-11 06:42:58.0	Ana4 - 4: T.Fortluft	10.9
2021-03-11 06:42:58.0	Ana5 - 5: T.Raum	9999.9
2021-03-11 06:42:58.0	Ana9 - 9: T.Zuluft WRG warm	18.8
2021-03-11 06:43:08.0	Ana1 - 1: T.Au?en	2.6
2021-03-11 06:43:08.0	Ana2 - 2: T.Zuluft	13.3
2021-03-11 06:43:08.0	Ana3 - 3: T.Abluft	19.5
2021-03-11 06:43:08.0	Ana4 - 4: T.Fortluft	10.9
2021-03-11 06:43:08.0	Ana5 - 5: T.Raum	9999.9
2021-03-11 06:43:08.0	Ana9 - 9: T.Zuluft WRG warm	18.8
2021-03-11 06:43:18.0	Ana1 - 1: T.Au?en	2.6
2021-03-11 06:43:18.0	Ana2 - 2: T.Zuluft	13.3
2021-03-11 06:43:18.0	Ana3 - 3: T.Abluft	19.5
2021-03-11 06:43:18.0	Ana4 - 4: T.Fortluft	11.0
2021-03-11 06:43:18.0	Ana5 - 5: T.Raum	9999.9
2021-03-11 06:43:18.0	Ana9 - 9: T.Zuluft WRG warm	18.8
2021-03-11 06:43:28.0	Ana1 - 1: T.Au?en	2.6
2021-03-11 06:43:28.0	Ana2 - 2: T.Zuluft	13.4
2021-03-11 06:43:28.0	Ana3 - 3: T.Abluft	19.5
2021-03-11 06:43:28.0	Ana4 - 4: T.Fortluft	10.9
2021-03-11 06:43:28.0	Ana5 - 5: T.Raum	9999.9
2021-03-11 06:43:28.0	Ana9 - 9: T.Zuluft WRG warm	18.8
2021-03-11 06:43:38.0	Ana1 - 1: T.Au?en	2.6
2021-03-11 06:43:38.0	Ana2 - 2: T.Zuluft	13.4
2021-03-11 06:43:38.0	Ana3 - 3: T.Abluft	19.5
2021-03-11 06:43:38.0	Ana4 - 4: T.Fortluft	10.9
2021-03-11 06:43:38.0	Ana5 - 5: T.Raum	9999.9
2021-03-11 06:43:38.0	Ana9 - 9: T.Zuluft WRG warm	18.8
2021-03-11 06:43:48.0	Ana1 - 1: T.Au?en	2.6
2021-03-11 06:43:48.0	Ana2 - 2: T.Zuluft	13.4
2021-03-11 06:43:48.0	Ana3 - 3: T.Abluft	19.5
2021-03-11 06:43:48.0	Ana4 - 4: T.Fortluft	10.9
2021-03-11 06:43:48.0	Ana5 - 5: T.Raum	9999.9
2021-03-11 06:43:48.0	Ana9 - 9: T.Zuluft WRG warm	18.8
2021-03-11 06:43:58.0	Ana1 - 1: T.Au?en	2.6
2021-03-11 06:43:58.0	Ana2 - 2: T.Zuluft	13.4
2021-03-11 06:43:58.0	Ana3 - 3: T.Abluft	19.5
2021-03-11 06:43:58.0	Ana4 - 4: T.Fortluft	10.9
2021-03-11 06:43:58.0	Ana5 - 5: T.Raum	9999.9
2021-03-11 06:43:58.0	Ana9 - 9: T.Zuluft WRG warm	18.8
2021-03-11 06:44:08.0	Ana1 - 1: T.Au?en	2.6
2021-03-11 06:44:08.0	Ana2 - 2: T.Zuluft	13.4
2021-03-11 06:44:08.0	Ana3 - 3: T.Abluft	19.5
2021-03-11 06:44:08.0	Ana4 - 4: T.Fortluft	10.9
2021-03-11 06:44:08.0	Ana5 - 5: T.Raum	9999.9
2021-03-11 06:44:08.0	Ana9 - 9: T.Zuluft WRG warm	18.8
2021-03-11 06:44:18.0	Ana1 - 1: T.Au?en	2.6
2021-03-11 06:44:18.0	Ana2 - 2: T.Zuluft	13.4
2021-03-11 06:44:18.0	Ana3 - 3: T.Abluft	19.5
2021-03-11 06:44:18.0	Ana4 - 4: T.Fortluft	10.9
2021-03-11 06:44:18.0	Ana5 - 5: T.Raum	9999.9
2021-03-11 06:44:18.0	Ana9 - 9: T.Zuluft WRG warm	18.8
2021-03-11 06:44:28.0	Ana1 - 1: T.Au?en	2.7
2021-03-11 06:44:28.0	Ana2 - 2: T.Zuluft	13.3
2021-03-11 06:44:28.0	Ana3 - 3: T.Abluft	19.5
2021-03-11 06:44:28.0	Ana4 - 4: T.Fortluft	10.9
2021-03-11 06:44:28.0	Ana5 - 5: T.Raum	9999.9
2021-03-11 06:44:28.0	Ana9 - 9: T.Zuluft WRG warm	18.8
2021-03-11 06:44:38.0	Ana1 - 1: T.Au?en	2.7
2021-03-11 06:44:38.0	Ana2 - 2: T.Zuluft	13.4
2021-03-11 06:44:38.0	Ana3 - 3: T.Abluft	19.5
2021-03-11 06:44:38.0	Ana4 - 4: T.Fortluft	11.0
2021-03-11 06:44:38.0	Ana5 - 5: T.Raum	9999.9
2021-03-11 06:44:38.0	Ana9 - 9: T.Zuluft WRG warm	18.8
2021-03-11 06:44:48.0	Ana1 - 1: T.Au?en	2.7
2021-03-11 06:44:48.0	Ana2 - 2: T.Zuluft	13.3
2021-03-11 06:44:48.0	Ana3 - 3: T.Abluft	19.5
2021-03-11 06:44:48.0	Ana4 - 4: T.Fortluft	10.9
2021-03-11 06:44:48.0	Ana5 - 5: T.Raum	9999.9
2021-03-11 06:44:48.0	Ana9 - 9: T.Zuluft WRG warm	18.8
2021-03-11 06:44:58.0	Ana1 - 1: T.Au?en	2.7
2021-03-11 06:44:58.0	Ana2 - 2: T.Zuluft	13.4
2021-03-11 06:44:58.0	Ana3 - 3: T.Abluft	19.5
2021-03-11 06:44:58.0	Ana4 - 4: T.Fortluft	10.9
2021-03-11 06:44:58.0	Ana5 - 5: T.Raum	9999.9
2021-03-11 06:44:58.0	Ana9 - 9: T.Zuluft WRG warm	18.8
2021-03-11 06:45:08.0	Ana1 - 1: T.Au?en	2.7
2021-03-11 06:45:08.0	Ana2 - 2: T.Zuluft	13.4
2021-03-11 06:45:08.0	Ana3 - 3: T.Abluft	19.5
2021-03-11 06:45:08.0	Ana4 - 4: T.Fortluft	10.9
2021-03-11 06:45:08.0	Ana5 - 5: T.Raum	9999.9
2021-03-11 06:45:08.0	Ana9 - 9: T.Zuluft WRG warm	18.8
2021-03-11 06:45:18.0	Ana1 - 1: T.Au?en	2.7
2021-03-11 06:45:18.0	Ana2 - 2: T.Zuluft	13.4
2021-03-11 06:45:18.0	Ana3 - 3: T.Abluft	19.5
2021-03-11 06:45:18.0	Ana4 - 4: T.Fortluft	10.9
2021-03-11 06:45:18.0	Ana5 - 5: T.Raum	9999.9
2021-03-11 06:45:18.0	Ana9 - 9: T.Zuluft WRG warm	18.8
2021-03-11 06:45:28.0	Ana1 - 1: T.Au?en	2.7
2021-03-11 06:45:28.0	Ana2 - 2: T.Zuluft	13.3
2021-03-11 06:45:28.0	Ana3 - 3: T.Abluft	19.5
2021-03-11 06:45:28.0	Ana4 - 4: T.Fortluft	11.0
2021-03-11 06:45:28.0	Ana5 - 5: T.Raum	9999.9
2021-03-11 06:45:28.0	Ana9 - 9: T.Zuluft WRG warm	18.8
2021-03-11 06:45:38.0	Ana1 - 1: T.Au?en	2.7
2021-03-11 06:45:38.0	Ana2 - 2: T.Zuluft	13.4
2021-03-11 06:45:38.0	Ana3 - 3: T.Abluft	19.5
2021-03-11 06:45:38.0	Ana4 - 4: T.Fortluft	10.9
2021-03-11 06:45:38.0	Ana5 - 5: T.Raum	9999.9
2021-03-11 06:45:38.0	Ana9 - 9: T.Zuluft WRG warm	18.8
2021-03-11 06:45:48.0	Ana1 - 1: T.Au?en	2.7
2021-03-11 06:45:48.0	Ana2 - 2: T.Zuluft	13.4
2021-03-11 06:45:48.0	Ana3 - 3: T.Abluft	19.5
2021-03-11 06:45:48.0	Ana4 - 4: T.Fortluft	11.0
2021-03-11 06:45:48.0	Ana5 - 5: T.Raum	9999.9
2021-03-11 06:45:48.0	Ana9 - 9: T.Zuluft WRG warm	18.8
2021-03-11 06:45:58.0	Ana1 - 1: T.Au?en	2.7
2021-03-11 06:45:58.0	Ana2 - 2: T.Zuluft	13.3
2021-03-11 06:45:58.0	Ana3 - 3: T.Abluft	19.5
2021-03-11 06:45:58.0	Ana4 - 4: T.Fortluft	11.0
2021-03-11 06:45:58.0	Ana5 - 5: T.Raum	9999.9
2021-03-11 06:45:58.0	Ana9 - 9: T.Zuluft WRG warm	18.8
2021-03-11 06:46:08.0	Ana1 - 1: T.Au?en	2.7
2021-03-11 06:46:08.0	Ana2 - 2: T.Zuluft	13.4
2021-03-11 06:46:08.0	Ana3 - 3: T.Abluft	19.5
2021-03-11 06:46:08.0	Ana4 - 4: T.Fortluft	11.0
2021-03-11 06:46:08.0	Ana5 - 5: T.Raum	9999.9
2021-03-11 06:46:08.0	Ana9 - 9: T.Zuluft WRG warm	18.8
2021-03-11 06:46:18.0	Ana1 - 1: T.Au?en	2.7
2021-03-11 06:46:18.0	Ana2 - 2: T.Zuluft	13.4
2021-03-11 06:46:18.0	Ana3 - 3: T.Abluft	19.5
2021-03-11 06:46:18.0	Ana4 - 4: T.Fortluft	11.0
2021-03-11 06:46:18.0	Ana5 - 5: T.Raum	9999.9
2021-03-11 06:46:18.0	Ana9 - 9: T.Zuluft WRG warm	18.8
2021-03-11 06:46:28.0	Ana1 - 1: T.Au?en	2.7
2021-03-11 06:46:28.0	Ana2 - 2: T.Zuluft	13.4
2021-03-11 06:46:28.0	Ana3 - 3: T.Abluft	19.5
2021-03-11 06:46:28.0	Ana4 - 4: T.Fortluft	11.0
2021-03-11 06:46:28.0	Ana5 - 5: T.Raum	9999.9
2021-03-11 06:46:28.0	Ana9 - 9: T.Zuluft WRG warm	18.8
2021-03-11 06:46:38.0	Ana1 - 1: T.Au?en	2.7
2021-03-11 06:46:38.0	Ana2 - 2: T.Zuluft	13.4
2021-03-11 06:46:38.0	Ana3 - 3: T.Abluft	19.5
2021-03-11 06:46:38.0	Ana4 - 4: T.Fortluft	10.9
2021-03-11 06:46:38.0	Ana5 - 5: T.Raum	9999.9
2021-03-11 06:46:38.0	Ana9 - 9: T.Zuluft WRG warm	18.8
2021-03-11 06:46:48.0	Ana1 - 1: T.Au?en	2.7
2021-03-11 06:46:48.0	Ana2 - 2: T.Zuluft	13.4
2021-03-11 06:46:48.0	Ana3 - 3: T.Abluft	19.5
2021-03-11 06:46:48.0	Ana4 - 4: T.Fortluft	11.0
2021-03-11 06:46:48.0	Ana5 - 5: T.Raum	9999.9
2021-03-11 06:46:48.0	Ana9 - 9: T.Zuluft WRG warm	18.8
2021-03-11 06:46:58.0	Ana1 - 1: T.Au?en	2.7
2021-03-11 06:46:58.0	Ana2 - 2: T.Zuluft	13.4
2021-03-11 06:46:58.0	Ana3 - 3: T.Abluft	19.5
2021-03-11 06:46:58.0	Ana4 - 4: T.Fortluft	11.0
2021-03-11 06:46:58.0	Ana5 - 5: T.Raum	9999.9
2021-03-11 06:46:58.0	Ana9 - 9: T.Zuluft WRG warm	18.8
2021-03-11 06:47:08.0	Ana1 - 1: T.Au?en	2.7
2021-03-11 06:47:08.0	Ana2 - 2: T.Zuluft	13.4
2021-03-11 06:47:08.0	Ana3 - 3: T.Abluft	19.5
2021-03-11 06:47:08.0	Ana4 - 4: T.Fortluft	11.0
2021-03-11 06:47:08.0	Ana5 - 5: T.Raum	9999.9
2021-03-11 06:47:08.0	Ana9 - 9: T.Zuluft WRG warm	18.8
2021-03-11 06:47:18.0	Ana1 - 1: T.Au?en	2.7
2021-03-11 06:47:18.0	Ana2 - 2: T.Zuluft	13.4
2021-03-11 06:47:18.0	Ana3 - 3: T.Abluft	19.5
2021-03-11 06:47:18.0	Ana4 - 4: T.Fortluft	11.0
2021-03-11 06:47:18.0	Ana5 - 5: T.Raum	9999.9
2021-03-11 06:47:18.0	Ana9 - 9: T.Zuluft WRG warm	18.8
2021-03-11 06:47:28.0	Ana1 - 1: T.Au?en	2.7
2021-03-11 06:47:28.0	Ana2 - 2: T.Zuluft	13.4
2021-03-11 06:47:28.0	Ana3 - 3: T.Abluft	19.5
2021-03-11 06:47:28.0	Ana4 - 4: T.Fortluft	11.0
2021-03-11 06:47:28.0	Ana5 - 5: T.Raum	9999.9
2021-03-11 06:47:28.0	Ana9 - 9: T.Zuluft WRG warm	18.8
2021-03-11 06:47:38.0	Ana1 - 1: T.Au?en	2.7
2021-03-11 06:47:38.0	Ana2 - 2: T.Zuluft	13.4
2021-03-11 06:47:38.0	Ana3 - 3: T.Abluft	19.5
2021-03-11 06:47:38.0	Ana4 - 4: T.Fortluft	11.0
2021-03-11 06:47:38.0	Ana5 - 5: T.Raum	9999.9
2021-03-11 06:47:38.0	Ana9 - 9: T.Zuluft WRG warm	18.8
2021-03-11 06:47:48.0	Ana1 - 1: T.Au?en	2.6
2021-03-11 06:47:48.0	Ana2 - 2: T.Zuluft	13.4
2021-03-11 06:47:48.0	Ana3 - 3: T.Abluft	19.5
2021-03-11 06:47:48.0	Ana4 - 4: T.Fortluft	11.0
2021-03-11 06:47:48.0	Ana5 - 5: T.Raum	9999.9
2021-03-11 06:47:48.0	Ana9 - 9: T.Zuluft WRG warm	18.8
2021-03-11 06:47:58.0	Ana1 - 1: T.Au?en	2.6
2021-03-11 06:47:58.0	Ana2 - 2: T.Zuluft	13.3
2021-03-11 06:47:58.0	Ana3 - 3: T.Abluft	19.5
2021-03-11 06:47:58.0	Ana4 - 4: T.Fortluft	11.0
2021-03-11 06:47:58.0	Ana5 - 5: T.Raum	9999.9
2021-03-11 06:47:58.0	Ana9 - 9: T.Zuluft WRG warm	18.8
2021-03-11 06:48:08.0	Ana1 - 1: T.Au?en	2.6
2021-03-11 06:48:08.0	Ana2 - 2: T.Zuluft	13.3
2021-03-11 06:48:08.0	Ana3 - 3: T.Abluft	19.5
2021-03-11 06:48:08.0	Ana4 - 4: T.Fortluft	11.0
2021-03-11 06:48:08.0	Ana5 - 5: T.Raum	9999.9
2021-03-11 06:48:08.0	Ana9 - 9: T.Zuluft WRG warm	18.8
2021-03-11 06:48:18.0	Ana1 - 1: T.Au?en	2.6
2021-03-11 06:48:18.0	Ana2 - 2: T.Zuluft	13.3
2021-03-11 06:48:18.0	Ana3 - 3: T.Abluft	19.5
2021-03-11 06:48:18.0	Ana4 - 4: T.Fortluft	11.0
2021-03-11 06:48:18.0	Ana5 - 5: T.Raum	9999.9
2021-03-11 06:48:18.0	Ana9 - 9: T.Zuluft WRG warm	18.8
2021-03-11 06:48:28.0	Ana1 - 1: T.Au?en	2.6
2021-03-11 06:48:28.0	Ana2 - 2: T.Zuluft	13.4
2021-03-11 06:48:28.0	Ana3 - 3: T.Abluft	19.5
2021-03-11 06:48:28.0	Ana4 - 4: T.Fortluft	11.0
2021-03-11 06:48:28.0	Ana5 - 5: T.Raum	9999.9
2021-03-11 06:48:28.0	Ana9 - 9: T.Zuluft WRG warm	18.8
2021-03-11 06:48:38.0	Ana1 - 1: T.Au?en	2.6
2021-03-11 06:48:38.0	Ana2 - 2: T.Zuluft	13.4
2021-03-11 06:48:38.0	Ana3 - 3: T.Abluft	19.5
2021-03-11 06:48:38.0	Ana4 - 4: T.Fortluft	11.0
2021-03-11 06:48:38.0	Ana5 - 5: T.Raum	9999.9
2021-03-11 06:48:38.0	Ana9 - 9: T.Zuluft WRG warm	18.8
2021-03-11 06:48:48.0	Ana1 - 1: T.Au?en	2.6
2021-03-11 06:48:48.0	Ana2 - 2: T.Zuluft	13.4
2021-03-11 06:48:48.0	Ana3 - 3: T.Abluft	19.5
2021-03-11 06:48:48.0	Ana4 - 4: T.Fortluft	11.0
2021-03-11 06:48:48.0	Ana5 - 5: T.Raum	9999.9
2021-03-11 06:48:48.0	Ana9 - 9: T.Zuluft WRG warm	18.8
2021-03-11 06:48:58.0	Ana1 - 1: T.Au?en	2.6
2021-03-11 06:48:58.0	Ana2 - 2: T.Zuluft	13.4
2021-03-11 06:48:58.0	Ana3 - 3: T.Abluft	19.5
2021-03-11 06:48:58.0	Ana4 - 4: T.Fortluft	11.0
2021-03-11 06:48:58.0	Ana5 - 5: T.Raum	9999.9
2021-03-11 06:48:58.0	Ana9 - 9: T.Zuluft WRG warm	18.8
2021-03-11 06:49:08.0	Ana1 - 1: T.Au?en	2.6
2021-03-11 06:49:08.0	Ana2 - 2: T.Zuluft	13.4
2021-03-11 06:49:08.0	Ana3 - 3: T.Abluft	19.5
2021-03-11 06:49:08.0	Ana4 - 4: T.Fortluft	11.0
2021-03-11 06:49:08.0	Ana5 - 5: T.Raum	9999.9
2021-03-11 06:49:08.0	Ana9 - 9: T.Zuluft WRG warm	18.8
2021-03-11 06:49:18.0	Ana1 - 1: T.Au?en	2.7
2021-03-11 06:49:18.0	Ana2 - 2: T.Zuluft	13.4
2021-03-11 06:49:18.0	Ana3 - 3: T.Abluft	19.5
2021-03-11 06:49:18.0	Ana4 - 4: T.Fortluft	11.0
2021-03-11 06:49:18.0	Ana5 - 5: T.Raum	9999.9
2021-03-11 06:49:18.0	Ana9 - 9: T.Zuluft WRG warm	18.8
2021-03-11 06:49:28.0	Ana1 - 1: T.Au?en	2.7
2021-03-11 06:49:28.0	Ana2 - 2: T.Zuluft	13.4
2021-03-11 06:49:28.0	Ana3 - 3: T.Abluft	19.5
2021-03-11 06:49:28.0	Ana4 - 4: T.Fortluft	11.0
2021-03-11 06:49:28.0	Ana5 - 5: T.Raum	9999.9
2021-03-11 06:49:28.0	Ana9 - 9: T.Zuluft WRG warm	18.8
2021-03-11 06:49:38.0	Ana1 - 1: T.Au?en	2.7
2021-03-11 06:49:38.0	Ana2 - 2: T.Zuluft	13.4
2021-03-11 06:49:38.0	Ana3 - 3: T.Abluft	19.5
2021-03-11 06:49:38.0	Ana4 - 4: T.Fortluft	11.0
2021-03-11 06:49:38.0	Ana5 - 5: T.Raum	9999.9
2021-03-11 06:49:38.0	Ana9 - 9: T.Zuluft WRG warm	18.8
2021-03-11 06:49:48.0	Ana1 - 1: T.Au?en	2.7
2021-03-11 06:49:48.0	Ana2 - 2: T.Zuluft	13.4
2021-03-11 06:49:48.0	Ana3 - 3: T.Abluft	19.5
2021-03-11 06:49:48.0	Ana4 - 4: T.Fortluft	11.0
2021-03-11 06:49:48.0	Ana5 - 5: T.Raum	9999.9
2021-03-11 06:49:48.0	Ana9 - 9: T.Zuluft WRG warm	18.8
2021-03-11 06:49:58.0	Ana1 - 1: T.Au?en	2.7
2021-03-11 06:49:58.0	Ana2 - 2: T.Zuluft	13.4
2021-03-11 06:49:58.0	Ana3 - 3: T.Abluft	19.5
2021-03-11 06:49:58.0	Ana4 - 4: T.Fortluft	11.0
2021-03-11 06:49:58.0	Ana5 - 5: T.Raum	9999.9
2021-03-11 06:49:58.0	Ana9 - 9: T.Zuluft WRG warm	18.8
2021-03-11 06:50:08.0	Ana1 - 1: T.Au?en	2.7
2021-03-11 06:50:08.0	Ana2 - 2: T.Zuluft	13.4
2021-03-11 06:50:08.0	Ana3 - 3: T.Abluft	19.5
2021-03-11 06:50:08.0	Ana4 - 4: T.Fortluft	11.0
2021-03-11 06:50:08.0	Ana5 - 5: T.Raum	9999.9
2021-03-11 06:50:08.0	Ana9 - 9: T.Zuluft WRG warm	18.8
2021-03-11 06:50:18.0	Ana1 - 1: T.Au?en	2.7
2021-03-11 06:50:18.0	Ana2 - 2: T.Zuluft	13.4
2021-03-11 06:50:18.0	Ana3 - 3: T.Abluft	19.5
2021-03-11 06:50:18.0	Ana4 - 4: T.Fortluft	11.0
2021-03-11 06:50:18.0	Ana5 - 5: T.Raum	9999.9
2021-03-11 06:50:18.0	Ana9 - 9: T.Zuluft WRG warm	18.8
2021-03-11 06:50:28.0	Ana1 - 1: T.Au?en	2.7
2021-03-11 06:50:28.0	Ana2 - 2: T.Zuluft	13.4
2021-03-11 06:50:28.0	Ana3 - 3: T.Abluft	19.5
2021-03-11 06:50:28.0	Ana4 - 4: T.Fortluft	11.0
2021-03-11 06:50:28.0	Ana5 - 5: T.Raum	9999.9
2021-03-11 06:50:28.0	Ana9 - 9: T.Zuluft WRG warm	18.8
2021-03-11 06:50:38.0	Ana1 - 1: T.Au?en	2.7
2021-03-11 06:50:38.0	Ana2 - 2: T.Zuluft	13.3
2021-03-11 06:50:38.0	Ana3 - 3: T.Abluft	19.5
2021-03-11 06:50:38.0	Ana4 - 4: T.Fortluft	11.0
2021-03-11 06:50:38.0	Ana5 - 5: T.Raum	9999.9
2021-03-11 06:50:38.0	Ana9 - 9: T.Zuluft WRG warm	18.8
2021-03-11 06:50:48.0	Ana1 - 1: T.Au?en	2.7
2021-03-11 06:50:48.0	Ana2 - 2: T.Zuluft	13.4
2021-03-11 06:50:48.0	Ana3 - 3: T.Abluft	19.5
2021-03-11 06:50:48.0	Ana4 - 4: T.Fortluft	11.0
2021-03-11 06:50:48.0	Ana5 - 5: T.Raum	9999.9
2021-03-11 06:50:48.0	Ana9 - 9: T.Zuluft WRG warm	18.8
2021-03-11 06:50:58.0	Ana1 - 1: T.Au?en	2.7
2021-03-11 06:50:58.0	Ana2 - 2: T.Zuluft	13.4
2021-03-11 06:50:58.0	Ana3 - 3: T.Abluft	19.5
2021-03-11 06:50:58.0	Ana4 - 4: T.Fortluft	11.0
2021-03-11 06:50:58.0	Ana5 - 5: T.Raum	9999.9
2021-03-11 06:50:58.0	Ana9 - 9: T.Zuluft WRG warm	18.8
2021-03-11 06:51:08.0	Ana1 - 1: T.Au?en	2.7
2021-03-11 06:51:08.0	Ana2 - 2: T.Zuluft	13.4
2021-03-11 06:51:08.0	Ana3 - 3: T.Abluft	19.5
2021-03-11 06:51:08.0	Ana4 - 4: T.Fortluft	11.0
2021-03-11 06:51:08.0	Ana5 - 5: T.Raum	9999.9
2021-03-11 06:51:08.0	Ana9 - 9: T.Zuluft WRG warm	18.8
2021-03-11 06:51:18.0	Ana1 - 1: T.Au?en	2.7
2021-03-11 06:51:18.0	Ana2 - 2: T.Zuluft	13.4
2021-03-11 06:51:18.0	Ana3 - 3: T.Abluft	19.5
2021-03-11 06:51:18.0	Ana4 - 4: T.Fortluft	11.0
2021-03-11 06:51:18.0	Ana5 - 5: T.Raum	9999.9
2021-03-11 06:51:18.0	Ana9 - 9: T.Zuluft WRG warm	18.8
2021-03-11 06:51:28.0	Ana1 - 1: T.Au?en	2.7
2021-03-11 06:51:28.0	Ana2 - 2: T.Zuluft	13.4
2021-03-11 06:51:28.0	Ana3 - 3: T.Abluft	19.5
2021-03-11 06:51:28.0	Ana4 - 4: T.Fortluft	11.0
2021-03-11 06:51:28.0	Ana5 - 5: T.Raum	9999.9
2021-03-11 06:51:28.0	Ana9 - 9: T.Zuluft WRG warm	18.8
2021-03-11 06:51:38.0	Ana1 - 1: T.Au?en	2.7
2021-03-11 06:51:38.0	Ana2 - 2: T.Zuluft	13.4
2021-03-11 06:51:38.0	Ana3 - 3: T.Abluft	19.5
2021-03-11 06:51:38.0	Ana4 - 4: T.Fortluft	11.0
2021-03-11 06:51:38.0	Ana5 - 5: T.Raum	9999.9
2021-03-11 06:51:38.0	Ana9 - 9: T.Zuluft WRG warm	18.8
2021-03-11 06:51:48.0	Ana1 - 1: T.Au?en	2.7
2021-03-11 06:51:48.0	Ana2 - 2: T.Zuluft	13.4
2021-03-11 06:51:48.0	Ana3 - 3: T.Abluft	19.5
2021-03-11 06:51:48.0	Ana4 - 4: T.Fortluft	11.0
2021-03-11 06:51:48.0	Ana5 - 5: T.Raum	9999.9
2021-03-11 06:51:48.0	Ana9 - 9: T.Zuluft WRG warm	18.8
2021-03-11 06:51:58.0	Ana1 - 1: T.Au?en	2.6
2021-03-11 06:51:58.0	Ana2 - 2: T.Zuluft	13.4
2021-03-11 06:51:58.0	Ana3 - 3: T.Abluft	19.5
2021-03-11 06:51:58.0	Ana4 - 4: T.Fortluft	11.0
2021-03-11 06:51:58.0	Ana5 - 5: T.Raum	9999.9
2021-03-11 06:51:58.0	Ana9 - 9: T.Zuluft WRG warm	18.8
2021-03-11 06:52:08.0	Ana1 - 1: T.Au?en	2.6
2021-03-11 06:52:08.0	Ana2 - 2: T.Zuluft	13.4
2021-03-11 06:52:08.0	Ana3 - 3: T.Abluft	19.5
2021-03-11 06:52:08.0	Ana4 - 4: T.Fortluft	11.0
2021-03-11 06:52:08.0	Ana5 - 5: T.Raum	9999.9
2021-03-11 06:52:08.0	Ana9 - 9: T.Zuluft WRG warm	18.8
2021-03-11 06:52:18.0	Ana1 - 1: T.Au?en	2.6
2021-03-11 06:52:18.0	Ana2 - 2: T.Zuluft	13.4
2021-03-11 06:52:18.0	Ana3 - 3: T.Abluft	19.5
2021-03-11 06:52:18.0	Ana4 - 4: T.Fortluft	11.0
2021-03-11 06:52:18.0	Ana5 - 5: T.Raum	9999.9
2021-03-11 06:52:18.0	Ana9 - 9: T.Zuluft WRG warm	18.8
2021-03-11 06:52:28.0	Ana1 - 1: T.Au?en	2.7
2021-03-11 06:52:28.0	Ana2 - 2: T.Zuluft	13.4
2021-03-11 06:52:28.0	Ana3 - 3: T.Abluft	19.5
2021-03-11 06:52:28.0	Ana4 - 4: T.Fortluft	11.0
2021-03-11 06:52:28.0	Ana5 - 5: T.Raum	9999.9
2021-03-11 06:52:28.0	Ana9 - 9: T.Zuluft WRG warm	18.8
2021-03-11 06:52:38.0	Ana1 - 1: T.Au?en	2.7
2021-03-11 06:52:38.0	Ana2 - 2: T.Zuluft	13.4
2021-03-11 06:52:38.0	Ana3 - 3: T.Abluft	19.5
2021-03-11 06:52:38.0	Ana4 - 4: T.Fortluft	11.0
2021-03-11 06:52:38.0	Ana5 - 5: T.Raum	9999.9
2021-03-11 06:52:38.0	Ana9 - 9: T.Zuluft WRG warm	18.8
2021-03-11 06:52:48.0	Ana1 - 1: T.Au?en	2.7
2021-03-11 06:52:48.0	Ana2 - 2: T.Zuluft	13.4
2021-03-11 06:52:48.0	Ana3 - 3: T.Abluft	19.5
2021-03-11 06:52:48.0	Ana4 - 4: T.Fortluft	11.0
2021-03-11 06:52:48.0	Ana5 - 5: T.Raum	9999.9
2021-03-11 06:52:48.0	Ana9 - 9: T.Zuluft WRG warm	18.8
2021-03-11 06:52:58.0	Ana1 - 1: T.Au?en	2.7
2021-03-11 06:52:58.0	Ana2 - 2: T.Zuluft	13.4
2021-03-11 06:52:58.0	Ana3 - 3: T.Abluft	19.5
2021-03-11 06:52:58.0	Ana4 - 4: T.Fortluft	11.0
2021-03-11 06:52:58.0	Ana5 - 5: T.Raum	9999.9
2021-03-11 06:52:58.0	Ana9 - 9: T.Zuluft WRG warm	18.8
2021-03-11 06:53:08.0	Ana1 - 1: T.Au?en	2.7
2021-03-11 06:53:08.0	Ana2 - 2: T.Zuluft	13.4
2021-03-11 06:53:08.0	Ana3 - 3: T.Abluft	19.5
2021-03-11 06:53:08.0	Ana4 - 4: T.Fortluft	11.0
2021-03-11 06:53:08.0	Ana5 - 5: T.Raum	9999.9
2021-03-11 06:53:08.0	Ana9 - 9: T.Zuluft WRG warm	18.8
2021-03-11 06:53:18.0	Ana1 - 1: T.Au?en	2.7
2021-03-11 06:53:18.0	Ana2 - 2: T.Zuluft	13.4
2021-03-11 06:53:18.0	Ana3 - 3: T.Abluft	19.5
2021-03-11 06:53:18.0	Ana4 - 4: T.Fortluft	11.0
2021-03-11 06:53:18.0	Ana5 - 5: T.Raum	9999.9
2021-03-11 06:53:18.0	Ana9 - 9: T.Zuluft WRG warm	18.8
2021-03-11 06:53:28.0	Ana1 - 1: T.Au?en	2.7
2021-03-11 06:53:28.0	Ana2 - 2: T.Zuluft	13.4
2021-03-11 06:53:28.0	Ana3 - 3: T.Abluft	19.5
2021-03-11 06:53:28.0	Ana4 - 4: T.Fortluft	11.0
2021-03-11 06:53:28.0	Ana5 - 5: T.Raum	9999.9
2021-03-11 06:53:28.0	Ana9 - 9: T.Zuluft WRG warm	18.8
2021-03-11 06:53:38.0	Ana1 - 1: T.Au?en	2.7
2021-03-11 06:53:38.0	Ana2 - 2: T.Zuluft	13.4
2021-03-11 06:53:38.0	Ana3 - 3: T.Abluft	19.6
2021-03-11 06:53:38.0	Ana4 - 4: T.Fortluft	11.0
2021-03-11 06:53:38.0	Ana5 - 5: T.Raum	9999.9
2021-03-11 06:53:38.0	Ana9 - 9: T.Zuluft WRG warm	18.8
2021-03-11 06:53:48.0	Ana1 - 1: T.Au?en	2.7
2021-03-11 06:53:48.0	Ana2 - 2: T.Zuluft	13.4
2021-03-11 06:53:48.0	Ana3 - 3: T.Abluft	19.5
2021-03-11 06:53:48.0	Ana4 - 4: T.Fortluft	11.0
2021-03-11 06:53:48.0	Ana5 - 5: T.Raum	9999.9
2021-03-11 06:53:48.0	Ana9 - 9: T.Zuluft WRG warm	18.8
2021-03-11 06:53:58.0	Ana1 - 1: T.Au?en	2.7
2021-03-11 06:53:58.0	Ana2 - 2: T.Zuluft	13.4
2021-03-11 06:53:58.0	Ana3 - 3: T.Abluft	19.5
2021-03-11 06:53:58.0	Ana4 - 4: T.Fortluft	11.0
2021-03-11 06:53:58.0	Ana5 - 5: T.Raum	9999.9
2021-03-11 06:53:58.0	Ana9 - 9: T.Zuluft WRG warm	18.8
2021-03-11 06:54:08.0	Ana1 - 1: T.Au?en	2.6
2021-03-11 06:54:08.0	Ana2 - 2: T.Zuluft	13.4
2021-03-11 06:54:08.0	Ana3 - 3: T.Abluft	19.5
2021-03-11 06:54:08.0	Ana4 - 4: T.Fortluft	11.0
2021-03-11 06:54:08.0	Ana5 - 5: T.Raum	9999.9
2021-03-11 06:54:08.0	Ana9 - 9: T.Zuluft WRG warm	18.8
2021-03-11 06:54:18.0	Ana1 - 1: T.Au?en	2.6
2021-03-11 06:54:18.0	Ana2 - 2: T.Zuluft	13.4
2021-03-11 06:54:18.0	Ana3 - 3: T.Abluft	19.5
2021-03-11 06:54:18.0	Ana4 - 4: T.Fortluft	11.0
2021-03-11 06:54:18.0	Ana5 - 5: T.Raum	9999.9
2021-03-11 06:54:18.0	Ana9 - 9: T.Zuluft WRG warm	18.8
2021-03-11 06:54:28.0	Ana1 - 1: T.Au?en	2.6
2021-03-11 06:54:28.0	Ana2 - 2: T.Zuluft	13.4
2021-03-11 06:54:28.0	Ana3 - 3: T.Abluft	19.5
2021-03-11 06:54:28.0	Ana4 - 4: T.Fortluft	11.0
2021-03-11 06:54:28.0	Ana5 - 5: T.Raum	9999.9
2021-03-11 06:54:28.0	Ana9 - 9: T.Zuluft WRG warm	18.8
2021-03-11 06:54:38.0	Ana1 - 1: T.Au?en	2.6
2021-03-11 06:54:38.0	Ana2 - 2: T.Zuluft	13.4
2021-03-11 06:54:38.0	Ana3 - 3: T.Abluft	19.5
2021-03-11 06:54:38.0	Ana4 - 4: T.Fortluft	11.0
2021-03-11 06:54:38.0	Ana5 - 5: T.Raum	9999.9
2021-03-11 06:54:38.0	Ana9 - 9: T.Zuluft WRG warm	18.8
2021-03-11 06:54:48.0	Ana1 - 1: T.Au?en	2.5
2021-03-11 06:54:48.0	Ana2 - 2: T.Zuluft	13.4
2021-03-11 06:54:48.0	Ana3 - 3: T.Abluft	19.5
2021-03-11 06:54:48.0	Ana4 - 4: T.Fortluft	11.0
2021-03-11 06:54:48.0	Ana5 - 5: T.Raum	9999.9
2021-03-11 06:54:48.0	Ana9 - 9: T.Zuluft WRG warm	18.8
2021-03-11 06:54:58.0	Ana1 - 1: T.Au?en	2.5
2021-03-11 06:54:58.0	Ana2 - 2: T.Zuluft	13.4
2021-03-11 06:54:58.0	Ana3 - 3: T.Abluft	19.5
2021-03-11 06:54:58.0	Ana4 - 4: T.Fortluft	11.0
2021-03-11 06:54:58.0	Ana5 - 5: T.Raum	9999.9
2021-03-11 06:54:58.0	Ana9 - 9: T.Zuluft WRG warm	18.8
2021-03-11 06:55:08.0	Ana1 - 1: T.Au?en	2.5
2021-03-11 06:55:08.0	Ana2 - 2: T.Zuluft	13.4
2021-03-11 06:55:08.0	Ana3 - 3: T.Abluft	19.5
2021-03-11 06:55:08.0	Ana4 - 4: T.Fortluft	11.0
2021-03-11 06:55:08.0	Ana5 - 5: T.Raum	9999.9
2021-03-11 06:55:08.0	Ana9 - 9: T.Zuluft WRG warm	18.8
2021-03-11 06:55:18.0	Ana1 - 1: T.Au?en	2.5
2021-03-11 06:55:18.0	Ana2 - 2: T.Zuluft	13.4
2021-03-11 06:55:18.0	Ana3 - 3: T.Abluft	19.5
2021-03-11 06:55:18.0	Ana4 - 4: T.Fortluft	11.0
2021-03-11 06:55:18.0	Ana5 - 5: T.Raum	9999.9
2021-03-11 06:55:18.0	Ana9 - 9: T.Zuluft WRG warm	18.8
2021-03-11 06:55:28.0	Ana1 - 1: T.Au?en	2.5
2021-03-11 06:55:28.0	Ana2 - 2: T.Zuluft	13.4
2021-03-11 06:55:28.0	Ana3 - 3: T.Abluft	19.5
2021-03-11 06:55:28.0	Ana4 - 4: T.Fortluft	11.0
2021-03-11 06:55:28.0	Ana5 - 5: T.Raum	9999.9
2021-03-11 06:55:28.0	Ana9 - 9: T.Zuluft WRG warm	18.8
2021-03-11 06:55:38.0	Ana1 - 1: T.Au?en	2.5
2021-03-11 06:55:38.0	Ana2 - 2: T.Zuluft	13.4
2021-03-11 06:55:38.0	Ana3 - 3: T.Abluft	19.5
2021-03-11 06:55:38.0	Ana4 - 4: T.Fortluft	11.0
2021-03-11 06:55:38.0	Ana5 - 5: T.Raum	9999.9
2021-03-11 06:55:38.0	Ana9 - 9: T.Zuluft WRG warm	18.8
2021-03-11 06:55:48.0	Ana1 - 1: T.Au?en	2.5
2021-03-11 06:55:48.0	Ana2 - 2: T.Zuluft	13.4
2021-03-11 06:55:48.0	Ana3 - 3: T.Abluft	19.5
2021-03-11 06:55:48.0	Ana4 - 4: T.Fortluft	11.0
2021-03-11 06:55:48.0	Ana5 - 5: T.Raum	9999.9
2021-03-11 06:55:48.0	Ana9 - 9: T.Zuluft WRG warm	18.8
2021-03-11 06:55:58.0	Ana1 - 1: T.Au?en	2.5
2021-03-11 06:55:58.0	Ana2 - 2: T.Zuluft	13.4
2021-03-11 06:55:58.0	Ana3 - 3: T.Abluft	19.5
2021-03-11 06:55:58.0	Ana4 - 4: T.Fortluft	11.0
2021-03-11 06:55:58.0	Ana5 - 5: T.Raum	9999.9
2021-03-11 06:55:58.0	Ana9 - 9: T.Zuluft WRG warm	18.8
2021-03-11 06:56:08.0	Ana1 - 1: T.Au?en	2.5
2021-03-11 06:56:08.0	Ana2 - 2: T.Zuluft	13.4
2021-03-11 06:56:08.0	Ana3 - 3: T.Abluft	19.5
2021-03-11 06:56:08.0	Ana4 - 4: T.Fortluft	11.0
2021-03-11 06:56:08.0	Ana5 - 5: T.Raum	9999.9
2021-03-11 06:56:08.0	Ana9 - 9: T.Zuluft WRG warm	18.8
2021-03-11 06:56:18.0	Ana1 - 1: T.Au?en	2.5
2021-03-11 06:56:18.0	Ana2 - 2: T.Zuluft	13.4
2021-03-11 06:56:18.0	Ana3 - 3: T.Abluft	19.5
2021-03-11 06:56:18.0	Ana4 - 4: T.Fortluft	11.0
2021-03-11 06:56:18.0	Ana5 - 5: T.Raum	9999.9
2021-03-11 06:56:18.0	Ana9 - 9: T.Zuluft WRG warm	18.8
2021-03-11 06:56:28.0	Ana1 - 1: T.Au?en	2.4
2021-03-11 06:56:28.0	Ana2 - 2: T.Zuluft	13.4
2021-03-11 06:56:28.0	Ana3 - 3: T.Abluft	19.5
2021-03-11 06:56:28.0	Ana4 - 4: T.Fortluft	11.0
2021-03-11 06:56:28.0	Ana5 - 5: T.Raum	9999.9
2021-03-11 06:56:28.0	Ana9 - 9: T.Zuluft WRG warm	18.8
2021-03-11 06:56:38.0	Ana1 - 1: T.Au?en	2.4
2021-03-11 06:56:38.0	Ana2 - 2: T.Zuluft	13.4
2021-03-11 06:56:38.0	Ana3 - 3: T.Abluft	19.5
2021-03-11 06:56:38.0	Ana4 - 4: T.Fortluft	11.0
2021-03-11 06:56:38.0	Ana5 - 5: T.Raum	9999.9
2021-03-11 06:56:38.0	Ana9 - 9: T.Zuluft WRG warm	18.8
2021-03-11 06:56:48.0	Ana1 - 1: T.Au?en	2.4
2021-03-11 06:56:48.0	Ana2 - 2: T.Zuluft	13.4
2021-03-11 06:56:48.0	Ana3 - 3: T.Abluft	19.5
2021-03-11 06:56:48.0	Ana4 - 4: T.Fortluft	11.0
2021-03-11 06:56:48.0	Ana5 - 5: T.Raum	9999.9
2021-03-11 06:56:48.0	Ana9 - 9: T.Zuluft WRG warm	18.8
2021-03-11 06:56:58.0	Ana1 - 1: T.Au?en	2.4
2021-03-11 06:56:58.0	Ana2 - 2: T.Zuluft	13.4
2021-03-11 06:56:58.0	Ana3 - 3: T.Abluft	19.5
2021-03-11 06:56:58.0	Ana4 - 4: T.Fortluft	11.0
2021-03-11 06:56:58.0	Ana5 - 5: T.Raum	9999.9
2021-03-11 06:56:58.0	Ana9 - 9: T.Zuluft WRG warm	18.8
2021-03-11 06:57:08.0	Ana1 - 1: T.Au?en	2.4
2021-03-11 06:57:08.0	Ana2 - 2: T.Zuluft	13.4
2021-03-11 06:57:08.0	Ana3 - 3: T.Abluft	19.5
2021-03-11 06:57:08.0	Ana4 - 4: T.Fortluft	11.0
2021-03-11 06:57:08.0	Ana5 - 5: T.Raum	9999.9
2021-03-11 06:57:08.0	Ana9 - 9: T.Zuluft WRG warm	18.8
2021-03-11 06:57:18.0	Ana1 - 1: T.Au?en	2.4
2021-03-11 06:57:18.0	Ana2 - 2: T.Zuluft	13.4
2021-03-11 06:57:18.0	Ana3 - 3: T.Abluft	19.5
2021-03-11 06:57:18.0	Ana4 - 4: T.Fortluft	11.0
2021-03-11 06:57:18.0	Ana5 - 5: T.Raum	9999.9
2021-03-11 06:57:18.0	Ana9 - 9: T.Zuluft WRG warm	18.8
2021-03-11 06:57:28.0	Ana1 - 1: T.Au?en	2.4
2021-03-11 06:57:28.0	Ana2 - 2: T.Zuluft	13.4
2021-03-11 06:57:28.0	Ana3 - 3: T.Abluft	19.5
2021-03-11 06:57:28.0	Ana4 - 4: T.Fortluft	11.0
2021-03-11 06:57:28.0	Ana5 - 5: T.Raum	9999.9
2021-03-11 06:57:28.0	Ana9 - 9: T.Zuluft WRG warm	18.8
2021-03-11 06:57:38.0	Ana1 - 1: T.Au?en	2.3
2021-03-11 06:57:38.0	Ana2 - 2: T.Zuluft	13.4
2021-03-11 06:57:38.0	Ana3 - 3: T.Abluft	19.5
2021-03-11 06:57:38.0	Ana4 - 4: T.Fortluft	11.0
2021-03-11 06:57:38.0	Ana5 - 5: T.Raum	9999.9
2021-03-11 06:57:38.0	Ana9 - 9: T.Zuluft WRG warm	18.8
2021-03-11 06:57:48.0	Ana1 - 1: T.Au?en	2.3
2021-03-11 06:57:48.0	Ana2 - 2: T.Zuluft	13.4
2021-03-11 06:57:48.0	Ana3 - 3: T.Abluft	19.5
2021-03-11 06:57:48.0	Ana4 - 4: T.Fortluft	11.0
2021-03-11 06:57:48.0	Ana5 - 5: T.Raum	9999.9
2021-03-11 06:57:48.0	Ana9 - 9: T.Zuluft WRG warm	18.8
2021-03-11 06:57:58.0	Ana1 - 1: T.Au?en	2.3
2021-03-11 06:57:58.0	Ana2 - 2: T.Zuluft	13.4
2021-03-11 06:57:58.0	Ana3 - 3: T.Abluft	19.5
2021-03-11 06:57:58.0	Ana4 - 4: T.Fortluft	11.0
2021-03-11 06:57:58.0	Ana5 - 5: T.Raum	9999.9
2021-03-11 06:57:58.0	Ana9 - 9: T.Zuluft WRG warm	18.8
2021-03-11 06:58:08.0	Ana1 - 1: T.Au?en	2.3
2021-03-11 06:58:08.0	Ana2 - 2: T.Zuluft	13.4
2021-03-11 06:58:08.0	Ana3 - 3: T.Abluft	19.5
2021-03-11 06:58:08.0	Ana4 - 4: T.Fortluft	11.0
2021-03-11 06:58:08.0	Ana5 - 5: T.Raum	9999.9
2021-03-11 06:58:08.0	Ana9 - 9: T.Zuluft WRG warm	18.8
2021-03-11 06:58:18.0	Ana1 - 1: T.Au?en	2.3
2021-03-11 06:58:18.0	Ana2 - 2: T.Zuluft	13.4
2021-03-11 06:58:18.0	Ana3 - 3: T.Abluft	19.5
2021-03-11 06:58:18.0	Ana4 - 4: T.Fortluft	11.0
2021-03-11 06:58:18.0	Ana5 - 5: T.Raum	9999.9
2021-03-11 06:58:18.0	Ana9 - 9: T.Zuluft WRG warm	18.8
2021-03-11 06:58:28.0	Ana1 - 1: T.Au?en	2.3
2021-03-11 06:58:28.0	Ana2 - 2: T.Zuluft	13.4
2021-03-11 06:58:28.0	Ana3 - 3: T.Abluft	19.5
2021-03-11 06:58:28.0	Ana4 - 4: T.Fortluft	11.0
2021-03-11 06:58:28.0	Ana5 - 5: T.Raum	9999.9
2021-03-11 06:58:28.0	Ana9 - 9: T.Zuluft WRG warm	18.8
2021-03-11 06:58:38.0	Ana1 - 1: T.Au?en	2.3
2021-03-11 06:58:38.0	Ana2 - 2: T.Zuluft	13.4
2021-03-11 06:58:38.0	Ana3 - 3: T.Abluft	19.5
2021-03-11 06:58:38.0	Ana4 - 4: T.Fortluft	11.0
2021-03-11 06:58:38.0	Ana5 - 5: T.Raum	9999.9
2021-03-11 06:58:38.0	Ana9 - 9: T.Zuluft WRG warm	18.8
2021-03-11 06:58:48.0	Ana1 - 1: T.Au?en	2.3
2021-03-11 06:58:48.0	Ana2 - 2: T.Zuluft	13.4
2021-03-11 06:58:48.0	Ana3 - 3: T.Abluft	19.5
2021-03-11 06:58:48.0	Ana4 - 4: T.Fortluft	11.0
2021-03-11 06:58:48.0	Ana5 - 5: T.Raum	9999.9
2021-03-11 06:58:48.0	Ana9 - 9: T.Zuluft WRG warm	18.8
2021-03-11 06:58:58.0	Ana1 - 1: T.Au?en	2.3
2021-03-11 06:58:58.0	Ana2 - 2: T.Zuluft	13.4
2021-03-11 06:58:58.0	Ana3 - 3: T.Abluft	19.5
2021-03-11 06:58:58.0	Ana4 - 4: T.Fortluft	11.0
2021-03-11 06:58:58.0	Ana5 - 5: T.Raum	9999.9
2021-03-11 06:58:58.0	Ana9 - 9: T.Zuluft WRG warm	18.8
2021-03-11 06:59:08.0	Ana1 - 1: T.Au?en	2.3
2021-03-11 06:59:08.0	Ana2 - 2: T.Zuluft	13.4
2021-03-11 06:59:08.0	Ana3 - 3: T.Abluft	19.5
2021-03-11 06:59:08.0	Ana4 - 4: T.Fortluft	11.0
2021-03-11 06:59:08.0	Ana5 - 5: T.Raum	9999.9
2021-03-11 06:59:08.0	Ana9 - 9: T.Zuluft WRG warm	18.8
2021-03-11 06:59:18.0	Ana1 - 1: T.Au?en	2.3
2021-03-11 06:59:18.0	Ana2 - 2: T.Zuluft	13.4
2021-03-11 06:59:18.0	Ana3 - 3: T.Abluft	19.5
2021-03-11 06:59:18.0	Ana4 - 4: T.Fortluft	11.0
2021-03-11 06:59:18.0	Ana5 - 5: T.Raum	9999.9
2021-03-11 06:59:18.0	Ana9 - 9: T.Zuluft WRG warm	18.8
2021-03-11 06:59:28.0	Ana1 - 1: T.Au?en	2.3
2021-03-11 06:59:28.0	Ana2 - 2: T.Zuluft	13.4
2021-03-11 06:59:28.0	Ana3 - 3: T.Abluft	19.5
2021-03-11 06:59:28.0	Ana4 - 4: T.Fortluft	11.0
2021-03-11 06:59:28.0	Ana5 - 5: T.Raum	9999.9
2021-03-11 06:59:28.0	Ana9 - 9: T.Zuluft WRG warm	18.8
2021-03-11 06:59:38.0	Ana1 - 1: T.Au?en	2.3
2021-03-11 06:59:38.0	Ana2 - 2: T.Zuluft	13.4
2021-03-11 06:59:38.0	Ana3 - 3: T.Abluft	19.5
2021-03-11 06:59:38.0	Ana4 - 4: T.Fortluft	11.0
2021-03-11 06:59:38.0	Ana5 - 5: T.Raum	9999.9
2021-03-11 06:59:38.0	Ana9 - 9: T.Zuluft WRG warm	18.8
2021-03-11 06:59:48.0	Ana1 - 1: T.Au?en	2.3
2021-03-11 06:59:48.0	Ana2 - 2: T.Zuluft	13.4
2021-03-11 06:59:48.0	Ana3 - 3: T.Abluft	19.5
2021-03-11 06:59:48.0	Ana4 - 4: T.Fortluft	11.0
2021-03-11 06:59:48.0	Ana5 - 5: T.Raum	9999.9
2021-03-11 06:59:48.0	Ana9 - 9: T.Zuluft WRG warm	18.8
2021-03-11 06:59:58.0	Ana1 - 1: T.Au?en	2.4
2021-03-11 06:59:58.0	Ana2 - 2: T.Zuluft	13.4
2021-03-11 06:59:58.0	Ana3 - 3: T.Abluft	19.5
2021-03-11 06:59:58.0	Ana4 - 4: T.Fortluft	11.0
2021-03-11 06:59:58.0	Ana5 - 5: T.Raum	9999.9
2021-03-11 06:59:58.0	Ana9 - 9: T.Zuluft WRG warm	18.8
2021-03-11 07:00:08.0	Ana1 - 1: T.Au?en	2.4
2021-03-11 07:00:08.0	Ana2 - 2: T.Zuluft	13.4
2021-03-11 07:00:08.0	Ana3 - 3: T.Abluft	19.5
2021-03-11 07:00:08.0	Ana4 - 4: T.Fortluft	11.0
2021-03-11 07:00:08.0	Ana5 - 5: T.Raum	9999.9
2021-03-11 07:00:08.0	Ana9 - 9: T.Zuluft WRG warm	18.7
2021-03-11 07:00:18.0	Ana1 - 1: T.Au?en	2.4
2021-03-11 07:00:18.0	Ana2 - 2: T.Zuluft	13.4
2021-03-11 07:00:18.0	Ana3 - 3: T.Abluft	19.5
2021-03-11 07:00:18.0	Ana4 - 4: T.Fortluft	11.0
2021-03-11 07:00:18.0	Ana5 - 5: T.Raum	9999.9
2021-03-11 07:00:18.0	Ana9 - 9: T.Zuluft WRG warm	18.7
2021-03-11 07:00:28.0	Ana1 - 1: T.Au?en	2.4
2021-03-11 07:00:28.0	Ana2 - 2: T.Zuluft	13.4
2021-03-11 07:00:28.0	Ana3 - 3: T.Abluft	19.5
2021-03-11 07:00:28.0	Ana4 - 4: T.Fortluft	11.0
2021-03-11 07:00:28.0	Ana5 - 5: T.Raum	9999.9
2021-03-11 07:00:28.0	Ana9 - 9: T.Zuluft WRG warm	18.7
2021-03-11 07:00:38.0	Ana1 - 1: T.Au?en	2.4
2021-03-11 07:00:38.0	Ana2 - 2: T.Zuluft	13.4
2021-03-11 07:00:38.0	Ana3 - 3: T.Abluft	19.5
2021-03-11 07:00:38.0	Ana4 - 4: T.Fortluft	11.0
2021-03-11 07:00:38.0	Ana5 - 5: T.Raum	9999.9
2021-03-11 07:00:38.0	Ana9 - 9: T.Zuluft WRG warm	18.8
2021-03-11 07:00:48.0	Ana1 - 1: T.Au?en	2.4
2021-03-11 07:00:48.0	Ana2 - 2: T.Zuluft	13.4
2021-03-11 07:00:48.0	Ana3 - 3: T.Abluft	19.5
2021-03-11 07:00:48.0	Ana4 - 4: T.Fortluft	11.0
2021-03-11 07:00:48.0	Ana5 - 5: T.Raum	9999.9
2021-03-11 07:00:48.0	Ana9 - 9: T.Zuluft WRG warm	18.7
2021-03-11 07:00:58.0	Ana1 - 1: T.Au?en	2.4
2021-03-11 07:00:58.0	Ana2 - 2: T.Zuluft	13.4
2021-03-11 07:00:58.0	Ana3 - 3: T.Abluft	19.5
2021-03-11 07:00:58.0	Ana4 - 4: T.Fortluft	11.0
2021-03-11 07:00:58.0	Ana5 - 5: T.Raum	9999.9
2021-03-11 07:00:58.0	Ana9 - 9: T.Zuluft WRG warm	18.7
2021-03-11 07:01:08.0	Ana1 - 1: T.Au?en	2.4
2021-03-11 07:01:08.0	Ana2 - 2: T.Zuluft	13.4
2021-03-11 07:01:08.0	Ana3 - 3: T.Abluft	19.5
2021-03-11 07:01:08.0	Ana4 - 4: T.Fortluft	11.0
2021-03-11 07:01:08.0	Ana5 - 5: T.Raum	9999.9
2021-03-11 07:01:08.0	Ana9 - 9: T.Zuluft WRG warm	18.7
2021-03-11 07:01:18.0	Ana1 - 1: T.Au?en	2.4
2021-03-11 07:01:18.0	Ana2 - 2: T.Zuluft	13.4
2021-03-11 07:01:18.0	Ana3 - 3: T.Abluft	19.5
2021-03-11 07:01:18.0	Ana4 - 4: T.Fortluft	11.0
2021-03-11 07:01:18.0	Ana5 - 5: T.Raum	9999.9
2021-03-11 07:01:18.0	Ana9 - 9: T.Zuluft WRG warm	18.7
2021-03-11 07:01:28.0	Ana1 - 1: T.Au?en	2.5
2021-03-11 07:01:28.0	Ana2 - 2: T.Zuluft	13.4
2021-03-11 07:01:28.0	Ana3 - 3: T.Abluft	19.5
2021-03-11 07:01:28.0	Ana4 - 4: T.Fortluft	11.0
2021-03-11 07:01:28.0	Ana5 - 5: T.Raum	9999.9
2021-03-11 07:01:28.0	Ana9 - 9: T.Zuluft WRG warm	18.7
2021-03-11 07:01:38.0	Ana1 - 1: T.Au?en	2.5
2021-03-11 07:01:38.0	Ana2 - 2: T.Zuluft	13.4
2021-03-11 07:01:38.0	Ana3 - 3: T.Abluft	19.5
2021-03-11 07:01:38.0	Ana4 - 4: T.Fortluft	11.0
2021-03-11 07:01:38.0	Ana5 - 5: T.Raum	9999.9
2021-03-11 07:01:38.0	Ana9 - 9: T.Zuluft WRG warm	18.7
2021-03-11 07:01:48.0	Ana1 - 1: T.Au?en	2.5
2021-03-11 07:01:48.0	Ana2 - 2: T.Zuluft	13.4
2021-03-11 07:01:48.0	Ana3 - 3: T.Abluft	19.5
2021-03-11 07:01:48.0	Ana4 - 4: T.Fortluft	11.0
2021-03-11 07:01:48.0	Ana5 - 5: T.Raum	9999.9
2021-03-11 07:01:48.0	Ana9 - 9: T.Zuluft WRG warm	18.7
2021-03-11 07:01:58.0	Ana1 - 1: T.Au?en	2.5
2021-03-11 07:01:58.0	Ana2 - 2: T.Zuluft	13.4
2021-03-11 07:01:58.0	Ana3 - 3: T.Abluft	19.5
2021-03-11 07:01:58.0	Ana4 - 4: T.Fortluft	11.0
2021-03-11 07:01:58.0	Ana5 - 5: T.Raum	9999.9
2021-03-11 07:01:58.0	Ana9 - 9: T.Zuluft WRG warm	18.7
2021-03-11 07:02:08.0	Ana1 - 1: T.Au?en	2.5
2021-03-11 07:02:08.0	Ana2 - 2: T.Zuluft	13.4
2021-03-11 07:02:08.0	Ana3 - 3: T.Abluft	19.5
2021-03-11 07:02:08.0	Ana4 - 4: T.Fortluft	11.0
2021-03-11 07:02:08.0	Ana5 - 5: T.Raum	9999.9
2021-03-11 07:02:08.0	Ana9 - 9: T.Zuluft WRG warm	18.7
2021-03-11 07:02:18.0	Ana1 - 1: T.Au?en	2.5
2021-03-11 07:02:18.0	Ana2 - 2: T.Zuluft	13.4
2021-03-11 07:02:18.0	Ana3 - 3: T.Abluft	19.5
2021-03-11 07:02:18.0	Ana4 - 4: T.Fortluft	11.0
2021-03-11 07:02:18.0	Ana5 - 5: T.Raum	9999.9
2021-03-11 07:02:18.0	Ana9 - 9: T.Zuluft WRG warm	18.7
2021-03-11 07:02:28.0	Ana1 - 1: T.Au?en	2.5
2021-03-11 07:02:28.0	Ana2 - 2: T.Zuluft	13.4
2021-03-11 07:02:28.0	Ana3 - 3: T.Abluft	19.5
2021-03-11 07:02:28.0	Ana4 - 4: T.Fortluft	11.0
2021-03-11 07:02:28.0	Ana5 - 5: T.Raum	9999.9
2021-03-11 07:02:28.0	Ana9 - 9: T.Zuluft WRG warm	18.7
2021-03-11 07:02:38.0	Ana1 - 1: T.Au?en	2.5
2021-03-11 07:02:38.0	Ana2 - 2: T.Zuluft	13.4
2021-03-11 07:02:38.0	Ana3 - 3: T.Abluft	19.5
2021-03-11 07:02:38.0	Ana4 - 4: T.Fortluft	11.0
2021-03-11 07:02:38.0	Ana5 - 5: T.Raum	9999.9
2021-03-11 07:02:38.0	Ana9 - 9: T.Zuluft WRG warm	18.7
2021-03-11 07:02:48.0	Ana1 - 1: T.Au?en	2.5
2021-03-11 07:02:48.0	Ana2 - 2: T.Zuluft	13.4
2021-03-11 07:02:48.0	Ana3 - 3: T.Abluft	19.5
2021-03-11 07:02:48.0	Ana4 - 4: T.Fortluft	11.0
2021-03-11 07:02:48.0	Ana5 - 5: T.Raum	9999.9
2021-03-11 07:02:48.0	Ana9 - 9: T.Zuluft WRG warm	18.7
2021-03-11 07:02:58.0	Ana1 - 1: T.Au?en	2.5
2021-03-11 07:02:58.0	Ana2 - 2: T.Zuluft	13.4
2021-03-11 07:02:58.0	Ana3 - 3: T.Abluft	19.5
2021-03-11 07:02:58.0	Ana4 - 4: T.Fortluft	11.0
2021-03-11 07:02:58.0	Ana5 - 5: T.Raum	9999.9
2021-03-11 07:02:58.0	Ana9 - 9: T.Zuluft WRG warm	18.7
2021-03-11 07:03:08.0	Ana1 - 1: T.Au?en	2.5
2021-03-11 07:03:08.0	Ana2 - 2: T.Zuluft	13.4
2021-03-11 07:03:08.0	Ana3 - 3: T.Abluft	19.5
2021-03-11 07:03:08.0	Ana4 - 4: T.Fortluft	11.0
2021-03-11 07:03:08.0	Ana5 - 5: T.Raum	9999.9
2021-03-11 07:03:08.0	Ana9 - 9: T.Zuluft WRG warm	18.7
2021-03-11 07:03:18.0	Ana1 - 1: T.Au?en	2.5
2021-03-11 07:03:18.0	Ana2 - 2: T.Zuluft	13.4
2021-03-11 07:03:18.0	Ana3 - 3: T.Abluft	19.5
2021-03-11 07:03:18.0	Ana4 - 4: T.Fortluft	11.0
2021-03-11 07:03:18.0	Ana5 - 5: T.Raum	9999.9
2021-03-11 07:03:18.0	Ana9 - 9: T.Zuluft WRG warm	18.7
2021-03-11 07:03:28.0	Ana1 - 1: T.Au?en	2.5
2021-03-11 07:03:28.0	Ana2 - 2: T.Zuluft	13.4
2021-03-11 07:03:28.0	Ana3 - 3: T.Abluft	19.5
2021-03-11 07:03:28.0	Ana4 - 4: T.Fortluft	11.0
2021-03-11 07:03:28.0	Ana5 - 5: T.Raum	9999.9
2021-03-11 07:03:28.0	Ana9 - 9: T.Zuluft WRG warm	18.7
2021-03-11 07:03:38.0	Ana1 - 1: T.Au?en	2.6
2021-03-11 07:03:38.0	Ana2 - 2: T.Zuluft	13.4
2021-03-11 07:03:38.0	Ana3 - 3: T.Abluft	19.5
2021-03-11 07:03:38.0	Ana4 - 4: T.Fortluft	11.0
2021-03-11 07:03:38.0	Ana5 - 5: T.Raum	9999.9
2021-03-11 07:03:38.0	Ana9 - 9: T.Zuluft WRG warm	18.7
2021-03-11 07:03:48.0	Ana1 - 1: T.Au?en	2.7
2021-03-11 07:03:48.0	Ana2 - 2: T.Zuluft	13.4
2021-03-11 07:03:48.0	Ana3 - 3: T.Abluft	19.5
2021-03-11 07:03:48.0	Ana4 - 4: T.Fortluft	11.0
2021-03-11 07:03:48.0	Ana5 - 5: T.Raum	9999.9
2021-03-11 07:03:48.0	Ana9 - 9: T.Zuluft WRG warm	18.7
2021-03-11 07:03:58.0	Ana1 - 1: T.Au?en	2.7
2021-03-11 07:03:58.0	Ana2 - 2: T.Zuluft	13.4
2021-03-11 07:03:58.0	Ana3 - 3: T.Abluft	19.5
2021-03-11 07:03:58.0	Ana4 - 4: T.Fortluft	11.0
2021-03-11 07:03:58.0	Ana5 - 5: T.Raum	9999.9
2021-03-11 07:03:58.0	Ana9 - 9: T.Zuluft WRG warm	18.7
2021-03-11 07:04:08.0	Ana1 - 1: T.Au?en	2.7
2021-03-11 07:04:08.0	Ana2 - 2: T.Zuluft	13.4
2021-03-11 07:04:08.0	Ana3 - 3: T.Abluft	19.5
2021-03-11 07:04:08.0	Ana4 - 4: T.Fortluft	11.0
2021-03-11 07:04:08.0	Ana5 - 5: T.Raum	9999.9
2021-03-11 07:04:08.0	Ana9 - 9: T.Zuluft WRG warm	18.7
2021-03-11 07:04:18.0	Ana1 - 1: T.Au?en	2.6
2021-03-11 07:04:18.0	Ana2 - 2: T.Zuluft	13.4
2021-03-11 07:04:18.0	Ana3 - 3: T.Abluft	19.5
2021-03-11 07:04:18.0	Ana4 - 4: T.Fortluft	11.0
2021-03-11 07:04:18.0	Ana5 - 5: T.Raum	9999.9
2021-03-11 07:04:18.0	Ana9 - 9: T.Zuluft WRG warm	18.7
2021-03-11 07:04:28.0	Ana1 - 1: T.Au?en	2.7
2021-03-11 07:04:28.0	Ana2 - 2: T.Zuluft	13.4
2021-03-11 07:04:28.0	Ana3 - 3: T.Abluft	19.5
2021-03-11 07:04:28.0	Ana4 - 4: T.Fortluft	11.0
2021-03-11 07:04:28.0	Ana5 - 5: T.Raum	9999.9
2021-03-11 07:04:28.0	Ana9 - 9: T.Zuluft WRG warm	18.7
2021-03-11 07:04:38.0	Ana1 - 1: T.Au?en	2.6
2021-03-11 07:04:38.0	Ana2 - 2: T.Zuluft	13.4
2021-03-11 07:04:38.0	Ana3 - 3: T.Abluft	19.5
2021-03-11 07:04:38.0	Ana4 - 4: T.Fortluft	11.0
2021-03-11 07:04:38.0	Ana5 - 5: T.Raum	9999.9
2021-03-11 07:04:38.0	Ana9 - 9: T.Zuluft WRG warm	18.7
2021-03-11 07:04:48.0	Ana1 - 1: T.Au?en	2.6
2021-03-11 07:04:48.0	Ana2 - 2: T.Zuluft	13.4
2021-03-11 07:04:48.0	Ana3 - 3: T.Abluft	19.5
2021-03-11 07:04:48.0	Ana4 - 4: T.Fortluft	11.0
2021-03-11 07:04:48.0	Ana5 - 5: T.Raum	9999.9
2021-03-11 07:04:48.0	Ana9 - 9: T.Zuluft WRG warm	18.7
2021-03-11 07:04:58.0	Ana1 - 1: T.Au?en	2.7
2021-03-11 07:04:58.0	Ana2 - 2: T.Zuluft	13.4
2021-03-11 07:04:58.0	Ana3 - 3: T.Abluft	19.5
2021-03-11 07:04:58.0	Ana4 - 4: T.Fortluft	11.0
2021-03-11 07:04:58.0	Ana5 - 5: T.Raum	9999.9
2021-03-11 07:04:58.0	Ana9 - 9: T.Zuluft WRG warm	18.7
2021-03-11 07:05:08.0	Ana1 - 1: T.Au?en	2.7
2021-03-11 07:05:08.0	Ana2 - 2: T.Zuluft	13.4
2021-03-11 07:05:08.0	Ana3 - 3: T.Abluft	19.5
2021-03-11 07:05:08.0	Ana4 - 4: T.Fortluft	11.0
2021-03-11 07:05:08.0	Ana5 - 5: T.Raum	9999.9
2021-03-11 07:05:08.0	Ana9 - 9: T.Zuluft WRG warm	18.7
2021-03-11 07:05:18.0	Ana1 - 1: T.Au?en	2.7
2021-03-11 07:05:18.0	Ana2 - 2: T.Zuluft	13.4
2021-03-11 07:05:18.0	Ana3 - 3: T.Abluft	19.5
2021-03-11 07:05:18.0	Ana4 - 4: T.Fortluft	11.0
2021-03-11 07:05:18.0	Ana5 - 5: T.Raum	9999.9
2021-03-11 07:05:18.0	Ana9 - 9: T.Zuluft WRG warm	18.7
2021-03-11 07:05:28.0	Ana1 - 1: T.Au?en	2.7
2021-03-11 07:05:28.0	Ana2 - 2: T.Zuluft	13.4
2021-03-11 07:05:28.0	Ana3 - 3: T.Abluft	19.5
2021-03-11 07:05:28.0	Ana4 - 4: T.Fortluft	11.0
2021-03-11 07:05:28.0	Ana5 - 5: T.Raum	9999.9
2021-03-11 07:05:28.0	Ana9 - 9: T.Zuluft WRG warm	18.7
2021-03-11 07:05:38.0	Ana1 - 1: T.Au?en	2.7
2021-03-11 07:05:38.0	Ana2 - 2: T.Zuluft	13.4
2021-03-11 07:05:38.0	Ana3 - 3: T.Abluft	19.5
2021-03-11 07:05:38.0	Ana4 - 4: T.Fortluft	11.0
2021-03-11 07:05:38.0	Ana5 - 5: T.Raum	9999.9
2021-03-11 07:05:38.0	Ana9 - 9: T.Zuluft WRG warm	18.7
2021-03-11 07:05:48.0	Ana1 - 1: T.Au?en	2.6
2021-03-11 07:05:48.0	Ana2 - 2: T.Zuluft	13.4
2021-03-11 07:05:48.0	Ana3 - 3: T.Abluft	19.5
2021-03-11 07:05:48.0	Ana4 - 4: T.Fortluft	11.0
2021-03-11 07:05:48.0	Ana5 - 5: T.Raum	9999.9
2021-03-11 07:05:48.0	Ana9 - 9: T.Zuluft WRG warm	18.7
2021-03-11 07:05:58.0	Ana1 - 1: T.Au?en	2.6
2021-03-11 07:05:58.0	Ana2 - 2: T.Zuluft	13.4
2021-03-11 07:05:58.0	Ana3 - 3: T.Abluft	19.5
2021-03-11 07:05:58.0	Ana4 - 4: T.Fortluft	11.0
2021-03-11 07:05:58.0	Ana5 - 5: T.Raum	9999.9
2021-03-11 07:05:58.0	Ana9 - 9: T.Zuluft WRG warm	18.7
2021-03-11 07:06:08.0	Ana1 - 1: T.Au?en	2.6
2021-03-11 07:06:08.0	Ana2 - 2: T.Zuluft	13.4
2021-03-11 07:06:08.0	Ana3 - 3: T.Abluft	19.5
2021-03-11 07:06:08.0	Ana4 - 4: T.Fortluft	11.0
2021-03-11 07:06:08.0	Ana5 - 5: T.Raum	9999.9
2021-03-11 07:06:08.0	Ana9 - 9: T.Zuluft WRG warm	18.7
2021-03-11 07:06:18.0	Ana1 - 1: T.Au?en	2.6
2021-03-11 07:06:18.0	Ana2 - 2: T.Zuluft	13.4
2021-03-11 07:06:18.0	Ana3 - 3: T.Abluft	19.5
2021-03-11 07:06:18.0	Ana4 - 4: T.Fortluft	11.0
2021-03-11 07:06:18.0	Ana5 - 5: T.Raum	9999.9
2021-03-11 07:06:18.0	Ana9 - 9: T.Zuluft WRG warm	18.7
2021-03-11 07:06:28.0	Ana1 - 1: T.Au?en	2.6
2021-03-11 07:06:28.0	Ana2 - 2: T.Zuluft	13.4
2021-03-11 07:06:28.0	Ana3 - 3: T.Abluft	19.5
2021-03-11 07:06:28.0	Ana4 - 4: T.Fortluft	11.0
2021-03-11 07:06:28.0	Ana5 - 5: T.Raum	9999.9
2021-03-11 07:06:28.0	Ana9 - 9: T.Zuluft WRG warm	18.7
2021-03-11 07:06:38.0	Ana1 - 1: T.Au?en	2.6
2021-03-11 07:06:38.0	Ana2 - 2: T.Zuluft	13.4
2021-03-11 07:06:38.0	Ana3 - 3: T.Abluft	19.5
2021-03-11 07:06:38.0	Ana4 - 4: T.Fortluft	11.0
2021-03-11 07:06:38.0	Ana5 - 5: T.Raum	9999.9
2021-03-11 07:06:38.0	Ana9 - 9: T.Zuluft WRG warm	18.7
2021-03-11 07:06:48.0	Ana1 - 1: T.Au?en	2.6
2021-03-11 07:06:48.0	Ana2 - 2: T.Zuluft	13.4
2021-03-11 07:06:48.0	Ana3 - 3: T.Abluft	19.5
2021-03-11 07:06:48.0	Ana4 - 4: T.Fortluft	11.0
2021-03-11 07:06:48.0	Ana5 - 5: T.Raum	9999.9
2021-03-11 07:06:48.0	Ana9 - 9: T.Zuluft WRG warm	18.6
2021-03-11 07:06:58.0	Ana1 - 1: T.Au?en	2.6
2021-03-11 07:06:58.0	Ana2 - 2: T.Zuluft	13.4
2021-03-11 07:06:58.0	Ana3 - 3: T.Abluft	19.5
2021-03-11 07:06:58.0	Ana4 - 4: T.Fortluft	11.0
2021-03-11 07:06:58.0	Ana5 - 5: T.Raum	9999.9
2021-03-11 07:06:58.0	Ana9 - 9: T.Zuluft WRG warm	18.6
2021-03-11 07:07:08.0	Ana1 - 1: T.Au?en	2.6
2021-03-11 07:07:08.0	Ana2 - 2: T.Zuluft	13.4
2021-03-11 07:07:08.0	Ana3 - 3: T.Abluft	19.5
2021-03-11 07:07:08.0	Ana4 - 4: T.Fortluft	11.0
2021-03-11 07:07:08.0	Ana5 - 5: T.Raum	9999.9
2021-03-11 07:07:08.0	Ana9 - 9: T.Zuluft WRG warm	18.6
2021-03-11 07:07:18.0	Ana1 - 1: T.Au?en	2.6
2021-03-11 07:07:18.0	Ana2 - 2: T.Zuluft	13.4
2021-03-11 07:07:18.0	Ana3 - 3: T.Abluft	19.5
2021-03-11 07:07:18.0	Ana4 - 4: T.Fortluft	11.0
2021-03-11 07:07:18.0	Ana5 - 5: T.Raum	9999.9
2021-03-11 07:07:18.0	Ana9 - 9: T.Zuluft WRG warm	18.6
2021-03-11 07:07:28.0	Ana1 - 1: T.Au?en	2.6
2021-03-11 07:07:28.0	Ana2 - 2: T.Zuluft	13.4
2021-03-11 07:07:28.0	Ana3 - 3: T.Abluft	19.5
2021-03-11 07:07:28.0	Ana4 - 4: T.Fortluft	11.0
2021-03-11 07:07:28.0	Ana5 - 5: T.Raum	9999.9
2021-03-11 07:07:28.0	Ana9 - 9: T.Zuluft WRG warm	18.6
2021-03-11 07:07:38.0	Ana1 - 1: T.Au?en	2.6
2021-03-11 07:07:38.0	Ana2 - 2: T.Zuluft	13.3
2021-03-11 07:07:38.0	Ana3 - 3: T.Abluft	19.5
2021-03-11 07:07:38.0	Ana4 - 4: T.Fortluft	11.0
2021-03-11 07:07:38.0	Ana5 - 5: T.Raum	9999.9
2021-03-11 07:07:38.0	Ana9 - 9: T.Zuluft WRG warm	18.6
2021-03-11 07:07:48.0	Ana1 - 1: T.Au?en	2.6
2021-03-11 07:07:48.0	Ana2 - 2: T.Zuluft	13.3
2021-03-11 07:07:48.0	Ana3 - 3: T.Abluft	19.5
2021-03-11 07:07:48.0	Ana4 - 4: T.Fortluft	11.0
2021-03-11 07:07:48.0	Ana5 - 5: T.Raum	9999.9
2021-03-11 07:07:48.0	Ana9 - 9: T.Zuluft WRG warm	18.6
2021-03-11 07:07:58.0	Ana1 - 1: T.Au?en	2.6
2021-03-11 07:07:58.0	Ana2 - 2: T.Zuluft	13.3
2021-03-11 07:07:58.0	Ana3 - 3: T.Abluft	19.5
2021-03-11 07:07:58.0	Ana4 - 4: T.Fortluft	11.0
2021-03-11 07:07:58.0	Ana5 - 5: T.Raum	9999.9
2021-03-11 07:07:58.0	Ana9 - 9: T.Zuluft WRG warm	18.6
2021-03-11 07:08:08.0	Ana1 - 1: T.Au?en	2.6
2021-03-11 07:08:08.0	Ana2 - 2: T.Zuluft	13.3
2021-03-11 07:08:08.0	Ana3 - 3: T.Abluft	19.5
2021-03-11 07:08:08.0	Ana4 - 4: T.Fortluft	11.0
2021-03-11 07:08:08.0	Ana5 - 5: T.Raum	9999.9
2021-03-11 07:08:08.0	Ana9 - 9: T.Zuluft WRG warm	18.6
2021-03-11 07:08:18.0	Ana1 - 1: T.Au?en	2.6
2021-03-11 07:08:18.0	Ana2 - 2: T.Zuluft	13.3
2021-03-11 07:08:18.0	Ana3 - 3: T.Abluft	19.5
2021-03-11 07:08:18.0	Ana4 - 4: T.Fortluft	11.0
2021-03-11 07:08:18.0	Ana5 - 5: T.Raum	9999.9
2021-03-11 07:08:18.0	Ana9 - 9: T.Zuluft WRG warm	18.6
2021-03-11 07:08:28.0	Ana1 - 1: T.Au?en	2.6
2021-03-11 07:08:28.0	Ana2 - 2: T.Zuluft	13.3
2021-03-11 07:08:28.0	Ana3 - 3: T.Abluft	19.5
2021-03-11 07:08:28.0	Ana4 - 4: T.Fortluft	11.0
2021-03-11 07:08:28.0	Ana5 - 5: T.Raum	9999.9
2021-03-11 07:08:28.0	Ana9 - 9: T.Zuluft WRG warm	18.6
2021-03-11 07:08:38.0	Ana1 - 1: T.Au?en	2.7
2021-03-11 07:08:38.0	Ana2 - 2: T.Zuluft	13.3
2021-03-11 07:08:38.0	Ana3 - 3: T.Abluft	19.5
2021-03-11 07:08:38.0	Ana4 - 4: T.Fortluft	11.0
2021-03-11 07:08:38.0	Ana5 - 5: T.Raum	9999.9
2021-03-11 07:08:38.0	Ana9 - 9: T.Zuluft WRG warm	18.6
2021-03-11 07:08:48.0	Ana1 - 1: T.Au?en	2.6
2021-03-11 07:08:48.0	Ana2 - 2: T.Zuluft	13.3
2021-03-11 07:08:48.0	Ana3 - 3: T.Abluft	19.5
2021-03-11 07:08:48.0	Ana4 - 4: T.Fortluft	11.0
2021-03-11 07:08:48.0	Ana5 - 5: T.Raum	9999.9
2021-03-11 07:08:48.0	Ana9 - 9: T.Zuluft WRG warm	18.6
2021-03-11 07:08:58.0	Ana1 - 1: T.Au?en	2.6
2021-03-11 07:08:58.0	Ana2 - 2: T.Zuluft	13.3
2021-03-11 07:08:58.0	Ana3 - 3: T.Abluft	19.5
2021-03-11 07:08:58.0	Ana4 - 4: T.Fortluft	11.0
2021-03-11 07:08:58.0	Ana5 - 5: T.Raum	9999.9
2021-03-11 07:08:58.0	Ana9 - 9: T.Zuluft WRG warm	18.6
2021-03-11 07:09:08.0	Ana1 - 1: T.Au?en	2.6
2021-03-11 07:09:08.0	Ana2 - 2: T.Zuluft	13.3
2021-03-11 07:09:08.0	Ana3 - 3: T.Abluft	19.5
2021-03-11 07:09:08.0	Ana4 - 4: T.Fortluft	11.0
2021-03-11 07:09:08.0	Ana5 - 5: T.Raum	9999.9
2021-03-11 07:09:08.0	Ana9 - 9: T.Zuluft WRG warm	18.6
2021-03-11 07:09:18.0	Ana1 - 1: T.Au?en	2.6
2021-03-11 07:09:18.0	Ana2 - 2: T.Zuluft	13.3
2021-03-11 07:09:18.0	Ana3 - 3: T.Abluft	19.5
2021-03-11 07:09:18.0	Ana4 - 4: T.Fortluft	11.0
2021-03-11 07:09:18.0	Ana5 - 5: T.Raum	9999.9
2021-03-11 07:09:18.0	Ana9 - 9: T.Zuluft WRG warm	18.6
2021-03-11 07:09:28.0	Ana1 - 1: T.Au?en	2.6
2021-03-11 07:09:28.0	Ana2 - 2: T.Zuluft	13.3
2021-03-11 07:09:28.0	Ana3 - 3: T.Abluft	19.5
2021-03-11 07:09:28.0	Ana4 - 4: T.Fortluft	11.0
2021-03-11 07:09:28.0	Ana5 - 5: T.Raum	9999.9
2021-03-11 07:09:28.0	Ana9 - 9: T.Zuluft WRG warm	18.6
2021-03-11 07:09:38.0	Ana1 - 1: T.Au?en	2.6
2021-03-11 07:09:38.0	Ana2 - 2: T.Zuluft	13.3
2021-03-11 07:09:38.0	Ana3 - 3: T.Abluft	19.4
2021-03-11 07:09:38.0	Ana4 - 4: T.Fortluft	11.0
2021-03-11 07:09:38.0	Ana5 - 5: T.Raum	9999.9
2021-03-11 07:09:38.0	Ana9 - 9: T.Zuluft WRG warm	18.6
2021-03-11 07:09:48.0	Ana1 - 1: T.Au?en	2.6
2021-03-11 07:09:48.0	Ana2 - 2: T.Zuluft	13.3
2021-03-11 07:09:48.0	Ana3 - 3: T.Abluft	19.5
2021-03-11 07:09:48.0	Ana4 - 4: T.Fortluft	11.0
2021-03-11 07:09:48.0	Ana5 - 5: T.Raum	9999.9
2021-03-11 07:09:48.0	Ana9 - 9: T.Zuluft WRG warm	18.6
2021-03-11 07:09:58.0	Ana1 - 1: T.Au?en	2.5
2021-03-11 07:09:58.0	Ana2 - 2: T.Zuluft	13.3
2021-03-11 07:09:58.0	Ana3 - 3: T.Abluft	19.4
2021-03-11 07:09:58.0	Ana4 - 4: T.Fortluft	11.0
2021-03-11 07:09:58.0	Ana5 - 5: T.Raum	9999.9
2021-03-11 07:09:58.0	Ana9 - 9: T.Zuluft WRG warm	18.6
2021-03-11 07:10:08.0	Ana1 - 1: T.Au?en	2.5
2021-03-11 07:10:08.0	Ana2 - 2: T.Zuluft	13.3
2021-03-11 07:10:08.0	Ana3 - 3: T.Abluft	19.4
2021-03-11 07:10:08.0	Ana4 - 4: T.Fortluft	11.0
2021-03-11 07:10:08.0	Ana5 - 5: T.Raum	9999.9
2021-03-11 07:10:08.0	Ana9 - 9: T.Zuluft WRG warm	18.6
2021-03-11 07:10:18.0	Ana1 - 1: T.Au?en	2.4
2021-03-11 07:10:18.0	Ana2 - 2: T.Zuluft	13.3
2021-03-11 07:10:18.0	Ana3 - 3: T.Abluft	19.4
2021-03-11 07:10:18.0	Ana4 - 4: T.Fortluft	11.0
2021-03-11 07:10:18.0	Ana5 - 5: T.Raum	9999.9
2021-03-11 07:10:18.0	Ana9 - 9: T.Zuluft WRG warm	18.6
2021-03-11 07:10:28.0	Ana1 - 1: T.Au?en	2.4
2021-03-11 07:10:28.0	Ana2 - 2: T.Zuluft	13.3
2021-03-11 07:10:28.0	Ana3 - 3: T.Abluft	19.4
2021-03-11 07:10:28.0	Ana4 - 4: T.Fortluft	11.0
2021-03-11 07:10:28.0	Ana5 - 5: T.Raum	9999.9
2021-03-11 07:10:28.0	Ana9 - 9: T.Zuluft WRG warm	18.6
2021-03-11 07:10:38.0	Ana1 - 1: T.Au?en	2.3
2021-03-11 07:10:38.0	Ana2 - 2: T.Zuluft	13.3
2021-03-11 07:10:38.0	Ana3 - 3: T.Abluft	19.4
2021-03-11 07:10:38.0	Ana4 - 4: T.Fortluft	11.0
2021-03-11 07:10:38.0	Ana5 - 5: T.Raum	9999.9
2021-03-11 07:10:38.0	Ana9 - 9: T.Zuluft WRG warm	18.6
2021-03-11 07:10:48.0	Ana1 - 1: T.Au?en	2.2
2021-03-11 07:10:48.0	Ana2 - 2: T.Zuluft	13.3
2021-03-11 07:10:48.0	Ana3 - 3: T.Abluft	19.4
2021-03-11 07:10:48.0	Ana4 - 4: T.Fortluft	11.0
2021-03-11 07:10:48.0	Ana5 - 5: T.Raum	9999.9
2021-03-11 07:10:48.0	Ana9 - 9: T.Zuluft WRG warm	18.6
2021-03-11 07:10:58.0	Ana1 - 1: T.Au?en	2.2
2021-03-11 07:10:58.0	Ana2 - 2: T.Zuluft	13.3
2021-03-11 07:10:58.0	Ana3 - 3: T.Abluft	19.4
2021-03-11 07:10:58.0	Ana4 - 4: T.Fortluft	11.0
2021-03-11 07:10:58.0	Ana5 - 5: T.Raum	9999.9
2021-03-11 07:10:58.0	Ana9 - 9: T.Zuluft WRG warm	18.6
2021-03-11 07:11:08.0	Ana1 - 1: T.Au?en	2.1
2021-03-11 07:11:08.0	Ana2 - 2: T.Zuluft	13.3
2021-03-11 07:11:08.0	Ana3 - 3: T.Abluft	19.4
2021-03-11 07:11:08.0	Ana4 - 4: T.Fortluft	11.0
2021-03-11 07:11:08.0	Ana5 - 5: T.Raum	9999.9
2021-03-11 07:11:08.0	Ana9 - 9: T.Zuluft WRG warm	18.5
2021-03-11 07:11:18.0	Ana1 - 1: T.Au?en	2.1
2021-03-11 07:11:18.0	Ana2 - 2: T.Zuluft	13.3
2021-03-11 07:11:18.0	Ana3 - 3: T.Abluft	19.4
2021-03-11 07:11:18.0	Ana4 - 4: T.Fortluft	11.0
2021-03-11 07:11:18.0	Ana5 - 5: T.Raum	9999.9
2021-03-11 07:11:18.0	Ana9 - 9: T.Zuluft WRG warm	18.5
2021-03-11 07:11:28.0	Ana1 - 1: T.Au?en	2.1
2021-03-11 07:11:28.0	Ana2 - 2: T.Zuluft	13.3
2021-03-11 07:11:28.0	Ana3 - 3: T.Abluft	19.4
2021-03-11 07:11:28.0	Ana4 - 4: T.Fortluft	11.0
2021-03-11 07:11:28.0	Ana5 - 5: T.Raum	9999.9
2021-03-11 07:11:28.0	Ana9 - 9: T.Zuluft WRG warm	18.5
2021-03-11 07:11:38.0	Ana1 - 1: T.Au?en	2.1
2021-03-11 07:11:38.0	Ana2 - 2: T.Zuluft	13.3
2021-03-11 07:11:38.0	Ana3 - 3: T.Abluft	19.4
2021-03-11 07:11:38.0	Ana4 - 4: T.Fortluft	11.0
2021-03-11 07:11:38.0	Ana5 - 5: T.Raum	9999.9
2021-03-11 07:11:38.0	Ana9 - 9: T.Zuluft WRG warm	18.5
2021-03-11 07:11:48.0	Ana1 - 1: T.Au?en	2.1
2021-03-11 07:11:48.0	Ana2 - 2: T.Zuluft	13.3
2021-03-11 07:11:48.0	Ana3 - 3: T.Abluft	19.4
2021-03-11 07:11:48.0	Ana4 - 4: T.Fortluft	11.0
2021-03-11 07:11:48.0	Ana5 - 5: T.Raum	9999.9
2021-03-11 07:11:48.0	Ana9 - 9: T.Zuluft WRG warm	18.5
2021-03-11 07:11:58.0	Ana1 - 1: T.Au?en	2.1
2021-03-11 07:11:58.0	Ana2 - 2: T.Zuluft	13.3
2021-03-11 07:11:58.0	Ana3 - 3: T.Abluft	19.4
2021-03-11 07:11:58.0	Ana4 - 4: T.Fortluft	11.0
2021-03-11 07:11:58.0	Ana5 - 5: T.Raum	9999.9
2021-03-11 07:11:58.0	Ana9 - 9: T.Zuluft WRG warm	18.5
2021-03-11 07:12:08.0	Ana1 - 1: T.Au?en	2.1
2021-03-11 07:12:08.0	Ana2 - 2: T.Zuluft	13.3
2021-03-11 07:12:08.0	Ana3 - 3: T.Abluft	19.4
2021-03-11 07:12:08.0	Ana4 - 4: T.Fortluft	11.0
2021-03-11 07:12:08.0	Ana5 - 5: T.Raum	9999.9
2021-03-11 07:12:08.0	Ana9 - 9: T.Zuluft WRG warm	18.5
2021-03-11 07:12:18.0	Ana1 - 1: T.Au?en	2.1
2021-03-11 07:12:18.0	Ana2 - 2: T.Zuluft	13.3
2021-03-11 07:12:18.0	Ana3 - 3: T.Abluft	19.4
2021-03-11 07:12:18.0	Ana4 - 4: T.Fortluft	11.0
2021-03-11 07:12:18.0	Ana5 - 5: T.Raum	9999.9
2021-03-11 07:12:18.0	Ana9 - 9: T.Zuluft WRG warm	18.5
2021-03-11 07:12:28.0	Ana1 - 1: T.Au?en	2.1
2021-03-11 07:12:28.0	Ana2 - 2: T.Zuluft	13.3
2021-03-11 07:12:28.0	Ana3 - 3: T.Abluft	19.4
2021-03-11 07:12:28.0	Ana4 - 4: T.Fortluft	11.0
2021-03-11 07:12:28.0	Ana5 - 5: T.Raum	9999.9
2021-03-11 07:12:28.0	Ana9 - 9: T.Zuluft WRG warm	18.5
2021-03-11 07:12:38.0	Ana1 - 1: T.Au?en	2.1
2021-03-11 07:12:38.0	Ana2 - 2: T.Zuluft	13.3
2021-03-11 07:12:38.0	Ana3 - 3: T.Abluft	19.4
2021-03-11 07:12:38.0	Ana4 - 4: T.Fortluft	11.0
2021-03-11 07:12:38.0	Ana5 - 5: T.Raum	9999.9
2021-03-11 07:12:38.0	Ana9 - 9: T.Zuluft WRG warm	18.5
2021-03-11 07:12:48.0	Ana1 - 1: T.Au?en	2.0
2021-03-11 07:12:48.0	Ana2 - 2: T.Zuluft	13.3
2021-03-11 07:12:48.0	Ana3 - 3: T.Abluft	19.4
2021-03-11 07:12:48.0	Ana4 - 4: T.Fortluft	11.0
2021-03-11 07:12:48.0	Ana5 - 5: T.Raum	9999.9
2021-03-11 07:12:48.0	Ana9 - 9: T.Zuluft WRG warm	18.5
2021-03-11 07:12:58.0	Ana1 - 1: T.Au?en	2.0
2021-03-11 07:12:58.0	Ana2 - 2: T.Zuluft	13.3
2021-03-11 07:12:58.0	Ana3 - 3: T.Abluft	19.4
2021-03-11 07:12:58.0	Ana4 - 4: T.Fortluft	11.0
2021-03-11 07:12:58.0	Ana5 - 5: T.Raum	9999.9
2021-03-11 07:12:58.0	Ana9 - 9: T.Zuluft WRG warm	18.5
2021-03-11 07:13:08.0	Ana1 - 1: T.Au?en	2.0
2021-03-11 07:13:08.0	Ana2 - 2: T.Zuluft	13.3
2021-03-11 07:13:08.0	Ana3 - 3: T.Abluft	19.4
2021-03-11 07:13:08.0	Ana4 - 4: T.Fortluft	11.0
2021-03-11 07:13:08.0	Ana5 - 5: T.Raum	9999.9
2021-03-11 07:13:08.0	Ana9 - 9: T.Zuluft WRG warm	18.5
2021-03-11 07:13:18.0	Ana1 - 1: T.Au?en	2.0
2021-03-11 07:13:18.0	Ana2 - 2: T.Zuluft	13.3
2021-03-11 07:13:18.0	Ana3 - 3: T.Abluft	19.4
2021-03-11 07:13:18.0	Ana4 - 4: T.Fortluft	11.0
2021-03-11 07:13:18.0	Ana5 - 5: T.Raum	9999.9
2021-03-11 07:13:18.0	Ana9 - 9: T.Zuluft WRG warm	18.5
2021-03-11 07:13:28.0	Ana1 - 1: T.Au?en	2.0
2021-03-11 07:13:28.0	Ana2 - 2: T.Zuluft	13.3
2021-03-11 07:13:28.0	Ana3 - 3: T.Abluft	19.4
2021-03-11 07:13:28.0	Ana4 - 4: T.Fortluft	11.0
2021-03-11 07:13:28.0	Ana5 - 5: T.Raum	9999.9
2021-03-11 07:13:28.0	Ana9 - 9: T.Zuluft WRG warm	18.5
2021-03-11 07:13:38.0	Ana1 - 1: T.Au?en	2.0
2021-03-11 07:13:38.0	Ana2 - 2: T.Zuluft	13.3
2021-03-11 07:13:38.0	Ana3 - 3: T.Abluft	19.4
2021-03-11 07:13:38.0	Ana4 - 4: T.Fortluft	11.0
2021-03-11 07:13:38.0	Ana5 - 5: T.Raum	9999.9
2021-03-11 07:13:38.0	Ana9 - 9: T.Zuluft WRG warm	18.5
2021-03-11 07:13:48.0	Ana1 - 1: T.Au?en	2.0
2021-03-11 07:13:48.0	Ana2 - 2: T.Zuluft	13.3
2021-03-11 07:13:48.0	Ana3 - 3: T.Abluft	19.4
2021-03-11 07:13:48.0	Ana4 - 4: T.Fortluft	11.0
2021-03-11 07:13:48.0	Ana5 - 5: T.Raum	9999.9
2021-03-11 07:13:48.0	Ana9 - 9: T.Zuluft WRG warm	18.5
2021-03-11 07:13:58.0	Ana1 - 1: T.Au?en	2.0
2021-03-11 07:13:58.0	Ana2 - 2: T.Zuluft	13.3
2021-03-11 07:13:58.0	Ana3 - 3: T.Abluft	19.4
2021-03-11 07:13:58.0	Ana4 - 4: T.Fortluft	11.0
2021-03-11 07:13:58.0	Ana5 - 5: T.Raum	9999.9
2021-03-11 07:13:58.0	Ana9 - 9: T.Zuluft WRG warm	18.5
2021-03-11 07:14:08.0	Ana1 - 1: T.Au?en	2.0
2021-03-11 07:14:08.0	Ana2 - 2: T.Zuluft	13.3
2021-03-11 07:14:08.0	Ana3 - 3: T.Abluft	19.4
2021-03-11 07:14:08.0	Ana4 - 4: T.Fortluft	11.0
2021-03-11 07:14:08.0	Ana5 - 5: T.Raum	9999.9
2021-03-11 07:14:08.0	Ana9 - 9: T.Zuluft WRG warm	18.5
2021-03-11 07:14:18.0	Ana1 - 1: T.Au?en	2.0
2021-03-11 07:14:18.0	Ana2 - 2: T.Zuluft	13.3
2021-03-11 07:14:18.0	Ana3 - 3: T.Abluft	19.4
2021-03-11 07:14:18.0	Ana4 - 4: T.Fortluft	11.0
2021-03-11 07:14:18.0	Ana5 - 5: T.Raum	9999.9
2021-03-11 07:14:18.0	Ana9 - 9: T.Zuluft WRG warm	18.5
2021-03-11 07:14:28.0	Ana1 - 1: T.Au?en	2.0
2021-03-11 07:14:28.0	Ana2 - 2: T.Zuluft	13.3
2021-03-11 07:14:28.0	Ana3 - 3: T.Abluft	19.4
2021-03-11 07:14:28.0	Ana4 - 4: T.Fortluft	11.0
2021-03-11 07:14:28.0	Ana5 - 5: T.Raum	9999.9
2021-03-11 07:14:28.0	Ana9 - 9: T.Zuluft WRG warm	18.5
2021-03-11 07:14:38.0	Ana1 - 1: T.Au?en	2.0
2021-03-11 07:14:38.0	Ana2 - 2: T.Zuluft	13.3
2021-03-11 07:14:38.0	Ana3 - 3: T.Abluft	19.4
2021-03-11 07:14:38.0	Ana4 - 4: T.Fortluft	11.0
2021-03-11 07:14:38.0	Ana5 - 5: T.Raum	9999.9
2021-03-11 07:14:38.0	Ana9 - 9: T.Zuluft WRG warm	18.5
2021-03-11 07:14:48.0	Ana1 - 1: T.Au?en	2.0
2021-03-11 07:14:48.0	Ana2 - 2: T.Zuluft	13.2
2021-03-11 07:14:48.0	Ana3 - 3: T.Abluft	19.4
2021-03-11 07:14:48.0	Ana4 - 4: T.Fortluft	11.0
2021-03-11 07:14:48.0	Ana5 - 5: T.Raum	9999.9
2021-03-11 07:14:48.0	Ana9 - 9: T.Zuluft WRG warm	18.5
2021-03-11 07:14:58.0	Ana1 - 1: T.Au?en	2.0
2021-03-11 07:14:58.0	Ana2 - 2: T.Zuluft	13.2
2021-03-11 07:14:58.0	Ana3 - 3: T.Abluft	19.4
2021-03-11 07:14:58.0	Ana4 - 4: T.Fortluft	11.0
2021-03-11 07:14:58.0	Ana5 - 5: T.Raum	9999.9
2021-03-11 07:14:58.0	Ana9 - 9: T.Zuluft WRG warm	18.5
2021-03-11 07:15:08.0	Ana1 - 1: T.Au?en	2.0
2021-03-11 07:15:08.0	Ana2 - 2: T.Zuluft	13.3
2021-03-11 07:15:08.0	Ana3 - 3: T.Abluft	19.4
2021-03-11 07:15:08.0	Ana4 - 4: T.Fortluft	11.0
2021-03-11 07:15:08.0	Ana5 - 5: T.Raum	9999.9
2021-03-11 07:15:08.0	Ana9 - 9: T.Zuluft WRG warm	18.5
2021-03-11 07:15:18.0	Ana1 - 1: T.Au?en	2.0
2021-03-11 07:15:18.0	Ana2 - 2: T.Zuluft	13.3
2021-03-11 07:15:18.0	Ana3 - 3: T.Abluft	19.4
2021-03-11 07:15:18.0	Ana4 - 4: T.Fortluft	11.0
2021-03-11 07:15:18.0	Ana5 - 5: T.Raum	9999.9
2021-03-11 07:15:18.0	Ana9 - 9: T.Zuluft WRG warm	18.5
2021-03-11 07:15:28.0	Ana1 - 1: T.Au?en	2.0
2021-03-11 07:15:28.0	Ana2 - 2: T.Zuluft	13.3
2021-03-11 07:15:28.0	Ana3 - 3: T.Abluft	19.4
2021-03-11 07:15:28.0	Ana4 - 4: T.Fortluft	11.0
2021-03-11 07:15:28.0	Ana5 - 5: T.Raum	9999.9
2021-03-11 07:15:28.0	Ana9 - 9: T.Zuluft WRG warm	18.5
2021-03-11 07:15:38.0	Ana1 - 1: T.Au?en	2.0
2021-03-11 07:15:38.0	Ana2 - 2: T.Zuluft	13.3
2021-03-11 07:15:38.0	Ana3 - 3: T.Abluft	19.4
2021-03-11 07:15:38.0	Ana4 - 4: T.Fortluft	11.0
2021-03-11 07:15:38.0	Ana5 - 5: T.Raum	9999.9
2021-03-11 07:15:38.0	Ana9 - 9: T.Zuluft WRG warm	18.5
2021-03-11 07:15:48.0	Ana1 - 1: T.Au?en	2.0
2021-03-11 07:15:48.0	Ana2 - 2: T.Zuluft	13.3
2021-03-11 07:15:48.0	Ana3 - 3: T.Abluft	19.4
2021-03-11 07:15:48.0	Ana4 - 4: T.Fortluft	11.0
2021-03-11 07:15:48.0	Ana5 - 5: T.Raum	9999.9
2021-03-11 07:15:48.0	Ana9 - 9: T.Zuluft WRG warm	18.5
2021-03-11 07:15:58.0	Ana1 - 1: T.Au?en	1.9
2021-03-11 07:15:58.0	Ana2 - 2: T.Zuluft	13.3
2021-03-11 07:15:58.0	Ana3 - 3: T.Abluft	19.4
2021-03-11 07:15:58.0	Ana4 - 4: T.Fortluft	11.0
2021-03-11 07:15:58.0	Ana5 - 5: T.Raum	9999.9
2021-03-11 07:15:58.0	Ana9 - 9: T.Zuluft WRG warm	18.5
2021-03-11 07:16:08.0	Ana1 - 1: T.Au?en	1.9
2021-03-11 07:16:08.0	Ana2 - 2: T.Zuluft	13.2
2021-03-11 07:16:08.0	Ana3 - 3: T.Abluft	19.4
2021-03-11 07:16:08.0	Ana4 - 4: T.Fortluft	10.9
2021-03-11 07:16:08.0	Ana5 - 5: T.Raum	9999.9
2021-03-11 07:16:08.0	Ana9 - 9: T.Zuluft WRG warm	18.5
2021-03-11 07:16:18.0	Ana1 - 1: T.Au?en	1.9
2021-03-11 07:16:18.0	Ana2 - 2: T.Zuluft	13.2
2021-03-11 07:16:18.0	Ana3 - 3: T.Abluft	19.3
2021-03-11 07:16:18.0	Ana4 - 4: T.Fortluft	10.9
2021-03-11 07:16:18.0	Ana5 - 5: T.Raum	9999.9
2021-03-11 07:16:18.0	Ana9 - 9: T.Zuluft WRG warm	18.5
2021-03-11 07:16:28.0	Ana1 - 1: T.Au?en	1.9
2021-03-11 07:16:28.0	Ana2 - 2: T.Zuluft	13.2
2021-03-11 07:16:28.0	Ana3 - 3: T.Abluft	19.4
2021-03-11 07:16:28.0	Ana4 - 4: T.Fortluft	10.9
2021-03-11 07:16:28.0	Ana5 - 5: T.Raum	9999.9
2021-03-11 07:16:28.0	Ana9 - 9: T.Zuluft WRG warm	18.5
2021-03-11 07:16:38.0	Ana1 - 1: T.Au?en	1.9
2021-03-11 07:16:38.0	Ana2 - 2: T.Zuluft	13.2
2021-03-11 07:16:38.0	Ana3 - 3: T.Abluft	19.3
2021-03-11 07:16:38.0	Ana4 - 4: T.Fortluft	10.9
2021-03-11 07:16:38.0	Ana5 - 5: T.Raum	9999.9
2021-03-11 07:16:38.0	Ana9 - 9: T.Zuluft WRG warm	18.5
2021-03-11 07:16:48.0	Ana1 - 1: T.Au?en	1.9
2021-03-11 07:16:48.0	Ana2 - 2: T.Zuluft	13.2
2021-03-11 07:16:48.0	Ana3 - 3: T.Abluft	19.3
2021-03-11 07:16:48.0	Ana4 - 4: T.Fortluft	10.9
2021-03-11 07:16:48.0	Ana5 - 5: T.Raum	9999.9
2021-03-11 07:16:48.0	Ana9 - 9: T.Zuluft WRG warm	18.5
2021-03-11 07:16:58.0	Ana1 - 1: T.Au?en	1.9
2021-03-11 07:16:58.0	Ana2 - 2: T.Zuluft	13.2
2021-03-11 07:16:58.0	Ana3 - 3: T.Abluft	19.3
2021-03-11 07:16:58.0	Ana4 - 4: T.Fortluft	10.9
2021-03-11 07:16:58.0	Ana5 - 5: T.Raum	9999.9
2021-03-11 07:16:58.0	Ana9 - 9: T.Zuluft WRG warm	18.5
2021-03-11 07:17:08.0	Ana1 - 1: T.Au?en	1.9
2021-03-11 07:17:08.0	Ana2 - 2: T.Zuluft	13.2
2021-03-11 07:17:08.0	Ana3 - 3: T.Abluft	19.3
2021-03-11 07:17:08.0	Ana4 - 4: T.Fortluft	10.9
2021-03-11 07:17:08.0	Ana5 - 5: T.Raum	9999.9
2021-03-11 07:17:08.0	Ana9 - 9: T.Zuluft WRG warm	18.5
2021-03-11 07:17:18.0	Ana1 - 1: T.Au?en	1.9
2021-03-11 07:17:18.0	Ana2 - 2: T.Zuluft	13.2
2021-03-11 07:17:18.0	Ana3 - 3: T.Abluft	19.3
2021-03-11 07:17:18.0	Ana4 - 4: T.Fortluft	10.9
2021-03-11 07:17:18.0	Ana5 - 5: T.Raum	9999.9
2021-03-11 07:17:18.0	Ana9 - 9: T.Zuluft WRG warm	18.5
2021-03-11 07:17:28.0	Ana1 - 1: T.Au?en	1.9
2021-03-11 07:17:28.0	Ana2 - 2: T.Zuluft	13.2
2021-03-11 07:17:28.0	Ana3 - 3: T.Abluft	19.3
2021-03-11 07:17:28.0	Ana4 - 4: T.Fortluft	10.9
2021-03-11 07:17:28.0	Ana5 - 5: T.Raum	9999.9
2021-03-11 07:17:28.0	Ana9 - 9: T.Zuluft WRG warm	18.5
2021-03-11 07:17:38.0	Ana1 - 1: T.Au?en	1.9
2021-03-11 07:17:38.0	Ana2 - 2: T.Zuluft	13.2
2021-03-11 07:17:38.0	Ana3 - 3: T.Abluft	19.3
2021-03-11 07:17:38.0	Ana4 - 4: T.Fortluft	10.9
2021-03-11 07:17:38.0	Ana5 - 5: T.Raum	9999.9
2021-03-11 07:17:38.0	Ana9 - 9: T.Zuluft WRG warm	18.5
2021-03-11 07:17:48.0	Ana1 - 1: T.Au?en	1.9
2021-03-11 07:17:48.0	Ana2 - 2: T.Zuluft	13.2
2021-03-11 07:17:48.0	Ana3 - 3: T.Abluft	19.3
2021-03-11 07:17:48.0	Ana4 - 4: T.Fortluft	10.9
2021-03-11 07:17:48.0	Ana5 - 5: T.Raum	9999.9
2021-03-11 07:17:48.0	Ana9 - 9: T.Zuluft WRG warm	18.5
2021-03-11 07:17:58.0	Ana1 - 1: T.Au?en	1.9
2021-03-11 07:17:58.0	Ana2 - 2: T.Zuluft	13.2
2021-03-11 07:17:58.0	Ana3 - 3: T.Abluft	19.3
2021-03-11 07:17:58.0	Ana4 - 4: T.Fortluft	10.9
2021-03-11 07:17:58.0	Ana5 - 5: T.Raum	9999.9
2021-03-11 07:17:58.0	Ana9 - 9: T.Zuluft WRG warm	18.5
2021-03-11 07:18:08.0	Ana1 - 1: T.Au?en	1.9
2021-03-11 07:18:08.0	Ana2 - 2: T.Zuluft	13.2
2021-03-11 07:18:08.0	Ana3 - 3: T.Abluft	19.3
2021-03-11 07:18:08.0	Ana4 - 4: T.Fortluft	10.9
2021-03-11 07:18:08.0	Ana5 - 5: T.Raum	9999.9
2021-03-11 07:18:08.0	Ana9 - 9: T.Zuluft WRG warm	18.5
2021-03-11 07:18:18.0	Ana1 - 1: T.Au?en	1.9
2021-03-11 07:18:18.0	Ana2 - 2: T.Zuluft	13.2
2021-03-11 07:18:18.0	Ana3 - 3: T.Abluft	19.3
2021-03-11 07:18:18.0	Ana4 - 4: T.Fortluft	10.9
2021-03-11 07:18:18.0	Ana5 - 5: T.Raum	9999.9
2021-03-11 07:18:18.0	Ana9 - 9: T.Zuluft WRG warm	18.5
2021-03-11 07:18:28.0	Ana1 - 1: T.Au?en	1.9
2021-03-11 07:18:28.0	Ana2 - 2: T.Zuluft	13.2
2021-03-11 07:18:28.0	Ana3 - 3: T.Abluft	19.3
2021-03-11 07:18:28.0	Ana4 - 4: T.Fortluft	10.9
2021-03-11 07:18:28.0	Ana5 - 5: T.Raum	9999.9
2021-03-11 07:18:28.0	Ana9 - 9: T.Zuluft WRG warm	18.5
2021-03-11 07:18:38.0	Ana1 - 1: T.Au?en	1.9
2021-03-11 07:18:38.0	Ana2 - 2: T.Zuluft	13.2
2021-03-11 07:18:38.0	Ana3 - 3: T.Abluft	19.3
2021-03-11 07:18:38.0	Ana4 - 4: T.Fortluft	10.9
2021-03-11 07:18:38.0	Ana5 - 5: T.Raum	9999.9
2021-03-11 07:18:38.0	Ana9 - 9: T.Zuluft WRG warm	18.5
2021-03-11 07:18:48.0	Ana1 - 1: T.Au?en	1.9
2021-03-11 07:18:48.0	Ana2 - 2: T.Zuluft	13.2
2021-03-11 07:18:48.0	Ana3 - 3: T.Abluft	19.3
2021-03-11 07:18:48.0	Ana4 - 4: T.Fortluft	10.9
2021-03-11 07:18:48.0	Ana5 - 5: T.Raum	9999.9
2021-03-11 07:18:48.0	Ana9 - 9: T.Zuluft WRG warm	18.5
2021-03-11 07:18:58.0	Ana1 - 1: T.Au?en	1.9
2021-03-11 07:18:58.0	Ana2 - 2: T.Zuluft	13.2
2021-03-11 07:18:58.0	Ana3 - 3: T.Abluft	19.3
2021-03-11 07:18:58.0	Ana4 - 4: T.Fortluft	10.9
2021-03-11 07:18:58.0	Ana5 - 5: T.Raum	9999.9
2021-03-11 07:18:58.0	Ana9 - 9: T.Zuluft WRG warm	18.5
2021-03-11 07:19:08.0	Ana1 - 1: T.Au?en	1.9
2021-03-11 07:19:08.0	Ana2 - 2: T.Zuluft	13.2
2021-03-11 07:19:08.0	Ana3 - 3: T.Abluft	19.3
2021-03-11 07:19:08.0	Ana4 - 4: T.Fortluft	10.9
2021-03-11 07:19:08.0	Ana5 - 5: T.Raum	9999.9
2021-03-11 07:19:08.0	Ana9 - 9: T.Zuluft WRG warm	18.5
2021-03-11 07:19:18.0	Ana1 - 1: T.Au?en	1.9
2021-03-11 07:19:18.0	Ana2 - 2: T.Zuluft	13.2
2021-03-11 07:19:18.0	Ana3 - 3: T.Abluft	19.3
2021-03-11 07:19:18.0	Ana4 - 4: T.Fortluft	10.9
2021-03-11 07:19:18.0	Ana5 - 5: T.Raum	9999.9
2021-03-11 07:19:18.0	Ana9 - 9: T.Zuluft WRG warm	18.5
2021-03-11 07:19:28.0	Ana1 - 1: T.Au?en	1.9
2021-03-11 07:19:28.0	Ana2 - 2: T.Zuluft	13.2
2021-03-11 07:19:28.0	Ana3 - 3: T.Abluft	19.3
2021-03-11 07:19:28.0	Ana4 - 4: T.Fortluft	10.9
2021-03-11 07:19:28.0	Ana5 - 5: T.Raum	9999.9
2021-03-11 07:19:28.0	Ana9 - 9: T.Zuluft WRG warm	18.5
2021-03-11 07:19:38.0	Ana1 - 1: T.Au?en	1.9
2021-03-11 07:19:38.0	Ana2 - 2: T.Zuluft	13.2
2021-03-11 07:19:38.0	Ana3 - 3: T.Abluft	19.3
2021-03-11 07:19:38.0	Ana4 - 4: T.Fortluft	10.9
2021-03-11 07:19:38.0	Ana5 - 5: T.Raum	9999.9
2021-03-11 07:19:38.0	Ana9 - 9: T.Zuluft WRG warm	18.5
2021-03-11 07:19:48.0	Ana1 - 1: T.Au?en	1.9
2021-03-11 07:19:48.0	Ana2 - 2: T.Zuluft	13.2
2021-03-11 07:19:48.0	Ana3 - 3: T.Abluft	19.4
2021-03-11 07:19:48.0	Ana4 - 4: T.Fortluft	10.9
2021-03-11 07:19:48.0	Ana5 - 5: T.Raum	9999.9
2021-03-11 07:19:48.0	Ana9 - 9: T.Zuluft WRG warm	18.5
2021-03-11 07:19:58.0	Ana1 - 1: T.Au?en	1.9
2021-03-11 07:19:58.0	Ana2 - 2: T.Zuluft	13.2
2021-03-11 07:19:58.0	Ana3 - 3: T.Abluft	19.3
2021-03-11 07:19:58.0	Ana4 - 4: T.Fortluft	10.9
2021-03-11 07:19:58.0	Ana5 - 5: T.Raum	9999.9
2021-03-11 07:19:58.0	Ana9 - 9: T.Zuluft WRG warm	18.5
2021-03-11 07:20:08.0	Ana1 - 1: T.Au?en	1.9
2021-03-11 07:20:08.0	Ana2 - 2: T.Zuluft	13.2
2021-03-11 07:20:08.0	Ana3 - 3: T.Abluft	19.4
2021-03-11 07:20:08.0	Ana4 - 4: T.Fortluft	10.9
2021-03-11 07:20:08.0	Ana5 - 5: T.Raum	9999.9
2021-03-11 07:20:08.0	Ana9 - 9: T.Zuluft WRG warm	18.5
2021-03-11 07:20:18.0	Ana1 - 1: T.Au?en	1.9
2021-03-11 07:20:18.0	Ana2 - 2: T.Zuluft	13.2
2021-03-11 07:20:18.0	Ana3 - 3: T.Abluft	19.3
2021-03-11 07:20:18.0	Ana4 - 4: T.Fortluft	10.9
2021-03-11 07:20:18.0	Ana5 - 5: T.Raum	9999.9
2021-03-11 07:20:18.0	Ana9 - 9: T.Zuluft WRG warm	18.5
2021-03-11 07:20:28.0	Ana1 - 1: T.Au?en	1.9
2021-03-11 07:20:28.0	Ana2 - 2: T.Zuluft	13.2
2021-03-11 07:20:28.0	Ana3 - 3: T.Abluft	19.3
2021-03-11 07:20:28.0	Ana4 - 4: T.Fortluft	10.9
2021-03-11 07:20:28.0	Ana5 - 5: T.Raum	9999.9
2021-03-11 07:20:28.0	Ana9 - 9: T.Zuluft WRG warm	18.5
2021-03-11 07:20:38.0	Ana1 - 1: T.Au?en	1.9
2021-03-11 07:20:38.0	Ana2 - 2: T.Zuluft	13.2
2021-03-11 07:20:38.0	Ana3 - 3: T.Abluft	19.3
2021-03-11 07:20:38.0	Ana4 - 4: T.Fortluft	10.9
2021-03-11 07:20:38.0	Ana5 - 5: T.Raum	9999.9
2021-03-11 07:20:38.0	Ana9 - 9: T.Zuluft WRG warm	18.5
2021-03-11 07:20:48.0	Ana1 - 1: T.Au?en	1.9
2021-03-11 07:20:48.0	Ana2 - 2: T.Zuluft	13.2
2021-03-11 07:20:48.0	Ana3 - 3: T.Abluft	19.3
2021-03-11 07:20:48.0	Ana4 - 4: T.Fortluft	10.9
2021-03-11 07:20:48.0	Ana5 - 5: T.Raum	9999.9
2021-03-11 07:20:48.0	Ana9 - 9: T.Zuluft WRG warm	18.5
2021-03-11 07:20:58.0	Ana1 - 1: T.Au?en	1.9
2021-03-11 07:20:58.0	Ana2 - 2: T.Zuluft	13.2
2021-03-11 07:20:58.0	Ana3 - 3: T.Abluft	19.3
2021-03-11 07:20:58.0	Ana4 - 4: T.Fortluft	10.9
2021-03-11 07:20:58.0	Ana5 - 5: T.Raum	9999.9
2021-03-11 07:20:58.0	Ana9 - 9: T.Zuluft WRG warm	18.5
2021-03-11 07:21:08.0	Ana1 - 1: T.Au?en	1.9
2021-03-11 07:21:08.0	Ana2 - 2: T.Zuluft	13.2
2021-03-11 07:21:08.0	Ana3 - 3: T.Abluft	19.3
2021-03-11 07:21:08.0	Ana4 - 4: T.Fortluft	10.9
2021-03-11 07:21:08.0	Ana5 - 5: T.Raum	9999.9
2021-03-11 07:21:08.0	Ana9 - 9: T.Zuluft WRG warm	18.5
2021-03-11 07:21:18.0	Ana1 - 1: T.Au?en	1.9
2021-03-11 07:21:18.0	Ana2 - 2: T.Zuluft	13.2
2021-03-11 07:21:18.0	Ana3 - 3: T.Abluft	19.3
2021-03-11 07:21:18.0	Ana4 - 4: T.Fortluft	10.9
2021-03-11 07:21:18.0	Ana5 - 5: T.Raum	9999.9
2021-03-11 07:21:18.0	Ana9 - 9: T.Zuluft WRG warm	18.5
2021-03-11 07:21:28.0	Ana1 - 1: T.Au?en	1.9
2021-03-11 07:21:28.0	Ana2 - 2: T.Zuluft	13.2
2021-03-11 07:21:28.0	Ana3 - 3: T.Abluft	19.3
2021-03-11 07:21:28.0	Ana4 - 4: T.Fortluft	10.9
2021-03-11 07:21:28.0	Ana5 - 5: T.Raum	9999.9
2021-03-11 07:21:28.0	Ana9 - 9: T.Zuluft WRG warm	18.5
2021-03-11 07:21:38.0	Ana1 - 1: T.Au?en	1.8
2021-03-11 07:21:38.0	Ana2 - 2: T.Zuluft	13.2
2021-03-11 07:21:38.0	Ana3 - 3: T.Abluft	19.3
2021-03-11 07:21:38.0	Ana4 - 4: T.Fortluft	10.9
2021-03-11 07:21:38.0	Ana5 - 5: T.Raum	9999.9
2021-03-11 07:21:38.0	Ana9 - 9: T.Zuluft WRG warm	18.5
2021-03-11 07:21:48.0	Ana1 - 1: T.Au?en	1.8
2021-03-11 07:21:48.0	Ana2 - 2: T.Zuluft	13.2
2021-03-11 07:21:48.0	Ana3 - 3: T.Abluft	19.3
2021-03-11 07:21:48.0	Ana4 - 4: T.Fortluft	10.9
2021-03-11 07:21:48.0	Ana5 - 5: T.Raum	9999.9
2021-03-11 07:21:48.0	Ana9 - 9: T.Zuluft WRG warm	18.5
2021-03-11 07:21:58.0	Ana1 - 1: T.Au?en	1.9
2021-03-11 07:21:58.0	Ana2 - 2: T.Zuluft	13.2
2021-03-11 07:21:58.0	Ana3 - 3: T.Abluft	19.3
2021-03-11 07:21:58.0	Ana4 - 4: T.Fortluft	10.9
2021-03-11 07:21:58.0	Ana5 - 5: T.Raum	9999.9
2021-03-11 07:21:58.0	Ana9 - 9: T.Zuluft WRG warm	18.5
2021-03-11 07:22:08.0	Ana1 - 1: T.Au?en	1.8
2021-03-11 07:22:08.0	Ana2 - 2: T.Zuluft	13.2
2021-03-11 07:22:08.0	Ana3 - 3: T.Abluft	19.3
2021-03-11 07:22:08.0	Ana4 - 4: T.Fortluft	10.9
2021-03-11 07:22:08.0	Ana5 - 5: T.Raum	9999.9
2021-03-11 07:22:08.0	Ana9 - 9: T.Zuluft WRG warm	18.5
2021-03-11 07:22:18.0	Ana1 - 1: T.Au?en	1.8
2021-03-11 07:22:18.0	Ana2 - 2: T.Zuluft	13.2
2021-03-11 07:22:18.0	Ana3 - 3: T.Abluft	19.3
2021-03-11 07:22:18.0	Ana4 - 4: T.Fortluft	10.9
2021-03-11 07:22:18.0	Ana5 - 5: T.Raum	9999.9
2021-03-11 07:22:18.0	Ana9 - 9: T.Zuluft WRG warm	18.5
2021-03-11 07:22:28.0	Ana1 - 1: T.Au?en	1.8
2021-03-11 07:22:28.0	Ana2 - 2: T.Zuluft	13.2
2021-03-11 07:22:28.0	Ana3 - 3: T.Abluft	19.3
2021-03-11 07:22:28.0	Ana4 - 4: T.Fortluft	10.9
2021-03-11 07:22:28.0	Ana5 - 5: T.Raum	9999.9
2021-03-11 07:22:28.0	Ana9 - 9: T.Zuluft WRG warm	18.5
2021-03-11 07:22:38.0	Ana1 - 1: T.Au?en	1.8
2021-03-11 07:22:38.0	Ana2 - 2: T.Zuluft	13.2
2021-03-11 07:22:38.0	Ana3 - 3: T.Abluft	19.3
2021-03-11 07:22:38.0	Ana4 - 4: T.Fortluft	10.9
2021-03-11 07:22:38.0	Ana5 - 5: T.Raum	9999.9
2021-03-11 07:22:38.0	Ana9 - 9: T.Zuluft WRG warm	18.5
2021-03-11 07:22:48.0	Ana1 - 1: T.Au?en	1.8
2021-03-11 07:22:48.0	Ana2 - 2: T.Zuluft	13.2
2021-03-11 07:22:48.0	Ana3 - 3: T.Abluft	19.3
2021-03-11 07:22:48.0	Ana4 - 4: T.Fortluft	10.9
2021-03-11 07:22:48.0	Ana5 - 5: T.Raum	9999.9
2021-03-11 07:22:48.0	Ana9 - 9: T.Zuluft WRG warm	18.5
2021-03-11 07:22:58.0	Ana1 - 1: T.Au?en	1.8
2021-03-11 07:22:58.0	Ana2 - 2: T.Zuluft	13.2
2021-03-11 07:22:58.0	Ana3 - 3: T.Abluft	19.3
2021-03-11 07:22:58.0	Ana4 - 4: T.Fortluft	10.9
2021-03-11 07:22:58.0	Ana5 - 5: T.Raum	9999.9
2021-03-11 07:22:58.0	Ana9 - 9: T.Zuluft WRG warm	18.5
2021-03-11 07:23:08.0	Ana1 - 1: T.Au?en	1.8
2021-03-11 07:23:08.0	Ana2 - 2: T.Zuluft	13.2
2021-03-11 07:23:08.0	Ana3 - 3: T.Abluft	19.3
2021-03-11 07:23:08.0	Ana4 - 4: T.Fortluft	10.9
2021-03-11 07:23:08.0	Ana5 - 5: T.Raum	9999.9
2021-03-11 07:23:08.0	Ana9 - 9: T.Zuluft WRG warm	18.5
2021-03-11 07:23:18.0	Ana1 - 1: T.Au?en	1.8
2021-03-11 07:23:18.0	Ana2 - 2: T.Zuluft	13.2
2021-03-11 07:23:18.0	Ana3 - 3: T.Abluft	19.3
2021-03-11 07:23:18.0	Ana4 - 4: T.Fortluft	10.9
2021-03-11 07:23:18.0	Ana5 - 5: T.Raum	9999.9
2021-03-11 07:23:18.0	Ana9 - 9: T.Zuluft WRG warm	18.5
2021-03-11 07:23:28.0	Ana1 - 1: T.Au?en	1.8
2021-03-11 07:23:28.0	Ana2 - 2: T.Zuluft	13.1
2021-03-11 07:23:28.0	Ana3 - 3: T.Abluft	19.3
2021-03-11 07:23:28.0	Ana4 - 4: T.Fortluft	10.9
2021-03-11 07:23:28.0	Ana5 - 5: T.Raum	9999.9
2021-03-11 07:23:28.0	Ana9 - 9: T.Zuluft WRG warm	18.5
2021-03-11 07:23:38.0	Ana1 - 1: T.Au?en	1.8
2021-03-11 07:23:38.0	Ana2 - 2: T.Zuluft	13.2
2021-03-11 07:23:38.0	Ana3 - 3: T.Abluft	19.3
2021-03-11 07:23:38.0	Ana4 - 4: T.Fortluft	10.8
2021-03-11 07:23:38.0	Ana5 - 5: T.Raum	9999.9
2021-03-11 07:23:38.0	Ana9 - 9: T.Zuluft WRG warm	18.5
2021-03-11 07:23:48.0	Ana1 - 1: T.Au?en	1.8
2021-03-11 07:23:48.0	Ana2 - 2: T.Zuluft	13.2
2021-03-11 07:23:48.0	Ana3 - 3: T.Abluft	19.3
2021-03-11 07:23:48.0	Ana4 - 4: T.Fortluft	10.8
2021-03-11 07:23:48.0	Ana5 - 5: T.Raum	9999.9
2021-03-11 07:23:48.0	Ana9 - 9: T.Zuluft WRG warm	18.5
2021-03-11 07:23:58.0	Ana1 - 1: T.Au?en	1.8
2021-03-11 07:23:58.0	Ana2 - 2: T.Zuluft	13.2
2021-03-11 07:23:58.0	Ana3 - 3: T.Abluft	19.3
2021-03-11 07:23:58.0	Ana4 - 4: T.Fortluft	10.8
2021-03-11 07:23:58.0	Ana5 - 5: T.Raum	9999.9
2021-03-11 07:23:58.0	Ana9 - 9: T.Zuluft WRG warm	18.6
2021-03-11 07:24:08.0	Ana1 - 1: T.Au?en	1.8
2021-03-11 07:24:08.0	Ana2 - 2: T.Zuluft	13.1
2021-03-11 07:24:08.0	Ana3 - 3: T.Abluft	19.3
2021-03-11 07:24:08.0	Ana4 - 4: T.Fortluft	10.8
2021-03-11 07:24:08.0	Ana5 - 5: T.Raum	9999.9
2021-03-11 07:24:08.0	Ana9 - 9: T.Zuluft WRG warm	18.6
2021-03-11 07:24:18.0	Ana1 - 1: T.Au?en	1.8
2021-03-11 07:24:18.0	Ana2 - 2: T.Zuluft	13.2
2021-03-11 07:24:18.0	Ana3 - 3: T.Abluft	19.3
2021-03-11 07:24:18.0	Ana4 - 4: T.Fortluft	10.8
2021-03-11 07:24:18.0	Ana5 - 5: T.Raum	9999.9
2021-03-11 07:24:18.0	Ana9 - 9: T.Zuluft WRG warm	18.5
2021-03-11 07:24:28.0	Ana1 - 1: T.Au?en	1.8
2021-03-11 07:24:28.0	Ana2 - 2: T.Zuluft	13.2
2021-03-11 07:24:28.0	Ana3 - 3: T.Abluft	19.3
2021-03-11 07:24:28.0	Ana4 - 4: T.Fortluft	10.8
2021-03-11 07:24:28.0	Ana5 - 5: T.Raum	9999.9
2021-03-11 07:24:28.0	Ana9 - 9: T.Zuluft WRG warm	18.5
2021-03-11 07:24:38.0	Ana1 - 1: T.Au?en	1.8
2021-03-11 07:24:38.0	Ana2 - 2: T.Zuluft	13.2
2021-03-11 07:24:38.0	Ana3 - 3: T.Abluft	19.3
2021-03-11 07:24:38.0	Ana4 - 4: T.Fortluft	10.8
2021-03-11 07:24:38.0	Ana5 - 5: T.Raum	9999.9
2021-03-11 07:24:38.0	Ana9 - 9: T.Zuluft WRG warm	18.6
2021-03-11 07:24:48.0	Ana1 - 1: T.Au?en	1.8
2021-03-11 07:24:48.0	Ana2 - 2: T.Zuluft	13.1
2021-03-11 07:24:48.0	Ana3 - 3: T.Abluft	19.3
2021-03-11 07:24:48.0	Ana4 - 4: T.Fortluft	10.8
2021-03-11 07:24:48.0	Ana5 - 5: T.Raum	9999.9
2021-03-11 07:24:48.0	Ana9 - 9: T.Zuluft WRG warm	18.6
2021-03-11 07:24:58.0	Ana1 - 1: T.Au?en	1.9
2021-03-11 07:24:58.0	Ana2 - 2: T.Zuluft	13.1
2021-03-11 07:24:58.0	Ana3 - 3: T.Abluft	19.3
2021-03-11 07:24:58.0	Ana4 - 4: T.Fortluft	10.8
2021-03-11 07:24:58.0	Ana5 - 5: T.Raum	9999.9
2021-03-11 07:24:58.0	Ana9 - 9: T.Zuluft WRG warm	18.6
2021-03-11 07:25:08.0	Ana1 - 1: T.Au?en	1.9
2021-03-11 07:25:08.0	Ana2 - 2: T.Zuluft	13.1
2021-03-11 07:25:08.0	Ana3 - 3: T.Abluft	19.3
2021-03-11 07:25:08.0	Ana4 - 4: T.Fortluft	10.8
2021-03-11 07:25:08.0	Ana5 - 5: T.Raum	9999.9
2021-03-11 07:25:08.0	Ana9 - 9: T.Zuluft WRG warm	18.6
2021-03-11 07:25:18.0	Ana1 - 1: T.Au?en	1.8
2021-03-11 07:25:18.0	Ana2 - 2: T.Zuluft	13.1
2021-03-11 07:25:18.0	Ana3 - 3: T.Abluft	19.3
2021-03-11 07:25:18.0	Ana4 - 4: T.Fortluft	10.8
2021-03-11 07:25:18.0	Ana5 - 5: T.Raum	9999.9
2021-03-11 07:25:18.0	Ana9 - 9: T.Zuluft WRG warm	18.6
2021-03-11 07:25:28.0	Ana1 - 1: T.Au?en	1.9
2021-03-11 07:25:28.0	Ana2 - 2: T.Zuluft	13.2
2021-03-11 07:25:28.0	Ana3 - 3: T.Abluft	19.3
2021-03-11 07:25:28.0	Ana4 - 4: T.Fortluft	10.8
2021-03-11 07:25:28.0	Ana5 - 5: T.Raum	9999.9
2021-03-11 07:25:28.0	Ana9 - 9: T.Zuluft WRG warm	18.6
2021-03-11 07:25:38.0	Ana1 - 1: T.Au?en	1.8
2021-03-11 07:25:38.0	Ana2 - 2: T.Zuluft	13.1
2021-03-11 07:25:38.0	Ana3 - 3: T.Abluft	19.3
2021-03-11 07:25:38.0	Ana4 - 4: T.Fortluft	10.8
2021-03-11 07:25:38.0	Ana5 - 5: T.Raum	9999.9
2021-03-11 07:25:38.0	Ana9 - 9: T.Zuluft WRG warm	18.6
2021-03-11 07:25:48.0	Ana1 - 1: T.Au?en	1.8
2021-03-11 07:25:48.0	Ana2 - 2: T.Zuluft	13.1
2021-03-11 07:25:48.0	Ana3 - 3: T.Abluft	19.3
2021-03-11 07:25:48.0	Ana4 - 4: T.Fortluft	10.8
2021-03-11 07:25:48.0	Ana5 - 5: T.Raum	9999.9
2021-03-11 07:25:48.0	Ana9 - 9: T.Zuluft WRG warm	18.6
2021-03-11 07:25:58.0	Ana1 - 1: T.Au?en	1.8
2021-03-11 07:25:58.0	Ana2 - 2: T.Zuluft	13.1
2021-03-11 07:25:58.0	Ana3 - 3: T.Abluft	19.3
2021-03-11 07:25:58.0	Ana4 - 4: T.Fortluft	10.8
2021-03-11 07:25:58.0	Ana5 - 5: T.Raum	9999.9
2021-03-11 07:25:58.0	Ana9 - 9: T.Zuluft WRG warm	18.6
2021-03-11 07:26:08.0	Ana1 - 1: T.Au?en	1.8
2021-03-11 07:26:08.0	Ana2 - 2: T.Zuluft	13.1
2021-03-11 07:26:08.0	Ana3 - 3: T.Abluft	19.3
2021-03-11 07:26:08.0	Ana4 - 4: T.Fortluft	10.8
2021-03-11 07:26:08.0	Ana5 - 5: T.Raum	9999.9
2021-03-11 07:26:08.0	Ana9 - 9: T.Zuluft WRG warm	18.6
2021-03-11 07:26:18.0	Ana1 - 1: T.Au?en	1.8
2021-03-11 07:26:18.0	Ana2 - 2: T.Zuluft	13.1
2021-03-11 07:26:18.0	Ana3 - 3: T.Abluft	19.3
2021-03-11 07:26:18.0	Ana4 - 4: T.Fortluft	10.8
2021-03-11 07:26:18.0	Ana5 - 5: T.Raum	9999.9
2021-03-11 07:26:18.0	Ana9 - 9: T.Zuluft WRG warm	18.6
2021-03-11 07:26:28.0	Ana1 - 1: T.Au?en	1.7
2021-03-11 07:26:28.0	Ana2 - 2: T.Zuluft	13.1
2021-03-11 07:26:28.0	Ana3 - 3: T.Abluft	19.3
2021-03-11 07:26:28.0	Ana4 - 4: T.Fortluft	10.8
2021-03-11 07:26:28.0	Ana5 - 5: T.Raum	9999.9
2021-03-11 07:26:28.0	Ana9 - 9: T.Zuluft WRG warm	18.6
2021-03-11 07:26:38.0	Ana1 - 1: T.Au?en	1.7
2021-03-11 07:26:38.0	Ana2 - 2: T.Zuluft	13.1
2021-03-11 07:26:38.0	Ana3 - 3: T.Abluft	19.3
2021-03-11 07:26:38.0	Ana4 - 4: T.Fortluft	10.8
2021-03-11 07:26:38.0	Ana5 - 5: T.Raum	9999.9
2021-03-11 07:26:38.0	Ana9 - 9: T.Zuluft WRG warm	18.6
2021-03-11 07:26:48.0	Ana1 - 1: T.Au?en	1.7
2021-03-11 07:26:48.0	Ana2 - 2: T.Zuluft	13.1
2021-03-11 07:26:48.0	Ana3 - 3: T.Abluft	19.3
2021-03-11 07:26:48.0	Ana4 - 4: T.Fortluft	10.8
2021-03-11 07:26:48.0	Ana5 - 5: T.Raum	9999.9
2021-03-11 07:26:48.0	Ana9 - 9: T.Zuluft WRG warm	18.6
2021-03-11 07:26:58.0	Ana1 - 1: T.Au?en	1.7
2021-03-11 07:26:58.0	Ana2 - 2: T.Zuluft	13.1
2021-03-11 07:26:58.0	Ana3 - 3: T.Abluft	19.3
2021-03-11 07:26:58.0	Ana4 - 4: T.Fortluft	10.8
2021-03-11 07:26:58.0	Ana5 - 5: T.Raum	9999.9
2021-03-11 07:26:58.0	Ana9 - 9: T.Zuluft WRG warm	18.6
2021-03-11 07:27:08.0	Ana1 - 1: T.Au?en	1.8
2021-03-11 07:27:08.0	Ana2 - 2: T.Zuluft	13.1
2021-03-11 07:27:08.0	Ana3 - 3: T.Abluft	19.3
2021-03-11 07:27:08.0	Ana4 - 4: T.Fortluft	10.8
2021-03-11 07:27:08.0	Ana5 - 5: T.Raum	9999.9
2021-03-11 07:27:08.0	Ana9 - 9: T.Zuluft WRG warm	18.6
2021-03-11 07:27:18.0	Ana1 - 1: T.Au?en	1.8
2021-03-11 07:27:18.0	Ana2 - 2: T.Zuluft	13.1
2021-03-11 07:27:18.0	Ana3 - 3: T.Abluft	19.3
2021-03-11 07:27:18.0	Ana4 - 4: T.Fortluft	10.8
2021-03-11 07:27:18.0	Ana5 - 5: T.Raum	9999.9
2021-03-11 07:27:18.0	Ana9 - 9: T.Zuluft WRG warm	18.6
2021-03-11 07:27:28.0	Ana1 - 1: T.Au?en	1.8
2021-03-11 07:27:28.0	Ana2 - 2: T.Zuluft	13.1
2021-03-11 07:27:28.0	Ana3 - 3: T.Abluft	19.3
2021-03-11 07:27:28.0	Ana4 - 4: T.Fortluft	10.8
2021-03-11 07:27:28.0	Ana5 - 5: T.Raum	9999.9
2021-03-11 07:27:28.0	Ana9 - 9: T.Zuluft WRG warm	18.6
2021-03-11 07:27:38.0	Ana1 - 1: T.Au?en	1.8
2021-03-11 07:27:38.0	Ana2 - 2: T.Zuluft	13.1
2021-03-11 07:27:38.0	Ana3 - 3: T.Abluft	19.3
2021-03-11 07:27:38.0	Ana4 - 4: T.Fortluft	10.8
2021-03-11 07:27:38.0	Ana5 - 5: T.Raum	9999.9
2021-03-11 07:27:38.0	Ana9 - 9: T.Zuluft WRG warm	18.6
2021-03-11 07:27:48.0	Ana1 - 1: T.Au?en	1.8
2021-03-11 07:27:48.0	Ana2 - 2: T.Zuluft	13.1
2021-03-11 07:27:48.0	Ana3 - 3: T.Abluft	19.3
2021-03-11 07:27:48.0	Ana4 - 4: T.Fortluft	10.8
2021-03-11 07:27:48.0	Ana5 - 5: T.Raum	9999.9
2021-03-11 07:27:48.0	Ana9 - 9: T.Zuluft WRG warm	18.6
2021-03-11 07:27:58.0	Ana1 - 1: T.Au?en	1.8
2021-03-11 07:27:58.0	Ana2 - 2: T.Zuluft	13.1
2021-03-11 07:27:58.0	Ana3 - 3: T.Abluft	19.3
2021-03-11 07:27:58.0	Ana4 - 4: T.Fortluft	10.8
2021-03-11 07:27:58.0	Ana5 - 5: T.Raum	9999.9
2021-03-11 07:27:58.0	Ana9 - 9: T.Zuluft WRG warm	18.6
2021-03-11 07:28:08.0	Ana1 - 1: T.Au?en	1.8
2021-03-11 07:28:08.0	Ana2 - 2: T.Zuluft	13.1
2021-03-11 07:28:08.0	Ana3 - 3: T.Abluft	19.3
2021-03-11 07:28:08.0	Ana4 - 4: T.Fortluft	10.8
2021-03-11 07:28:08.0	Ana5 - 5: T.Raum	9999.9
2021-03-11 07:28:08.0	Ana9 - 9: T.Zuluft WRG warm	18.6
2021-03-11 07:28:18.0	Ana1 - 1: T.Au?en	1.8
2021-03-11 07:28:18.0	Ana2 - 2: T.Zuluft	13.1
2021-03-11 07:28:18.0	Ana3 - 3: T.Abluft	19.3
2021-03-11 07:28:18.0	Ana4 - 4: T.Fortluft	10.8
2021-03-11 07:28:18.0	Ana5 - 5: T.Raum	9999.9
2021-03-11 07:28:18.0	Ana9 - 9: T.Zuluft WRG warm	18.6
2021-03-11 07:28:28.0	Ana1 - 1: T.Au?en	1.8
2021-03-11 07:28:28.0	Ana2 - 2: T.Zuluft	13.1
2021-03-11 07:28:28.0	Ana3 - 3: T.Abluft	19.3
2021-03-11 07:28:28.0	Ana4 - 4: T.Fortluft	10.8
2021-03-11 07:28:28.0	Ana5 - 5: T.Raum	9999.9
2021-03-11 07:28:28.0	Ana9 - 9: T.Zuluft WRG warm	18.6
2021-03-11 07:28:38.0	Ana1 - 1: T.Au?en	1.8
2021-03-11 07:28:38.0	Ana2 - 2: T.Zuluft	13.1
2021-03-11 07:28:38.0	Ana3 - 3: T.Abluft	19.3
2021-03-11 07:28:38.0	Ana4 - 4: T.Fortluft	10.8
2021-03-11 07:28:38.0	Ana5 - 5: T.Raum	9999.9
2021-03-11 07:28:38.0	Ana9 - 9: T.Zuluft WRG warm	18.6
2021-03-11 07:28:48.0	Ana1 - 1: T.Au?en	1.8
2021-03-11 07:28:48.0	Ana2 - 2: T.Zuluft	13.1
2021-03-11 07:28:48.0	Ana3 - 3: T.Abluft	19.3
2021-03-11 07:28:48.0	Ana4 - 4: T.Fortluft	10.8
2021-03-11 07:28:48.0	Ana5 - 5: T.Raum	9999.9
2021-03-11 07:28:48.0	Ana9 - 9: T.Zuluft WRG warm	18.6
2021-03-11 07:28:58.0	Ana1 - 1: T.Au?en	1.8
2021-03-11 07:28:58.0	Ana2 - 2: T.Zuluft	13.1
2021-03-11 07:28:58.0	Ana3 - 3: T.Abluft	19.3
2021-03-11 07:28:58.0	Ana4 - 4: T.Fortluft	10.8
2021-03-11 07:28:58.0	Ana5 - 5: T.Raum	9999.9
2021-03-11 07:28:58.0	Ana9 - 9: T.Zuluft WRG warm	18.6
2021-03-11 07:29:08.0	Ana1 - 1: T.Au?en	1.8
2021-03-11 07:29:08.0	Ana2 - 2: T.Zuluft	13.1
2021-03-11 07:29:08.0	Ana3 - 3: T.Abluft	19.3
2021-03-11 07:29:08.0	Ana4 - 4: T.Fortluft	10.8
2021-03-11 07:29:08.0	Ana5 - 5: T.Raum	9999.9
2021-03-11 07:29:08.0	Ana9 - 9: T.Zuluft WRG warm	18.6
2021-03-11 07:29:18.0	Ana1 - 1: T.Au?en	1.8
2021-03-11 07:29:18.0	Ana2 - 2: T.Zuluft	13.1
2021-03-11 07:29:18.0	Ana3 - 3: T.Abluft	19.3
2021-03-11 07:29:18.0	Ana4 - 4: T.Fortluft	10.7
2021-03-11 07:29:18.0	Ana5 - 5: T.Raum	9999.9
2021-03-11 07:29:18.0	Ana9 - 9: T.Zuluft WRG warm	18.6
2021-03-11 07:29:28.0	Ana1 - 1: T.Au?en	1.8
2021-03-11 07:29:28.0	Ana2 - 2: T.Zuluft	13.1
2021-03-11 07:29:28.0	Ana3 - 3: T.Abluft	19.3
2021-03-11 07:29:28.0	Ana4 - 4: T.Fortluft	10.7
2021-03-11 07:29:28.0	Ana5 - 5: T.Raum	9999.9
2021-03-11 07:29:28.0	Ana9 - 9: T.Zuluft WRG warm	18.6
2021-03-11 07:29:38.0	Ana1 - 1: T.Au?en	1.8
2021-03-11 07:29:38.0	Ana2 - 2: T.Zuluft	13.1
2021-03-11 07:29:38.0	Ana3 - 3: T.Abluft	19.3
2021-03-11 07:29:38.0	Ana4 - 4: T.Fortluft	10.7
2021-03-11 07:29:38.0	Ana5 - 5: T.Raum	9999.9
2021-03-11 07:29:38.0	Ana9 - 9: T.Zuluft WRG warm	18.6
2021-03-11 07:29:48.0	Ana1 - 1: T.Au?en	1.8
2021-03-11 07:29:48.0	Ana2 - 2: T.Zuluft	13.1
2021-03-11 07:29:48.0	Ana3 - 3: T.Abluft	19.3
2021-03-11 07:29:48.0	Ana4 - 4: T.Fortluft	10.7
2021-03-11 07:29:48.0	Ana5 - 5: T.Raum	9999.9
2021-03-11 07:29:48.0	Ana9 - 9: T.Zuluft WRG warm	18.6
2021-03-11 07:29:58.0	Ana1 - 1: T.Au?en	1.8
2021-03-11 07:29:58.0	Ana2 - 2: T.Zuluft	13.1
2021-03-11 07:29:58.0	Ana3 - 3: T.Abluft	19.3
2021-03-11 07:29:58.0	Ana4 - 4: T.Fortluft	10.8
2021-03-11 07:29:58.0	Ana5 - 5: T.Raum	9999.9
2021-03-11 07:29:58.0	Ana9 - 9: T.Zuluft WRG warm	18.6
2021-03-11 07:30:08.0	Ana1 - 1: T.Au?en	1.8
2021-03-11 07:30:08.0	Ana2 - 2: T.Zuluft	13.1
2021-03-11 07:30:08.0	Ana3 - 3: T.Abluft	19.3
2021-03-11 07:30:08.0	Ana4 - 4: T.Fortluft	10.7
2021-03-11 07:30:08.0	Ana5 - 5: T.Raum	9999.9
2021-03-11 07:30:08.0	Ana9 - 9: T.Zuluft WRG warm	18.6
2021-03-11 07:30:18.0	Ana1 - 1: T.Au?en	1.8
2021-03-11 07:30:18.0	Ana2 - 2: T.Zuluft	13.1
2021-03-11 07:30:18.0	Ana3 - 3: T.Abluft	19.3
2021-03-11 07:30:18.0	Ana4 - 4: T.Fortluft	10.7
2021-03-11 07:30:18.0	Ana5 - 5: T.Raum	9999.9
2021-03-11 07:30:18.0	Ana9 - 9: T.Zuluft WRG warm	18.6
2021-03-11 07:30:28.0	Ana1 - 1: T.Au?en	1.8
2021-03-11 07:30:28.0	Ana2 - 2: T.Zuluft	13.1
2021-03-11 07:30:28.0	Ana3 - 3: T.Abluft	19.3
2021-03-11 07:30:28.0	Ana4 - 4: T.Fortluft	10.7
2021-03-11 07:30:28.0	Ana5 - 5: T.Raum	9999.9
2021-03-11 07:30:28.0	Ana9 - 9: T.Zuluft WRG warm	18.6
2021-03-11 07:30:38.0	Ana1 - 1: T.Au?en	1.8
2021-03-11 07:30:38.0	Ana2 - 2: T.Zuluft	13.1
2021-03-11 07:30:38.0	Ana3 - 3: T.Abluft	19.3
2021-03-11 07:30:38.0	Ana4 - 4: T.Fortluft	10.7
2021-03-11 07:30:38.0	Ana5 - 5: T.Raum	9999.9
2021-03-11 07:30:38.0	Ana9 - 9: T.Zuluft WRG warm	18.6
2021-03-11 07:30:48.0	Ana1 - 1: T.Au?en	1.8
2021-03-11 07:30:48.0	Ana2 - 2: T.Zuluft	13.1
2021-03-11 07:30:48.0	Ana3 - 3: T.Abluft	19.3
2021-03-11 07:30:48.0	Ana4 - 4: T.Fortluft	10.7
2021-03-11 07:30:48.0	Ana5 - 5: T.Raum	9999.9
2021-03-11 07:30:48.0	Ana9 - 9: T.Zuluft WRG warm	18.6
2021-03-11 07:30:58.0	Ana1 - 1: T.Au?en	1.8
2021-03-11 07:30:58.0	Ana2 - 2: T.Zuluft	13.1
2021-03-11 07:30:58.0	Ana3 - 3: T.Abluft	19.3
2021-03-11 07:30:58.0	Ana4 - 4: T.Fortluft	10.7
2021-03-11 07:30:58.0	Ana5 - 5: T.Raum	9999.9
2021-03-11 07:30:58.0	Ana9 - 9: T.Zuluft WRG warm	18.6
2021-03-11 07:31:08.0	Ana1 - 1: T.Au?en	1.8
2021-03-11 07:31:08.0	Ana2 - 2: T.Zuluft	13.1
2021-03-11 07:31:08.0	Ana3 - 3: T.Abluft	19.3
2021-03-11 07:31:08.0	Ana4 - 4: T.Fortluft	10.7
2021-03-11 07:31:08.0	Ana5 - 5: T.Raum	9999.9
2021-03-11 07:31:08.0	Ana9 - 9: T.Zuluft WRG warm	18.6
2021-03-11 07:31:18.0	Ana1 - 1: T.Au?en	1.8
2021-03-11 07:31:18.0	Ana2 - 2: T.Zuluft	13.1
2021-03-11 07:31:18.0	Ana3 - 3: T.Abluft	19.3
2021-03-11 07:31:18.0	Ana4 - 4: T.Fortluft	10.7
2021-03-11 07:31:18.0	Ana5 - 5: T.Raum	9999.9
2021-03-11 07:31:18.0	Ana9 - 9: T.Zuluft WRG warm	18.6
2021-03-11 07:31:28.0	Ana1 - 1: T.Au?en	1.8
2021-03-11 07:31:28.0	Ana2 - 2: T.Zuluft	13.1
2021-03-11 07:31:28.0	Ana3 - 3: T.Abluft	19.3
2021-03-11 07:31:28.0	Ana4 - 4: T.Fortluft	10.7
2021-03-11 07:31:28.0	Ana5 - 5: T.Raum	9999.9
2021-03-11 07:31:28.0	Ana9 - 9: T.Zuluft WRG warm	18.6
2021-03-11 07:31:38.0	Ana1 - 1: T.Au?en	1.8
2021-03-11 07:31:38.0	Ana2 - 2: T.Zuluft	13.1
2021-03-11 07:31:38.0	Ana3 - 3: T.Abluft	19.3
2021-03-11 07:31:38.0	Ana4 - 4: T.Fortluft	10.7
2021-03-11 07:31:38.0	Ana5 - 5: T.Raum	9999.9
2021-03-11 07:31:38.0	Ana9 - 9: T.Zuluft WRG warm	18.6
2021-03-11 07:31:48.0	Ana1 - 1: T.Au?en	1.8
2021-03-11 07:31:48.0	Ana2 - 2: T.Zuluft	13.1
2021-03-11 07:31:48.0	Ana3 - 3: T.Abluft	19.3
2021-03-11 07:31:48.0	Ana4 - 4: T.Fortluft	10.7
2021-03-11 07:31:48.0	Ana5 - 5: T.Raum	9999.9
2021-03-11 07:31:48.0	Ana9 - 9: T.Zuluft WRG warm	18.6
2021-03-11 07:31:58.0	Ana1 - 1: T.Au?en	1.8
2021-03-11 07:31:58.0	Ana2 - 2: T.Zuluft	13.1
2021-03-11 07:31:58.0	Ana3 - 3: T.Abluft	19.3
2021-03-11 07:31:58.0	Ana4 - 4: T.Fortluft	10.7
2021-03-11 07:31:58.0	Ana5 - 5: T.Raum	9999.9
2021-03-11 07:31:58.0	Ana9 - 9: T.Zuluft WRG warm	18.6
2021-03-11 07:32:08.0	Ana1 - 1: T.Au?en	1.8
2021-03-11 07:32:08.0	Ana2 - 2: T.Zuluft	13.1
2021-03-11 07:32:08.0	Ana3 - 3: T.Abluft	19.3
2021-03-11 07:32:08.0	Ana4 - 4: T.Fortluft	10.7
2021-03-11 07:32:08.0	Ana5 - 5: T.Raum	9999.9
2021-03-11 07:32:08.0	Ana9 - 9: T.Zuluft WRG warm	18.6
2021-03-11 07:32:18.0	Ana1 - 1: T.Au?en	1.8
2021-03-11 07:32:18.0	Ana2 - 2: T.Zuluft	13.1
2021-03-11 07:32:18.0	Ana3 - 3: T.Abluft	19.3
2021-03-11 07:32:18.0	Ana4 - 4: T.Fortluft	10.7
2021-03-11 07:32:18.0	Ana5 - 5: T.Raum	9999.9
2021-03-11 07:32:18.0	Ana9 - 9: T.Zuluft WRG warm	18.6
2021-03-11 07:32:28.0	Ana1 - 1: T.Au?en	1.8
2021-03-11 07:32:28.0	Ana2 - 2: T.Zuluft	13.1
2021-03-11 07:32:28.0	Ana3 - 3: T.Abluft	19.3
2021-03-11 07:32:28.0	Ana4 - 4: T.Fortluft	10.7
2021-03-11 07:32:28.0	Ana5 - 5: T.Raum	9999.9
2021-03-11 07:32:28.0	Ana9 - 9: T.Zuluft WRG warm	18.6
2021-03-11 07:32:38.0	Ana1 - 1: T.Au?en	1.8
2021-03-11 07:32:38.0	Ana2 - 2: T.Zuluft	13.1
2021-03-11 07:32:38.0	Ana3 - 3: T.Abluft	19.3
2021-03-11 07:32:38.0	Ana4 - 4: T.Fortluft	10.7
2021-03-11 07:32:38.0	Ana5 - 5: T.Raum	9999.9
2021-03-11 07:32:38.0	Ana9 - 9: T.Zuluft WRG warm	18.6
2021-03-11 07:32:48.0	Ana1 - 1: T.Au?en	1.8
2021-03-11 07:32:48.0	Ana2 - 2: T.Zuluft	13.1
2021-03-11 07:32:48.0	Ana3 - 3: T.Abluft	19.3
2021-03-11 07:32:48.0	Ana4 - 4: T.Fortluft	10.7
2021-03-11 07:32:48.0	Ana5 - 5: T.Raum	9999.9
2021-03-11 07:32:48.0	Ana9 - 9: T.Zuluft WRG warm	18.6
2021-03-11 07:32:58.0	Ana1 - 1: T.Au?en	1.8
2021-03-11 07:32:58.0	Ana2 - 2: T.Zuluft	13.1
2021-03-11 07:32:58.0	Ana3 - 3: T.Abluft	19.3
2021-03-11 07:32:58.0	Ana4 - 4: T.Fortluft	10.7
2021-03-11 07:32:58.0	Ana5 - 5: T.Raum	9999.9
2021-03-11 07:32:58.0	Ana9 - 9: T.Zuluft WRG warm	18.6
2021-03-11 07:33:08.0	Ana1 - 1: T.Au?en	1.8
2021-03-11 07:33:08.0	Ana2 - 2: T.Zuluft	13.1
2021-03-11 07:33:08.0	Ana3 - 3: T.Abluft	19.3
2021-03-11 07:33:08.0	Ana4 - 4: T.Fortluft	10.7
2021-03-11 07:33:08.0	Ana5 - 5: T.Raum	9999.9
2021-03-11 07:33:08.0	Ana9 - 9: T.Zuluft WRG warm	18.6
2021-03-11 07:33:18.0	Ana1 - 1: T.Au?en	1.8
2021-03-11 07:33:18.0	Ana2 - 2: T.Zuluft	13.1
2021-03-11 07:33:18.0	Ana3 - 3: T.Abluft	19.3
2021-03-11 07:33:18.0	Ana4 - 4: T.Fortluft	10.7
2021-03-11 07:33:18.0	Ana5 - 5: T.Raum	9999.9
2021-03-11 07:33:18.0	Ana9 - 9: T.Zuluft WRG warm	18.6
2021-03-11 07:33:28.0	Ana1 - 1: T.Au?en	1.8
2021-03-11 07:33:28.0	Ana2 - 2: T.Zuluft	13.1
2021-03-11 07:33:28.0	Ana3 - 3: T.Abluft	19.3
2021-03-11 07:33:28.0	Ana4 - 4: T.Fortluft	10.7
2021-03-11 07:33:28.0	Ana5 - 5: T.Raum	9999.9
2021-03-11 07:33:28.0	Ana9 - 9: T.Zuluft WRG warm	18.6
2021-03-11 07:33:38.0	Ana1 - 1: T.Au?en	1.8
2021-03-11 07:33:38.0	Ana2 - 2: T.Zuluft	13.1
2021-03-11 07:33:38.0	Ana3 - 3: T.Abluft	19.3
2021-03-11 07:33:38.0	Ana4 - 4: T.Fortluft	10.7
2021-03-11 07:33:38.0	Ana5 - 5: T.Raum	9999.9
2021-03-11 07:33:38.0	Ana9 - 9: T.Zuluft WRG warm	18.6
2021-03-11 07:33:48.0	Ana1 - 1: T.Au?en	1.8
2021-03-11 07:33:48.0	Ana2 - 2: T.Zuluft	13.1
2021-03-11 07:33:48.0	Ana3 - 3: T.Abluft	19.3
2021-03-11 07:33:48.0	Ana4 - 4: T.Fortluft	10.7
2021-03-11 07:33:48.0	Ana5 - 5: T.Raum	9999.9
2021-03-11 07:33:48.0	Ana9 - 9: T.Zuluft WRG warm	18.6
2021-03-11 07:33:58.0	Ana1 - 1: T.Au?en	1.8
2021-03-11 07:33:58.0	Ana2 - 2: T.Zuluft	13.1
2021-03-11 07:33:58.0	Ana3 - 3: T.Abluft	19.3
2021-03-11 07:33:58.0	Ana4 - 4: T.Fortluft	10.7
2021-03-11 07:33:58.0	Ana5 - 5: T.Raum	9999.9
2021-03-11 07:33:58.0	Ana9 - 9: T.Zuluft WRG warm	18.6
2021-03-11 07:34:08.0	Ana1 - 1: T.Au?en	1.8
2021-03-11 07:34:08.0	Ana2 - 2: T.Zuluft	13.1
2021-03-11 07:34:08.0	Ana3 - 3: T.Abluft	19.3
2021-03-11 07:34:08.0	Ana4 - 4: T.Fortluft	10.7
2021-03-11 07:34:08.0	Ana5 - 5: T.Raum	9999.9
2021-03-11 07:34:08.0	Ana9 - 9: T.Zuluft WRG warm	18.6
2021-03-11 07:34:18.0	Ana1 - 1: T.Au?en	1.8
2021-03-11 07:34:18.0	Ana2 - 2: T.Zuluft	13.1
2021-03-11 07:34:18.0	Ana3 - 3: T.Abluft	19.3
2021-03-11 07:34:18.0	Ana4 - 4: T.Fortluft	10.7
2021-03-11 07:34:18.0	Ana5 - 5: T.Raum	9999.9
2021-03-11 07:34:18.0	Ana9 - 9: T.Zuluft WRG warm	18.6
2021-03-11 07:34:28.0	Ana1 - 1: T.Au?en	1.8
2021-03-11 07:34:28.0	Ana2 - 2: T.Zuluft	13.1
2021-03-11 07:34:28.0	Ana3 - 3: T.Abluft	19.3
2021-03-11 07:34:28.0	Ana4 - 4: T.Fortluft	10.7
2021-03-11 07:34:28.0	Ana5 - 5: T.Raum	9999.9
2021-03-11 07:34:28.0	Ana9 - 9: T.Zuluft WRG warm	18.6
2021-03-11 07:34:38.0	Ana1 - 1: T.Au?en	1.7
2021-03-11 07:34:38.0	Ana2 - 2: T.Zuluft	13.1
2021-03-11 07:34:38.0	Ana3 - 3: T.Abluft	19.3
2021-03-11 07:34:38.0	Ana4 - 4: T.Fortluft	10.7
2021-03-11 07:34:38.0	Ana5 - 5: T.Raum	9999.9
2021-03-11 07:34:38.0	Ana9 - 9: T.Zuluft WRG warm	18.6
2021-03-11 07:34:48.0	Ana1 - 1: T.Au?en	1.7
2021-03-11 07:34:48.0	Ana2 - 2: T.Zuluft	13.1
2021-03-11 07:34:48.0	Ana3 - 3: T.Abluft	19.3
2021-03-11 07:34:48.0	Ana4 - 4: T.Fortluft	10.7
2021-03-11 07:34:48.0	Ana5 - 5: T.Raum	9999.9
2021-03-11 07:34:48.0	Ana9 - 9: T.Zuluft WRG warm	18.6
2021-03-11 07:34:58.0	Ana1 - 1: T.Au?en	1.7
2021-03-11 07:34:58.0	Ana2 - 2: T.Zuluft	13.1
2021-03-11 07:34:58.0	Ana3 - 3: T.Abluft	19.3
2021-03-11 07:34:58.0	Ana4 - 4: T.Fortluft	10.7
2021-03-11 07:34:58.0	Ana5 - 5: T.Raum	9999.9
2021-03-11 07:34:58.0	Ana9 - 9: T.Zuluft WRG warm	18.6
2021-03-11 07:35:08.0	Ana1 - 1: T.Au?en	1.7
2021-03-11 07:35:08.0	Ana2 - 2: T.Zuluft	13.1
2021-03-11 07:35:08.0	Ana3 - 3: T.Abluft	19.3
2021-03-11 07:35:08.0	Ana4 - 4: T.Fortluft	10.7
2021-03-11 07:35:08.0	Ana5 - 5: T.Raum	9999.9
2021-03-11 07:35:08.0	Ana9 - 9: T.Zuluft WRG warm	18.6
2021-03-11 07:35:18.0	Ana1 - 1: T.Au?en	1.7
2021-03-11 07:35:18.0	Ana2 - 2: T.Zuluft	13.1
2021-03-11 07:35:18.0	Ana3 - 3: T.Abluft	19.3
2021-03-11 07:35:18.0	Ana4 - 4: T.Fortluft	10.7
2021-03-11 07:35:18.0	Ana5 - 5: T.Raum	9999.9
2021-03-11 07:35:18.0	Ana9 - 9: T.Zuluft WRG warm	18.6
2021-03-11 07:35:28.0	Ana1 - 1: T.Au?en	1.8
2021-03-11 07:35:28.0	Ana2 - 2: T.Zuluft	13.0
2021-03-11 07:35:28.0	Ana3 - 3: T.Abluft	19.3
2021-03-11 07:35:28.0	Ana4 - 4: T.Fortluft	10.7
2021-03-11 07:35:28.0	Ana5 - 5: T.Raum	9999.9
2021-03-11 07:35:28.0	Ana9 - 9: T.Zuluft WRG warm	18.6
2021-03-11 07:35:38.0	Ana1 - 1: T.Au?en	1.8
2021-03-11 07:35:38.0	Ana2 - 2: T.Zuluft	13.1
2021-03-11 07:35:38.0	Ana3 - 3: T.Abluft	19.3
2021-03-11 07:35:38.0	Ana4 - 4: T.Fortluft	10.7
2021-03-11 07:35:38.0	Ana5 - 5: T.Raum	9999.9
2021-03-11 07:35:38.0	Ana9 - 9: T.Zuluft WRG warm	18.6
2021-03-11 07:35:48.0	Ana1 - 1: T.Au?en	1.8
2021-03-11 07:35:48.0	Ana2 - 2: T.Zuluft	13.1
2021-03-11 07:35:48.0	Ana3 - 3: T.Abluft	19.3
2021-03-11 07:35:48.0	Ana4 - 4: T.Fortluft	10.7
2021-03-11 07:35:48.0	Ana5 - 5: T.Raum	9999.9
2021-03-11 07:35:48.0	Ana9 - 9: T.Zuluft WRG warm	18.6
2021-03-11 07:35:58.0	Ana1 - 1: T.Au?en	1.8
2021-03-11 07:35:58.0	Ana2 - 2: T.Zuluft	13.1
2021-03-11 07:35:58.0	Ana3 - 3: T.Abluft	19.3
2021-03-11 07:35:58.0	Ana4 - 4: T.Fortluft	10.7
2021-03-11 07:35:58.0	Ana5 - 5: T.Raum	9999.9
2021-03-11 07:35:58.0	Ana9 - 9: T.Zuluft WRG warm	18.6
2021-03-11 07:36:08.0	Ana1 - 1: T.Au?en	1.8
2021-03-11 07:36:08.0	Ana2 - 2: T.Zuluft	13.1
2021-03-11 07:36:08.0	Ana3 - 3: T.Abluft	19.3
2021-03-11 07:36:08.0	Ana4 - 4: T.Fortluft	10.7
2021-03-11 07:36:08.0	Ana5 - 5: T.Raum	9999.9
2021-03-11 07:36:08.0	Ana9 - 9: T.Zuluft WRG warm	18.6
2021-03-11 07:36:18.0	Ana1 - 1: T.Au?en	1.8
2021-03-11 07:36:18.0	Ana2 - 2: T.Zuluft	13.1
2021-03-11 07:36:18.0	Ana3 - 3: T.Abluft	19.3
2021-03-11 07:36:18.0	Ana4 - 4: T.Fortluft	10.7
2021-03-11 07:36:18.0	Ana5 - 5: T.Raum	9999.9
2021-03-11 07:36:18.0	Ana9 - 9: T.Zuluft WRG warm	18.6
2021-03-11 07:36:28.0	Ana1 - 1: T.Au?en	1.8
2021-03-11 07:36:28.0	Ana2 - 2: T.Zuluft	13.1
2021-03-11 07:36:28.0	Ana3 - 3: T.Abluft	19.3
2021-03-11 07:36:28.0	Ana4 - 4: T.Fortluft	10.7
2021-03-11 07:36:28.0	Ana5 - 5: T.Raum	9999.9
2021-03-11 07:36:28.0	Ana9 - 9: T.Zuluft WRG warm	18.6
2021-03-11 07:36:38.0	Ana1 - 1: T.Au?en	1.8
2021-03-11 07:36:38.0	Ana2 - 2: T.Zuluft	13.1
2021-03-11 07:36:38.0	Ana3 - 3: T.Abluft	19.3
2021-03-11 07:36:38.0	Ana4 - 4: T.Fortluft	10.7
2021-03-11 07:36:38.0	Ana5 - 5: T.Raum	9999.9
2021-03-11 07:36:38.0	Ana9 - 9: T.Zuluft WRG warm	18.6
2021-03-11 07:36:48.0	Ana1 - 1: T.Au?en	1.8
2021-03-11 07:36:48.0	Ana2 - 2: T.Zuluft	13.1
2021-03-11 07:36:48.0	Ana3 - 3: T.Abluft	19.3
2021-03-11 07:36:48.0	Ana4 - 4: T.Fortluft	10.7
2021-03-11 07:36:48.0	Ana5 - 5: T.Raum	9999.9
2021-03-11 07:36:48.0	Ana9 - 9: T.Zuluft WRG warm	18.6
2021-03-11 07:36:58.0	Ana1 - 1: T.Au?en	1.8
2021-03-11 07:36:58.0	Ana2 - 2: T.Zuluft	13.1
2021-03-11 07:36:58.0	Ana3 - 3: T.Abluft	19.3
2021-03-11 07:36:58.0	Ana4 - 4: T.Fortluft	10.7
2021-03-11 07:36:58.0	Ana5 - 5: T.Raum	9999.9
2021-03-11 07:36:58.0	Ana9 - 9: T.Zuluft WRG warm	18.6
2021-03-11 07:37:08.0	Ana1 - 1: T.Au?en	1.8
2021-03-11 07:37:08.0	Ana2 - 2: T.Zuluft	13.1
2021-03-11 07:37:08.0	Ana3 - 3: T.Abluft	19.3
2021-03-11 07:37:08.0	Ana4 - 4: T.Fortluft	10.7
2021-03-11 07:37:08.0	Ana5 - 5: T.Raum	9999.9
2021-03-11 07:37:08.0	Ana9 - 9: T.Zuluft WRG warm	18.6
2021-03-11 07:37:18.0	Ana1 - 1: T.Au?en	1.8
2021-03-11 07:37:18.0	Ana2 - 2: T.Zuluft	13.0
2021-03-11 07:37:18.0	Ana3 - 3: T.Abluft	19.3
2021-03-11 07:37:18.0	Ana4 - 4: T.Fortluft	10.7
2021-03-11 07:37:18.0	Ana5 - 5: T.Raum	9999.9
2021-03-11 07:37:18.0	Ana9 - 9: T.Zuluft WRG warm	18.6
2021-03-11 07:37:28.0	Ana1 - 1: T.Au?en	1.8
2021-03-11 07:37:28.0	Ana2 - 2: T.Zuluft	13.0
2021-03-11 07:37:28.0	Ana3 - 3: T.Abluft	19.3
2021-03-11 07:37:28.0	Ana4 - 4: T.Fortluft	10.7
2021-03-11 07:37:28.0	Ana5 - 5: T.Raum	9999.9
2021-03-11 07:37:28.0	Ana9 - 9: T.Zuluft WRG warm	18.6
2021-03-11 07:37:38.0	Ana1 - 1: T.Au?en	1.8
2021-03-11 07:37:38.0	Ana2 - 2: T.Zuluft	13.0
2021-03-11 07:37:38.0	Ana3 - 3: T.Abluft	19.3
2021-03-11 07:37:38.0	Ana4 - 4: T.Fortluft	10.7
2021-03-11 07:37:38.0	Ana5 - 5: T.Raum	9999.9
2021-03-11 07:37:38.0	Ana9 - 9: T.Zuluft WRG warm	18.6
2021-03-11 07:37:48.0	Ana1 - 1: T.Au?en	1.8
2021-03-11 07:37:48.0	Ana2 - 2: T.Zuluft	13.1
2021-03-11 07:37:48.0	Ana3 - 3: T.Abluft	19.3
2021-03-11 07:37:48.0	Ana4 - 4: T.Fortluft	10.7
2021-03-11 07:37:48.0	Ana5 - 5: T.Raum	9999.9
2021-03-11 07:37:48.0	Ana9 - 9: T.Zuluft WRG warm	18.6
2021-03-11 07:37:58.0	Ana1 - 1: T.Au?en	1.8
2021-03-11 07:37:58.0	Ana2 - 2: T.Zuluft	13.1
2021-03-11 07:37:58.0	Ana3 - 3: T.Abluft	19.3
2021-03-11 07:37:58.0	Ana4 - 4: T.Fortluft	10.7
2021-03-11 07:37:58.0	Ana5 - 5: T.Raum	9999.9
2021-03-11 07:37:58.0	Ana9 - 9: T.Zuluft WRG warm	18.6
2021-03-11 07:38:08.0	Ana1 - 1: T.Au?en	1.8
2021-03-11 07:38:08.0	Ana2 - 2: T.Zuluft	13.1
2021-03-11 07:38:08.0	Ana3 - 3: T.Abluft	19.3
2021-03-11 07:38:08.0	Ana4 - 4: T.Fortluft	10.7
2021-03-11 07:38:08.0	Ana5 - 5: T.Raum	9999.9
2021-03-11 07:38:08.0	Ana9 - 9: T.Zuluft WRG warm	18.6
2021-03-11 07:38:18.0	Ana1 - 1: T.Au?en	1.8
2021-03-11 07:38:18.0	Ana2 - 2: T.Zuluft	13.1
2021-03-11 07:38:18.0	Ana3 - 3: T.Abluft	19.3
2021-03-11 07:38:18.0	Ana4 - 4: T.Fortluft	10.7
2021-03-11 07:38:18.0	Ana5 - 5: T.Raum	9999.9
2021-03-11 07:38:18.0	Ana9 - 9: T.Zuluft WRG warm	18.6
2021-03-11 07:38:28.0	Ana1 - 1: T.Au?en	1.8
2021-03-11 07:38:28.0	Ana2 - 2: T.Zuluft	13.0
2021-03-11 07:38:28.0	Ana3 - 3: T.Abluft	19.3
2021-03-11 07:38:28.0	Ana4 - 4: T.Fortluft	10.7
2021-03-11 07:38:28.0	Ana5 - 5: T.Raum	9999.9
2021-03-11 07:38:28.0	Ana9 - 9: T.Zuluft WRG warm	18.6
2021-03-11 07:38:38.0	Ana1 - 1: T.Au?en	1.8
2021-03-11 07:38:38.0	Ana2 - 2: T.Zuluft	13.0
2021-03-11 07:38:38.0	Ana3 - 3: T.Abluft	19.3
2021-03-11 07:38:38.0	Ana4 - 4: T.Fortluft	10.7
2021-03-11 07:38:38.0	Ana5 - 5: T.Raum	9999.9
2021-03-11 07:38:38.0	Ana9 - 9: T.Zuluft WRG warm	18.6
2021-03-11 07:38:48.0	Ana1 - 1: T.Au?en	1.8
2021-03-11 07:38:48.0	Ana2 - 2: T.Zuluft	13.0
2021-03-11 07:38:48.0	Ana3 - 3: T.Abluft	19.3
2021-03-11 07:38:48.0	Ana4 - 4: T.Fortluft	10.7
2021-03-11 07:38:48.0	Ana5 - 5: T.Raum	9999.9
2021-03-11 07:38:48.0	Ana9 - 9: T.Zuluft WRG warm	18.6
2021-03-11 07:38:58.0	Ana1 - 1: T.Au?en	1.8
2021-03-11 07:38:58.0	Ana2 - 2: T.Zuluft	13.0
2021-03-11 07:38:58.0	Ana3 - 3: T.Abluft	19.3
2021-03-11 07:38:58.0	Ana4 - 4: T.Fortluft	10.7
2021-03-11 07:38:58.0	Ana5 - 5: T.Raum	9999.9
2021-03-11 07:38:58.0	Ana9 - 9: T.Zuluft WRG warm	18.6
2021-03-11 07:39:08.0	Ana1 - 1: T.Au?en	1.8
2021-03-11 07:39:08.0	Ana2 - 2: T.Zuluft	13.0
2021-03-11 07:39:08.0	Ana3 - 3: T.Abluft	19.3
2021-03-11 07:39:08.0	Ana4 - 4: T.Fortluft	10.7
2021-03-11 07:39:08.0	Ana5 - 5: T.Raum	9999.9
2021-03-11 07:39:08.0	Ana9 - 9: T.Zuluft WRG warm	18.6
2021-03-11 07:39:18.0	Ana1 - 1: T.Au?en	1.8
2021-03-11 07:39:18.0	Ana2 - 2: T.Zuluft	13.0
2021-03-11 07:39:18.0	Ana3 - 3: T.Abluft	19.3
2021-03-11 07:39:18.0	Ana4 - 4: T.Fortluft	10.7
2021-03-11 07:39:18.0	Ana5 - 5: T.Raum	9999.9
2021-03-11 07:39:18.0	Ana9 - 9: T.Zuluft WRG warm	18.6
2021-03-11 07:39:28.0	Ana1 - 1: T.Au?en	1.8
2021-03-11 07:39:28.0	Ana2 - 2: T.Zuluft	13.1
2021-03-11 07:39:28.0	Ana3 - 3: T.Abluft	19.3
2021-03-11 07:39:28.0	Ana4 - 4: T.Fortluft	10.7
2021-03-11 07:39:28.0	Ana5 - 5: T.Raum	9999.9
2021-03-11 07:39:28.0	Ana9 - 9: T.Zuluft WRG warm	18.6
2021-03-11 07:39:38.0	Ana1 - 1: T.Au?en	1.8
2021-03-11 07:39:38.0	Ana2 - 2: T.Zuluft	13.0
2021-03-11 07:39:38.0	Ana3 - 3: T.Abluft	19.4
2021-03-11 07:39:38.0	Ana4 - 4: T.Fortluft	10.7
2021-03-11 07:39:38.0	Ana5 - 5: T.Raum	9999.9
2021-03-11 07:39:38.0	Ana9 - 9: T.Zuluft WRG warm	18.6
2021-03-11 07:39:48.0	Ana1 - 1: T.Au?en	1.8
2021-03-11 07:39:48.0	Ana2 - 2: T.Zuluft	13.0
2021-03-11 07:39:48.0	Ana3 - 3: T.Abluft	19.3
2021-03-11 07:39:48.0	Ana4 - 4: T.Fortluft	10.7
2021-03-11 07:39:48.0	Ana5 - 5: T.Raum	9999.9
2021-03-11 07:39:48.0	Ana9 - 9: T.Zuluft WRG warm	18.6
2021-03-11 07:39:58.0	Ana1 - 1: T.Au?en	1.8
2021-03-11 07:39:58.0	Ana2 - 2: T.Zuluft	13.0
2021-03-11 07:39:58.0	Ana3 - 3: T.Abluft	19.4
2021-03-11 07:39:58.0	Ana4 - 4: T.Fortluft	10.7
2021-03-11 07:39:58.0	Ana5 - 5: T.Raum	9999.9
2021-03-11 07:39:58.0	Ana9 - 9: T.Zuluft WRG warm	18.6
2021-03-11 07:40:08.0	Ana1 - 1: T.Au?en	1.8
2021-03-11 07:40:08.0	Ana2 - 2: T.Zuluft	13.0
2021-03-11 07:40:08.0	Ana3 - 3: T.Abluft	19.4
2021-03-11 07:40:08.0	Ana4 - 4: T.Fortluft	10.7
2021-03-11 07:40:08.0	Ana5 - 5: T.Raum	9999.9
2021-03-11 07:40:08.0	Ana9 - 9: T.Zuluft WRG warm	18.6
2021-03-11 07:40:18.0	Ana1 - 1: T.Au?en	1.8
2021-03-11 07:40:18.0	Ana2 - 2: T.Zuluft	13.0
2021-03-11 07:40:18.0	Ana3 - 3: T.Abluft	19.3
2021-03-11 07:40:18.0	Ana4 - 4: T.Fortluft	10.7
2021-03-11 07:40:18.0	Ana5 - 5: T.Raum	9999.9
2021-03-11 07:40:18.0	Ana9 - 9: T.Zuluft WRG warm	18.6
2021-03-11 07:40:28.0	Ana1 - 1: T.Au?en	1.8
2021-03-11 07:40:28.0	Ana2 - 2: T.Zuluft	13.0
2021-03-11 07:40:28.0	Ana3 - 3: T.Abluft	19.4
2021-03-11 07:40:28.0	Ana4 - 4: T.Fortluft	10.7
2021-03-11 07:40:28.0	Ana5 - 5: T.Raum	9999.9
2021-03-11 07:40:28.0	Ana9 - 9: T.Zuluft WRG warm	18.6
2021-03-11 07:40:38.0	Ana1 - 1: T.Au?en	1.8
2021-03-11 07:40:38.0	Ana2 - 2: T.Zuluft	13.0
2021-03-11 07:40:38.0	Ana3 - 3: T.Abluft	19.3
2021-03-11 07:40:38.0	Ana4 - 4: T.Fortluft	10.7
2021-03-11 07:40:38.0	Ana5 - 5: T.Raum	9999.9
2021-03-11 07:40:38.0	Ana9 - 9: T.Zuluft WRG warm	18.6
2021-03-11 07:40:48.0	Ana1 - 1: T.Au?en	1.8
2021-03-11 07:40:48.0	Ana2 - 2: T.Zuluft	13.0
2021-03-11 07:40:48.0	Ana3 - 3: T.Abluft	19.4
2021-03-11 07:40:48.0	Ana4 - 4: T.Fortluft	10.7
2021-03-11 07:40:48.0	Ana5 - 5: T.Raum	9999.9
2021-03-11 07:40:48.0	Ana9 - 9: T.Zuluft WRG warm	18.6
2021-03-11 07:40:58.0	Ana1 - 1: T.Au?en	1.8
2021-03-11 07:40:58.0	Ana2 - 2: T.Zuluft	13.0
2021-03-11 07:40:58.0	Ana3 - 3: T.Abluft	19.4
2021-03-11 07:40:58.0	Ana4 - 4: T.Fortluft	10.7
2021-03-11 07:40:58.0	Ana5 - 5: T.Raum	9999.9
2021-03-11 07:40:58.0	Ana9 - 9: T.Zuluft WRG warm	18.6
2021-03-11 07:41:08.0	Ana1 - 1: T.Au?en	1.8
2021-03-11 07:41:08.0	Ana2 - 2: T.Zuluft	13.0
2021-03-11 07:41:08.0	Ana3 - 3: T.Abluft	19.4
2021-03-11 07:41:08.0	Ana4 - 4: T.Fortluft	10.7
2021-03-11 07:41:08.0	Ana5 - 5: T.Raum	9999.9
2021-03-11 07:41:08.0	Ana9 - 9: T.Zuluft WRG warm	18.6
2021-03-11 07:41:18.0	Ana1 - 1: T.Au?en	1.9
2021-03-11 07:41:18.0	Ana2 - 2: T.Zuluft	13.0
2021-03-11 07:41:18.0	Ana3 - 3: T.Abluft	19.4
2021-03-11 07:41:18.0	Ana4 - 4: T.Fortluft	10.7
2021-03-11 07:41:18.0	Ana5 - 5: T.Raum	9999.9
2021-03-11 07:41:18.0	Ana9 - 9: T.Zuluft WRG warm	18.6
2021-03-11 07:41:28.0	Ana1 - 1: T.Au?en	1.9
2021-03-11 07:41:28.0	Ana2 - 2: T.Zuluft	13.0
2021-03-11 07:41:28.0	Ana3 - 3: T.Abluft	19.4
2021-03-11 07:41:28.0	Ana4 - 4: T.Fortluft	10.7
2021-03-11 07:41:28.0	Ana5 - 5: T.Raum	9999.9
2021-03-11 07:41:28.0	Ana9 - 9: T.Zuluft WRG warm	18.6
2021-03-11 07:41:38.0	Ana1 - 1: T.Au?en	1.9
2021-03-11 07:41:38.0	Ana2 - 2: T.Zuluft	13.0
2021-03-11 07:41:38.0	Ana3 - 3: T.Abluft	19.4
2021-03-11 07:41:38.0	Ana4 - 4: T.Fortluft	10.7
2021-03-11 07:41:38.0	Ana5 - 5: T.Raum	9999.9
2021-03-11 07:41:38.0	Ana9 - 9: T.Zuluft WRG warm	18.6
2021-03-11 07:41:48.0	Ana1 - 1: T.Au?en	1.9
2021-03-11 07:41:48.0	Ana2 - 2: T.Zuluft	13.0
2021-03-11 07:41:48.0	Ana3 - 3: T.Abluft	19.4
2021-03-11 07:41:48.0	Ana4 - 4: T.Fortluft	10.7
2021-03-11 07:41:48.0	Ana5 - 5: T.Raum	9999.9
2021-03-11 07:41:48.0	Ana9 - 9: T.Zuluft WRG warm	18.6
2021-03-11 07:41:58.0	Ana1 - 1: T.Au?en	1.9
2021-03-11 07:41:58.0	Ana2 - 2: T.Zuluft	13.0
2021-03-11 07:41:58.0	Ana3 - 3: T.Abluft	19.4
2021-03-11 07:41:58.0	Ana4 - 4: T.Fortluft	10.7
2021-03-11 07:41:58.0	Ana5 - 5: T.Raum	9999.9
2021-03-11 07:41:58.0	Ana9 - 9: T.Zuluft WRG warm	18.6
2021-03-11 07:42:08.0	Ana1 - 1: T.Au?en	1.9
2021-03-11 07:42:08.0	Ana2 - 2: T.Zuluft	13.0
2021-03-11 07:42:08.0	Ana3 - 3: T.Abluft	19.4
2021-03-11 07:42:08.0	Ana4 - 4: T.Fortluft	10.7
2021-03-11 07:42:08.0	Ana5 - 5: T.Raum	9999.9
2021-03-11 07:42:08.0	Ana9 - 9: T.Zuluft WRG warm	18.6
2021-03-11 07:42:18.0	Ana1 - 1: T.Au?en	1.9
2021-03-11 07:42:18.0	Ana2 - 2: T.Zuluft	13.0
2021-03-11 07:42:18.0	Ana3 - 3: T.Abluft	19.4
2021-03-11 07:42:18.0	Ana4 - 4: T.Fortluft	10.7
2021-03-11 07:42:18.0	Ana5 - 5: T.Raum	9999.9
2021-03-11 07:42:18.0	Ana9 - 9: T.Zuluft WRG warm	18.6
2021-03-11 07:42:28.0	Ana1 - 1: T.Au?en	1.9
2021-03-11 07:42:28.0	Ana2 - 2: T.Zuluft	13.0
2021-03-11 07:42:28.0	Ana3 - 3: T.Abluft	19.4
2021-03-11 07:42:28.0	Ana4 - 4: T.Fortluft	10.7
2021-03-11 07:42:28.0	Ana5 - 5: T.Raum	9999.9
2021-03-11 07:42:28.0	Ana9 - 9: T.Zuluft WRG warm	18.6
2021-03-11 07:42:38.0	Ana1 - 1: T.Au?en	1.9
2021-03-11 07:42:38.0	Ana2 - 2: T.Zuluft	13.0
2021-03-11 07:42:38.0	Ana3 - 3: T.Abluft	19.4
2021-03-11 07:42:38.0	Ana4 - 4: T.Fortluft	10.7
2021-03-11 07:42:38.0	Ana5 - 5: T.Raum	9999.9
2021-03-11 07:42:38.0	Ana9 - 9: T.Zuluft WRG warm	18.6
2021-03-11 07:42:48.0	Ana1 - 1: T.Au?en	2.0
2021-03-11 07:42:48.0	Ana2 - 2: T.Zuluft	13.0
2021-03-11 07:42:48.0	Ana3 - 3: T.Abluft	19.4
2021-03-11 07:42:48.0	Ana4 - 4: T.Fortluft	10.7
2021-03-11 07:42:48.0	Ana5 - 5: T.Raum	9999.9
2021-03-11 07:42:48.0	Ana9 - 9: T.Zuluft WRG warm	18.6
2021-03-11 07:42:58.0	Ana1 - 1: T.Au?en	2.0
2021-03-11 07:42:58.0	Ana2 - 2: T.Zuluft	13.0
2021-03-11 07:42:58.0	Ana3 - 3: T.Abluft	19.3
2021-03-11 07:42:58.0	Ana4 - 4: T.Fortluft	10.7
2021-03-11 07:42:58.0	Ana5 - 5: T.Raum	9999.9
2021-03-11 07:42:58.0	Ana9 - 9: T.Zuluft WRG warm	18.6
2021-03-11 07:43:08.0	Ana1 - 1: T.Au?en	2.0
2021-03-11 07:43:08.0	Ana2 - 2: T.Zuluft	13.0
2021-03-11 07:43:08.0	Ana3 - 3: T.Abluft	19.4
2021-03-11 07:43:08.0	Ana4 - 4: T.Fortluft	10.7
2021-03-11 07:43:08.0	Ana5 - 5: T.Raum	9999.9
2021-03-11 07:43:08.0	Ana9 - 9: T.Zuluft WRG warm	18.6
2021-03-11 07:43:18.0	Ana1 - 1: T.Au?en	2.0
2021-03-11 07:43:18.0	Ana2 - 2: T.Zuluft	13.0
2021-03-11 07:43:18.0	Ana3 - 3: T.Abluft	19.4
2021-03-11 07:43:18.0	Ana4 - 4: T.Fortluft	10.7
2021-03-11 07:43:18.0	Ana5 - 5: T.Raum	9999.9
2021-03-11 07:43:18.0	Ana9 - 9: T.Zuluft WRG warm	18.6
2021-03-11 07:43:28.0	Ana1 - 1: T.Au?en	2.0
2021-03-11 07:43:28.0	Ana2 - 2: T.Zuluft	13.0
2021-03-11 07:43:28.0	Ana3 - 3: T.Abluft	19.4
2021-03-11 07:43:28.0	Ana4 - 4: T.Fortluft	10.7
2021-03-11 07:43:28.0	Ana5 - 5: T.Raum	9999.9
2021-03-11 07:43:28.0	Ana9 - 9: T.Zuluft WRG warm	18.6
2021-03-11 07:43:38.0	Ana1 - 1: T.Au?en	2.0
2021-03-11 07:43:38.0	Ana2 - 2: T.Zuluft	13.0
2021-03-11 07:43:38.0	Ana3 - 3: T.Abluft	19.4
2021-03-11 07:43:38.0	Ana4 - 4: T.Fortluft	10.7
2021-03-11 07:43:38.0	Ana5 - 5: T.Raum	9999.9
2021-03-11 07:43:38.0	Ana9 - 9: T.Zuluft WRG warm	18.6
2021-03-11 07:43:48.0	Ana1 - 1: T.Au?en	2.0
2021-03-11 07:43:48.0	Ana2 - 2: T.Zuluft	13.0
2021-03-11 07:43:48.0	Ana3 - 3: T.Abluft	19.4
2021-03-11 07:43:48.0	Ana4 - 4: T.Fortluft	10.6
2021-03-11 07:43:48.0	Ana5 - 5: T.Raum	9999.9
2021-03-11 07:43:48.0	Ana9 - 9: T.Zuluft WRG warm	18.6
2021-03-11 07:43:58.0	Ana1 - 1: T.Au?en	2.0
2021-03-11 07:43:58.0	Ana2 - 2: T.Zuluft	13.0
2021-03-11 07:43:58.0	Ana3 - 3: T.Abluft	19.4
2021-03-11 07:43:58.0	Ana4 - 4: T.Fortluft	10.7
2021-03-11 07:43:58.0	Ana5 - 5: T.Raum	9999.9
2021-03-11 07:43:58.0	Ana9 - 9: T.Zuluft WRG warm	18.6
2021-03-11 07:44:08.0	Ana1 - 1: T.Au?en	2.0
2021-03-11 07:44:08.0	Ana2 - 2: T.Zuluft	13.0
2021-03-11 07:44:08.0	Ana3 - 3: T.Abluft	19.4
2021-03-11 07:44:08.0	Ana4 - 4: T.Fortluft	10.7
2021-03-11 07:44:08.0	Ana5 - 5: T.Raum	9999.9
2021-03-11 07:44:08.0	Ana9 - 9: T.Zuluft WRG warm	18.6
2021-03-11 07:44:18.0	Ana1 - 1: T.Au?en	2.0
2021-03-11 07:44:18.0	Ana2 - 2: T.Zuluft	13.0
2021-03-11 07:44:18.0	Ana3 - 3: T.Abluft	19.4
2021-03-11 07:44:18.0	Ana4 - 4: T.Fortluft	10.7
2021-03-11 07:44:18.0	Ana5 - 5: T.Raum	9999.9
2021-03-11 07:44:18.0	Ana9 - 9: T.Zuluft WRG warm	18.6
2021-03-11 07:44:28.0	Ana1 - 1: T.Au?en	2.0
2021-03-11 07:44:28.0	Ana2 - 2: T.Zuluft	13.0
2021-03-11 07:44:28.0	Ana3 - 3: T.Abluft	19.4
2021-03-11 07:44:28.0	Ana4 - 4: T.Fortluft	10.7
2021-03-11 07:44:28.0	Ana5 - 5: T.Raum	9999.9
2021-03-11 07:44:28.0	Ana9 - 9: T.Zuluft WRG warm	18.6
2021-03-11 07:44:38.0	Ana1 - 1: T.Au?en	2.0
2021-03-11 07:44:38.0	Ana2 - 2: T.Zuluft	13.0
2021-03-11 07:44:38.0	Ana3 - 3: T.Abluft	19.4
2021-03-11 07:44:38.0	Ana4 - 4: T.Fortluft	10.6
2021-03-11 07:44:38.0	Ana5 - 5: T.Raum	9999.9
2021-03-11 07:44:38.0	Ana9 - 9: T.Zuluft WRG warm	18.6
2021-03-11 07:44:48.0	Ana1 - 1: T.Au?en	2.0
2021-03-11 07:44:48.0	Ana2 - 2: T.Zuluft	13.0
2021-03-11 07:44:48.0	Ana3 - 3: T.Abluft	19.4
2021-03-11 07:44:48.0	Ana4 - 4: T.Fortluft	10.6
2021-03-11 07:44:48.0	Ana5 - 5: T.Raum	9999.9
2021-03-11 07:44:48.0	Ana9 - 9: T.Zuluft WRG warm	18.6
2021-03-11 07:44:58.0	Ana1 - 1: T.Au?en	2.0
2021-03-11 07:44:58.0	Ana2 - 2: T.Zuluft	13.0
2021-03-11 07:44:58.0	Ana3 - 3: T.Abluft	19.4
2021-03-11 07:44:58.0	Ana4 - 4: T.Fortluft	10.6
2021-03-11 07:44:58.0	Ana5 - 5: T.Raum	9999.9
2021-03-11 07:44:58.0	Ana9 - 9: T.Zuluft WRG warm	18.6
2021-03-11 07:45:08.0	Ana1 - 1: T.Au?en	2.0
2021-03-11 07:45:08.0	Ana2 - 2: T.Zuluft	13.0
2021-03-11 07:45:08.0	Ana3 - 3: T.Abluft	19.4
2021-03-11 07:45:08.0	Ana4 - 4: T.Fortluft	10.6
2021-03-11 07:45:08.0	Ana5 - 5: T.Raum	9999.9
2021-03-11 07:45:08.0	Ana9 - 9: T.Zuluft WRG warm	18.6
2021-03-11 07:45:18.0	Ana1 - 1: T.Au?en	2.0
2021-03-11 07:45:18.0	Ana2 - 2: T.Zuluft	13.0
2021-03-11 07:45:18.0	Ana3 - 3: T.Abluft	19.4
2021-03-11 07:45:18.0	Ana4 - 4: T.Fortluft	10.6
2021-03-11 07:45:18.0	Ana5 - 5: T.Raum	9999.9
2021-03-11 07:45:18.0	Ana9 - 9: T.Zuluft WRG warm	18.6
2021-03-11 07:45:28.0	Ana1 - 1: T.Au?en	2.0
2021-03-11 07:45:28.0	Ana2 - 2: T.Zuluft	13.0
2021-03-11 07:45:28.0	Ana3 - 3: T.Abluft	19.4
2021-03-11 07:45:28.0	Ana4 - 4: T.Fortluft	10.6
2021-03-11 07:45:28.0	Ana5 - 5: T.Raum	9999.9
2021-03-11 07:45:28.0	Ana9 - 9: T.Zuluft WRG warm	18.6
2021-03-11 07:45:38.0	Ana1 - 1: T.Au?en	2.1
2021-03-11 07:45:38.0	Ana2 - 2: T.Zuluft	13.0
2021-03-11 07:45:38.0	Ana3 - 3: T.Abluft	19.4
2021-03-11 07:45:38.0	Ana4 - 4: T.Fortluft	10.6
2021-03-11 07:45:38.0	Ana5 - 5: T.Raum	9999.9
2021-03-11 07:45:38.0	Ana9 - 9: T.Zuluft WRG warm	18.6
2021-03-11 07:45:48.0	Ana1 - 1: T.Au?en	2.1
2021-03-11 07:45:48.0	Ana2 - 2: T.Zuluft	13.0
2021-03-11 07:45:48.0	Ana3 - 3: T.Abluft	19.4
2021-03-11 07:45:48.0	Ana4 - 4: T.Fortluft	10.6
2021-03-11 07:45:48.0	Ana5 - 5: T.Raum	9999.9
2021-03-11 07:45:48.0	Ana9 - 9: T.Zuluft WRG warm	18.6
2021-03-11 07:45:58.0	Ana1 - 1: T.Au?en	2.1
2021-03-11 07:45:58.0	Ana2 - 2: T.Zuluft	13.0
2021-03-11 07:45:58.0	Ana3 - 3: T.Abluft	19.4
2021-03-11 07:45:58.0	Ana4 - 4: T.Fortluft	10.7
2021-03-11 07:45:58.0	Ana5 - 5: T.Raum	9999.9
2021-03-11 07:45:58.0	Ana9 - 9: T.Zuluft WRG warm	18.6
2021-03-11 07:46:08.0	Ana1 - 1: T.Au?en	2.1
2021-03-11 07:46:08.0	Ana2 - 2: T.Zuluft	13.0
2021-03-11 07:46:08.0	Ana3 - 3: T.Abluft	19.4
2021-03-11 07:46:08.0	Ana4 - 4: T.Fortluft	10.7
2021-03-11 07:46:08.0	Ana5 - 5: T.Raum	9999.9
2021-03-11 07:46:08.0	Ana9 - 9: T.Zuluft WRG warm	18.6
2021-03-11 07:46:18.0	Ana1 - 1: T.Au?en	2.1
2021-03-11 07:46:18.0	Ana2 - 2: T.Zuluft	13.0
2021-03-11 07:46:18.0	Ana3 - 3: T.Abluft	19.4
2021-03-11 07:46:18.0	Ana4 - 4: T.Fortluft	10.7
2021-03-11 07:46:18.0	Ana5 - 5: T.Raum	9999.9
2021-03-11 07:46:18.0	Ana9 - 9: T.Zuluft WRG warm	18.6
2021-03-11 07:46:28.0	Ana1 - 1: T.Au?en	2.1
2021-03-11 07:46:28.0	Ana2 - 2: T.Zuluft	13.0
2021-03-11 07:46:28.0	Ana3 - 3: T.Abluft	19.4
2021-03-11 07:46:28.0	Ana4 - 4: T.Fortluft	10.6
2021-03-11 07:46:28.0	Ana5 - 5: T.Raum	9999.9
2021-03-11 07:46:28.0	Ana9 - 9: T.Zuluft WRG warm	18.6
2021-03-11 07:46:38.0	Ana1 - 1: T.Au?en	2.1
2021-03-11 07:46:38.0	Ana2 - 2: T.Zuluft	13.0
2021-03-11 07:46:38.0	Ana3 - 3: T.Abluft	19.4
2021-03-11 07:46:38.0	Ana4 - 4: T.Fortluft	10.6
2021-03-11 07:46:38.0	Ana5 - 5: T.Raum	9999.9
2021-03-11 07:46:38.0	Ana9 - 9: T.Zuluft WRG warm	18.6
2021-03-11 07:46:48.0	Ana1 - 1: T.Au?en	2.1
2021-03-11 07:46:48.0	Ana2 - 2: T.Zuluft	13.0
2021-03-11 07:46:48.0	Ana3 - 3: T.Abluft	19.4
2021-03-11 07:46:48.0	Ana4 - 4: T.Fortluft	10.6
2021-03-11 07:46:48.0	Ana5 - 5: T.Raum	9999.9
2021-03-11 07:46:48.0	Ana9 - 9: T.Zuluft WRG warm	18.6
2021-03-11 07:46:58.0	Ana1 - 1: T.Au?en	2.1
2021-03-11 07:46:58.0	Ana2 - 2: T.Zuluft	13.0
2021-03-11 07:46:58.0	Ana3 - 3: T.Abluft	19.4
2021-03-11 07:46:58.0	Ana4 - 4: T.Fortluft	10.6
2021-03-11 07:46:58.0	Ana5 - 5: T.Raum	9999.9
2021-03-11 07:46:58.0	Ana9 - 9: T.Zuluft WRG warm	18.6
2021-03-11 07:47:08.0	Ana1 - 1: T.Au?en	2.1
2021-03-11 07:47:08.0	Ana2 - 2: T.Zuluft	13.0
2021-03-11 07:47:08.0	Ana3 - 3: T.Abluft	19.4
2021-03-11 07:47:08.0	Ana4 - 4: T.Fortluft	10.6
2021-03-11 07:47:08.0	Ana5 - 5: T.Raum	9999.9
2021-03-11 07:47:08.0	Ana9 - 9: T.Zuluft WRG warm	18.6
2021-03-11 07:47:18.0	Ana1 - 1: T.Au?en	2.1
2021-03-11 07:47:18.0	Ana2 - 2: T.Zuluft	13.0
2021-03-11 07:47:18.0	Ana3 - 3: T.Abluft	19.4
2021-03-11 07:47:18.0	Ana4 - 4: T.Fortluft	10.6
2021-03-11 07:47:18.0	Ana5 - 5: T.Raum	9999.9
2021-03-11 07:47:18.0	Ana9 - 9: T.Zuluft WRG warm	18.6
2021-03-11 07:47:28.0	Ana1 - 1: T.Au?en	2.1
2021-03-11 07:47:28.0	Ana2 - 2: T.Zuluft	13.0
2021-03-11 07:47:28.0	Ana3 - 3: T.Abluft	19.4
2021-03-11 07:47:28.0	Ana4 - 4: T.Fortluft	10.6
2021-03-11 07:47:28.0	Ana5 - 5: T.Raum	9999.9
2021-03-11 07:47:28.0	Ana9 - 9: T.Zuluft WRG warm	18.6
2021-03-11 07:47:38.0	Ana1 - 1: T.Au?en	2.1
2021-03-11 07:47:38.0	Ana2 - 2: T.Zuluft	13.0
2021-03-11 07:47:38.0	Ana3 - 3: T.Abluft	19.4
2021-03-11 07:47:38.0	Ana4 - 4: T.Fortluft	10.7
2021-03-11 07:47:38.0	Ana5 - 5: T.Raum	9999.9
2021-03-11 07:47:38.0	Ana9 - 9: T.Zuluft WRG warm	18.6
2021-03-11 07:47:48.0	Ana1 - 1: T.Au?en	2.1
2021-03-11 07:47:48.0	Ana2 - 2: T.Zuluft	13.0
2021-03-11 07:47:48.0	Ana3 - 3: T.Abluft	19.4
2021-03-11 07:47:48.0	Ana4 - 4: T.Fortluft	10.6
2021-03-11 07:47:48.0	Ana5 - 5: T.Raum	9999.9
2021-03-11 07:47:48.0	Ana9 - 9: T.Zuluft WRG warm	18.6
2021-03-11 07:47:58.0	Ana1 - 1: T.Au?en	2.1
2021-03-11 07:47:58.0	Ana2 - 2: T.Zuluft	13.0
2021-03-11 07:47:58.0	Ana3 - 3: T.Abluft	19.4
2021-03-11 07:47:58.0	Ana4 - 4: T.Fortluft	10.6
2021-03-11 07:47:58.0	Ana5 - 5: T.Raum	9999.9
2021-03-11 07:47:58.0	Ana9 - 9: T.Zuluft WRG warm	18.6
2021-03-11 07:48:08.0	Ana1 - 1: T.Au?en	2.1
2021-03-11 07:48:08.0	Ana2 - 2: T.Zuluft	13.0
2021-03-11 07:48:08.0	Ana3 - 3: T.Abluft	19.4
2021-03-11 07:48:08.0	Ana4 - 4: T.Fortluft	10.6
2021-03-11 07:48:08.0	Ana5 - 5: T.Raum	9999.9
2021-03-11 07:48:08.0	Ana9 - 9: T.Zuluft WRG warm	18.6
2021-03-11 07:48:18.0	Ana1 - 1: T.Au?en	2.1
2021-03-11 07:48:18.0	Ana2 - 2: T.Zuluft	13.0
2021-03-11 07:48:18.0	Ana3 - 3: T.Abluft	19.4
2021-03-11 07:48:18.0	Ana4 - 4: T.Fortluft	10.6
2021-03-11 07:48:18.0	Ana5 - 5: T.Raum	9999.9
2021-03-11 07:48:18.0	Ana9 - 9: T.Zuluft WRG warm	18.6
2021-03-11 07:48:28.0	Ana1 - 1: T.Au?en	2.1
2021-03-11 07:48:28.0	Ana2 - 2: T.Zuluft	13.0
2021-03-11 07:48:28.0	Ana3 - 3: T.Abluft	19.4
2021-03-11 07:48:28.0	Ana4 - 4: T.Fortluft	10.6
2021-03-11 07:48:28.0	Ana5 - 5: T.Raum	9999.9
2021-03-11 07:48:28.0	Ana9 - 9: T.Zuluft WRG warm	18.6
2021-03-11 07:48:38.0	Ana1 - 1: T.Au?en	2.1
2021-03-11 07:48:38.0	Ana2 - 2: T.Zuluft	13.0
2021-03-11 07:48:38.0	Ana3 - 3: T.Abluft	19.4
2021-03-11 07:48:38.0	Ana4 - 4: T.Fortluft	10.6
2021-03-11 07:48:38.0	Ana5 - 5: T.Raum	9999.9
2021-03-11 07:48:38.0	Ana9 - 9: T.Zuluft WRG warm	18.6
2021-03-11 07:48:48.0	Ana1 - 1: T.Au?en	2.1
2021-03-11 07:48:48.0	Ana2 - 2: T.Zuluft	13.0
2021-03-11 07:48:48.0	Ana3 - 3: T.Abluft	19.4
2021-03-11 07:48:48.0	Ana4 - 4: T.Fortluft	10.7
2021-03-11 07:48:48.0	Ana5 - 5: T.Raum	9999.9
2021-03-11 07:48:48.0	Ana9 - 9: T.Zuluft WRG warm	18.6
2021-03-11 07:48:58.0	Ana1 - 1: T.Au?en	2.1
2021-03-11 07:48:58.0	Ana2 - 2: T.Zuluft	13.0
2021-03-11 07:48:58.0	Ana3 - 3: T.Abluft	19.4
2021-03-11 07:48:58.0	Ana4 - 4: T.Fortluft	10.7
2021-03-11 07:48:58.0	Ana5 - 5: T.Raum	9999.9
2021-03-11 07:48:58.0	Ana9 - 9: T.Zuluft WRG warm	18.6
2021-03-11 07:49:08.0	Ana1 - 1: T.Au?en	2.1
2021-03-11 07:49:08.0	Ana2 - 2: T.Zuluft	13.0
2021-03-11 07:49:08.0	Ana3 - 3: T.Abluft	19.4
2021-03-11 07:49:08.0	Ana4 - 4: T.Fortluft	10.6
2021-03-11 07:49:08.0	Ana5 - 5: T.Raum	9999.9
2021-03-11 07:49:08.0	Ana9 - 9: T.Zuluft WRG warm	18.6
2021-03-11 07:49:18.0	Ana1 - 1: T.Au?en	2.1
2021-03-11 07:49:18.0	Ana2 - 2: T.Zuluft	13.0
2021-03-11 07:49:18.0	Ana3 - 3: T.Abluft	19.4
2021-03-11 07:49:18.0	Ana4 - 4: T.Fortluft	10.6
2021-03-11 07:49:18.0	Ana5 - 5: T.Raum	9999.9
2021-03-11 07:49:18.0	Ana9 - 9: T.Zuluft WRG warm	18.6
2021-03-11 07:49:28.0	Ana1 - 1: T.Au?en	2.1
2021-03-11 07:49:28.0	Ana2 - 2: T.Zuluft	13.0
2021-03-11 07:49:28.0	Ana3 - 3: T.Abluft	19.4
2021-03-11 07:49:28.0	Ana4 - 4: T.Fortluft	10.6
2021-03-11 07:49:28.0	Ana5 - 5: T.Raum	9999.9
2021-03-11 07:49:28.0	Ana9 - 9: T.Zuluft WRG warm	18.6
2021-03-11 07:49:38.0	Ana1 - 1: T.Au?en	2.1
2021-03-11 07:49:38.0	Ana2 - 2: T.Zuluft	13.0
2021-03-11 07:49:38.0	Ana3 - 3: T.Abluft	19.4
2021-03-11 07:49:38.0	Ana4 - 4: T.Fortluft	10.6
2021-03-11 07:49:38.0	Ana5 - 5: T.Raum	9999.9
2021-03-11 07:49:38.0	Ana9 - 9: T.Zuluft WRG warm	18.6
2021-03-11 07:49:48.0	Ana1 - 1: T.Au?en	2.1
2021-03-11 07:49:48.0	Ana2 - 2: T.Zuluft	13.0
2021-03-11 07:49:48.0	Ana3 - 3: T.Abluft	19.4
2021-03-11 07:49:48.0	Ana4 - 4: T.Fortluft	10.6
2021-03-11 07:49:48.0	Ana5 - 5: T.Raum	9999.9
2021-03-11 07:49:48.0	Ana9 - 9: T.Zuluft WRG warm	18.6
2021-03-11 07:49:58.0	Ana1 - 1: T.Au?en	2.1
2021-03-11 07:49:58.0	Ana2 - 2: T.Zuluft	13.0
2021-03-11 07:49:58.0	Ana3 - 3: T.Abluft	19.4
2021-03-11 07:49:58.0	Ana4 - 4: T.Fortluft	10.6
2021-03-11 07:49:58.0	Ana5 - 5: T.Raum	9999.9
2021-03-11 07:49:58.0	Ana9 - 9: T.Zuluft WRG warm	18.6
2021-03-11 07:50:08.0	Ana1 - 1: T.Au?en	2.1
2021-03-11 07:50:08.0	Ana2 - 2: T.Zuluft	13.0
2021-03-11 07:50:08.0	Ana3 - 3: T.Abluft	19.4
2021-03-11 07:50:08.0	Ana4 - 4: T.Fortluft	10.6
2021-03-11 07:50:08.0	Ana5 - 5: T.Raum	9999.9
2021-03-11 07:50:08.0	Ana9 - 9: T.Zuluft WRG warm	18.6
2021-03-11 07:50:18.0	Ana1 - 1: T.Au?en	2.2
2021-03-11 07:50:18.0	Ana2 - 2: T.Zuluft	13.0
2021-03-11 07:50:18.0	Ana3 - 3: T.Abluft	19.4
2021-03-11 07:50:18.0	Ana4 - 4: T.Fortluft	10.6
2021-03-11 07:50:18.0	Ana5 - 5: T.Raum	9999.9
2021-03-11 07:50:18.0	Ana9 - 9: T.Zuluft WRG warm	18.6
2021-03-11 07:50:28.0	Ana1 - 1: T.Au?en	2.2
2021-03-11 07:50:28.0	Ana2 - 2: T.Zuluft	13.0
2021-03-11 07:50:28.0	Ana3 - 3: T.Abluft	19.4
2021-03-11 07:50:28.0	Ana4 - 4: T.Fortluft	10.7
2021-03-11 07:50:28.0	Ana5 - 5: T.Raum	9999.9
2021-03-11 07:50:28.0	Ana9 - 9: T.Zuluft WRG warm	18.6
2021-03-11 07:50:38.0	Ana1 - 1: T.Au?en	2.2
2021-03-11 07:50:38.0	Ana2 - 2: T.Zuluft	13.0
2021-03-11 07:50:38.0	Ana3 - 3: T.Abluft	19.4
2021-03-11 07:50:38.0	Ana4 - 4: T.Fortluft	10.6
2021-03-11 07:50:38.0	Ana5 - 5: T.Raum	9999.9
2021-03-11 07:50:38.0	Ana9 - 9: T.Zuluft WRG warm	18.6
2021-03-11 07:50:48.0	Ana1 - 1: T.Au?en	2.2
2021-03-11 07:50:48.0	Ana2 - 2: T.Zuluft	13.0
2021-03-11 07:50:48.0	Ana3 - 3: T.Abluft	19.4
2021-03-11 07:50:48.0	Ana4 - 4: T.Fortluft	10.6
2021-03-11 07:50:48.0	Ana5 - 5: T.Raum	9999.9
2021-03-11 07:50:48.0	Ana9 - 9: T.Zuluft WRG warm	18.6
2021-03-11 07:50:58.0	Ana1 - 1: T.Au?en	2.2
2021-03-11 07:50:58.0	Ana2 - 2: T.Zuluft	13.0
2021-03-11 07:50:58.0	Ana3 - 3: T.Abluft	19.4
2021-03-11 07:50:58.0	Ana4 - 4: T.Fortluft	10.6
2021-03-11 07:50:58.0	Ana5 - 5: T.Raum	9999.9
2021-03-11 07:50:58.0	Ana9 - 9: T.Zuluft WRG warm	18.6
2021-03-11 07:51:08.0	Ana1 - 1: T.Au?en	2.3
2021-03-11 07:51:08.0	Ana2 - 2: T.Zuluft	13.0
2021-03-11 07:51:08.0	Ana3 - 3: T.Abluft	19.4
2021-03-11 07:51:08.0	Ana4 - 4: T.Fortluft	10.6
2021-03-11 07:51:08.0	Ana5 - 5: T.Raum	9999.9
2021-03-11 07:51:08.0	Ana9 - 9: T.Zuluft WRG warm	18.6
2021-03-11 07:51:18.0	Ana1 - 1: T.Au?en	2.3
2021-03-11 07:51:18.0	Ana2 - 2: T.Zuluft	13.0
2021-03-11 07:51:18.0	Ana3 - 3: T.Abluft	19.4
2021-03-11 07:51:18.0	Ana4 - 4: T.Fortluft	10.6
2021-03-11 07:51:18.0	Ana5 - 5: T.Raum	9999.9
2021-03-11 07:51:18.0	Ana9 - 9: T.Zuluft WRG warm	18.6
2021-03-11 07:51:28.0	Ana1 - 1: T.Au?en	2.3
2021-03-11 07:51:28.0	Ana2 - 2: T.Zuluft	13.0
2021-03-11 07:51:28.0	Ana3 - 3: T.Abluft	19.4
2021-03-11 07:51:28.0	Ana4 - 4: T.Fortluft	10.7
2021-03-11 07:51:28.0	Ana5 - 5: T.Raum	9999.9
2021-03-11 07:51:28.0	Ana9 - 9: T.Zuluft WRG warm	18.6
2021-03-11 07:51:38.0	Ana1 - 1: T.Au?en	2.3
2021-03-11 07:51:38.0	Ana2 - 2: T.Zuluft	13.0
2021-03-11 07:51:38.0	Ana3 - 3: T.Abluft	19.4
2021-03-11 07:51:38.0	Ana4 - 4: T.Fortluft	10.6
2021-03-11 07:51:38.0	Ana5 - 5: T.Raum	9999.9
2021-03-11 07:51:38.0	Ana9 - 9: T.Zuluft WRG warm	18.6
2021-03-11 07:51:48.0	Ana1 - 1: T.Au?en	2.4
2021-03-11 07:51:48.0	Ana2 - 2: T.Zuluft	13.0
2021-03-11 07:51:48.0	Ana3 - 3: T.Abluft	19.4
2021-03-11 07:51:48.0	Ana4 - 4: T.Fortluft	10.7
2021-03-11 07:51:48.0	Ana5 - 5: T.Raum	9999.9
2021-03-11 07:51:48.0	Ana9 - 9: T.Zuluft WRG warm	18.6
2021-03-11 07:51:58.0	Ana1 - 1: T.Au?en	2.4
2021-03-11 07:51:58.0	Ana2 - 2: T.Zuluft	13.0
2021-03-11 07:51:58.0	Ana3 - 3: T.Abluft	19.4
2021-03-11 07:51:58.0	Ana4 - 4: T.Fortluft	10.7
2021-03-11 07:51:58.0	Ana5 - 5: T.Raum	9999.9
2021-03-11 07:51:58.0	Ana9 - 9: T.Zuluft WRG warm	18.6
2021-03-11 07:52:08.0	Ana1 - 1: T.Au?en	2.4
2021-03-11 07:52:08.0	Ana2 - 2: T.Zuluft	13.0
2021-03-11 07:52:08.0	Ana3 - 3: T.Abluft	19.4
2021-03-11 07:52:08.0	Ana4 - 4: T.Fortluft	10.7
2021-03-11 07:52:08.0	Ana5 - 5: T.Raum	9999.9
2021-03-11 07:52:08.0	Ana9 - 9: T.Zuluft WRG warm	18.6
2021-03-11 07:52:18.0	Ana1 - 1: T.Au?en	2.4
2021-03-11 07:52:18.0	Ana2 - 2: T.Zuluft	13.0
2021-03-11 07:52:18.0	Ana3 - 3: T.Abluft	19.4
2021-03-11 07:52:18.0	Ana4 - 4: T.Fortluft	10.7
2021-03-11 07:52:18.0	Ana5 - 5: T.Raum	9999.9
2021-03-11 07:52:18.0	Ana9 - 9: T.Zuluft WRG warm	18.6
2021-03-11 07:52:28.0	Ana1 - 1: T.Au?en	2.4
2021-03-11 07:52:28.0	Ana2 - 2: T.Zuluft	13.0
2021-03-11 07:52:28.0	Ana3 - 3: T.Abluft	19.4
2021-03-11 07:52:28.0	Ana4 - 4: T.Fortluft	10.7
2021-03-11 07:52:28.0	Ana5 - 5: T.Raum	9999.9
2021-03-11 07:52:28.0	Ana9 - 9: T.Zuluft WRG warm	18.6
2021-03-11 07:52:38.0	Ana1 - 1: T.Au?en	2.4
2021-03-11 07:52:38.0	Ana2 - 2: T.Zuluft	13.0
2021-03-11 07:52:38.0	Ana3 - 3: T.Abluft	19.4
2021-03-11 07:52:38.0	Ana4 - 4: T.Fortluft	10.7
2021-03-11 07:52:38.0	Ana5 - 5: T.Raum	9999.9
2021-03-11 07:52:38.0	Ana9 - 9: T.Zuluft WRG warm	18.6
2021-03-11 07:52:48.0	Ana1 - 1: T.Au?en	2.4
2021-03-11 07:52:48.0	Ana2 - 2: T.Zuluft	13.0
2021-03-11 07:52:48.0	Ana3 - 3: T.Abluft	19.4
2021-03-11 07:52:48.0	Ana4 - 4: T.Fortluft	10.7
2021-03-11 07:52:48.0	Ana5 - 5: T.Raum	9999.9
2021-03-11 07:52:48.0	Ana9 - 9: T.Zuluft WRG warm	18.6
2021-03-11 07:52:58.0	Ana1 - 1: T.Au?en	2.4
2021-03-11 07:52:58.0	Ana2 - 2: T.Zuluft	13.0
2021-03-11 07:52:58.0	Ana3 - 3: T.Abluft	19.4
2021-03-11 07:52:58.0	Ana4 - 4: T.Fortluft	10.6
2021-03-11 07:52:58.0	Ana5 - 5: T.Raum	9999.9
2021-03-11 07:52:58.0	Ana9 - 9: T.Zuluft WRG warm	18.6
2021-03-11 07:53:08.0	Ana1 - 1: T.Au?en	2.4
2021-03-11 07:53:08.0	Ana2 - 2: T.Zuluft	13.0
2021-03-11 07:53:08.0	Ana3 - 3: T.Abluft	19.4
2021-03-11 07:53:08.0	Ana4 - 4: T.Fortluft	10.6
2021-03-11 07:53:08.0	Ana5 - 5: T.Raum	9999.9
2021-03-11 07:53:08.0	Ana9 - 9: T.Zuluft WRG warm	18.6
2021-03-11 07:53:18.0	Ana1 - 1: T.Au?en	2.4
2021-03-11 07:53:18.0	Ana2 - 2: T.Zuluft	13.0
2021-03-11 07:53:18.0	Ana3 - 3: T.Abluft	19.4
2021-03-11 07:53:18.0	Ana4 - 4: T.Fortluft	10.7
2021-03-11 07:53:18.0	Ana5 - 5: T.Raum	9999.9
2021-03-11 07:53:18.0	Ana9 - 9: T.Zuluft WRG warm	18.6
2021-03-11 07:53:28.0	Ana1 - 1: T.Au?en	2.4
2021-03-11 07:53:28.0	Ana2 - 2: T.Zuluft	13.0
2021-03-11 07:53:28.0	Ana3 - 3: T.Abluft	19.4
2021-03-11 07:53:28.0	Ana4 - 4: T.Fortluft	10.7
2021-03-11 07:53:28.0	Ana5 - 5: T.Raum	9999.9
2021-03-11 07:53:28.0	Ana9 - 9: T.Zuluft WRG warm	18.6
2021-03-11 07:53:38.0	Ana1 - 1: T.Au?en	2.4
2021-03-11 07:53:38.0	Ana2 - 2: T.Zuluft	13.0
2021-03-11 07:53:38.0	Ana3 - 3: T.Abluft	19.4
2021-03-11 07:53:38.0	Ana4 - 4: T.Fortluft	10.7
2021-03-11 07:53:38.0	Ana5 - 5: T.Raum	9999.9
2021-03-11 07:53:38.0	Ana9 - 9: T.Zuluft WRG warm	18.6
2021-03-11 07:53:48.0	Ana1 - 1: T.Au?en	2.4
2021-03-11 07:53:48.0	Ana2 - 2: T.Zuluft	13.0
2021-03-11 07:53:48.0	Ana3 - 3: T.Abluft	19.4
2021-03-11 07:53:48.0	Ana4 - 4: T.Fortluft	10.7
2021-03-11 07:53:48.0	Ana5 - 5: T.Raum	9999.9
2021-03-11 07:53:48.0	Ana9 - 9: T.Zuluft WRG warm	18.6
2021-03-11 07:53:58.0	Ana1 - 1: T.Au?en	2.5
2021-03-11 07:53:58.0	Ana2 - 2: T.Zuluft	13.0
2021-03-11 07:53:58.0	Ana3 - 3: T.Abluft	19.4
2021-03-11 07:53:58.0	Ana4 - 4: T.Fortluft	10.7
2021-03-11 07:53:58.0	Ana5 - 5: T.Raum	9999.9
2021-03-11 07:53:58.0	Ana9 - 9: T.Zuluft WRG warm	18.6
2021-03-11 07:54:08.0	Ana1 - 1: T.Au?en	2.5
2021-03-11 07:54:08.0	Ana2 - 2: T.Zuluft	13.0
2021-03-11 07:54:08.0	Ana3 - 3: T.Abluft	19.4
2021-03-11 07:54:08.0	Ana4 - 4: T.Fortluft	10.7
2021-03-11 07:54:08.0	Ana5 - 5: T.Raum	9999.9
2021-03-11 07:54:08.0	Ana9 - 9: T.Zuluft WRG warm	18.6
2021-03-11 07:54:18.0	Ana1 - 1: T.Au?en	2.5
2021-03-11 07:54:18.0	Ana2 - 2: T.Zuluft	13.0
2021-03-11 07:54:18.0	Ana3 - 3: T.Abluft	19.4
2021-03-11 07:54:18.0	Ana4 - 4: T.Fortluft	10.7
2021-03-11 07:54:18.0	Ana5 - 5: T.Raum	9999.9
2021-03-11 07:54:18.0	Ana9 - 9: T.Zuluft WRG warm	18.6
2021-03-11 07:54:28.0	Ana1 - 1: T.Au?en	2.5
2021-03-11 07:54:28.0	Ana2 - 2: T.Zuluft	13.0
2021-03-11 07:54:28.0	Ana3 - 3: T.Abluft	19.4
2021-03-11 07:54:28.0	Ana4 - 4: T.Fortluft	10.7
2021-03-11 07:54:28.0	Ana5 - 5: T.Raum	9999.9
2021-03-11 07:54:28.0	Ana9 - 9: T.Zuluft WRG warm	18.6
2021-03-11 07:54:38.0	Ana1 - 1: T.Au?en	2.5
2021-03-11 07:54:38.0	Ana2 - 2: T.Zuluft	13.0
2021-03-11 07:54:38.0	Ana3 - 3: T.Abluft	19.4
2021-03-11 07:54:38.0	Ana4 - 4: T.Fortluft	10.7
2021-03-11 07:54:38.0	Ana5 - 5: T.Raum	9999.9
2021-03-11 07:54:38.0	Ana9 - 9: T.Zuluft WRG warm	18.6
2021-03-11 07:54:48.0	Ana1 - 1: T.Au?en	2.5
2021-03-11 07:54:48.0	Ana2 - 2: T.Zuluft	13.0
2021-03-11 07:54:48.0	Ana3 - 3: T.Abluft	19.4
2021-03-11 07:54:48.0	Ana4 - 4: T.Fortluft	10.7
2021-03-11 07:54:48.0	Ana5 - 5: T.Raum	9999.9
2021-03-11 07:54:48.0	Ana9 - 9: T.Zuluft WRG warm	18.6
2021-03-11 07:54:58.0	Ana1 - 1: T.Au?en	2.5
2021-03-11 07:54:58.0	Ana2 - 2: T.Zuluft	13.0
2021-03-11 07:54:58.0	Ana3 - 3: T.Abluft	19.4
2021-03-11 07:54:58.0	Ana4 - 4: T.Fortluft	10.7
2021-03-11 07:54:58.0	Ana5 - 5: T.Raum	9999.9
2021-03-11 07:54:58.0	Ana9 - 9: T.Zuluft WRG warm	18.6
2021-03-11 07:55:08.0	Ana1 - 1: T.Au?en	2.5
2021-03-11 07:55:08.0	Ana2 - 2: T.Zuluft	13.0
2021-03-11 07:55:08.0	Ana3 - 3: T.Abluft	19.4
2021-03-11 07:55:08.0	Ana4 - 4: T.Fortluft	10.7
2021-03-11 07:55:08.0	Ana5 - 5: T.Raum	9999.9
2021-03-11 07:55:08.0	Ana9 - 9: T.Zuluft WRG warm	18.6
2021-03-11 07:55:18.0	Ana1 - 1: T.Au?en	2.5
2021-03-11 07:55:18.0	Ana2 - 2: T.Zuluft	13.0
2021-03-11 07:55:18.0	Ana3 - 3: T.Abluft	19.4
2021-03-11 07:55:18.0	Ana4 - 4: T.Fortluft	10.7
2021-03-11 07:55:18.0	Ana5 - 5: T.Raum	9999.9
2021-03-11 07:55:18.0	Ana9 - 9: T.Zuluft WRG warm	18.6
2021-03-11 07:55:28.0	Ana1 - 1: T.Au?en	2.6
2021-03-11 07:55:28.0	Ana2 - 2: T.Zuluft	13.0
2021-03-11 07:55:28.0	Ana3 - 3: T.Abluft	19.4
2021-03-11 07:55:28.0	Ana4 - 4: T.Fortluft	10.7
2021-03-11 07:55:28.0	Ana5 - 5: T.Raum	9999.9
2021-03-11 07:55:28.0	Ana9 - 9: T.Zuluft WRG warm	18.6
2021-03-11 07:55:38.0	Ana1 - 1: T.Au?en	2.5
2021-03-11 07:55:38.0	Ana2 - 2: T.Zuluft	13.0
2021-03-11 07:55:38.0	Ana3 - 3: T.Abluft	19.4
2021-03-11 07:55:38.0	Ana4 - 4: T.Fortluft	10.7
2021-03-11 07:55:38.0	Ana5 - 5: T.Raum	9999.9
2021-03-11 07:55:38.0	Ana9 - 9: T.Zuluft WRG warm	18.6
2021-03-11 07:55:48.0	Ana1 - 1: T.Au?en	2.5
2021-03-11 07:55:48.0	Ana2 - 2: T.Zuluft	13.0
2021-03-11 07:55:48.0	Ana3 - 3: T.Abluft	19.4
2021-03-11 07:55:48.0	Ana4 - 4: T.Fortluft	10.7
2021-03-11 07:55:48.0	Ana5 - 5: T.Raum	9999.9
2021-03-11 07:55:48.0	Ana9 - 9: T.Zuluft WRG warm	18.6
2021-03-11 07:55:58.0	Ana1 - 1: T.Au?en	2.6
2021-03-11 07:55:58.0	Ana2 - 2: T.Zuluft	13.0
2021-03-11 07:55:58.0	Ana3 - 3: T.Abluft	19.4
2021-03-11 07:55:58.0	Ana4 - 4: T.Fortluft	10.7
2021-03-11 07:55:58.0	Ana5 - 5: T.Raum	9999.9
2021-03-11 07:55:58.0	Ana9 - 9: T.Zuluft WRG warm	18.6
2021-03-11 07:56:08.0	Ana1 - 1: T.Au?en	2.6
2021-03-11 07:56:08.0	Ana2 - 2: T.Zuluft	13.0
2021-03-11 07:56:08.0	Ana3 - 3: T.Abluft	19.4
2021-03-11 07:56:08.0	Ana4 - 4: T.Fortluft	10.7
2021-03-11 07:56:08.0	Ana5 - 5: T.Raum	9999.9
2021-03-11 07:56:08.0	Ana9 - 9: T.Zuluft WRG warm	18.6
2021-03-11 07:56:18.0	Ana1 - 1: T.Au?en	2.6
2021-03-11 07:56:18.0	Ana2 - 2: T.Zuluft	13.0
2021-03-11 07:56:18.0	Ana3 - 3: T.Abluft	19.4
2021-03-11 07:56:18.0	Ana4 - 4: T.Fortluft	10.7
2021-03-11 07:56:18.0	Ana5 - 5: T.Raum	9999.9
2021-03-11 07:56:18.0	Ana9 - 9: T.Zuluft WRG warm	18.6
2021-03-11 07:56:28.0	Ana1 - 1: T.Au?en	2.6
2021-03-11 07:56:28.0	Ana2 - 2: T.Zuluft	13.0
2021-03-11 07:56:28.0	Ana3 - 3: T.Abluft	19.4
2021-03-11 07:56:28.0	Ana4 - 4: T.Fortluft	10.7
2021-03-11 07:56:28.0	Ana5 - 5: T.Raum	9999.9
2021-03-11 07:56:28.0	Ana9 - 9: T.Zuluft WRG warm	18.6
2021-03-11 07:56:38.0	Ana1 - 1: T.Au?en	2.6
2021-03-11 07:56:38.0	Ana2 - 2: T.Zuluft	13.0
2021-03-11 07:56:38.0	Ana3 - 3: T.Abluft	19.4
2021-03-11 07:56:38.0	Ana4 - 4: T.Fortluft	10.7
2021-03-11 07:56:38.0	Ana5 - 5: T.Raum	9999.9
2021-03-11 07:56:38.0	Ana9 - 9: T.Zuluft WRG warm	18.6
2021-03-11 07:56:48.0	Ana1 - 1: T.Au?en	2.6
2021-03-11 07:56:48.0	Ana2 - 2: T.Zuluft	13.0
2021-03-11 07:56:48.0	Ana3 - 3: T.Abluft	19.4
2021-03-11 07:56:48.0	Ana4 - 4: T.Fortluft	10.7
2021-03-11 07:56:48.0	Ana5 - 5: T.Raum	9999.9
2021-03-11 07:56:48.0	Ana9 - 9: T.Zuluft WRG warm	18.6
2021-03-11 07:56:58.0	Ana1 - 1: T.Au?en	2.6
2021-03-11 07:56:58.0	Ana2 - 2: T.Zuluft	13.0
2021-03-11 07:56:58.0	Ana3 - 3: T.Abluft	19.4
2021-03-11 07:56:58.0	Ana4 - 4: T.Fortluft	10.7
2021-03-11 07:56:58.0	Ana5 - 5: T.Raum	9999.9
2021-03-11 07:56:58.0	Ana9 - 9: T.Zuluft WRG warm	18.6
2021-03-11 07:57:08.0	Ana1 - 1: T.Au?en	2.7
2021-03-11 07:57:08.0	Ana2 - 2: T.Zuluft	13.0
2021-03-11 07:57:08.0	Ana3 - 3: T.Abluft	19.4
2021-03-11 07:57:08.0	Ana4 - 4: T.Fortluft	10.7
2021-03-11 07:57:08.0	Ana5 - 5: T.Raum	9999.9
2021-03-11 07:57:08.0	Ana9 - 9: T.Zuluft WRG warm	18.6
2021-03-11 07:57:18.0	Ana1 - 1: T.Au?en	2.7
2021-03-11 07:57:18.0	Ana2 - 2: T.Zuluft	13.0
2021-03-11 07:57:18.0	Ana3 - 3: T.Abluft	19.4
2021-03-11 07:57:18.0	Ana4 - 4: T.Fortluft	10.7
2021-03-11 07:57:18.0	Ana5 - 5: T.Raum	9999.9
2021-03-11 07:57:18.0	Ana9 - 9: T.Zuluft WRG warm	18.6
2021-03-11 07:57:28.0	Ana1 - 1: T.Au?en	2.7
2021-03-11 07:57:28.0	Ana2 - 2: T.Zuluft	13.0
2021-03-11 07:57:28.0	Ana3 - 3: T.Abluft	19.4
2021-03-11 07:57:28.0	Ana4 - 4: T.Fortluft	10.7
2021-03-11 07:57:28.0	Ana5 - 5: T.Raum	9999.9
2021-03-11 07:57:28.0	Ana9 - 9: T.Zuluft WRG warm	18.6
2021-03-11 07:57:38.0	Ana1 - 1: T.Au?en	2.7
2021-03-11 07:57:38.0	Ana2 - 2: T.Zuluft	13.0
2021-03-11 07:57:38.0	Ana3 - 3: T.Abluft	19.4
2021-03-11 07:57:38.0	Ana4 - 4: T.Fortluft	10.7
2021-03-11 07:57:38.0	Ana5 - 5: T.Raum	9999.9
2021-03-11 07:57:38.0	Ana9 - 9: T.Zuluft WRG warm	18.6
2021-03-11 07:57:48.0	Ana1 - 1: T.Au?en	2.7
2021-03-11 07:57:48.0	Ana2 - 2: T.Zuluft	13.0
2021-03-11 07:57:48.0	Ana3 - 3: T.Abluft	19.4
2021-03-11 07:57:48.0	Ana4 - 4: T.Fortluft	10.7
2021-03-11 07:57:48.0	Ana5 - 5: T.Raum	9999.9
2021-03-11 07:57:48.0	Ana9 - 9: T.Zuluft WRG warm	18.6
2021-03-11 07:57:58.0	Ana1 - 1: T.Au?en	2.7
2021-03-11 07:57:58.0	Ana2 - 2: T.Zuluft	13.0
2021-03-11 07:57:58.0	Ana3 - 3: T.Abluft	19.4
2021-03-11 07:57:58.0	Ana4 - 4: T.Fortluft	10.7
2021-03-11 07:57:58.0	Ana5 - 5: T.Raum	9999.9
2021-03-11 07:57:58.0	Ana9 - 9: T.Zuluft WRG warm	18.6
2021-03-11 07:58:08.0	Ana1 - 1: T.Au?en	2.7
2021-03-11 07:58:08.0	Ana2 - 2: T.Zuluft	13.0
2021-03-11 07:58:08.0	Ana3 - 3: T.Abluft	19.4
2021-03-11 07:58:08.0	Ana4 - 4: T.Fortluft	10.7
2021-03-11 07:58:08.0	Ana5 - 5: T.Raum	9999.9
2021-03-11 07:58:08.0	Ana9 - 9: T.Zuluft WRG warm	18.6
2021-03-11 07:58:18.0	Ana1 - 1: T.Au?en	2.8
2021-03-11 07:58:18.0	Ana2 - 2: T.Zuluft	13.0
2021-03-11 07:58:18.0	Ana3 - 3: T.Abluft	19.4
2021-03-11 07:58:18.0	Ana4 - 4: T.Fortluft	10.7
2021-03-11 07:58:18.0	Ana5 - 5: T.Raum	9999.9
2021-03-11 07:58:18.0	Ana9 - 9: T.Zuluft WRG warm	18.6
2021-03-11 07:58:28.0	Ana1 - 1: T.Au?en	2.8
2021-03-11 07:58:28.0	Ana2 - 2: T.Zuluft	13.0
2021-03-11 07:58:28.0	Ana3 - 3: T.Abluft	19.4
2021-03-11 07:58:28.0	Ana4 - 4: T.Fortluft	10.7
2021-03-11 07:58:28.0	Ana5 - 5: T.Raum	9999.9
2021-03-11 07:58:28.0	Ana9 - 9: T.Zuluft WRG warm	18.6
2021-03-11 07:58:38.0	Ana1 - 1: T.Au?en	2.8
2021-03-11 07:58:38.0	Ana2 - 2: T.Zuluft	13.0
2021-03-11 07:58:38.0	Ana3 - 3: T.Abluft	19.4
2021-03-11 07:58:38.0	Ana4 - 4: T.Fortluft	10.7
2021-03-11 07:58:38.0	Ana5 - 5: T.Raum	9999.9
2021-03-11 07:58:38.0	Ana9 - 9: T.Zuluft WRG warm	18.6
2021-03-11 07:58:48.0	Ana1 - 1: T.Au?en	2.8
2021-03-11 07:58:48.0	Ana2 - 2: T.Zuluft	13.0
2021-03-11 07:58:48.0	Ana3 - 3: T.Abluft	19.4
2021-03-11 07:58:48.0	Ana4 - 4: T.Fortluft	10.7
2021-03-11 07:58:48.0	Ana5 - 5: T.Raum	9999.9
2021-03-11 07:58:48.0	Ana9 - 9: T.Zuluft WRG warm	18.6
2021-03-11 07:58:58.0	Ana1 - 1: T.Au?en	2.8
2021-03-11 07:58:58.0	Ana2 - 2: T.Zuluft	13.0
2021-03-11 07:58:58.0	Ana3 - 3: T.Abluft	19.4
2021-03-11 07:58:58.0	Ana4 - 4: T.Fortluft	10.7
2021-03-11 07:58:58.0	Ana5 - 5: T.Raum	9999.9
2021-03-11 07:58:58.0	Ana9 - 9: T.Zuluft WRG warm	18.6
2021-03-11 07:59:08.0	Ana1 - 1: T.Au?en	2.8
2021-03-11 07:59:08.0	Ana2 - 2: T.Zuluft	13.0
2021-03-11 07:59:08.0	Ana3 - 3: T.Abluft	19.4
2021-03-11 07:59:08.0	Ana4 - 4: T.Fortluft	10.7
2021-03-11 07:59:08.0	Ana5 - 5: T.Raum	9999.9
2021-03-11 07:59:08.0	Ana9 - 9: T.Zuluft WRG warm	18.6
2021-03-11 07:59:18.0	Ana1 - 1: T.Au?en	2.8
2021-03-11 07:59:18.0	Ana2 - 2: T.Zuluft	13.0
2021-03-11 07:59:18.0	Ana3 - 3: T.Abluft	19.4
2021-03-11 07:59:18.0	Ana4 - 4: T.Fortluft	10.7
2021-03-11 07:59:18.0	Ana5 - 5: T.Raum	9999.9
2021-03-11 07:59:18.0	Ana9 - 9: T.Zuluft WRG warm	18.6
2021-03-11 07:59:28.0	Ana1 - 1: T.Au?en	2.9
2021-03-11 07:59:28.0	Ana2 - 2: T.Zuluft	13.0
2021-03-11 07:59:28.0	Ana3 - 3: T.Abluft	19.4
2021-03-11 07:59:28.0	Ana4 - 4: T.Fortluft	10.7
2021-03-11 07:59:28.0	Ana5 - 5: T.Raum	9999.9
2021-03-11 07:59:28.0	Ana9 - 9: T.Zuluft WRG warm	18.6
2021-03-11 07:59:38.0	Ana1 - 1: T.Au?en	2.9
2021-03-11 07:59:38.0	Ana2 - 2: T.Zuluft	13.0
2021-03-11 07:59:38.0	Ana3 - 3: T.Abluft	19.4
2021-03-11 07:59:38.0	Ana4 - 4: T.Fortluft	10.7
2021-03-11 07:59:38.0	Ana5 - 5: T.Raum	9999.9
2021-03-11 07:59:38.0	Ana9 - 9: T.Zuluft WRG warm	18.6
2021-03-11 07:59:48.0	Ana1 - 1: T.Au?en	2.9
2021-03-11 07:59:48.0	Ana2 - 2: T.Zuluft	13.0
2021-03-11 07:59:48.0	Ana3 - 3: T.Abluft	19.4
2021-03-11 07:59:48.0	Ana4 - 4: T.Fortluft	10.7
2021-03-11 07:59:48.0	Ana5 - 5: T.Raum	9999.9
2021-03-11 07:59:48.0	Ana9 - 9: T.Zuluft WRG warm	18.6
2021-03-11 07:59:58.0	Ana1 - 1: T.Au?en	2.9
2021-03-11 07:59:58.0	Ana2 - 2: T.Zuluft	13.0
2021-03-11 07:59:58.0	Ana3 - 3: T.Abluft	19.4
2021-03-11 07:59:58.0	Ana4 - 4: T.Fortluft	10.7
2021-03-11 07:59:58.0	Ana5 - 5: T.Raum	9999.9
2021-03-11 07:59:58.0	Ana9 - 9: T.Zuluft WRG warm	18.6
2021-03-11 08:00:08.0	Ana1 - 1: T.Au?en	2.9
2021-03-11 08:00:08.0	Ana2 - 2: T.Zuluft	13.0
2021-03-11 08:00:08.0	Ana3 - 3: T.Abluft	19.4
2021-03-11 08:00:08.0	Ana4 - 4: T.Fortluft	10.7
2021-03-11 08:00:08.0	Ana5 - 5: T.Raum	9999.9
2021-03-11 08:00:08.0	Ana9 - 9: T.Zuluft WRG warm	18.6
2021-03-11 08:00:18.0	Ana1 - 1: T.Au?en	2.9
2021-03-11 08:00:18.0	Ana2 - 2: T.Zuluft	13.0
2021-03-11 08:00:18.0	Ana3 - 3: T.Abluft	19.4
2021-03-11 08:00:18.0	Ana4 - 4: T.Fortluft	10.7
2021-03-11 08:00:18.0	Ana5 - 5: T.Raum	9999.9
2021-03-11 08:00:18.0	Ana9 - 9: T.Zuluft WRG warm	18.6
2021-03-11 08:00:28.0	Ana1 - 1: T.Au?en	2.9
2021-03-11 08:00:28.0	Ana2 - 2: T.Zuluft	13.1
2021-03-11 08:00:28.0	Ana3 - 3: T.Abluft	19.4
2021-03-11 08:00:28.0	Ana4 - 4: T.Fortluft	10.7
2021-03-11 08:00:28.0	Ana5 - 5: T.Raum	9999.9
2021-03-11 08:00:28.0	Ana9 - 9: T.Zuluft WRG warm	18.6
2021-03-11 08:00:38.0	Ana1 - 1: T.Au?en	2.9
2021-03-11 08:00:38.0	Ana2 - 2: T.Zuluft	13.1
2021-03-11 08:00:38.0	Ana3 - 3: T.Abluft	19.4
2021-03-11 08:00:38.0	Ana4 - 4: T.Fortluft	10.7
2021-03-11 08:00:38.0	Ana5 - 5: T.Raum	9999.9
2021-03-11 08:00:38.0	Ana9 - 9: T.Zuluft WRG warm	18.6
2021-03-11 08:00:48.0	Ana1 - 1: T.Au?en	2.9
2021-03-11 08:00:48.0	Ana2 - 2: T.Zuluft	13.0
2021-03-11 08:00:48.0	Ana3 - 3: T.Abluft	19.4
2021-03-11 08:00:48.0	Ana4 - 4: T.Fortluft	10.7
2021-03-11 08:00:48.0	Ana5 - 5: T.Raum	9999.9
2021-03-11 08:00:48.0	Ana9 - 9: T.Zuluft WRG warm	18.6
2021-03-11 08:00:58.0	Ana1 - 1: T.Au?en	2.9
2021-03-11 08:00:58.0	Ana2 - 2: T.Zuluft	13.0
2021-03-11 08:00:58.0	Ana3 - 3: T.Abluft	19.4
2021-03-11 08:00:58.0	Ana4 - 4: T.Fortluft	10.7
2021-03-11 08:00:58.0	Ana5 - 5: T.Raum	9999.9
2021-03-11 08:00:58.0	Ana9 - 9: T.Zuluft WRG warm	18.6
2021-03-11 08:01:08.0	Ana1 - 1: T.Au?en	3.0
2021-03-11 08:01:08.0	Ana2 - 2: T.Zuluft	13.0
2021-03-11 08:01:08.0	Ana3 - 3: T.Abluft	19.4
2021-03-11 08:01:08.0	Ana4 - 4: T.Fortluft	10.7
2021-03-11 08:01:08.0	Ana5 - 5: T.Raum	9999.9
2021-03-11 08:01:08.0	Ana9 - 9: T.Zuluft WRG warm	18.6
2021-03-11 08:01:18.0	Ana1 - 1: T.Au?en	3.0
2021-03-11 08:01:18.0	Ana2 - 2: T.Zuluft	13.0
2021-03-11 08:01:18.0	Ana3 - 3: T.Abluft	19.4
2021-03-11 08:01:18.0	Ana4 - 4: T.Fortluft	10.7
2021-03-11 08:01:18.0	Ana5 - 5: T.Raum	9999.9
2021-03-11 08:01:18.0	Ana9 - 9: T.Zuluft WRG warm	18.6
2021-03-11 08:01:28.0	Ana1 - 1: T.Au?en	2.9
2021-03-11 08:01:28.0	Ana2 - 2: T.Zuluft	13.0
2021-03-11 08:01:28.0	Ana3 - 3: T.Abluft	19.4
2021-03-11 08:01:28.0	Ana4 - 4: T.Fortluft	10.7
2021-03-11 08:01:28.0	Ana5 - 5: T.Raum	9999.9
2021-03-11 08:01:28.0	Ana9 - 9: T.Zuluft WRG warm	18.6
2021-03-11 08:01:38.0	Ana1 - 1: T.Au?en	3.0
2021-03-11 08:01:38.0	Ana2 - 2: T.Zuluft	13.1
2021-03-11 08:01:38.0	Ana3 - 3: T.Abluft	19.4
2021-03-11 08:01:38.0	Ana4 - 4: T.Fortluft	10.7
2021-03-11 08:01:38.0	Ana5 - 5: T.Raum	9999.9
2021-03-11 08:01:38.0	Ana9 - 9: T.Zuluft WRG warm	18.6
2021-03-11 08:01:48.0	Ana1 - 1: T.Au?en	3.0
2021-03-11 08:01:48.0	Ana2 - 2: T.Zuluft	13.1
2021-03-11 08:01:48.0	Ana3 - 3: T.Abluft	19.4
2021-03-11 08:01:48.0	Ana4 - 4: T.Fortluft	10.7
2021-03-11 08:01:48.0	Ana5 - 5: T.Raum	9999.9
2021-03-11 08:01:48.0	Ana9 - 9: T.Zuluft WRG warm	18.6
2021-03-11 08:01:58.0	Ana1 - 1: T.Au?en	3.0
2021-03-11 08:01:58.0	Ana2 - 2: T.Zuluft	13.1
2021-03-11 08:01:58.0	Ana3 - 3: T.Abluft	19.4
2021-03-11 08:01:58.0	Ana4 - 4: T.Fortluft	10.8
2021-03-11 08:01:58.0	Ana5 - 5: T.Raum	9999.9
2021-03-11 08:01:58.0	Ana9 - 9: T.Zuluft WRG warm	18.6
2021-03-11 08:02:08.0	Ana1 - 1: T.Au?en	3.0
2021-03-11 08:02:08.0	Ana2 - 2: T.Zuluft	13.1
2021-03-11 08:02:08.0	Ana3 - 3: T.Abluft	19.4
2021-03-11 08:02:08.0	Ana4 - 4: T.Fortluft	10.8
2021-03-11 08:02:08.0	Ana5 - 5: T.Raum	9999.9
2021-03-11 08:02:08.0	Ana9 - 9: T.Zuluft WRG warm	18.6
2021-03-11 08:02:18.0	Ana1 - 1: T.Au?en	3.0
2021-03-11 08:02:18.0	Ana2 - 2: T.Zuluft	13.1
2021-03-11 08:02:18.0	Ana3 - 3: T.Abluft	19.4
2021-03-11 08:02:18.0	Ana4 - 4: T.Fortluft	10.7
2021-03-11 08:02:18.0	Ana5 - 5: T.Raum	9999.9
2021-03-11 08:02:18.0	Ana9 - 9: T.Zuluft WRG warm	18.6
2021-03-11 08:02:28.0	Ana1 - 1: T.Au?en	3.0
2021-03-11 08:02:28.0	Ana2 - 2: T.Zuluft	13.1
2021-03-11 08:02:28.0	Ana3 - 3: T.Abluft	19.4
2021-03-11 08:02:28.0	Ana4 - 4: T.Fortluft	10.7
2021-03-11 08:02:28.0	Ana5 - 5: T.Raum	9999.9
2021-03-11 08:02:28.0	Ana9 - 9: T.Zuluft WRG warm	18.6
2021-03-11 08:02:38.0	Ana1 - 1: T.Au?en	3.0
2021-03-11 08:02:38.0	Ana2 - 2: T.Zuluft	13.1
2021-03-11 08:02:38.0	Ana3 - 3: T.Abluft	19.4
2021-03-11 08:02:38.0	Ana4 - 4: T.Fortluft	10.8
2021-03-11 08:02:38.0	Ana5 - 5: T.Raum	9999.9
2021-03-11 08:02:38.0	Ana9 - 9: T.Zuluft WRG warm	18.6
2021-03-11 08:02:48.0	Ana1 - 1: T.Au?en	3.0
2021-03-11 08:02:48.0	Ana2 - 2: T.Zuluft	13.1
2021-03-11 08:02:48.0	Ana3 - 3: T.Abluft	19.4
2021-03-11 08:02:48.0	Ana4 - 4: T.Fortluft	10.8
2021-03-11 08:02:48.0	Ana5 - 5: T.Raum	9999.9
2021-03-11 08:02:48.0	Ana9 - 9: T.Zuluft WRG warm	18.6
2021-03-11 08:02:58.0	Ana1 - 1: T.Au?en	3.0
2021-03-11 08:02:58.0	Ana2 - 2: T.Zuluft	13.1
2021-03-11 08:02:58.0	Ana3 - 3: T.Abluft	19.4
2021-03-11 08:02:58.0	Ana4 - 4: T.Fortluft	10.8
2021-03-11 08:02:58.0	Ana5 - 5: T.Raum	9999.9
2021-03-11 08:02:58.0	Ana9 - 9: T.Zuluft WRG warm	18.6
2021-03-11 08:03:08.0	Ana1 - 1: T.Au?en	3.1
2021-03-11 08:03:08.0	Ana2 - 2: T.Zuluft	13.1
2021-03-11 08:03:08.0	Ana3 - 3: T.Abluft	19.4
2021-03-11 08:03:08.0	Ana4 - 4: T.Fortluft	10.8
2021-03-11 08:03:08.0	Ana5 - 5: T.Raum	9999.9
2021-03-11 08:03:08.0	Ana9 - 9: T.Zuluft WRG warm	18.6
2021-03-11 08:03:18.0	Ana1 - 1: T.Au?en	3.1
2021-03-11 08:03:18.0	Ana2 - 2: T.Zuluft	13.1
2021-03-11 08:03:18.0	Ana3 - 3: T.Abluft	19.4
2021-03-11 08:03:18.0	Ana4 - 4: T.Fortluft	10.8
2021-03-11 08:03:18.0	Ana5 - 5: T.Raum	9999.9
2021-03-11 08:03:18.0	Ana9 - 9: T.Zuluft WRG warm	18.7
2021-03-11 08:03:28.0	Ana1 - 1: T.Au?en	3.1
2021-03-11 08:03:28.0	Ana2 - 2: T.Zuluft	13.1
2021-03-11 08:03:28.0	Ana3 - 3: T.Abluft	19.4
2021-03-11 08:03:28.0	Ana4 - 4: T.Fortluft	10.8
2021-03-11 08:03:28.0	Ana5 - 5: T.Raum	9999.9
2021-03-11 08:03:28.0	Ana9 - 9: T.Zuluft WRG warm	18.7
2021-03-11 08:03:38.0	Ana1 - 1: T.Au?en	3.1
2021-03-11 08:03:38.0	Ana2 - 2: T.Zuluft	13.1
2021-03-11 08:03:38.0	Ana3 - 3: T.Abluft	19.4
2021-03-11 08:03:38.0	Ana4 - 4: T.Fortluft	10.8
2021-03-11 08:03:38.0	Ana5 - 5: T.Raum	9999.9
2021-03-11 08:03:38.0	Ana9 - 9: T.Zuluft WRG warm	18.7
2021-03-11 08:03:48.0	Ana1 - 1: T.Au?en	3.1
2021-03-11 08:03:48.0	Ana2 - 2: T.Zuluft	13.1
2021-03-11 08:03:48.0	Ana3 - 3: T.Abluft	19.4
2021-03-11 08:03:48.0	Ana4 - 4: T.Fortluft	10.8
2021-03-11 08:03:48.0	Ana5 - 5: T.Raum	9999.9
2021-03-11 08:03:48.0	Ana9 - 9: T.Zuluft WRG warm	18.7
2021-03-11 08:03:58.0	Ana1 - 1: T.Au?en	3.2
2021-03-11 08:03:58.0	Ana2 - 2: T.Zuluft	13.1
2021-03-11 08:03:58.0	Ana3 - 3: T.Abluft	19.4
2021-03-11 08:03:58.0	Ana4 - 4: T.Fortluft	10.8
2021-03-11 08:03:58.0	Ana5 - 5: T.Raum	9999.9
2021-03-11 08:03:58.0	Ana9 - 9: T.Zuluft WRG warm	18.7
2021-03-11 08:04:08.0	Ana1 - 1: T.Au?en	3.2
2021-03-11 08:04:08.0	Ana2 - 2: T.Zuluft	13.1
2021-03-11 08:04:08.0	Ana3 - 3: T.Abluft	19.4
2021-03-11 08:04:08.0	Ana4 - 4: T.Fortluft	10.8
2021-03-11 08:04:08.0	Ana5 - 5: T.Raum	9999.9
2021-03-11 08:04:08.0	Ana9 - 9: T.Zuluft WRG warm	18.7
2021-03-11 08:04:18.0	Ana1 - 1: T.Au?en	3.2
2021-03-11 08:04:18.0	Ana2 - 2: T.Zuluft	13.1
2021-03-11 08:04:18.0	Ana3 - 3: T.Abluft	19.4
2021-03-11 08:04:18.0	Ana4 - 4: T.Fortluft	10.8
2021-03-11 08:04:18.0	Ana5 - 5: T.Raum	9999.9
2021-03-11 08:04:18.0	Ana9 - 9: T.Zuluft WRG warm	18.7
2021-03-11 08:04:28.0	Ana1 - 1: T.Au?en	3.2
2021-03-11 08:04:28.0	Ana2 - 2: T.Zuluft	13.1
2021-03-11 08:04:28.0	Ana3 - 3: T.Abluft	19.4
2021-03-11 08:04:28.0	Ana4 - 4: T.Fortluft	10.8
2021-03-11 08:04:28.0	Ana5 - 5: T.Raum	9999.9
2021-03-11 08:04:28.0	Ana9 - 9: T.Zuluft WRG warm	18.7
2021-03-11 08:04:38.0	Ana1 - 1: T.Au?en	3.2
2021-03-11 08:04:38.0	Ana2 - 2: T.Zuluft	13.1
2021-03-11 08:04:38.0	Ana3 - 3: T.Abluft	19.4
2021-03-11 08:04:38.0	Ana4 - 4: T.Fortluft	10.8
2021-03-11 08:04:38.0	Ana5 - 5: T.Raum	9999.9
2021-03-11 08:04:38.0	Ana9 - 9: T.Zuluft WRG warm	18.7
2021-03-11 08:04:48.0	Ana1 - 1: T.Au?en	3.2
2021-03-11 08:04:48.0	Ana2 - 2: T.Zuluft	13.1
2021-03-11 08:04:48.0	Ana3 - 3: T.Abluft	19.4
2021-03-11 08:04:48.0	Ana4 - 4: T.Fortluft	10.8
2021-03-11 08:04:48.0	Ana5 - 5: T.Raum	9999.9
2021-03-11 08:04:48.0	Ana9 - 9: T.Zuluft WRG warm	18.7
2021-03-11 08:04:58.0	Ana1 - 1: T.Au?en	3.2
2021-03-11 08:04:58.0	Ana2 - 2: T.Zuluft	13.1
2021-03-11 08:04:58.0	Ana3 - 3: T.Abluft	19.4
2021-03-11 08:04:58.0	Ana4 - 4: T.Fortluft	10.8
2021-03-11 08:04:58.0	Ana5 - 5: T.Raum	9999.9
2021-03-11 08:04:58.0	Ana9 - 9: T.Zuluft WRG warm	18.7
2021-03-11 08:05:08.0	Ana1 - 1: T.Au?en	3.3
2021-03-11 08:05:08.0	Ana2 - 2: T.Zuluft	13.1
2021-03-11 08:05:08.0	Ana3 - 3: T.Abluft	19.4
2021-03-11 08:05:08.0	Ana4 - 4: T.Fortluft	10.8
2021-03-11 08:05:08.0	Ana5 - 5: T.Raum	9999.9
2021-03-11 08:05:08.0	Ana9 - 9: T.Zuluft WRG warm	18.7
2021-03-11 08:05:18.0	Ana1 - 1: T.Au?en	3.3
2021-03-11 08:05:18.0	Ana2 - 2: T.Zuluft	13.1
2021-03-11 08:05:18.0	Ana3 - 3: T.Abluft	19.4
2021-03-11 08:05:18.0	Ana4 - 4: T.Fortluft	10.8
2021-03-11 08:05:18.0	Ana5 - 5: T.Raum	9999.9
2021-03-11 08:05:18.0	Ana9 - 9: T.Zuluft WRG warm	18.7
2021-03-11 08:05:28.0	Ana1 - 1: T.Au?en	3.5
2021-03-11 08:05:28.0	Ana2 - 2: T.Zuluft	13.1
2021-03-11 08:05:28.0	Ana3 - 3: T.Abluft	19.4
2021-03-11 08:05:28.0	Ana4 - 4: T.Fortluft	10.8
2021-03-11 08:05:28.0	Ana5 - 5: T.Raum	9999.9
2021-03-11 08:05:28.0	Ana9 - 9: T.Zuluft WRG warm	18.7
2021-03-11 08:05:38.0	Ana1 - 1: T.Au?en	3.5
2021-03-11 08:05:38.0	Ana2 - 2: T.Zuluft	13.1
2021-03-11 08:05:38.0	Ana3 - 3: T.Abluft	19.4
2021-03-11 08:05:38.0	Ana4 - 4: T.Fortluft	10.8
2021-03-11 08:05:38.0	Ana5 - 5: T.Raum	9999.9
2021-03-11 08:05:38.0	Ana9 - 9: T.Zuluft WRG warm	18.7
2021-03-11 08:05:48.0	Ana1 - 1: T.Au?en	3.6
2021-03-11 08:05:48.0	Ana2 - 2: T.Zuluft	13.1
2021-03-11 08:05:48.0	Ana3 - 3: T.Abluft	19.4
2021-03-11 08:05:48.0	Ana4 - 4: T.Fortluft	10.8
2021-03-11 08:05:48.0	Ana5 - 5: T.Raum	9999.9
2021-03-11 08:05:48.0	Ana9 - 9: T.Zuluft WRG warm	18.7
2021-03-11 08:05:58.0	Ana1 - 1: T.Au?en	3.6
2021-03-11 08:05:58.0	Ana2 - 2: T.Zuluft	13.1
2021-03-11 08:05:58.0	Ana3 - 3: T.Abluft	19.4
2021-03-11 08:05:58.0	Ana4 - 4: T.Fortluft	10.8
2021-03-11 08:05:58.0	Ana5 - 5: T.Raum	9999.9
2021-03-11 08:05:58.0	Ana9 - 9: T.Zuluft WRG warm	18.7
2021-03-11 08:06:08.0	Ana1 - 1: T.Au?en	3.6
2021-03-11 08:06:08.0	Ana2 - 2: T.Zuluft	13.1
2021-03-11 08:06:08.0	Ana3 - 3: T.Abluft	19.4
2021-03-11 08:06:08.0	Ana4 - 4: T.Fortluft	10.8
2021-03-11 08:06:08.0	Ana5 - 5: T.Raum	9999.9
2021-03-11 08:06:08.0	Ana9 - 9: T.Zuluft WRG warm	18.7
2021-03-11 08:06:18.0	Ana1 - 1: T.Au?en	3.6
2021-03-11 08:06:18.0	Ana2 - 2: T.Zuluft	13.1
2021-03-11 08:06:18.0	Ana3 - 3: T.Abluft	19.4
2021-03-11 08:06:18.0	Ana4 - 4: T.Fortluft	10.8
2021-03-11 08:06:18.0	Ana5 - 5: T.Raum	9999.9
2021-03-11 08:06:18.0	Ana9 - 9: T.Zuluft WRG warm	18.7
2021-03-11 08:06:28.0	Ana1 - 1: T.Au?en	3.6
2021-03-11 08:06:28.0	Ana2 - 2: T.Zuluft	13.1
2021-03-11 08:06:28.0	Ana3 - 3: T.Abluft	19.4
2021-03-11 08:06:28.0	Ana4 - 4: T.Fortluft	10.8
2021-03-11 08:06:28.0	Ana5 - 5: T.Raum	9999.9
2021-03-11 08:06:28.0	Ana9 - 9: T.Zuluft WRG warm	18.7
2021-03-11 08:06:38.0	Ana1 - 1: T.Au?en	3.6
2021-03-11 08:06:38.0	Ana2 - 2: T.Zuluft	13.1
2021-03-11 08:06:38.0	Ana3 - 3: T.Abluft	19.4
2021-03-11 08:06:38.0	Ana4 - 4: T.Fortluft	10.8
2021-03-11 08:06:38.0	Ana5 - 5: T.Raum	9999.9
2021-03-11 08:06:38.0	Ana9 - 9: T.Zuluft WRG warm	18.7
2021-03-11 08:06:48.0	Ana1 - 1: T.Au?en	3.6
2021-03-11 08:06:48.0	Ana2 - 2: T.Zuluft	13.1
2021-03-11 08:06:48.0	Ana3 - 3: T.Abluft	19.4
2021-03-11 08:06:48.0	Ana4 - 4: T.Fortluft	10.8
2021-03-11 08:06:48.0	Ana5 - 5: T.Raum	9999.9
2021-03-11 08:06:48.0	Ana9 - 9: T.Zuluft WRG warm	18.7
2021-03-11 08:06:58.0	Ana1 - 1: T.Au?en	3.5
2021-03-11 08:06:58.0	Ana2 - 2: T.Zuluft	13.1
2021-03-11 08:06:58.0	Ana3 - 3: T.Abluft	19.4
2021-03-11 08:06:58.0	Ana4 - 4: T.Fortluft	10.8
2021-03-11 08:06:58.0	Ana5 - 5: T.Raum	9999.9
2021-03-11 08:06:58.0	Ana9 - 9: T.Zuluft WRG warm	18.7
2021-03-11 08:07:08.0	Ana1 - 1: T.Au?en	3.5
2021-03-11 08:07:08.0	Ana2 - 2: T.Zuluft	13.1
2021-03-11 08:07:08.0	Ana3 - 3: T.Abluft	19.4
2021-03-11 08:07:08.0	Ana4 - 4: T.Fortluft	10.8
2021-03-11 08:07:08.0	Ana5 - 5: T.Raum	9999.9
2021-03-11 08:07:08.0	Ana9 - 9: T.Zuluft WRG warm	18.7
2021-03-11 08:07:18.0	Ana1 - 1: T.Au?en	3.5
2021-03-11 08:07:18.0	Ana2 - 2: T.Zuluft	13.2
2021-03-11 08:07:18.0	Ana3 - 3: T.Abluft	19.4
2021-03-11 08:07:18.0	Ana4 - 4: T.Fortluft	10.8
2021-03-11 08:07:18.0	Ana5 - 5: T.Raum	9999.9
2021-03-11 08:07:18.0	Ana9 - 9: T.Zuluft WRG warm	18.7
2021-03-11 08:07:28.0	Ana1 - 1: T.Au?en	3.5
2021-03-11 08:07:28.0	Ana2 - 2: T.Zuluft	13.2
2021-03-11 08:07:28.0	Ana3 - 3: T.Abluft	19.4
2021-03-11 08:07:28.0	Ana4 - 4: T.Fortluft	10.8
2021-03-11 08:07:28.0	Ana5 - 5: T.Raum	9999.9
2021-03-11 08:07:28.0	Ana9 - 9: T.Zuluft WRG warm	18.7
2021-03-11 08:07:38.0	Ana1 - 1: T.Au?en	3.5
2021-03-11 08:07:38.0	Ana2 - 2: T.Zuluft	13.2
2021-03-11 08:07:38.0	Ana3 - 3: T.Abluft	19.4
2021-03-11 08:07:38.0	Ana4 - 4: T.Fortluft	10.8
2021-03-11 08:07:38.0	Ana5 - 5: T.Raum	9999.9
2021-03-11 08:07:38.0	Ana9 - 9: T.Zuluft WRG warm	18.7
2021-03-11 08:07:48.0	Ana1 - 1: T.Au?en	3.5
2021-03-11 08:07:48.0	Ana2 - 2: T.Zuluft	13.2
2021-03-11 08:07:48.0	Ana3 - 3: T.Abluft	19.4
2021-03-11 08:07:48.0	Ana4 - 4: T.Fortluft	10.8
2021-03-11 08:07:48.0	Ana5 - 5: T.Raum	9999.9
2021-03-11 08:07:48.0	Ana9 - 9: T.Zuluft WRG warm	18.7
2021-03-11 08:07:58.0	Ana1 - 1: T.Au?en	3.5
2021-03-11 08:07:58.0	Ana2 - 2: T.Zuluft	13.2
2021-03-11 08:07:58.0	Ana3 - 3: T.Abluft	19.4
2021-03-11 08:07:58.0	Ana4 - 4: T.Fortluft	10.8
2021-03-11 08:07:58.0	Ana5 - 5: T.Raum	9999.9
2021-03-11 08:07:58.0	Ana9 - 9: T.Zuluft WRG warm	18.7
2021-03-11 08:08:08.0	Ana1 - 1: T.Au?en	3.6
2021-03-11 08:08:08.0	Ana2 - 2: T.Zuluft	13.2
2021-03-11 08:08:08.0	Ana3 - 3: T.Abluft	19.4
2021-03-11 08:08:08.0	Ana4 - 4: T.Fortluft	10.8
2021-03-11 08:08:08.0	Ana5 - 5: T.Raum	9999.9
2021-03-11 08:08:08.0	Ana9 - 9: T.Zuluft WRG warm	18.7
2021-03-11 08:08:18.0	Ana1 - 1: T.Au?en	3.6
2021-03-11 08:08:18.0	Ana2 - 2: T.Zuluft	13.2
2021-03-11 08:08:18.0	Ana3 - 3: T.Abluft	19.4
2021-03-11 08:08:18.0	Ana4 - 4: T.Fortluft	10.9
2021-03-11 08:08:18.0	Ana5 - 5: T.Raum	9999.9
2021-03-11 08:08:18.0	Ana9 - 9: T.Zuluft WRG warm	18.7
2021-03-11 08:08:28.0	Ana1 - 1: T.Au?en	3.7
2021-03-11 08:08:28.0	Ana2 - 2: T.Zuluft	13.2
2021-03-11 08:08:28.0	Ana3 - 3: T.Abluft	19.4
2021-03-11 08:08:28.0	Ana4 - 4: T.Fortluft	10.8
2021-03-11 08:08:28.0	Ana5 - 5: T.Raum	9999.9
2021-03-11 08:08:28.0	Ana9 - 9: T.Zuluft WRG warm	18.7
2021-03-11 08:08:38.0	Ana1 - 1: T.Au?en	3.7
2021-03-11 08:08:38.0	Ana2 - 2: T.Zuluft	13.2
2021-03-11 08:08:38.0	Ana3 - 3: T.Abluft	19.5
2021-03-11 08:08:38.0	Ana4 - 4: T.Fortluft	10.8
2021-03-11 08:08:38.0	Ana5 - 5: T.Raum	9999.9
2021-03-11 08:08:38.0	Ana9 - 9: T.Zuluft WRG warm	18.7
2021-03-11 08:08:48.0	Ana1 - 1: T.Au?en	3.7
2021-03-11 08:08:48.0	Ana2 - 2: T.Zuluft	13.2
2021-03-11 08:08:48.0	Ana3 - 3: T.Abluft	19.5
2021-03-11 08:08:48.0	Ana4 - 4: T.Fortluft	10.9
2021-03-11 08:08:48.0	Ana5 - 5: T.Raum	9999.9
2021-03-11 08:08:48.0	Ana9 - 9: T.Zuluft WRG warm	18.7
2021-03-11 08:08:58.0	Ana1 - 1: T.Au?en	3.7
2021-03-11 08:08:58.0	Ana2 - 2: T.Zuluft	13.2
2021-03-11 08:08:58.0	Ana3 - 3: T.Abluft	19.5
2021-03-11 08:08:58.0	Ana4 - 4: T.Fortluft	10.9
2021-03-11 08:08:58.0	Ana5 - 5: T.Raum	9999.9
2021-03-11 08:08:58.0	Ana9 - 9: T.Zuluft WRG warm	18.7
2021-03-11 08:09:08.0	Ana1 - 1: T.Au?en	3.7
2021-03-11 08:09:08.0	Ana2 - 2: T.Zuluft	13.2
2021-03-11 08:09:08.0	Ana3 - 3: T.Abluft	19.5
2021-03-11 08:09:08.0	Ana4 - 4: T.Fortluft	10.9
2021-03-11 08:09:08.0	Ana5 - 5: T.Raum	9999.9
2021-03-11 08:09:08.0	Ana9 - 9: T.Zuluft WRG warm	18.7
2021-03-11 08:09:18.0	Ana1 - 1: T.Au?en	3.7
2021-03-11 08:09:18.0	Ana2 - 2: T.Zuluft	13.2
2021-03-11 08:09:18.0	Ana3 - 3: T.Abluft	19.5
2021-03-11 08:09:18.0	Ana4 - 4: T.Fortluft	10.9
2021-03-11 08:09:18.0	Ana5 - 5: T.Raum	9999.9
2021-03-11 08:09:18.0	Ana9 - 9: T.Zuluft WRG warm	18.7
2021-03-11 08:09:28.0	Ana1 - 1: T.Au?en	3.7
2021-03-11 08:09:28.0	Ana2 - 2: T.Zuluft	13.2
2021-03-11 08:09:28.0	Ana3 - 3: T.Abluft	19.5
2021-03-11 08:09:28.0	Ana4 - 4: T.Fortluft	10.9
2021-03-11 08:09:28.0	Ana5 - 5: T.Raum	9999.9
2021-03-11 08:09:28.0	Ana9 - 9: T.Zuluft WRG warm	18.7
2021-03-11 08:09:38.0	Ana1 - 1: T.Au?en	3.7
2021-03-11 08:09:38.0	Ana2 - 2: T.Zuluft	13.2
2021-03-11 08:09:38.0	Ana3 - 3: T.Abluft	19.5
2021-03-11 08:09:38.0	Ana4 - 4: T.Fortluft	10.9
2021-03-11 08:09:38.0	Ana5 - 5: T.Raum	9999.9
2021-03-11 08:09:38.0	Ana9 - 9: T.Zuluft WRG warm	18.7
2021-03-11 08:09:48.0	Ana1 - 1: T.Au?en	3.8
2021-03-11 08:09:48.0	Ana2 - 2: T.Zuluft	13.2
2021-03-11 08:09:48.0	Ana3 - 3: T.Abluft	19.5
2021-03-11 08:09:48.0	Ana4 - 4: T.Fortluft	10.9
2021-03-11 08:09:48.0	Ana5 - 5: T.Raum	9999.9
2021-03-11 08:09:48.0	Ana9 - 9: T.Zuluft WRG warm	18.7
2021-03-11 08:09:58.0	Ana1 - 1: T.Au?en	3.8
2021-03-11 08:09:58.0	Ana2 - 2: T.Zuluft	13.2
2021-03-11 08:09:58.0	Ana3 - 3: T.Abluft	19.5
2021-03-11 08:09:58.0	Ana4 - 4: T.Fortluft	10.9
2021-03-11 08:09:58.0	Ana5 - 5: T.Raum	9999.9
2021-03-11 08:09:58.0	Ana9 - 9: T.Zuluft WRG warm	18.7
2021-03-11 08:10:08.0	Ana1 - 1: T.Au?en	3.8
2021-03-11 08:10:08.0	Ana2 - 2: T.Zuluft	13.2
2021-03-11 08:10:08.0	Ana3 - 3: T.Abluft	19.5
2021-03-11 08:10:08.0	Ana4 - 4: T.Fortluft	10.9
2021-03-11 08:10:08.0	Ana5 - 5: T.Raum	9999.9
2021-03-11 08:10:08.0	Ana9 - 9: T.Zuluft WRG warm	18.7
2021-03-11 08:10:18.0	Ana1 - 1: T.Au?en	3.8
2021-03-11 08:10:18.0	Ana2 - 2: T.Zuluft	13.2
2021-03-11 08:10:18.0	Ana3 - 3: T.Abluft	19.5
2021-03-11 08:10:18.0	Ana4 - 4: T.Fortluft	10.9
2021-03-11 08:10:18.0	Ana5 - 5: T.Raum	9999.9
2021-03-11 08:10:18.0	Ana9 - 9: T.Zuluft WRG warm	18.7
2021-03-11 08:10:28.0	Ana1 - 1: T.Au?en	3.8
2021-03-11 08:10:28.0	Ana2 - 2: T.Zuluft	13.2
2021-03-11 08:10:28.0	Ana3 - 3: T.Abluft	19.5
2021-03-11 08:10:28.0	Ana4 - 4: T.Fortluft	10.9
2021-03-11 08:10:28.0	Ana5 - 5: T.Raum	9999.9
2021-03-11 08:10:28.0	Ana9 - 9: T.Zuluft WRG warm	18.7
2021-03-11 08:10:38.0	Ana1 - 1: T.Au?en	3.9
2021-03-11 08:10:38.0	Ana2 - 2: T.Zuluft	13.2
2021-03-11 08:10:38.0	Ana3 - 3: T.Abluft	19.5
2021-03-11 08:10:38.0	Ana4 - 4: T.Fortluft	10.9
2021-03-11 08:10:38.0	Ana5 - 5: T.Raum	9999.9
2021-03-11 08:10:38.0	Ana9 - 9: T.Zuluft WRG warm	18.7
2021-03-11 08:10:48.0	Ana1 - 1: T.Au?en	3.9
2021-03-11 08:10:48.0	Ana2 - 2: T.Zuluft	13.2
2021-03-11 08:10:48.0	Ana3 - 3: T.Abluft	19.5
2021-03-11 08:10:48.0	Ana4 - 4: T.Fortluft	10.9
2021-03-11 08:10:48.0	Ana5 - 5: T.Raum	9999.9
2021-03-11 08:10:48.0	Ana9 - 9: T.Zuluft WRG warm	18.7
2021-03-11 08:10:58.0	Ana1 - 1: T.Au?en	3.9
2021-03-11 08:10:58.0	Ana2 - 2: T.Zuluft	13.2
2021-03-11 08:10:58.0	Ana3 - 3: T.Abluft	19.5
2021-03-11 08:10:58.0	Ana4 - 4: T.Fortluft	10.9
2021-03-11 08:10:58.0	Ana5 - 5: T.Raum	9999.9
2021-03-11 08:10:58.0	Ana9 - 9: T.Zuluft WRG warm	18.7
2021-03-11 08:11:08.0	Ana1 - 1: T.Au?en	3.9
2021-03-11 08:11:08.0	Ana2 - 2: T.Zuluft	13.2
2021-03-11 08:11:08.0	Ana3 - 3: T.Abluft	19.5
2021-03-11 08:11:08.0	Ana4 - 4: T.Fortluft	10.9
2021-03-11 08:11:08.0	Ana5 - 5: T.Raum	9999.9
2021-03-11 08:11:08.0	Ana9 - 9: T.Zuluft WRG warm	18.7
2021-03-11 08:11:18.0	Ana1 - 1: T.Au?en	4.0
2021-03-11 08:11:18.0	Ana2 - 2: T.Zuluft	13.2
2021-03-11 08:11:18.0	Ana3 - 3: T.Abluft	19.5
2021-03-11 08:11:18.0	Ana4 - 4: T.Fortluft	10.9
2021-03-11 08:11:18.0	Ana5 - 5: T.Raum	9999.9
2021-03-11 08:11:18.0	Ana9 - 9: T.Zuluft WRG warm	18.7
2021-03-11 08:11:28.0	Ana1 - 1: T.Au?en	4.0
2021-03-11 08:11:28.0	Ana2 - 2: T.Zuluft	13.2
2021-03-11 08:11:28.0	Ana3 - 3: T.Abluft	19.5
2021-03-11 08:11:28.0	Ana4 - 4: T.Fortluft	10.9
2021-03-11 08:11:28.0	Ana5 - 5: T.Raum	9999.9
2021-03-11 08:11:28.0	Ana9 - 9: T.Zuluft WRG warm	18.7
2021-03-11 08:11:38.0	Ana1 - 1: T.Au?en	4.0
2021-03-11 08:11:38.0	Ana2 - 2: T.Zuluft	13.2
2021-03-11 08:11:38.0	Ana3 - 3: T.Abluft	19.5
2021-03-11 08:11:38.0	Ana4 - 4: T.Fortluft	10.9
2021-03-11 08:11:38.0	Ana5 - 5: T.Raum	9999.9
2021-03-11 08:11:38.0	Ana9 - 9: T.Zuluft WRG warm	18.7
2021-03-11 08:11:48.0	Ana1 - 1: T.Au?en	4.0
2021-03-11 08:11:48.0	Ana2 - 2: T.Zuluft	13.3
2021-03-11 08:11:48.0	Ana3 - 3: T.Abluft	19.5
2021-03-11 08:11:48.0	Ana4 - 4: T.Fortluft	10.9
2021-03-11 08:11:48.0	Ana5 - 5: T.Raum	9999.9
2021-03-11 08:11:48.0	Ana9 - 9: T.Zuluft WRG warm	18.7
2021-03-11 08:11:58.0	Ana1 - 1: T.Au?en	4.0
2021-03-11 08:11:58.0	Ana2 - 2: T.Zuluft	13.3
2021-03-11 08:11:58.0	Ana3 - 3: T.Abluft	19.5
2021-03-11 08:11:58.0	Ana4 - 4: T.Fortluft	11.0
2021-03-11 08:11:58.0	Ana5 - 5: T.Raum	9999.9
2021-03-11 08:11:58.0	Ana9 - 9: T.Zuluft WRG warm	18.7
2021-03-11 08:12:08.0	Ana1 - 1: T.Au?en	4.0
2021-03-11 08:12:08.0	Ana2 - 2: T.Zuluft	13.3
2021-03-11 08:12:08.0	Ana3 - 3: T.Abluft	19.5
2021-03-11 08:12:08.0	Ana4 - 4: T.Fortluft	11.0
2021-03-11 08:12:08.0	Ana5 - 5: T.Raum	9999.9
2021-03-11 08:12:08.0	Ana9 - 9: T.Zuluft WRG warm	18.7
2021-03-11 08:12:18.0	Ana1 - 1: T.Au?en	4.0
2021-03-11 08:12:18.0	Ana2 - 2: T.Zuluft	13.3
2021-03-11 08:12:18.0	Ana3 - 3: T.Abluft	19.5
2021-03-11 08:12:18.0	Ana4 - 4: T.Fortluft	11.0
2021-03-11 08:12:18.0	Ana5 - 5: T.Raum	9999.9
2021-03-11 08:12:18.0	Ana9 - 9: T.Zuluft WRG warm	18.8
2021-03-11 08:12:28.0	Ana1 - 1: T.Au?en	4.0
2021-03-11 08:12:28.0	Ana2 - 2: T.Zuluft	13.3
2021-03-11 08:12:28.0	Ana3 - 3: T.Abluft	19.5
2021-03-11 08:12:28.0	Ana4 - 4: T.Fortluft	11.0
2021-03-11 08:12:28.0	Ana5 - 5: T.Raum	9999.9
2021-03-11 08:12:28.0	Ana9 - 9: T.Zuluft WRG warm	18.8
2021-03-11 08:12:38.0	Ana1 - 1: T.Au?en	4.0
2021-03-11 08:12:38.0	Ana2 - 2: T.Zuluft	13.3
2021-03-11 08:12:38.0	Ana3 - 3: T.Abluft	19.5
2021-03-11 08:12:38.0	Ana4 - 4: T.Fortluft	11.0
2021-03-11 08:12:38.0	Ana5 - 5: T.Raum	9999.9
2021-03-11 08:12:38.0	Ana9 - 9: T.Zuluft WRG warm	18.8
2021-03-11 08:12:48.0	Ana1 - 1: T.Au?en	4.0
2021-03-11 08:12:48.0	Ana2 - 2: T.Zuluft	13.3
2021-03-11 08:12:48.0	Ana3 - 3: T.Abluft	19.5
2021-03-11 08:12:48.0	Ana4 - 4: T.Fortluft	11.0
2021-03-11 08:12:48.0	Ana5 - 5: T.Raum	9999.9
2021-03-11 08:12:48.0	Ana9 - 9: T.Zuluft WRG warm	18.8
2021-03-11 08:12:58.0	Ana1 - 1: T.Au?en	4.0
2021-03-11 08:12:58.0	Ana2 - 2: T.Zuluft	13.3
2021-03-11 08:12:58.0	Ana3 - 3: T.Abluft	19.5
2021-03-11 08:12:58.0	Ana4 - 4: T.Fortluft	11.0
2021-03-11 08:12:58.0	Ana5 - 5: T.Raum	9999.9
2021-03-11 08:12:58.0	Ana9 - 9: T.Zuluft WRG warm	18.8
2021-03-11 08:13:08.0	Ana1 - 1: T.Au?en	4.0
2021-03-11 08:13:08.0	Ana2 - 2: T.Zuluft	13.3
2021-03-11 08:13:08.0	Ana3 - 3: T.Abluft	19.5
2021-03-11 08:13:08.0	Ana4 - 4: T.Fortluft	11.0
2021-03-11 08:13:08.0	Ana5 - 5: T.Raum	9999.9
2021-03-11 08:13:08.0	Ana9 - 9: T.Zuluft WRG warm	18.8
2021-03-11 08:13:18.0	Ana1 - 1: T.Au?en	4.0
2021-03-11 08:13:18.0	Ana2 - 2: T.Zuluft	13.3
2021-03-11 08:13:18.0	Ana3 - 3: T.Abluft	19.5
2021-03-11 08:13:18.0	Ana4 - 4: T.Fortluft	11.0
2021-03-11 08:13:18.0	Ana5 - 5: T.Raum	9999.9
2021-03-11 08:13:18.0	Ana9 - 9: T.Zuluft WRG warm	18.8
2021-03-11 08:13:28.0	Ana1 - 1: T.Au?en	4.0
2021-03-11 08:13:28.0	Ana2 - 2: T.Zuluft	13.3
2021-03-11 08:13:28.0	Ana3 - 3: T.Abluft	19.5
2021-03-11 08:13:28.0	Ana4 - 4: T.Fortluft	11.0
2021-03-11 08:13:28.0	Ana5 - 5: T.Raum	9999.9
2021-03-11 08:13:28.0	Ana9 - 9: T.Zuluft WRG warm	18.8
2021-03-11 08:13:38.0	Ana1 - 1: T.Au?en	4.0
2021-03-11 08:13:38.0	Ana2 - 2: T.Zuluft	13.3
2021-03-11 08:13:38.0	Ana3 - 3: T.Abluft	19.5
2021-03-11 08:13:38.0	Ana4 - 4: T.Fortluft	11.0
2021-03-11 08:13:38.0	Ana5 - 5: T.Raum	9999.9
2021-03-11 08:13:38.0	Ana9 - 9: T.Zuluft WRG warm	18.8
2021-03-11 08:13:48.0	Ana1 - 1: T.Au?en	4.0
2021-03-11 08:13:48.0	Ana2 - 2: T.Zuluft	13.3
2021-03-11 08:13:48.0	Ana3 - 3: T.Abluft	19.5
2021-03-11 08:13:48.0	Ana4 - 4: T.Fortluft	11.0
2021-03-11 08:13:48.0	Ana5 - 5: T.Raum	9999.9
2021-03-11 08:13:48.0	Ana9 - 9: T.Zuluft WRG warm	18.8
2021-03-11 08:13:58.0	Ana1 - 1: T.Au?en	4.1
2021-03-11 08:13:58.0	Ana2 - 2: T.Zuluft	13.3
2021-03-11 08:13:58.0	Ana3 - 3: T.Abluft	19.5
2021-03-11 08:13:58.0	Ana4 - 4: T.Fortluft	11.0
2021-03-11 08:13:58.0	Ana5 - 5: T.Raum	9999.9
2021-03-11 08:13:58.0	Ana9 - 9: T.Zuluft WRG warm	18.8
2021-03-11 08:14:08.0	Ana1 - 1: T.Au?en	4.2
2021-03-11 08:14:08.0	Ana2 - 2: T.Zuluft	13.3
2021-03-11 08:14:08.0	Ana3 - 3: T.Abluft	19.5
2021-03-11 08:14:08.0	Ana4 - 4: T.Fortluft	11.0
2021-03-11 08:14:08.0	Ana5 - 5: T.Raum	9999.9
2021-03-11 08:14:08.0	Ana9 - 9: T.Zuluft WRG warm	18.8
2021-03-11 08:14:18.0	Ana1 - 1: T.Au?en	4.2
2021-03-11 08:14:18.0	Ana2 - 2: T.Zuluft	13.3
2021-03-11 08:14:18.0	Ana3 - 3: T.Abluft	19.5
2021-03-11 08:14:18.0	Ana4 - 4: T.Fortluft	11.0
2021-03-11 08:14:18.0	Ana5 - 5: T.Raum	9999.9
2021-03-11 08:14:18.0	Ana9 - 9: T.Zuluft WRG warm	18.8
2021-03-11 08:14:28.0	Ana1 - 1: T.Au?en	4.1
2021-03-11 08:14:28.0	Ana2 - 2: T.Zuluft	13.3
2021-03-11 08:14:28.0	Ana3 - 3: T.Abluft	19.5
2021-03-11 08:14:28.0	Ana4 - 4: T.Fortluft	11.0
2021-03-11 08:14:28.0	Ana5 - 5: T.Raum	9999.9
2021-03-11 08:14:28.0	Ana9 - 9: T.Zuluft WRG warm	18.8
2021-03-11 08:14:38.0	Ana1 - 1: T.Au?en	4.1
2021-03-11 08:14:38.0	Ana2 - 2: T.Zuluft	13.4
2021-03-11 08:14:38.0	Ana3 - 3: T.Abluft	19.5
2021-03-11 08:14:38.0	Ana4 - 4: T.Fortluft	11.0
2021-03-11 08:14:38.0	Ana5 - 5: T.Raum	9999.9
2021-03-11 08:14:38.0	Ana9 - 9: T.Zuluft WRG warm	18.8
2021-03-11 08:14:48.0	Ana1 - 1: T.Au?en	4.2
2021-03-11 08:14:48.0	Ana2 - 2: T.Zuluft	13.3
2021-03-11 08:14:48.0	Ana3 - 3: T.Abluft	19.5
2021-03-11 08:14:48.0	Ana4 - 4: T.Fortluft	11.0
2021-03-11 08:14:48.0	Ana5 - 5: T.Raum	9999.9
2021-03-11 08:14:48.0	Ana9 - 9: T.Zuluft WRG warm	18.8
2021-03-11 08:14:58.0	Ana1 - 1: T.Au?en	4.2
2021-03-11 08:14:58.0	Ana2 - 2: T.Zuluft	13.3
2021-03-11 08:14:58.0	Ana3 - 3: T.Abluft	19.5
2021-03-11 08:14:58.0	Ana4 - 4: T.Fortluft	11.0
2021-03-11 08:14:58.0	Ana5 - 5: T.Raum	9999.9
2021-03-11 08:14:58.0	Ana9 - 9: T.Zuluft WRG warm	18.8
2021-03-11 08:15:08.0	Ana1 - 1: T.Au?en	4.3
2021-03-11 08:15:08.0	Ana2 - 2: T.Zuluft	13.4
2021-03-11 08:15:08.0	Ana3 - 3: T.Abluft	19.5
2021-03-11 08:15:08.0	Ana4 - 4: T.Fortluft	11.0
2021-03-11 08:15:08.0	Ana5 - 5: T.Raum	9999.9
2021-03-11 08:15:08.0	Ana9 - 9: T.Zuluft WRG warm	18.8
2021-03-11 08:15:18.0	Ana1 - 1: T.Au?en	4.3
2021-03-11 08:15:18.0	Ana2 - 2: T.Zuluft	13.4
2021-03-11 08:15:18.0	Ana3 - 3: T.Abluft	19.5
2021-03-11 08:15:18.0	Ana4 - 4: T.Fortluft	11.1
2021-03-11 08:15:18.0	Ana5 - 5: T.Raum	9999.9
2021-03-11 08:15:18.0	Ana9 - 9: T.Zuluft WRG warm	18.8
2021-03-11 08:15:28.0	Ana1 - 1: T.Au?en	4.4
2021-03-11 08:15:28.0	Ana2 - 2: T.Zuluft	13.4
2021-03-11 08:15:28.0	Ana3 - 3: T.Abluft	19.5
2021-03-11 08:15:28.0	Ana4 - 4: T.Fortluft	11.1
2021-03-11 08:15:28.0	Ana5 - 5: T.Raum	9999.9
2021-03-11 08:15:28.0	Ana9 - 9: T.Zuluft WRG warm	18.8
2021-03-11 08:15:38.0	Ana1 - 1: T.Au?en	4.4
2021-03-11 08:15:38.0	Ana2 - 2: T.Zuluft	13.4
2021-03-11 08:15:38.0	Ana3 - 3: T.Abluft	19.5
2021-03-11 08:15:38.0	Ana4 - 4: T.Fortluft	11.1
2021-03-11 08:15:38.0	Ana5 - 5: T.Raum	9999.9
2021-03-11 08:15:38.0	Ana9 - 9: T.Zuluft WRG warm	18.8
2021-03-11 08:15:48.0	Ana1 - 1: T.Au?en	4.4
2021-03-11 08:15:48.0	Ana2 - 2: T.Zuluft	13.4
2021-03-11 08:15:48.0	Ana3 - 3: T.Abluft	19.5
2021-03-11 08:15:48.0	Ana4 - 4: T.Fortluft	11.1
2021-03-11 08:15:48.0	Ana5 - 5: T.Raum	9999.9
2021-03-11 08:15:48.0	Ana9 - 9: T.Zuluft WRG warm	18.8
2021-03-11 08:16:18.0	Ana1 - 1: T.Au?en	4.2
2021-03-11 08:16:18.0	Ana2 - 2: T.Zuluft	13.4
2021-03-11 08:16:18.0	Ana3 - 3: T.Abluft	19.5
2021-03-11 08:16:18.0	Ana4 - 4: T.Fortluft	11.1
2021-03-11 08:16:18.0	Ana5 - 5: T.Raum	9999.9
2021-03-11 08:16:18.0	Ana9 - 9: T.Zuluft WRG warm	18.8
2021-03-11 08:16:28.0	Ana1 - 1: T.Au?en	4.2
2021-03-11 08:16:28.0	Ana2 - 2: T.Zuluft	13.4
2021-03-11 08:16:28.0	Ana3 - 3: T.Abluft	19.5
2021-03-11 08:16:28.0	Ana4 - 4: T.Fortluft	11.1
2021-03-11 08:16:28.0	Ana5 - 5: T.Raum	9999.9
2021-03-11 08:16:28.0	Ana9 - 9: T.Zuluft WRG warm	18.8
2021-03-11 08:16:38.0	Ana1 - 1: T.Au?en	4.3
2021-03-11 08:16:38.0	Ana2 - 2: T.Zuluft	13.4
2021-03-11 08:16:38.0	Ana3 - 3: T.Abluft	19.5
2021-03-11 08:16:38.0	Ana4 - 4: T.Fortluft	11.1
2021-03-11 08:16:38.0	Ana5 - 5: T.Raum	9999.9
2021-03-11 08:16:38.0	Ana9 - 9: T.Zuluft WRG warm	18.8
2021-03-11 08:16:48.0	Ana1 - 1: T.Au?en	4.3
2021-03-11 08:16:48.0	Ana2 - 2: T.Zuluft	13.4
2021-03-11 08:16:48.0	Ana3 - 3: T.Abluft	19.5
2021-03-11 08:16:48.0	Ana4 - 4: T.Fortluft	11.1
2021-03-11 08:16:48.0	Ana5 - 5: T.Raum	9999.9
2021-03-11 08:16:48.0	Ana9 - 9: T.Zuluft WRG warm	18.8
2021-03-11 08:16:58.0	Ana1 - 1: T.Au?en	4.2
2021-03-11 08:16:58.0	Ana2 - 2: T.Zuluft	13.4
2021-03-11 08:16:58.0	Ana3 - 3: T.Abluft	19.5
2021-03-11 08:16:58.0	Ana4 - 4: T.Fortluft	11.1
2021-03-11 08:16:58.0	Ana5 - 5: T.Raum	9999.9
2021-03-11 08:16:58.0	Ana9 - 9: T.Zuluft WRG warm	18.8
2021-03-11 08:17:08.0	Ana1 - 1: T.Au?en	4.3
2021-03-11 08:17:08.0	Ana2 - 2: T.Zuluft	13.4
2021-03-11 08:17:08.0	Ana3 - 3: T.Abluft	19.5
2021-03-11 08:17:08.0	Ana4 - 4: T.Fortluft	11.1
2021-03-11 08:17:08.0	Ana5 - 5: T.Raum	9999.9
2021-03-11 08:17:08.0	Ana9 - 9: T.Zuluft WRG warm	18.8
2021-03-11 08:17:18.0	Ana1 - 1: T.Au?en	4.3
2021-03-11 08:17:18.0	Ana2 - 2: T.Zuluft	13.4
2021-03-11 08:17:18.0	Ana3 - 3: T.Abluft	19.5
2021-03-11 08:17:18.0	Ana4 - 4: T.Fortluft	11.1
2021-03-11 08:17:18.0	Ana5 - 5: T.Raum	9999.9
2021-03-11 08:17:18.0	Ana9 - 9: T.Zuluft WRG warm	18.8
2021-03-11 08:17:28.0	Ana1 - 1: T.Au?en	4.3
2021-03-11 08:17:28.0	Ana2 - 2: T.Zuluft	13.4
2021-03-11 08:17:28.0	Ana3 - 3: T.Abluft	19.5
2021-03-11 08:17:28.0	Ana4 - 4: T.Fortluft	11.1
2021-03-11 08:17:28.0	Ana5 - 5: T.Raum	9999.9
2021-03-11 08:17:28.0	Ana9 - 9: T.Zuluft WRG warm	18.8
2021-03-11 08:17:38.0	Ana1 - 1: T.Au?en	4.3
2021-03-11 08:17:38.0	Ana2 - 2: T.Zuluft	13.4
2021-03-11 08:17:38.0	Ana3 - 3: T.Abluft	19.5
2021-03-11 08:17:38.0	Ana4 - 4: T.Fortluft	11.1
2021-03-11 08:17:38.0	Ana5 - 5: T.Raum	9999.9
2021-03-11 08:17:38.0	Ana9 - 9: T.Zuluft WRG warm	18.8
2021-03-11 08:17:48.0	Ana1 - 1: T.Au?en	4.4
2021-03-11 08:17:48.0	Ana2 - 2: T.Zuluft	13.5
2021-03-11 08:17:48.0	Ana3 - 3: T.Abluft	19.5
2021-03-11 08:17:48.0	Ana4 - 4: T.Fortluft	11.1
2021-03-11 08:17:48.0	Ana5 - 5: T.Raum	9999.9
2021-03-11 08:17:48.0	Ana9 - 9: T.Zuluft WRG warm	18.8
2021-03-11 08:17:58.0	Ana1 - 1: T.Au?en	4.4
2021-03-11 08:17:58.0	Ana2 - 2: T.Zuluft	13.5
2021-03-11 08:17:58.0	Ana3 - 3: T.Abluft	19.5
2021-03-11 08:17:58.0	Ana4 - 4: T.Fortluft	11.1
2021-03-11 08:17:58.0	Ana5 - 5: T.Raum	9999.9
2021-03-11 08:17:58.0	Ana9 - 9: T.Zuluft WRG warm	18.8
2021-03-11 08:18:08.0	Ana1 - 1: T.Au?en	4.4
2021-03-11 08:18:08.0	Ana2 - 2: T.Zuluft	13.5
2021-03-11 08:18:08.0	Ana3 - 3: T.Abluft	19.5
2021-03-11 08:18:08.0	Ana4 - 4: T.Fortluft	11.1
2021-03-11 08:18:08.0	Ana5 - 5: T.Raum	9999.9
2021-03-11 08:18:08.0	Ana9 - 9: T.Zuluft WRG warm	18.8
2021-03-11 08:18:18.0	Ana1 - 1: T.Au?en	4.5
2021-03-11 08:18:18.0	Ana2 - 2: T.Zuluft	13.5
2021-03-11 08:18:18.0	Ana3 - 3: T.Abluft	19.5
2021-03-11 08:18:18.0	Ana4 - 4: T.Fortluft	11.1
2021-03-11 08:18:18.0	Ana5 - 5: T.Raum	9999.9
2021-03-11 08:18:18.0	Ana9 - 9: T.Zuluft WRG warm	18.8
2021-03-11 08:18:28.0	Ana1 - 1: T.Au?en	4.5
2021-03-11 08:18:28.0	Ana2 - 2: T.Zuluft	13.5
2021-03-11 08:18:28.0	Ana3 - 3: T.Abluft	19.5
2021-03-11 08:18:28.0	Ana4 - 4: T.Fortluft	11.1
2021-03-11 08:18:28.0	Ana5 - 5: T.Raum	9999.9
2021-03-11 08:18:28.0	Ana9 - 9: T.Zuluft WRG warm	18.8
2021-03-11 08:18:38.0	Ana1 - 1: T.Au?en	4.4
2021-03-11 08:18:38.0	Ana2 - 2: T.Zuluft	13.5
2021-03-11 08:18:38.0	Ana3 - 3: T.Abluft	19.5
2021-03-11 08:18:38.0	Ana4 - 4: T.Fortluft	11.2
2021-03-11 08:18:38.0	Ana5 - 5: T.Raum	9999.9
2021-03-11 08:18:38.0	Ana9 - 9: T.Zuluft WRG warm	18.8
2021-03-11 08:18:48.0	Ana1 - 1: T.Au?en	4.4
2021-03-11 08:18:48.0	Ana2 - 2: T.Zuluft	13.5
2021-03-11 08:18:48.0	Ana3 - 3: T.Abluft	19.5
2021-03-11 08:18:48.0	Ana4 - 4: T.Fortluft	11.2
2021-03-11 08:18:48.0	Ana5 - 5: T.Raum	9999.9
2021-03-11 08:18:48.0	Ana9 - 9: T.Zuluft WRG warm	18.8
2021-03-11 08:18:58.0	Ana1 - 1: T.Au?en	4.4
2021-03-11 08:18:58.0	Ana2 - 2: T.Zuluft	13.5
2021-03-11 08:18:58.0	Ana3 - 3: T.Abluft	19.5
2021-03-11 08:18:58.0	Ana4 - 4: T.Fortluft	11.2
2021-03-11 08:18:58.0	Ana5 - 5: T.Raum	9999.9
2021-03-11 08:18:58.0	Ana9 - 9: T.Zuluft WRG warm	18.8
2021-03-11 08:19:08.0	Ana1 - 1: T.Au?en	4.4
2021-03-11 08:19:08.0	Ana2 - 2: T.Zuluft	13.5
2021-03-11 08:19:08.0	Ana3 - 3: T.Abluft	19.5
2021-03-11 08:19:08.0	Ana4 - 4: T.Fortluft	11.2
2021-03-11 08:19:08.0	Ana5 - 5: T.Raum	9999.9
2021-03-11 08:19:08.0	Ana9 - 9: T.Zuluft WRG warm	18.8
2021-03-11 08:19:18.0	Ana1 - 1: T.Au?en	4.5
2021-03-11 08:19:18.0	Ana2 - 2: T.Zuluft	13.5
2021-03-11 08:19:18.0	Ana3 - 3: T.Abluft	19.5
2021-03-11 08:19:18.0	Ana4 - 4: T.Fortluft	11.2
2021-03-11 08:19:18.0	Ana5 - 5: T.Raum	9999.9
2021-03-11 08:19:18.0	Ana9 - 9: T.Zuluft WRG warm	18.8
2021-03-11 08:19:28.0	Ana1 - 1: T.Au?en	4.5
2021-03-11 08:19:28.0	Ana2 - 2: T.Zuluft	13.5
2021-03-11 08:19:28.0	Ana3 - 3: T.Abluft	19.6
2021-03-11 08:19:28.0	Ana4 - 4: T.Fortluft	11.2
2021-03-11 08:19:28.0	Ana5 - 5: T.Raum	9999.9
2021-03-11 08:19:28.0	Ana9 - 9: T.Zuluft WRG warm	18.8
2021-03-11 08:19:38.0	Ana1 - 1: T.Au?en	4.5
2021-03-11 08:19:38.0	Ana2 - 2: T.Zuluft	13.5
2021-03-11 08:19:38.0	Ana3 - 3: T.Abluft	19.5
2021-03-11 08:19:38.0	Ana4 - 4: T.Fortluft	11.2
2021-03-11 08:19:38.0	Ana5 - 5: T.Raum	9999.9
2021-03-11 08:19:38.0	Ana9 - 9: T.Zuluft WRG warm	18.8
2021-03-11 08:19:48.0	Ana1 - 1: T.Au?en	4.5
2021-03-11 08:19:48.0	Ana2 - 2: T.Zuluft	13.5
2021-03-11 08:19:48.0	Ana3 - 3: T.Abluft	19.6
2021-03-11 08:19:48.0	Ana4 - 4: T.Fortluft	11.2
2021-03-11 08:19:48.0	Ana5 - 5: T.Raum	9999.9
2021-03-11 08:19:48.0	Ana9 - 9: T.Zuluft WRG warm	18.8
2021-03-11 08:19:58.0	Ana1 - 1: T.Au?en	4.5
2021-03-11 08:19:58.0	Ana2 - 2: T.Zuluft	13.5
2021-03-11 08:19:58.0	Ana3 - 3: T.Abluft	19.6
2021-03-11 08:19:58.0	Ana4 - 4: T.Fortluft	11.2
2021-03-11 08:19:58.0	Ana5 - 5: T.Raum	9999.9
2021-03-11 08:19:58.0	Ana9 - 9: T.Zuluft WRG warm	18.8
2021-03-11 08:20:08.0	Ana1 - 1: T.Au?en	4.5
2021-03-11 08:20:08.0	Ana2 - 2: T.Zuluft	13.5
2021-03-11 08:20:08.0	Ana3 - 3: T.Abluft	19.6
2021-03-11 08:20:08.0	Ana4 - 4: T.Fortluft	11.2
2021-03-11 08:20:08.0	Ana5 - 5: T.Raum	9999.9
2021-03-11 08:20:08.0	Ana9 - 9: T.Zuluft WRG warm	18.8
2021-03-11 08:20:18.0	Ana1 - 1: T.Au?en	4.5
2021-03-11 08:20:18.0	Ana2 - 2: T.Zuluft	13.5
2021-03-11 08:20:18.0	Ana3 - 3: T.Abluft	19.6
2021-03-11 08:20:18.0	Ana4 - 4: T.Fortluft	11.2
2021-03-11 08:20:18.0	Ana5 - 5: T.Raum	9999.9
2021-03-11 08:20:18.0	Ana9 - 9: T.Zuluft WRG warm	18.8
2021-03-11 08:20:28.0	Ana1 - 1: T.Au?en	4.5
2021-03-11 08:20:28.0	Ana2 - 2: T.Zuluft	13.5
2021-03-11 08:20:28.0	Ana3 - 3: T.Abluft	19.6
2021-03-11 08:20:28.0	Ana4 - 4: T.Fortluft	11.2
2021-03-11 08:20:28.0	Ana5 - 5: T.Raum	9999.9
2021-03-11 08:20:28.0	Ana9 - 9: T.Zuluft WRG warm	18.8
2021-03-11 08:20:38.0	Ana1 - 1: T.Au?en	4.5
2021-03-11 08:20:38.0	Ana2 - 2: T.Zuluft	13.5
2021-03-11 08:20:38.0	Ana3 - 3: T.Abluft	19.6
2021-03-11 08:20:38.0	Ana4 - 4: T.Fortluft	11.2
2021-03-11 08:20:38.0	Ana5 - 5: T.Raum	9999.9
2021-03-11 08:20:38.0	Ana9 - 9: T.Zuluft WRG warm	18.8
2021-03-11 08:20:48.0	Ana1 - 1: T.Au?en	4.5
2021-03-11 08:20:48.0	Ana2 - 2: T.Zuluft	13.5
2021-03-11 08:20:48.0	Ana3 - 3: T.Abluft	19.6
2021-03-11 08:20:48.0	Ana4 - 4: T.Fortluft	11.2
2021-03-11 08:20:48.0	Ana5 - 5: T.Raum	9999.9
2021-03-11 08:20:48.0	Ana9 - 9: T.Zuluft WRG warm	18.8
2021-03-11 08:20:58.0	Ana1 - 1: T.Au?en	4.5
2021-03-11 08:20:58.0	Ana2 - 2: T.Zuluft	13.5
2021-03-11 08:20:58.0	Ana3 - 3: T.Abluft	19.6
2021-03-11 08:20:58.0	Ana4 - 4: T.Fortluft	11.2
2021-03-11 08:20:58.0	Ana5 - 5: T.Raum	9999.9
2021-03-11 08:20:58.0	Ana9 - 9: T.Zuluft WRG warm	18.8
2021-03-11 08:21:08.0	Ana1 - 1: T.Au?en	4.5
2021-03-11 08:21:08.0	Ana2 - 2: T.Zuluft	13.6
2021-03-11 08:21:08.0	Ana3 - 3: T.Abluft	19.6
2021-03-11 08:21:08.0	Ana4 - 4: T.Fortluft	11.2
2021-03-11 08:21:08.0	Ana5 - 5: T.Raum	9999.9
2021-03-11 08:21:08.0	Ana9 - 9: T.Zuluft WRG warm	18.8
2021-03-11 08:21:18.0	Ana1 - 1: T.Au?en	4.5
2021-03-11 08:21:18.0	Ana2 - 2: T.Zuluft	13.6
2021-03-11 08:21:18.0	Ana3 - 3: T.Abluft	19.6
2021-03-11 08:21:18.0	Ana4 - 4: T.Fortluft	11.3
2021-03-11 08:21:18.0	Ana5 - 5: T.Raum	9999.9
2021-03-11 08:21:18.0	Ana9 - 9: T.Zuluft WRG warm	18.8
2021-03-11 08:21:28.0	Ana1 - 1: T.Au?en	4.5
2021-03-11 08:21:28.0	Ana2 - 2: T.Zuluft	13.6
2021-03-11 08:21:28.0	Ana3 - 3: T.Abluft	19.6
2021-03-11 08:21:28.0	Ana4 - 4: T.Fortluft	11.3
2021-03-11 08:21:28.0	Ana5 - 5: T.Raum	9999.9
2021-03-11 08:21:28.0	Ana9 - 9: T.Zuluft WRG warm	18.8
2021-03-11 08:21:38.0	Ana1 - 1: T.Au?en	4.6
2021-03-11 08:21:38.0	Ana2 - 2: T.Zuluft	13.6
2021-03-11 08:21:38.0	Ana3 - 3: T.Abluft	19.6
2021-03-11 08:21:38.0	Ana4 - 4: T.Fortluft	11.3
2021-03-11 08:21:38.0	Ana5 - 5: T.Raum	9999.9
2021-03-11 08:21:38.0	Ana9 - 9: T.Zuluft WRG warm	18.8
2021-03-11 08:21:48.0	Ana1 - 1: T.Au?en	4.6
2021-03-11 08:21:48.0	Ana2 - 2: T.Zuluft	13.6
2021-03-11 08:21:48.0	Ana3 - 3: T.Abluft	19.6
2021-03-11 08:21:48.0	Ana4 - 4: T.Fortluft	11.3
2021-03-11 08:21:48.0	Ana5 - 5: T.Raum	9999.9
2021-03-11 08:21:48.0	Ana9 - 9: T.Zuluft WRG warm	18.8
2021-03-11 08:21:58.0	Ana1 - 1: T.Au?en	4.6
2021-03-11 08:21:58.0	Ana2 - 2: T.Zuluft	13.6
2021-03-11 08:21:58.0	Ana3 - 3: T.Abluft	19.6
2021-03-11 08:21:58.0	Ana4 - 4: T.Fortluft	11.3
2021-03-11 08:21:58.0	Ana5 - 5: T.Raum	9999.9
2021-03-11 08:21:58.0	Ana9 - 9: T.Zuluft WRG warm	18.8
2021-03-11 08:22:08.0	Ana1 - 1: T.Au?en	4.6
2021-03-11 08:22:08.0	Ana2 - 2: T.Zuluft	13.6
2021-03-11 08:22:08.0	Ana3 - 3: T.Abluft	19.6
2021-03-11 08:22:08.0	Ana4 - 4: T.Fortluft	11.3
2021-03-11 08:22:08.0	Ana5 - 5: T.Raum	9999.9
2021-03-11 08:22:08.0	Ana9 - 9: T.Zuluft WRG warm	18.8
2021-03-11 08:22:18.0	Ana1 - 1: T.Au?en	4.6
2021-03-11 08:22:18.0	Ana2 - 2: T.Zuluft	13.6
2021-03-11 08:22:18.0	Ana3 - 3: T.Abluft	19.6
2021-03-11 08:22:18.0	Ana4 - 4: T.Fortluft	11.3
2021-03-11 08:22:18.0	Ana5 - 5: T.Raum	9999.9
2021-03-11 08:22:18.0	Ana9 - 9: T.Zuluft WRG warm	18.8
2021-03-11 08:22:28.0	Ana1 - 1: T.Au?en	4.7
2021-03-11 08:22:28.0	Ana2 - 2: T.Zuluft	13.6
2021-03-11 08:22:28.0	Ana3 - 3: T.Abluft	19.6
2021-03-11 08:22:28.0	Ana4 - 4: T.Fortluft	11.3
2021-03-11 08:22:28.0	Ana5 - 5: T.Raum	9999.9
2021-03-11 08:22:28.0	Ana9 - 9: T.Zuluft WRG warm	18.8
2021-03-11 08:22:38.0	Ana1 - 1: T.Au?en	4.7
2021-03-11 08:22:38.0	Ana2 - 2: T.Zuluft	13.6
2021-03-11 08:22:38.0	Ana3 - 3: T.Abluft	19.6
2021-03-11 08:22:38.0	Ana4 - 4: T.Fortluft	11.3
2021-03-11 08:22:38.0	Ana5 - 5: T.Raum	9999.9
2021-03-11 08:22:38.0	Ana9 - 9: T.Zuluft WRG warm	18.8
2021-03-11 08:22:48.0	Ana1 - 1: T.Au?en	4.7
2021-03-11 08:22:48.0	Ana2 - 2: T.Zuluft	13.6
2021-03-11 08:22:48.0	Ana3 - 3: T.Abluft	19.6
2021-03-11 08:22:48.0	Ana4 - 4: T.Fortluft	11.3
2021-03-11 08:22:48.0	Ana5 - 5: T.Raum	9999.9
2021-03-11 08:22:48.0	Ana9 - 9: T.Zuluft WRG warm	18.8
2021-03-11 08:22:58.0	Ana1 - 1: T.Au?en	4.7
2021-03-11 08:22:58.0	Ana2 - 2: T.Zuluft	13.6
2021-03-11 08:22:58.0	Ana3 - 3: T.Abluft	19.6
2021-03-11 08:22:58.0	Ana4 - 4: T.Fortluft	11.3
2021-03-11 08:22:58.0	Ana5 - 5: T.Raum	9999.9
2021-03-11 08:22:58.0	Ana9 - 9: T.Zuluft WRG warm	18.8
2021-03-11 08:23:08.0	Ana1 - 1: T.Au?en	4.7
2021-03-11 08:23:08.0	Ana2 - 2: T.Zuluft	13.6
2021-03-11 08:23:08.0	Ana3 - 3: T.Abluft	19.6
2021-03-11 08:23:08.0	Ana4 - 4: T.Fortluft	11.3
2021-03-11 08:23:08.0	Ana5 - 5: T.Raum	9999.9
2021-03-11 08:23:08.0	Ana9 - 9: T.Zuluft WRG warm	18.8
2021-03-11 08:23:18.0	Ana1 - 1: T.Au?en	4.7
2021-03-11 08:23:18.0	Ana2 - 2: T.Zuluft	13.6
2021-03-11 08:23:18.0	Ana3 - 3: T.Abluft	19.6
2021-03-11 08:23:18.0	Ana4 - 4: T.Fortluft	11.3
2021-03-11 08:23:18.0	Ana5 - 5: T.Raum	9999.9
2021-03-11 08:23:18.0	Ana9 - 9: T.Zuluft WRG warm	18.8
2021-03-11 08:23:28.0	Ana1 - 1: T.Au?en	4.7
2021-03-11 08:23:28.0	Ana2 - 2: T.Zuluft	13.6
2021-03-11 08:23:28.0	Ana3 - 3: T.Abluft	19.6
2021-03-11 08:23:28.0	Ana4 - 4: T.Fortluft	11.3
2021-03-11 08:23:28.0	Ana5 - 5: T.Raum	9999.9
2021-03-11 08:23:28.0	Ana9 - 9: T.Zuluft WRG warm	18.8
2021-03-11 08:23:38.0	Ana1 - 1: T.Au?en	4.7
2021-03-11 08:23:38.0	Ana2 - 2: T.Zuluft	13.6
2021-03-11 08:23:38.0	Ana3 - 3: T.Abluft	19.6
2021-03-11 08:23:38.0	Ana4 - 4: T.Fortluft	11.3
2021-03-11 08:23:38.0	Ana5 - 5: T.Raum	9999.9
2021-03-11 08:23:38.0	Ana9 - 9: T.Zuluft WRG warm	18.8
2021-03-11 08:23:48.0	Ana1 - 1: T.Au?en	4.8
2021-03-11 08:23:48.0	Ana2 - 2: T.Zuluft	13.6
2021-03-11 08:23:48.0	Ana3 - 3: T.Abluft	19.6
2021-03-11 08:23:48.0	Ana4 - 4: T.Fortluft	11.3
2021-03-11 08:23:48.0	Ana5 - 5: T.Raum	9999.9
2021-03-11 08:23:48.0	Ana9 - 9: T.Zuluft WRG warm	18.8
2021-03-11 08:23:58.0	Ana1 - 1: T.Au?en	4.8
2021-03-11 08:23:58.0	Ana2 - 2: T.Zuluft	13.6
2021-03-11 08:23:58.0	Ana3 - 3: T.Abluft	19.6
2021-03-11 08:23:58.0	Ana4 - 4: T.Fortluft	11.4
2021-03-11 08:23:58.0	Ana5 - 5: T.Raum	9999.9
2021-03-11 08:23:58.0	Ana9 - 9: T.Zuluft WRG warm	18.8
2021-03-11 08:24:08.0	Ana1 - 1: T.Au?en	4.8
2021-03-11 08:24:08.0	Ana2 - 2: T.Zuluft	13.6
2021-03-11 08:24:08.0	Ana3 - 3: T.Abluft	19.6
2021-03-11 08:24:08.0	Ana4 - 4: T.Fortluft	11.4
2021-03-11 08:24:08.0	Ana5 - 5: T.Raum	9999.9
2021-03-11 08:24:08.0	Ana9 - 9: T.Zuluft WRG warm	18.8
2021-03-11 08:24:18.0	Ana1 - 1: T.Au?en	4.8
2021-03-11 08:24:18.0	Ana2 - 2: T.Zuluft	13.7
2021-03-11 08:24:18.0	Ana3 - 3: T.Abluft	19.6
2021-03-11 08:24:18.0	Ana4 - 4: T.Fortluft	11.4
2021-03-11 08:24:18.0	Ana5 - 5: T.Raum	9999.9
2021-03-11 08:24:18.0	Ana9 - 9: T.Zuluft WRG warm	18.8
2021-03-11 08:24:28.0	Ana1 - 1: T.Au?en	4.8
2021-03-11 08:24:28.0	Ana2 - 2: T.Zuluft	13.7
2021-03-11 08:24:28.0	Ana3 - 3: T.Abluft	19.6
2021-03-11 08:24:28.0	Ana4 - 4: T.Fortluft	11.4
2021-03-11 08:24:28.0	Ana5 - 5: T.Raum	9999.9
2021-03-11 08:24:28.0	Ana9 - 9: T.Zuluft WRG warm	18.8
2021-03-11 08:24:38.0	Ana1 - 1: T.Au?en	4.9
2021-03-11 08:24:38.0	Ana2 - 2: T.Zuluft	13.7
2021-03-11 08:24:38.0	Ana3 - 3: T.Abluft	19.6
2021-03-11 08:24:38.0	Ana4 - 4: T.Fortluft	11.4
2021-03-11 08:24:38.0	Ana5 - 5: T.Raum	9999.9
2021-03-11 08:24:38.0	Ana9 - 9: T.Zuluft WRG warm	18.8
2021-03-11 08:24:48.0	Ana1 - 1: T.Au?en	4.9
2021-03-11 08:24:48.0	Ana2 - 2: T.Zuluft	13.7
2021-03-11 08:24:48.0	Ana3 - 3: T.Abluft	19.6
2021-03-11 08:24:48.0	Ana4 - 4: T.Fortluft	11.4
2021-03-11 08:24:48.0	Ana5 - 5: T.Raum	9999.9
2021-03-11 08:24:48.0	Ana9 - 9: T.Zuluft WRG warm	18.8
2021-03-11 08:24:58.0	Ana1 - 1: T.Au?en	4.9
2021-03-11 08:24:58.0	Ana2 - 2: T.Zuluft	13.7
2021-03-11 08:24:58.0	Ana3 - 3: T.Abluft	19.6
2021-03-11 08:24:58.0	Ana4 - 4: T.Fortluft	11.4
2021-03-11 08:24:58.0	Ana5 - 5: T.Raum	9999.9
2021-03-11 08:24:58.0	Ana9 - 9: T.Zuluft WRG warm	18.8
2021-03-11 08:25:08.0	Ana1 - 1: T.Au?en	4.9
2021-03-11 08:25:08.0	Ana2 - 2: T.Zuluft	13.7
2021-03-11 08:25:08.0	Ana3 - 3: T.Abluft	19.6
2021-03-11 08:25:08.0	Ana4 - 4: T.Fortluft	11.4
2021-03-11 08:25:08.0	Ana5 - 5: T.Raum	9999.9
2021-03-11 08:25:08.0	Ana9 - 9: T.Zuluft WRG warm	18.8
2021-03-11 08:25:18.0	Ana1 - 1: T.Au?en	4.9
2021-03-11 08:25:18.0	Ana2 - 2: T.Zuluft	13.7
2021-03-11 08:25:18.0	Ana3 - 3: T.Abluft	19.6
2021-03-11 08:25:18.0	Ana4 - 4: T.Fortluft	11.4
2021-03-11 08:25:18.0	Ana5 - 5: T.Raum	9999.9
2021-03-11 08:25:18.0	Ana9 - 9: T.Zuluft WRG warm	18.8
2021-03-11 08:25:28.0	Ana1 - 1: T.Au?en	4.9
2021-03-11 08:25:28.0	Ana2 - 2: T.Zuluft	13.7
2021-03-11 08:25:28.0	Ana3 - 3: T.Abluft	19.6
2021-03-11 08:25:28.0	Ana4 - 4: T.Fortluft	11.4
2021-03-11 08:25:28.0	Ana5 - 5: T.Raum	9999.9
2021-03-11 08:25:28.0	Ana9 - 9: T.Zuluft WRG warm	18.8
2021-03-11 08:25:38.0	Ana1 - 1: T.Au?en	4.8
2021-03-11 08:25:38.0	Ana2 - 2: T.Zuluft	13.7
2021-03-11 08:25:38.0	Ana3 - 3: T.Abluft	19.6
2021-03-11 08:25:38.0	Ana4 - 4: T.Fortluft	11.4
2021-03-11 08:25:38.0	Ana5 - 5: T.Raum	9999.9
2021-03-11 08:25:38.0	Ana9 - 9: T.Zuluft WRG warm	18.8
2021-03-11 08:25:48.0	Ana1 - 1: T.Au?en	4.8
2021-03-11 08:25:48.0	Ana2 - 2: T.Zuluft	13.7
2021-03-11 08:25:48.0	Ana3 - 3: T.Abluft	19.6
2021-03-11 08:25:48.0	Ana4 - 4: T.Fortluft	11.4
2021-03-11 08:25:48.0	Ana5 - 5: T.Raum	9999.9
2021-03-11 08:25:48.0	Ana9 - 9: T.Zuluft WRG warm	18.8
2021-03-11 08:25:58.0	Ana1 - 1: T.Au?en	4.8
2021-03-11 08:25:58.0	Ana2 - 2: T.Zuluft	13.7
2021-03-11 08:25:58.0	Ana3 - 3: T.Abluft	19.6
2021-03-11 08:25:58.0	Ana4 - 4: T.Fortluft	11.4
2021-03-11 08:25:58.0	Ana5 - 5: T.Raum	9999.9
2021-03-11 08:25:58.0	Ana9 - 9: T.Zuluft WRG warm	18.8
2021-03-11 08:26:08.0	Ana1 - 1: T.Au?en	4.8
2021-03-11 08:26:08.0	Ana2 - 2: T.Zuluft	13.7
2021-03-11 08:26:08.0	Ana3 - 3: T.Abluft	19.6
2021-03-11 08:26:08.0	Ana4 - 4: T.Fortluft	11.4
2021-03-11 08:26:08.0	Ana5 - 5: T.Raum	9999.9
2021-03-11 08:26:08.0	Ana9 - 9: T.Zuluft WRG warm	18.8
2021-03-11 08:26:18.0	Ana1 - 1: T.Au?en	4.8
2021-03-11 08:26:18.0	Ana2 - 2: T.Zuluft	13.7
2021-03-11 08:26:18.0	Ana3 - 3: T.Abluft	19.6
2021-03-11 08:26:18.0	Ana4 - 4: T.Fortluft	11.4
2021-03-11 08:26:18.0	Ana5 - 5: T.Raum	9999.9
2021-03-11 08:26:18.0	Ana9 - 9: T.Zuluft WRG warm	18.8
2021-03-11 08:26:28.0	Ana1 - 1: T.Au?en	4.8
2021-03-11 08:26:28.0	Ana2 - 2: T.Zuluft	13.7
2021-03-11 08:26:28.0	Ana3 - 3: T.Abluft	19.6
2021-03-11 08:26:28.0	Ana4 - 4: T.Fortluft	11.4
2021-03-11 08:26:28.0	Ana5 - 5: T.Raum	9999.9
2021-03-11 08:26:28.0	Ana9 - 9: T.Zuluft WRG warm	18.8
2021-03-11 08:26:38.0	Ana1 - 1: T.Au?en	4.8
2021-03-11 08:26:38.0	Ana2 - 2: T.Zuluft	13.7
2021-03-11 08:26:38.0	Ana3 - 3: T.Abluft	19.6
2021-03-11 08:26:38.0	Ana4 - 4: T.Fortluft	11.4
2021-03-11 08:26:38.0	Ana5 - 5: T.Raum	9999.9
2021-03-11 08:26:38.0	Ana9 - 9: T.Zuluft WRG warm	18.8
2021-03-11 08:26:48.0	Ana1 - 1: T.Au?en	4.8
2021-03-11 08:26:48.0	Ana2 - 2: T.Zuluft	13.7
2021-03-11 08:26:48.0	Ana3 - 3: T.Abluft	19.6
2021-03-11 08:26:48.0	Ana4 - 4: T.Fortluft	11.4
2021-03-11 08:26:48.0	Ana5 - 5: T.Raum	9999.9
2021-03-11 08:26:48.0	Ana9 - 9: T.Zuluft WRG warm	18.8
2021-03-11 08:26:58.0	Ana1 - 1: T.Au?en	4.8
2021-03-11 08:26:58.0	Ana2 - 2: T.Zuluft	13.7
2021-03-11 08:26:58.0	Ana3 - 3: T.Abluft	19.6
2021-03-11 08:26:58.0	Ana4 - 4: T.Fortluft	11.4
2021-03-11 08:26:58.0	Ana5 - 5: T.Raum	9999.9
2021-03-11 08:26:58.0	Ana9 - 9: T.Zuluft WRG warm	18.8
2021-03-11 08:27:08.0	Ana1 - 1: T.Au?en	4.8
2021-03-11 08:27:08.0	Ana2 - 2: T.Zuluft	13.7
2021-03-11 08:27:08.0	Ana3 - 3: T.Abluft	19.6
2021-03-11 08:27:08.0	Ana4 - 4: T.Fortluft	11.5
2021-03-11 08:27:08.0	Ana5 - 5: T.Raum	9999.9
2021-03-11 08:27:08.0	Ana9 - 9: T.Zuluft WRG warm	18.8
2021-03-11 08:27:18.0	Ana1 - 1: T.Au?en	4.8
2021-03-11 08:27:18.0	Ana2 - 2: T.Zuluft	13.7
2021-03-11 08:27:18.0	Ana3 - 3: T.Abluft	19.6
2021-03-11 08:27:18.0	Ana4 - 4: T.Fortluft	11.5
2021-03-11 08:27:18.0	Ana5 - 5: T.Raum	9999.9
2021-03-11 08:27:18.0	Ana9 - 9: T.Zuluft WRG warm	18.8
2021-03-11 08:27:28.0	Ana1 - 1: T.Au?en	4.8
2021-03-11 08:27:28.0	Ana2 - 2: T.Zuluft	13.8
2021-03-11 08:27:28.0	Ana3 - 3: T.Abluft	19.6
2021-03-11 08:27:28.0	Ana4 - 4: T.Fortluft	11.5
2021-03-11 08:27:28.0	Ana5 - 5: T.Raum	9999.9
2021-03-11 08:27:28.0	Ana9 - 9: T.Zuluft WRG warm	18.8
2021-03-11 08:27:38.0	Ana1 - 1: T.Au?en	4.8
2021-03-11 08:27:38.0	Ana2 - 2: T.Zuluft	13.8
2021-03-11 08:27:38.0	Ana3 - 3: T.Abluft	19.6
2021-03-11 08:27:38.0	Ana4 - 4: T.Fortluft	11.5
2021-03-11 08:27:38.0	Ana5 - 5: T.Raum	9999.9
2021-03-11 08:27:38.0	Ana9 - 9: T.Zuluft WRG warm	18.8
2021-03-11 08:27:48.0	Ana1 - 1: T.Au?en	4.7
2021-03-11 08:27:48.0	Ana2 - 2: T.Zuluft	13.8
2021-03-11 08:27:48.0	Ana3 - 3: T.Abluft	19.6
2021-03-11 08:27:48.0	Ana4 - 4: T.Fortluft	11.5
2021-03-11 08:27:48.0	Ana5 - 5: T.Raum	9999.9
2021-03-11 08:27:48.0	Ana9 - 9: T.Zuluft WRG warm	18.8
2021-03-11 08:27:58.0	Ana1 - 1: T.Au?en	4.8
2021-03-11 08:27:58.0	Ana2 - 2: T.Zuluft	13.8
2021-03-11 08:27:58.0	Ana3 - 3: T.Abluft	19.6
2021-03-11 08:27:58.0	Ana4 - 4: T.Fortluft	11.5
2021-03-11 08:27:58.0	Ana5 - 5: T.Raum	9999.9
2021-03-11 08:27:58.0	Ana9 - 9: T.Zuluft WRG warm	18.8
2021-03-11 08:28:08.0	Ana1 - 1: T.Au?en	4.8
2021-03-11 08:28:08.0	Ana2 - 2: T.Zuluft	13.8
2021-03-11 08:28:08.0	Ana3 - 3: T.Abluft	19.6
2021-03-11 08:28:08.0	Ana4 - 4: T.Fortluft	11.5
2021-03-11 08:28:08.0	Ana5 - 5: T.Raum	9999.9
2021-03-11 08:28:08.0	Ana9 - 9: T.Zuluft WRG warm	18.8
2021-03-11 08:28:18.0	Ana1 - 1: T.Au?en	4.8
2021-03-11 08:28:18.0	Ana2 - 2: T.Zuluft	13.8
2021-03-11 08:28:18.0	Ana3 - 3: T.Abluft	19.6
2021-03-11 08:28:18.0	Ana4 - 4: T.Fortluft	11.5
2021-03-11 08:28:18.0	Ana5 - 5: T.Raum	9999.9
2021-03-11 08:28:18.0	Ana9 - 9: T.Zuluft WRG warm	18.8
2021-03-11 08:28:28.0	Ana1 - 1: T.Au?en	4.8
2021-03-11 08:28:28.0	Ana2 - 2: T.Zuluft	13.8
2021-03-11 08:28:28.0	Ana3 - 3: T.Abluft	19.6
2021-03-11 08:28:28.0	Ana4 - 4: T.Fortluft	11.5
2021-03-11 08:28:28.0	Ana5 - 5: T.Raum	9999.9
2021-03-11 08:28:28.0	Ana9 - 9: T.Zuluft WRG warm	18.8
2021-03-11 08:28:38.0	Ana1 - 1: T.Au?en	4.8
2021-03-11 08:28:38.0	Ana2 - 2: T.Zuluft	13.8
2021-03-11 08:28:38.0	Ana3 - 3: T.Abluft	19.6
2021-03-11 08:28:38.0	Ana4 - 4: T.Fortluft	11.5
2021-03-11 08:28:38.0	Ana5 - 5: T.Raum	9999.9
2021-03-11 08:28:38.0	Ana9 - 9: T.Zuluft WRG warm	18.8
2021-03-11 08:28:48.0	Ana1 - 1: T.Au?en	4.9
2021-03-11 08:28:48.0	Ana2 - 2: T.Zuluft	13.8
2021-03-11 08:28:48.0	Ana3 - 3: T.Abluft	19.6
2021-03-11 08:28:48.0	Ana4 - 4: T.Fortluft	11.5
2021-03-11 08:28:48.0	Ana5 - 5: T.Raum	9999.9
2021-03-11 08:28:48.0	Ana9 - 9: T.Zuluft WRG warm	18.8
2021-03-11 08:28:58.0	Ana1 - 1: T.Au?en	4.8
2021-03-11 08:28:58.0	Ana2 - 2: T.Zuluft	13.8
2021-03-11 08:28:58.0	Ana3 - 3: T.Abluft	19.6
2021-03-11 08:28:58.0	Ana4 - 4: T.Fortluft	11.5
2021-03-11 08:28:58.0	Ana5 - 5: T.Raum	9999.9
2021-03-11 08:28:58.0	Ana9 - 9: T.Zuluft WRG warm	18.8
2021-03-11 08:29:08.0	Ana1 - 1: T.Au?en	4.8
2021-03-11 08:29:08.0	Ana2 - 2: T.Zuluft	13.8
2021-03-11 08:29:08.0	Ana3 - 3: T.Abluft	19.6
2021-03-11 08:29:08.0	Ana4 - 4: T.Fortluft	11.5
2021-03-11 08:29:08.0	Ana5 - 5: T.Raum	9999.9
2021-03-11 08:29:08.0	Ana9 - 9: T.Zuluft WRG warm	18.8
2021-03-11 08:29:18.0	Ana1 - 1: T.Au?en	4.7
2021-03-11 08:29:18.0	Ana2 - 2: T.Zuluft	13.8
2021-03-11 08:29:18.0	Ana3 - 3: T.Abluft	19.6
2021-03-11 08:29:18.0	Ana4 - 4: T.Fortluft	11.5
2021-03-11 08:29:18.0	Ana5 - 5: T.Raum	9999.9
2021-03-11 08:29:18.0	Ana9 - 9: T.Zuluft WRG warm	18.8
2021-03-11 08:29:28.0	Ana1 - 1: T.Au?en	4.6
2021-03-11 08:29:28.0	Ana2 - 2: T.Zuluft	13.8
2021-03-11 08:29:28.0	Ana3 - 3: T.Abluft	19.6
2021-03-11 08:29:28.0	Ana4 - 4: T.Fortluft	11.5
2021-03-11 08:29:28.0	Ana5 - 5: T.Raum	9999.9
2021-03-11 08:29:28.0	Ana9 - 9: T.Zuluft WRG warm	18.8
2021-03-11 08:29:38.0	Ana1 - 1: T.Au?en	4.7
2021-03-11 08:29:38.0	Ana2 - 2: T.Zuluft	13.8
2021-03-11 08:29:38.0	Ana3 - 3: T.Abluft	19.6
2021-03-11 08:29:38.0	Ana4 - 4: T.Fortluft	11.5
2021-03-11 08:29:38.0	Ana5 - 5: T.Raum	9999.9
2021-03-11 08:29:38.0	Ana9 - 9: T.Zuluft WRG warm	18.8
2021-03-11 08:29:48.0	Ana1 - 1: T.Au?en	4.8
2021-03-11 08:29:48.0	Ana2 - 2: T.Zuluft	13.8
2021-03-11 08:29:48.0	Ana3 - 3: T.Abluft	19.6
2021-03-11 08:29:48.0	Ana4 - 4: T.Fortluft	11.5
2021-03-11 08:29:48.0	Ana5 - 5: T.Raum	9999.9
2021-03-11 08:29:48.0	Ana9 - 9: T.Zuluft WRG warm	18.8
2021-03-11 08:29:58.0	Ana1 - 1: T.Au?en	4.8
2021-03-11 08:29:58.0	Ana2 - 2: T.Zuluft	13.8
2021-03-11 08:29:58.0	Ana3 - 3: T.Abluft	19.6
2021-03-11 08:29:58.0	Ana4 - 4: T.Fortluft	11.5
2021-03-11 08:29:58.0	Ana5 - 5: T.Raum	9999.9
2021-03-11 08:29:58.0	Ana9 - 9: T.Zuluft WRG warm	18.8
2021-03-11 08:30:08.0	Ana1 - 1: T.Au?en	4.9
2021-03-11 08:30:08.0	Ana2 - 2: T.Zuluft	13.8
2021-03-11 08:30:08.0	Ana3 - 3: T.Abluft	19.6
2021-03-11 08:30:08.0	Ana4 - 4: T.Fortluft	11.5
2021-03-11 08:30:08.0	Ana5 - 5: T.Raum	9999.9
2021-03-11 08:30:08.0	Ana9 - 9: T.Zuluft WRG warm	18.8
2021-03-11 08:30:18.0	Ana1 - 1: T.Au?en	5.0
2021-03-11 08:30:18.0	Ana2 - 2: T.Zuluft	13.8
2021-03-11 08:30:18.0	Ana3 - 3: T.Abluft	19.6
2021-03-11 08:30:18.0	Ana4 - 4: T.Fortluft	11.5
2021-03-11 08:30:18.0	Ana5 - 5: T.Raum	9999.9
2021-03-11 08:30:18.0	Ana9 - 9: T.Zuluft WRG warm	18.8
2021-03-11 08:30:28.0	Ana1 - 1: T.Au?en	5.0
2021-03-11 08:30:28.0	Ana2 - 2: T.Zuluft	13.9
2021-03-11 08:30:28.0	Ana3 - 3: T.Abluft	19.6
2021-03-11 08:30:28.0	Ana4 - 4: T.Fortluft	11.5
2021-03-11 08:30:28.0	Ana5 - 5: T.Raum	9999.9
2021-03-11 08:30:28.0	Ana9 - 9: T.Zuluft WRG warm	18.8
2021-03-11 08:30:38.0	Ana1 - 1: T.Au?en	4.9
2021-03-11 08:30:38.0	Ana2 - 2: T.Zuluft	13.9
2021-03-11 08:30:38.0	Ana3 - 3: T.Abluft	19.6
2021-03-11 08:30:38.0	Ana4 - 4: T.Fortluft	11.5
2021-03-11 08:30:38.0	Ana5 - 5: T.Raum	9999.9
2021-03-11 08:30:38.0	Ana9 - 9: T.Zuluft WRG warm	18.8
2021-03-11 08:30:48.0	Ana1 - 1: T.Au?en	4.8
2021-03-11 08:30:48.0	Ana2 - 2: T.Zuluft	13.8
2021-03-11 08:30:48.0	Ana3 - 3: T.Abluft	19.6
2021-03-11 08:30:48.0	Ana4 - 4: T.Fortluft	11.6
2021-03-11 08:30:48.0	Ana5 - 5: T.Raum	9999.9
2021-03-11 08:30:48.0	Ana9 - 9: T.Zuluft WRG warm	18.8
2021-03-11 08:30:58.0	Ana1 - 1: T.Au?en	4.8
2021-03-11 08:30:58.0	Ana2 - 2: T.Zuluft	13.9
2021-03-11 08:30:58.0	Ana3 - 3: T.Abluft	19.6
2021-03-11 08:30:58.0	Ana4 - 4: T.Fortluft	11.6
2021-03-11 08:30:58.0	Ana5 - 5: T.Raum	9999.9
2021-03-11 08:30:58.0	Ana9 - 9: T.Zuluft WRG warm	18.8
2021-03-11 08:31:08.0	Ana1 - 1: T.Au?en	4.8
2021-03-11 08:31:08.0	Ana2 - 2: T.Zuluft	13.9
2021-03-11 08:31:08.0	Ana3 - 3: T.Abluft	19.6
2021-03-11 08:31:08.0	Ana4 - 4: T.Fortluft	11.6
2021-03-11 08:31:08.0	Ana5 - 5: T.Raum	9999.9
2021-03-11 08:31:08.0	Ana9 - 9: T.Zuluft WRG warm	18.8
2021-03-11 08:31:18.0	Ana1 - 1: T.Au?en	4.9
2021-03-11 08:31:18.0	Ana2 - 2: T.Zuluft	13.9
2021-03-11 08:31:18.0	Ana3 - 3: T.Abluft	19.6
2021-03-11 08:31:18.0	Ana4 - 4: T.Fortluft	11.6
2021-03-11 08:31:18.0	Ana5 - 5: T.Raum	9999.9
2021-03-11 08:31:18.0	Ana9 - 9: T.Zuluft WRG warm	18.8
2021-03-11 08:31:28.0	Ana1 - 1: T.Au?en	4.9
2021-03-11 08:31:28.0	Ana2 - 2: T.Zuluft	13.9
2021-03-11 08:31:28.0	Ana3 - 3: T.Abluft	19.6
2021-03-11 08:31:28.0	Ana4 - 4: T.Fortluft	11.6
2021-03-11 08:31:28.0	Ana5 - 5: T.Raum	9999.9
2021-03-11 08:31:28.0	Ana9 - 9: T.Zuluft WRG warm	18.8
2021-03-11 08:31:38.0	Ana1 - 1: T.Au?en	4.8
2021-03-11 08:31:38.0	Ana2 - 2: T.Zuluft	13.9
2021-03-11 08:31:38.0	Ana3 - 3: T.Abluft	19.6
2021-03-11 08:31:38.0	Ana4 - 4: T.Fortluft	11.6
2021-03-11 08:31:38.0	Ana5 - 5: T.Raum	9999.9
2021-03-11 08:31:38.0	Ana9 - 9: T.Zuluft WRG warm	18.8
2021-03-11 08:31:48.0	Ana1 - 1: T.Au?en	4.8
2021-03-11 08:31:48.0	Ana2 - 2: T.Zuluft	13.9
2021-03-11 08:31:48.0	Ana3 - 3: T.Abluft	19.6
2021-03-11 08:31:48.0	Ana4 - 4: T.Fortluft	11.6
2021-03-11 08:31:48.0	Ana5 - 5: T.Raum	9999.9
2021-03-11 08:31:48.0	Ana9 - 9: T.Zuluft WRG warm	18.8
2021-03-11 08:31:58.0	Ana1 - 1: T.Au?en	4.8
2021-03-11 08:31:58.0	Ana2 - 2: T.Zuluft	13.9
2021-03-11 08:31:58.0	Ana3 - 3: T.Abluft	19.6
2021-03-11 08:31:58.0	Ana4 - 4: T.Fortluft	11.6
2021-03-11 08:31:58.0	Ana5 - 5: T.Raum	9999.9
2021-03-11 08:31:58.0	Ana9 - 9: T.Zuluft WRG warm	18.8
2021-03-11 08:32:08.0	Ana1 - 1: T.Au?en	4.9
2021-03-11 08:32:08.0	Ana2 - 2: T.Zuluft	13.9
2021-03-11 08:32:08.0	Ana3 - 3: T.Abluft	19.6
2021-03-11 08:32:08.0	Ana4 - 4: T.Fortluft	11.6
2021-03-11 08:32:08.0	Ana5 - 5: T.Raum	9999.9
2021-03-11 08:32:08.0	Ana9 - 9: T.Zuluft WRG warm	18.8
2021-03-11 08:32:18.0	Ana1 - 1: T.Au?en	4.9
2021-03-11 08:32:18.0	Ana2 - 2: T.Zuluft	13.9
2021-03-11 08:32:18.0	Ana3 - 3: T.Abluft	19.6
2021-03-11 08:32:18.0	Ana4 - 4: T.Fortluft	11.6
2021-03-11 08:32:18.0	Ana5 - 5: T.Raum	9999.9
2021-03-11 08:32:18.0	Ana9 - 9: T.Zuluft WRG warm	18.8
2021-03-11 08:32:28.0	Ana1 - 1: T.Au?en	4.9
2021-03-11 08:32:28.0	Ana2 - 2: T.Zuluft	13.9
2021-03-11 08:32:28.0	Ana3 - 3: T.Abluft	19.6
2021-03-11 08:32:28.0	Ana4 - 4: T.Fortluft	11.6
2021-03-11 08:32:28.0	Ana5 - 5: T.Raum	9999.9
2021-03-11 08:32:28.0	Ana9 - 9: T.Zuluft WRG warm	18.8
2021-03-11 08:32:38.0	Ana1 - 1: T.Au?en	4.9
2021-03-11 08:32:38.0	Ana2 - 2: T.Zuluft	13.9
2021-03-11 08:32:38.0	Ana3 - 3: T.Abluft	19.6
2021-03-11 08:32:38.0	Ana4 - 4: T.Fortluft	11.6
2021-03-11 08:32:38.0	Ana5 - 5: T.Raum	9999.9
2021-03-11 08:32:38.0	Ana9 - 9: T.Zuluft WRG warm	18.8
2021-03-11 08:32:48.0	Ana1 - 1: T.Au?en	4.9
2021-03-11 08:32:48.0	Ana2 - 2: T.Zuluft	13.9
2021-03-11 08:32:48.0	Ana3 - 3: T.Abluft	19.6
2021-03-11 08:32:48.0	Ana4 - 4: T.Fortluft	11.6
2021-03-11 08:32:48.0	Ana5 - 5: T.Raum	9999.9
2021-03-11 08:32:48.0	Ana9 - 9: T.Zuluft WRG warm	18.8
2021-03-11 08:32:58.0	Ana1 - 1: T.Au?en	5.0
2021-03-11 08:32:58.0	Ana2 - 2: T.Zuluft	13.9
2021-03-11 08:32:58.0	Ana3 - 3: T.Abluft	19.6
2021-03-11 08:32:58.0	Ana4 - 4: T.Fortluft	11.6
2021-03-11 08:32:58.0	Ana5 - 5: T.Raum	9999.9
2021-03-11 08:32:58.0	Ana9 - 9: T.Zuluft WRG warm	18.8
2021-03-11 08:33:08.0	Ana1 - 1: T.Au?en	5.1
2021-03-11 08:33:08.0	Ana2 - 2: T.Zuluft	13.9
2021-03-11 08:33:08.0	Ana3 - 3: T.Abluft	19.6
2021-03-11 08:33:08.0	Ana4 - 4: T.Fortluft	11.6
2021-03-11 08:33:08.0	Ana5 - 5: T.Raum	9999.9
2021-03-11 08:33:08.0	Ana9 - 9: T.Zuluft WRG warm	18.8
2021-03-11 08:33:18.0	Ana1 - 1: T.Au?en	5.1
2021-03-11 08:33:18.0	Ana2 - 2: T.Zuluft	13.9
2021-03-11 08:33:18.0	Ana3 - 3: T.Abluft	19.6
2021-03-11 08:33:18.0	Ana4 - 4: T.Fortluft	11.6
2021-03-11 08:33:18.0	Ana5 - 5: T.Raum	9999.9
2021-03-11 08:33:18.0	Ana9 - 9: T.Zuluft WRG warm	18.8
2021-03-11 08:33:28.0	Ana1 - 1: T.Au?en	5.1
2021-03-11 08:33:28.0	Ana2 - 2: T.Zuluft	13.9
2021-03-11 08:33:28.0	Ana3 - 3: T.Abluft	19.6
2021-03-11 08:33:28.0	Ana4 - 4: T.Fortluft	11.6
2021-03-11 08:33:28.0	Ana5 - 5: T.Raum	9999.9
2021-03-11 08:33:28.0	Ana9 - 9: T.Zuluft WRG warm	18.8
2021-03-11 08:33:38.0	Ana1 - 1: T.Au?en	5.0
2021-03-11 08:33:38.0	Ana2 - 2: T.Zuluft	13.9
2021-03-11 08:33:38.0	Ana3 - 3: T.Abluft	19.6
2021-03-11 08:33:38.0	Ana4 - 4: T.Fortluft	11.6
2021-03-11 08:33:38.0	Ana5 - 5: T.Raum	9999.9
2021-03-11 08:33:38.0	Ana9 - 9: T.Zuluft WRG warm	18.8
2021-03-11 08:33:48.0	Ana1 - 1: T.Au?en	5.2
2021-03-11 08:33:48.0	Ana2 - 2: T.Zuluft	13.9
2021-03-11 08:33:48.0	Ana3 - 3: T.Abluft	19.6
2021-03-11 08:33:48.0	Ana4 - 4: T.Fortluft	11.6
2021-03-11 08:33:48.0	Ana5 - 5: T.Raum	9999.9
2021-03-11 08:33:48.0	Ana9 - 9: T.Zuluft WRG warm	18.8
2021-03-11 08:33:58.0	Ana1 - 1: T.Au?en	5.2
2021-03-11 08:33:58.0	Ana2 - 2: T.Zuluft	13.9
2021-03-11 08:33:58.0	Ana3 - 3: T.Abluft	19.6
2021-03-11 08:33:58.0	Ana4 - 4: T.Fortluft	11.6
2021-03-11 08:33:58.0	Ana5 - 5: T.Raum	9999.9
2021-03-11 08:33:58.0	Ana9 - 9: T.Zuluft WRG warm	18.8
2021-03-11 08:34:08.0	Ana1 - 1: T.Au?en	5.2
2021-03-11 08:34:08.0	Ana2 - 2: T.Zuluft	13.9
2021-03-11 08:34:08.0	Ana3 - 3: T.Abluft	19.6
2021-03-11 08:34:08.0	Ana4 - 4: T.Fortluft	11.7
2021-03-11 08:34:08.0	Ana5 - 5: T.Raum	9999.9
2021-03-11 08:34:08.0	Ana9 - 9: T.Zuluft WRG warm	18.8
2021-03-11 08:34:18.0	Ana1 - 1: T.Au?en	5.3
2021-03-11 08:34:18.0	Ana2 - 2: T.Zuluft	13.9
2021-03-11 08:34:18.0	Ana3 - 3: T.Abluft	19.6
2021-03-11 08:34:18.0	Ana4 - 4: T.Fortluft	11.6
2021-03-11 08:34:18.0	Ana5 - 5: T.Raum	9999.9
2021-03-11 08:34:18.0	Ana9 - 9: T.Zuluft WRG warm	18.8
2021-03-11 08:34:28.0	Ana1 - 1: T.Au?en	5.2
2021-03-11 08:34:28.0	Ana2 - 2: T.Zuluft	13.9
2021-03-11 08:34:28.0	Ana3 - 3: T.Abluft	19.6
2021-03-11 08:34:28.0	Ana4 - 4: T.Fortluft	11.7
2021-03-11 08:34:28.0	Ana5 - 5: T.Raum	9999.9
2021-03-11 08:34:28.0	Ana9 - 9: T.Zuluft WRG warm	18.8
2021-03-11 08:34:38.0	Ana1 - 1: T.Au?en	5.2
2021-03-11 08:34:38.0	Ana2 - 2: T.Zuluft	13.9
2021-03-11 08:34:38.0	Ana3 - 3: T.Abluft	19.6
2021-03-11 08:34:38.0	Ana4 - 4: T.Fortluft	11.7
2021-03-11 08:34:38.0	Ana5 - 5: T.Raum	9999.9
2021-03-11 08:34:38.0	Ana9 - 9: T.Zuluft WRG warm	18.8
2021-03-11 08:34:48.0	Ana1 - 1: T.Au?en	5.2
2021-03-11 08:34:48.0	Ana2 - 2: T.Zuluft	13.9
2021-03-11 08:34:48.0	Ana3 - 3: T.Abluft	19.6
2021-03-11 08:34:48.0	Ana4 - 4: T.Fortluft	11.7
2021-03-11 08:34:48.0	Ana5 - 5: T.Raum	9999.9
2021-03-11 08:34:48.0	Ana9 - 9: T.Zuluft WRG warm	18.8
2021-03-11 08:34:58.0	Ana1 - 1: T.Au?en	5.2
2021-03-11 08:34:58.0	Ana2 - 2: T.Zuluft	14.0
2021-03-11 08:34:58.0	Ana3 - 3: T.Abluft	19.6
2021-03-11 08:34:58.0	Ana4 - 4: T.Fortluft	11.7
2021-03-11 08:34:58.0	Ana5 - 5: T.Raum	9999.9
2021-03-11 08:34:58.0	Ana9 - 9: T.Zuluft WRG warm	18.8
2021-03-11 08:35:08.0	Ana1 - 1: T.Au?en	5.2
2021-03-11 08:35:08.0	Ana2 - 2: T.Zuluft	14.0
2021-03-11 08:35:08.0	Ana3 - 3: T.Abluft	19.6
2021-03-11 08:35:08.0	Ana4 - 4: T.Fortluft	11.7
2021-03-11 08:35:08.0	Ana5 - 5: T.Raum	9999.9
2021-03-11 08:35:08.0	Ana9 - 9: T.Zuluft WRG warm	18.8
2021-03-11 08:35:18.0	Ana1 - 1: T.Au?en	5.2
2021-03-11 08:35:18.0	Ana2 - 2: T.Zuluft	13.9
2021-03-11 08:35:18.0	Ana3 - 3: T.Abluft	19.6
2021-03-11 08:35:18.0	Ana4 - 4: T.Fortluft	11.7
2021-03-11 08:35:18.0	Ana5 - 5: T.Raum	9999.9
2021-03-11 08:35:18.0	Ana9 - 9: T.Zuluft WRG warm	18.8
2021-03-11 08:35:28.0	Ana1 - 1: T.Au?en	5.2
2021-03-11 08:35:28.0	Ana2 - 2: T.Zuluft	14.0
2021-03-11 08:35:28.0	Ana3 - 3: T.Abluft	19.6
2021-03-11 08:35:28.0	Ana4 - 4: T.Fortluft	11.7
2021-03-11 08:35:28.0	Ana5 - 5: T.Raum	9999.9
2021-03-11 08:35:28.0	Ana9 - 9: T.Zuluft WRG warm	18.8
2021-03-11 08:35:38.0	Ana1 - 1: T.Au?en	5.2
2021-03-11 08:35:38.0	Ana2 - 2: T.Zuluft	14.0
2021-03-11 08:35:38.0	Ana3 - 3: T.Abluft	19.6
2021-03-11 08:35:38.0	Ana4 - 4: T.Fortluft	11.7
2021-03-11 08:35:38.0	Ana5 - 5: T.Raum	9999.9
2021-03-11 08:35:38.0	Ana9 - 9: T.Zuluft WRG warm	18.8
2021-03-11 08:35:48.0	Ana1 - 1: T.Au?en	5.2
2021-03-11 08:35:48.0	Ana2 - 2: T.Zuluft	14.0
2021-03-11 08:35:48.0	Ana3 - 3: T.Abluft	19.6
2021-03-11 08:35:48.0	Ana4 - 4: T.Fortluft	11.7
2021-03-11 08:35:48.0	Ana5 - 5: T.Raum	9999.9
2021-03-11 08:35:48.0	Ana9 - 9: T.Zuluft WRG warm	18.8
2021-03-11 08:35:58.0	Ana1 - 1: T.Au?en	5.3
2021-03-11 08:35:58.0	Ana2 - 2: T.Zuluft	14.0
2021-03-11 08:35:58.0	Ana3 - 3: T.Abluft	19.6
2021-03-11 08:35:58.0	Ana4 - 4: T.Fortluft	11.7
2021-03-11 08:35:58.0	Ana5 - 5: T.Raum	9999.9
2021-03-11 08:35:58.0	Ana9 - 9: T.Zuluft WRG warm	18.8
2021-03-11 08:36:08.0	Ana1 - 1: T.Au?en	5.3
2021-03-11 08:36:08.0	Ana2 - 2: T.Zuluft	14.0
2021-03-11 08:36:08.0	Ana3 - 3: T.Abluft	19.6
2021-03-11 08:36:08.0	Ana4 - 4: T.Fortluft	11.7
2021-03-11 08:36:08.0	Ana5 - 5: T.Raum	9999.9
2021-03-11 08:36:08.0	Ana9 - 9: T.Zuluft WRG warm	18.8
2021-03-11 08:36:18.0	Ana1 - 1: T.Au?en	5.3
2021-03-11 08:36:18.0	Ana2 - 2: T.Zuluft	14.0
2021-03-11 08:36:18.0	Ana3 - 3: T.Abluft	19.6
2021-03-11 08:36:18.0	Ana4 - 4: T.Fortluft	11.7
2021-03-11 08:36:18.0	Ana5 - 5: T.Raum	9999.9
2021-03-11 08:36:18.0	Ana9 - 9: T.Zuluft WRG warm	18.8
2021-03-11 08:36:28.0	Ana1 - 1: T.Au?en	5.4
2021-03-11 08:36:28.0	Ana2 - 2: T.Zuluft	14.0
2021-03-11 08:36:28.0	Ana3 - 3: T.Abluft	19.6
2021-03-11 08:36:28.0	Ana4 - 4: T.Fortluft	11.7
2021-03-11 08:36:28.0	Ana5 - 5: T.Raum	9999.9
2021-03-11 08:36:28.0	Ana9 - 9: T.Zuluft WRG warm	18.8
2021-03-11 08:36:38.0	Ana1 - 1: T.Au?en	5.4
2021-03-11 08:36:38.0	Ana2 - 2: T.Zuluft	14.0
2021-03-11 08:36:38.0	Ana3 - 3: T.Abluft	19.6
2021-03-11 08:36:38.0	Ana4 - 4: T.Fortluft	11.7
2021-03-11 08:36:38.0	Ana5 - 5: T.Raum	9999.9
2021-03-11 08:36:38.0	Ana9 - 9: T.Zuluft WRG warm	18.8
2021-03-11 08:36:48.0	Ana1 - 1: T.Au?en	5.4
2021-03-11 08:36:48.0	Ana2 - 2: T.Zuluft	14.0
2021-03-11 08:36:48.0	Ana3 - 3: T.Abluft	19.6
2021-03-11 08:36:48.0	Ana4 - 4: T.Fortluft	11.7
2021-03-11 08:36:48.0	Ana5 - 5: T.Raum	9999.9
2021-03-11 08:36:48.0	Ana9 - 9: T.Zuluft WRG warm	18.8
2021-03-11 08:36:58.0	Ana1 - 1: T.Au?en	5.3
2021-03-11 08:36:58.0	Ana2 - 2: T.Zuluft	14.0
2021-03-11 08:36:58.0	Ana3 - 3: T.Abluft	19.6
2021-03-11 08:36:58.0	Ana4 - 4: T.Fortluft	11.7
2021-03-11 08:36:58.0	Ana5 - 5: T.Raum	9999.9
2021-03-11 08:36:58.0	Ana9 - 9: T.Zuluft WRG warm	18.8
2021-03-11 08:37:08.0	Ana1 - 1: T.Au?en	5.3
2021-03-11 08:37:08.0	Ana2 - 2: T.Zuluft	14.0
2021-03-11 08:37:08.0	Ana3 - 3: T.Abluft	19.6
2021-03-11 08:37:08.0	Ana4 - 4: T.Fortluft	11.7
2021-03-11 08:37:08.0	Ana5 - 5: T.Raum	9999.9
2021-03-11 08:37:08.0	Ana9 - 9: T.Zuluft WRG warm	18.8
2021-03-11 08:37:18.0	Ana1 - 1: T.Au?en	5.4
2021-03-11 08:37:18.0	Ana2 - 2: T.Zuluft	14.0
2021-03-11 08:37:18.0	Ana3 - 3: T.Abluft	19.6
2021-03-11 08:37:18.0	Ana4 - 4: T.Fortluft	11.7
2021-03-11 08:37:18.0	Ana5 - 5: T.Raum	9999.9
2021-03-11 08:37:18.0	Ana9 - 9: T.Zuluft WRG warm	18.8
2021-03-11 08:37:28.0	Ana1 - 1: T.Au?en	5.4
2021-03-11 08:37:28.0	Ana2 - 2: T.Zuluft	14.0
2021-03-11 08:37:28.0	Ana3 - 3: T.Abluft	19.6
2021-03-11 08:37:28.0	Ana4 - 4: T.Fortluft	11.7
2021-03-11 08:37:28.0	Ana5 - 5: T.Raum	9999.9
2021-03-11 08:37:28.0	Ana9 - 9: T.Zuluft WRG warm	18.8
2021-03-11 08:37:38.0	Ana1 - 1: T.Au?en	5.3
2021-03-11 08:37:38.0	Ana2 - 2: T.Zuluft	14.0
2021-03-11 08:37:38.0	Ana3 - 3: T.Abluft	19.6
2021-03-11 08:37:38.0	Ana4 - 4: T.Fortluft	11.7
2021-03-11 08:37:38.0	Ana5 - 5: T.Raum	9999.9
2021-03-11 08:37:38.0	Ana9 - 9: T.Zuluft WRG warm	18.8
2021-03-11 08:37:48.0	Ana1 - 1: T.Au?en	5.3
2021-03-11 08:37:48.0	Ana2 - 2: T.Zuluft	14.0
2021-03-11 08:37:48.0	Ana3 - 3: T.Abluft	19.6
2021-03-11 08:37:48.0	Ana4 - 4: T.Fortluft	11.7
2021-03-11 08:37:48.0	Ana5 - 5: T.Raum	9999.9
2021-03-11 08:37:48.0	Ana9 - 9: T.Zuluft WRG warm	18.8
2021-03-11 08:37:58.0	Ana1 - 1: T.Au?en	5.2
2021-03-11 08:37:58.0	Ana2 - 2: T.Zuluft	14.0
2021-03-11 08:37:58.0	Ana3 - 3: T.Abluft	19.6
2021-03-11 08:37:58.0	Ana4 - 4: T.Fortluft	11.7
2021-03-11 08:37:58.0	Ana5 - 5: T.Raum	9999.9
2021-03-11 08:37:58.0	Ana9 - 9: T.Zuluft WRG warm	18.8
2021-03-11 08:38:08.0	Ana1 - 1: T.Au?en	5.2
2021-03-11 08:38:08.0	Ana2 - 2: T.Zuluft	14.0
2021-03-11 08:38:08.0	Ana3 - 3: T.Abluft	19.6
2021-03-11 08:38:08.0	Ana4 - 4: T.Fortluft	11.7
2021-03-11 08:38:08.0	Ana5 - 5: T.Raum	9999.9
2021-03-11 08:38:08.0	Ana9 - 9: T.Zuluft WRG warm	18.8
2021-03-11 08:38:18.0	Ana1 - 1: T.Au?en	5.3
2021-03-11 08:38:18.0	Ana2 - 2: T.Zuluft	14.0
2021-03-11 08:38:18.0	Ana3 - 3: T.Abluft	19.6
2021-03-11 08:38:18.0	Ana4 - 4: T.Fortluft	11.7
2021-03-11 08:38:18.0	Ana5 - 5: T.Raum	9999.9
2021-03-11 08:38:18.0	Ana9 - 9: T.Zuluft WRG warm	18.8
2021-03-11 08:38:28.0	Ana1 - 1: T.Au?en	5.3
2021-03-11 08:38:28.0	Ana2 - 2: T.Zuluft	14.1
2021-03-11 08:38:28.0	Ana3 - 3: T.Abluft	19.6
2021-03-11 08:38:28.0	Ana4 - 4: T.Fortluft	11.7
2021-03-11 08:38:28.0	Ana5 - 5: T.Raum	9999.9
2021-03-11 08:38:28.0	Ana9 - 9: T.Zuluft WRG warm	18.8
2021-03-11 08:38:38.0	Ana1 - 1: T.Au?en	5.4
2021-03-11 08:38:38.0	Ana2 - 2: T.Zuluft	14.0
2021-03-11 08:38:38.0	Ana3 - 3: T.Abluft	19.6
2021-03-11 08:38:38.0	Ana4 - 4: T.Fortluft	11.7
2021-03-11 08:38:38.0	Ana5 - 5: T.Raum	9999.9
2021-03-11 08:38:38.0	Ana9 - 9: T.Zuluft WRG warm	18.8
2021-03-11 08:38:48.0	Ana1 - 1: T.Au?en	5.4
2021-03-11 08:38:48.0	Ana2 - 2: T.Zuluft	14.0
2021-03-11 08:38:48.0	Ana3 - 3: T.Abluft	19.6
2021-03-11 08:38:48.0	Ana4 - 4: T.Fortluft	11.8
2021-03-11 08:38:48.0	Ana5 - 5: T.Raum	9999.9
2021-03-11 08:38:48.0	Ana9 - 9: T.Zuluft WRG warm	18.8
2021-03-11 08:38:58.0	Ana1 - 1: T.Au?en	5.4
2021-03-11 08:38:58.0	Ana2 - 2: T.Zuluft	14.1
2021-03-11 08:38:58.0	Ana3 - 3: T.Abluft	19.6
2021-03-11 08:38:58.0	Ana4 - 4: T.Fortluft	11.8
2021-03-11 08:38:58.0	Ana5 - 5: T.Raum	9999.9
2021-03-11 08:38:58.0	Ana9 - 9: T.Zuluft WRG warm	18.8
2021-03-11 08:39:08.0	Ana1 - 1: T.Au?en	5.4
2021-03-11 08:39:08.0	Ana2 - 2: T.Zuluft	14.1
2021-03-11 08:39:08.0	Ana3 - 3: T.Abluft	19.6
2021-03-11 08:39:08.0	Ana4 - 4: T.Fortluft	11.8
2021-03-11 08:39:08.0	Ana5 - 5: T.Raum	9999.9
2021-03-11 08:39:08.0	Ana9 - 9: T.Zuluft WRG warm	18.8
2021-03-11 08:39:18.0	Ana1 - 1: T.Au?en	5.4
2021-03-11 08:39:18.0	Ana2 - 2: T.Zuluft	14.1
2021-03-11 08:39:18.0	Ana3 - 3: T.Abluft	19.6
2021-03-11 08:39:18.0	Ana4 - 4: T.Fortluft	11.8
2021-03-11 08:39:18.0	Ana5 - 5: T.Raum	9999.9
2021-03-11 08:39:18.0	Ana9 - 9: T.Zuluft WRG warm	18.8
2021-03-11 08:39:28.0	Ana1 - 1: T.Au?en	5.4
2021-03-11 08:39:28.0	Ana2 - 2: T.Zuluft	14.1
2021-03-11 08:39:28.0	Ana3 - 3: T.Abluft	19.6
2021-03-11 08:39:28.0	Ana4 - 4: T.Fortluft	11.8
2021-03-11 08:39:28.0	Ana5 - 5: T.Raum	9999.9
2021-03-11 08:39:28.0	Ana9 - 9: T.Zuluft WRG warm	18.8
2021-03-11 08:39:38.0	Ana1 - 1: T.Au?en	5.4
2021-03-11 08:39:38.0	Ana2 - 2: T.Zuluft	14.1
2021-03-11 08:39:38.0	Ana3 - 3: T.Abluft	19.6
2021-03-11 08:39:38.0	Ana4 - 4: T.Fortluft	11.8
2021-03-11 08:39:38.0	Ana5 - 5: T.Raum	9999.9
2021-03-11 08:39:38.0	Ana9 - 9: T.Zuluft WRG warm	18.8
2021-03-11 08:39:48.0	Ana1 - 1: T.Au?en	5.5
2021-03-11 08:39:48.0	Ana2 - 2: T.Zuluft	14.1
2021-03-11 08:39:48.0	Ana3 - 3: T.Abluft	19.6
2021-03-11 08:39:48.0	Ana4 - 4: T.Fortluft	11.8
2021-03-11 08:39:48.0	Ana5 - 5: T.Raum	9999.9
2021-03-11 08:39:48.0	Ana9 - 9: T.Zuluft WRG warm	18.8
2021-03-11 08:39:58.0	Ana1 - 1: T.Au?en	5.4
2021-03-11 08:39:58.0	Ana2 - 2: T.Zuluft	14.1
2021-03-11 08:39:58.0	Ana3 - 3: T.Abluft	19.6
2021-03-11 08:39:58.0	Ana4 - 4: T.Fortluft	11.8
2021-03-11 08:39:58.0	Ana5 - 5: T.Raum	9999.9
2021-03-11 08:39:58.0	Ana9 - 9: T.Zuluft WRG warm	18.8
2021-03-11 08:40:08.0	Ana1 - 1: T.Au?en	5.3
2021-03-11 08:40:08.0	Ana2 - 2: T.Zuluft	14.1
2021-03-11 08:40:08.0	Ana3 - 3: T.Abluft	19.6
2021-03-11 08:40:08.0	Ana4 - 4: T.Fortluft	11.8
2021-03-11 08:40:08.0	Ana5 - 5: T.Raum	9999.9
2021-03-11 08:40:08.0	Ana9 - 9: T.Zuluft WRG warm	18.8
2021-03-11 08:40:18.0	Ana1 - 1: T.Au?en	5.2
2021-03-11 08:40:18.0	Ana2 - 2: T.Zuluft	14.1
2021-03-11 08:40:18.0	Ana3 - 3: T.Abluft	19.6
2021-03-11 08:40:18.0	Ana4 - 4: T.Fortluft	11.8
2021-03-11 08:40:18.0	Ana5 - 5: T.Raum	9999.9
2021-03-11 08:40:18.0	Ana9 - 9: T.Zuluft WRG warm	18.8
2021-03-11 08:40:28.0	Ana1 - 1: T.Au?en	5.2
2021-03-11 08:40:28.0	Ana2 - 2: T.Zuluft	14.1
2021-03-11 08:40:28.0	Ana3 - 3: T.Abluft	19.6
2021-03-11 08:40:28.0	Ana4 - 4: T.Fortluft	11.8
2021-03-11 08:40:28.0	Ana5 - 5: T.Raum	9999.9
2021-03-11 08:40:28.0	Ana9 - 9: T.Zuluft WRG warm	18.8
2021-03-11 08:40:38.0	Ana1 - 1: T.Au?en	5.2
2021-03-11 08:40:38.0	Ana2 - 2: T.Zuluft	14.1
2021-03-11 08:40:38.0	Ana3 - 3: T.Abluft	19.6
2021-03-11 08:40:38.0	Ana4 - 4: T.Fortluft	11.8
2021-03-11 08:40:38.0	Ana5 - 5: T.Raum	9999.9
2021-03-11 08:40:38.0	Ana9 - 9: T.Zuluft WRG warm	18.8
2021-03-11 08:40:48.0	Ana1 - 1: T.Au?en	5.2
2021-03-11 08:40:48.0	Ana2 - 2: T.Zuluft	14.1
2021-03-11 08:40:48.0	Ana3 - 3: T.Abluft	19.6
2021-03-11 08:40:48.0	Ana4 - 4: T.Fortluft	11.8
2021-03-11 08:40:48.0	Ana5 - 5: T.Raum	9999.9
2021-03-11 08:40:48.0	Ana9 - 9: T.Zuluft WRG warm	18.8
2021-03-11 08:40:58.0	Ana1 - 1: T.Au?en	5.3
2021-03-11 08:40:58.0	Ana2 - 2: T.Zuluft	14.1
2021-03-11 08:40:58.0	Ana3 - 3: T.Abluft	19.6
2021-03-11 08:40:58.0	Ana4 - 4: T.Fortluft	11.8
2021-03-11 08:40:58.0	Ana5 - 5: T.Raum	9999.9
2021-03-11 08:40:58.0	Ana9 - 9: T.Zuluft WRG warm	18.8
2021-03-11 08:41:08.0	Ana1 - 1: T.Au?en	5.2
2021-03-11 08:41:08.0	Ana2 - 2: T.Zuluft	14.1
2021-03-11 08:41:08.0	Ana3 - 3: T.Abluft	19.6
2021-03-11 08:41:08.0	Ana4 - 4: T.Fortluft	11.8
2021-03-11 08:41:08.0	Ana5 - 5: T.Raum	9999.9
2021-03-11 08:41:08.0	Ana9 - 9: T.Zuluft WRG warm	18.8
2021-03-11 08:41:18.0	Ana1 - 1: T.Au?en	5.2
2021-03-11 08:41:18.0	Ana2 - 2: T.Zuluft	14.1
2021-03-11 08:41:18.0	Ana3 - 3: T.Abluft	19.6
2021-03-11 08:41:18.0	Ana4 - 4: T.Fortluft	11.8
2021-03-11 08:41:18.0	Ana5 - 5: T.Raum	9999.9
2021-03-11 08:41:18.0	Ana9 - 9: T.Zuluft WRG warm	18.8
2021-03-11 08:41:28.0	Ana1 - 1: T.Au?en	5.2
2021-03-11 08:41:28.0	Ana2 - 2: T.Zuluft	14.1
2021-03-11 08:41:28.0	Ana3 - 3: T.Abluft	19.6
2021-03-11 08:41:28.0	Ana4 - 4: T.Fortluft	11.8
2021-03-11 08:41:28.0	Ana5 - 5: T.Raum	9999.9
2021-03-11 08:41:28.0	Ana9 - 9: T.Zuluft WRG warm	18.8
2021-03-11 08:41:38.0	Ana1 - 1: T.Au?en	5.2
2021-03-11 08:41:38.0	Ana2 - 2: T.Zuluft	14.1
2021-03-11 08:41:38.0	Ana3 - 3: T.Abluft	19.6
2021-03-11 08:41:38.0	Ana4 - 4: T.Fortluft	11.8
2021-03-11 08:41:38.0	Ana5 - 5: T.Raum	9999.9
2021-03-11 08:41:38.0	Ana9 - 9: T.Zuluft WRG warm	18.8
2021-03-11 08:41:48.0	Ana1 - 1: T.Au?en	5.3
2021-03-11 08:41:48.0	Ana2 - 2: T.Zuluft	14.1
2021-03-11 08:41:48.0	Ana3 - 3: T.Abluft	19.6
2021-03-11 08:41:48.0	Ana4 - 4: T.Fortluft	11.8
2021-03-11 08:41:48.0	Ana5 - 5: T.Raum	9999.9
2021-03-11 08:41:48.0	Ana9 - 9: T.Zuluft WRG warm	18.8
2021-03-11 08:41:58.0	Ana1 - 1: T.Au?en	5.4
2021-03-11 08:41:58.0	Ana2 - 2: T.Zuluft	14.1
2021-03-11 08:41:58.0	Ana3 - 3: T.Abluft	19.6
2021-03-11 08:41:58.0	Ana4 - 4: T.Fortluft	11.8
2021-03-11 08:41:58.0	Ana5 - 5: T.Raum	9999.9
2021-03-11 08:41:58.0	Ana9 - 9: T.Zuluft WRG warm	18.8
2021-03-11 08:42:08.0	Ana1 - 1: T.Au?en	5.4
2021-03-11 08:42:08.0	Ana2 - 2: T.Zuluft	14.1
2021-03-11 08:42:08.0	Ana3 - 3: T.Abluft	19.6
2021-03-11 08:42:08.0	Ana4 - 4: T.Fortluft	11.8
2021-03-11 08:42:08.0	Ana5 - 5: T.Raum	9999.9
2021-03-11 08:42:08.0	Ana9 - 9: T.Zuluft WRG warm	18.8
2021-03-11 08:42:18.0	Ana1 - 1: T.Au?en	5.4
2021-03-11 08:42:18.0	Ana2 - 2: T.Zuluft	14.1
2021-03-11 08:42:18.0	Ana3 - 3: T.Abluft	19.6
2021-03-11 08:42:18.0	Ana4 - 4: T.Fortluft	11.8
2021-03-11 08:42:18.0	Ana5 - 5: T.Raum	9999.9
2021-03-11 08:42:18.0	Ana9 - 9: T.Zuluft WRG warm	18.8
2021-03-11 08:42:28.0	Ana1 - 1: T.Au?en	5.4
2021-03-11 08:42:28.0	Ana2 - 2: T.Zuluft	14.1
2021-03-11 08:42:28.0	Ana3 - 3: T.Abluft	19.6
2021-03-11 08:42:28.0	Ana4 - 4: T.Fortluft	11.9
2021-03-11 08:42:28.0	Ana5 - 5: T.Raum	9999.9
2021-03-11 08:42:28.0	Ana9 - 9: T.Zuluft WRG warm	18.8
2021-03-11 08:42:38.0	Ana1 - 1: T.Au?en	5.4
2021-03-11 08:42:38.0	Ana2 - 2: T.Zuluft	14.1
2021-03-11 08:42:38.0	Ana3 - 3: T.Abluft	19.6
2021-03-11 08:42:38.0	Ana4 - 4: T.Fortluft	11.9
2021-03-11 08:42:38.0	Ana5 - 5: T.Raum	9999.9
2021-03-11 08:42:38.0	Ana9 - 9: T.Zuluft WRG warm	18.8
2021-03-11 08:42:48.0	Ana1 - 1: T.Au?en	5.5
2021-03-11 08:42:48.0	Ana2 - 2: T.Zuluft	14.1
2021-03-11 08:42:48.0	Ana3 - 3: T.Abluft	19.6
2021-03-11 08:42:48.0	Ana4 - 4: T.Fortluft	11.9
2021-03-11 08:42:48.0	Ana5 - 5: T.Raum	9999.9
2021-03-11 08:42:48.0	Ana9 - 9: T.Zuluft WRG warm	18.8
2021-03-11 08:42:58.0	Ana1 - 1: T.Au?en	5.5
2021-03-11 08:42:58.0	Ana2 - 2: T.Zuluft	14.2
2021-03-11 08:42:58.0	Ana3 - 3: T.Abluft	19.6
2021-03-11 08:42:58.0	Ana4 - 4: T.Fortluft	11.9
2021-03-11 08:42:58.0	Ana5 - 5: T.Raum	9999.9
2021-03-11 08:42:58.0	Ana9 - 9: T.Zuluft WRG warm	18.8
2021-03-11 08:43:08.0	Ana1 - 1: T.Au?en	5.6
2021-03-11 08:43:08.0	Ana2 - 2: T.Zuluft	14.2
2021-03-11 08:43:08.0	Ana3 - 3: T.Abluft	19.6
2021-03-11 08:43:08.0	Ana4 - 4: T.Fortluft	11.9
2021-03-11 08:43:08.0	Ana5 - 5: T.Raum	9999.9
2021-03-11 08:43:08.0	Ana9 - 9: T.Zuluft WRG warm	18.8
2021-03-11 08:43:18.0	Ana1 - 1: T.Au?en	5.6
2021-03-11 08:43:18.0	Ana2 - 2: T.Zuluft	14.2
2021-03-11 08:43:18.0	Ana3 - 3: T.Abluft	19.6
2021-03-11 08:43:18.0	Ana4 - 4: T.Fortluft	11.9
2021-03-11 08:43:18.0	Ana5 - 5: T.Raum	9999.9
2021-03-11 08:43:18.0	Ana9 - 9: T.Zuluft WRG warm	18.8
2021-03-11 08:43:28.0	Ana1 - 1: T.Au?en	5.6
2021-03-11 08:43:28.0	Ana2 - 2: T.Zuluft	14.2
2021-03-11 08:43:28.0	Ana3 - 3: T.Abluft	19.6
2021-03-11 08:43:28.0	Ana4 - 4: T.Fortluft	11.9
2021-03-11 08:43:28.0	Ana5 - 5: T.Raum	9999.9
2021-03-11 08:43:28.0	Ana9 - 9: T.Zuluft WRG warm	18.8
2021-03-11 08:43:38.0	Ana1 - 1: T.Au?en	5.5
2021-03-11 08:43:38.0	Ana2 - 2: T.Zuluft	14.2
2021-03-11 08:43:38.0	Ana3 - 3: T.Abluft	19.6
2021-03-11 08:43:38.0	Ana4 - 4: T.Fortluft	11.9
2021-03-11 08:43:38.0	Ana5 - 5: T.Raum	9999.9
2021-03-11 08:43:38.0	Ana9 - 9: T.Zuluft WRG warm	18.8
2021-03-11 08:43:48.0	Ana1 - 1: T.Au?en	5.5
2021-03-11 08:43:48.0	Ana2 - 2: T.Zuluft	14.2
2021-03-11 08:43:48.0	Ana3 - 3: T.Abluft	19.6
2021-03-11 08:43:48.0	Ana4 - 4: T.Fortluft	11.9
2021-03-11 08:43:48.0	Ana5 - 5: T.Raum	9999.9
2021-03-11 08:43:48.0	Ana9 - 9: T.Zuluft WRG warm	18.8
2021-03-11 08:43:58.0	Ana1 - 1: T.Au?en	5.6
2021-03-11 08:43:58.0	Ana2 - 2: T.Zuluft	14.2
2021-03-11 08:43:58.0	Ana3 - 3: T.Abluft	19.6
2021-03-11 08:43:58.0	Ana4 - 4: T.Fortluft	11.9
2021-03-11 08:43:58.0	Ana5 - 5: T.Raum	9999.9
2021-03-11 08:43:58.0	Ana9 - 9: T.Zuluft WRG warm	18.8
2021-03-11 08:44:08.0	Ana1 - 1: T.Au?en	5.6
2021-03-11 08:44:08.0	Ana2 - 2: T.Zuluft	14.2
2021-03-11 08:44:08.0	Ana3 - 3: T.Abluft	19.6
2021-03-11 08:44:08.0	Ana4 - 4: T.Fortluft	11.9
2021-03-11 08:44:08.0	Ana5 - 5: T.Raum	9999.9
2021-03-11 08:44:08.0	Ana9 - 9: T.Zuluft WRG warm	18.8
2021-03-11 08:44:18.0	Ana1 - 1: T.Au?en	5.6
2021-03-11 08:44:18.0	Ana2 - 2: T.Zuluft	14.2
2021-03-11 08:44:18.0	Ana3 - 3: T.Abluft	19.6
2021-03-11 08:44:18.0	Ana4 - 4: T.Fortluft	11.9
2021-03-11 08:44:18.0	Ana5 - 5: T.Raum	9999.9
2021-03-11 08:44:18.0	Ana9 - 9: T.Zuluft WRG warm	18.8
2021-03-11 08:44:28.0	Ana1 - 1: T.Au?en	5.7
2021-03-11 08:44:28.0	Ana2 - 2: T.Zuluft	14.2
2021-03-11 08:44:28.0	Ana3 - 3: T.Abluft	19.6
2021-03-11 08:44:28.0	Ana4 - 4: T.Fortluft	11.9
2021-03-11 08:44:28.0	Ana5 - 5: T.Raum	9999.9
2021-03-11 08:44:28.0	Ana9 - 9: T.Zuluft WRG warm	18.8
2021-03-11 08:44:38.0	Ana1 - 1: T.Au?en	5.7
2021-03-11 08:44:38.0	Ana2 - 2: T.Zuluft	14.2
2021-03-11 08:44:38.0	Ana3 - 3: T.Abluft	19.6
2021-03-11 08:44:38.0	Ana4 - 4: T.Fortluft	11.9
2021-03-11 08:44:38.0	Ana5 - 5: T.Raum	9999.9
2021-03-11 08:44:38.0	Ana9 - 9: T.Zuluft WRG warm	18.8
2021-03-11 08:44:48.0	Ana1 - 1: T.Au?en	5.6
2021-03-11 08:44:48.0	Ana2 - 2: T.Zuluft	14.2
2021-03-11 08:44:48.0	Ana3 - 3: T.Abluft	19.6
2021-03-11 08:44:48.0	Ana4 - 4: T.Fortluft	11.9
2021-03-11 08:44:48.0	Ana5 - 5: T.Raum	9999.9
2021-03-11 08:44:48.0	Ana9 - 9: T.Zuluft WRG warm	18.8
2021-03-11 08:44:58.0	Ana1 - 1: T.Au?en	5.6
2021-03-11 08:44:58.0	Ana2 - 2: T.Zuluft	14.2
2021-03-11 08:44:58.0	Ana3 - 3: T.Abluft	19.6
2021-03-11 08:44:58.0	Ana4 - 4: T.Fortluft	11.9
2021-03-11 08:44:58.0	Ana5 - 5: T.Raum	9999.9
2021-03-11 08:44:58.0	Ana9 - 9: T.Zuluft WRG warm	18.8
2021-03-11 08:45:08.0	Ana1 - 1: T.Au?en	5.6
2021-03-11 08:45:08.0	Ana2 - 2: T.Zuluft	14.2
2021-03-11 08:45:08.0	Ana3 - 3: T.Abluft	19.6
2021-03-11 08:45:08.0	Ana4 - 4: T.Fortluft	11.9
2021-03-11 08:45:08.0	Ana5 - 5: T.Raum	9999.9
2021-03-11 08:45:08.0	Ana9 - 9: T.Zuluft WRG warm	18.8
2021-03-11 08:45:18.0	Ana1 - 1: T.Au?en	5.6
2021-03-11 08:45:18.0	Ana2 - 2: T.Zuluft	14.2
2021-03-11 08:45:18.0	Ana3 - 3: T.Abluft	19.6
2021-03-11 08:45:18.0	Ana4 - 4: T.Fortluft	11.9
2021-03-11 08:45:18.0	Ana5 - 5: T.Raum	9999.9
2021-03-11 08:45:18.0	Ana9 - 9: T.Zuluft WRG warm	18.8
2021-03-11 08:45:28.0	Ana1 - 1: T.Au?en	5.6
2021-03-11 08:45:28.0	Ana2 - 2: T.Zuluft	14.2
2021-03-11 08:45:28.0	Ana3 - 3: T.Abluft	19.6
2021-03-11 08:45:28.0	Ana4 - 4: T.Fortluft	11.9
2021-03-11 08:45:28.0	Ana5 - 5: T.Raum	9999.9
2021-03-11 08:45:28.0	Ana9 - 9: T.Zuluft WRG warm	18.8
2021-03-11 08:45:38.0	Ana1 - 1: T.Au?en	5.6
2021-03-11 08:45:38.0	Ana2 - 2: T.Zuluft	14.2
2021-03-11 08:45:38.0	Ana3 - 3: T.Abluft	19.6
2021-03-11 08:45:38.0	Ana4 - 4: T.Fortluft	11.9
2021-03-11 08:45:38.0	Ana5 - 5: T.Raum	9999.9
2021-03-11 08:45:38.0	Ana9 - 9: T.Zuluft WRG warm	18.8
2021-03-11 08:45:48.0	Ana1 - 1: T.Au?en	5.6
2021-03-11 08:45:48.0	Ana2 - 2: T.Zuluft	14.2
2021-03-11 08:45:48.0	Ana3 - 3: T.Abluft	19.6
2021-03-11 08:45:48.0	Ana4 - 4: T.Fortluft	11.9
2021-03-11 08:45:48.0	Ana5 - 5: T.Raum	9999.9
2021-03-11 08:45:48.0	Ana9 - 9: T.Zuluft WRG warm	18.8
2021-03-11 08:45:58.0	Ana1 - 1: T.Au?en	5.6
2021-03-11 08:45:58.0	Ana2 - 2: T.Zuluft	14.2
2021-03-11 08:45:58.0	Ana3 - 3: T.Abluft	19.6
2021-03-11 08:45:58.0	Ana4 - 4: T.Fortluft	11.9
2021-03-11 08:45:58.0	Ana5 - 5: T.Raum	9999.9
2021-03-11 08:45:58.0	Ana9 - 9: T.Zuluft WRG warm	18.8
2021-03-11 08:46:08.0	Ana1 - 1: T.Au?en	5.5
2021-03-11 08:46:08.0	Ana2 - 2: T.Zuluft	14.2
2021-03-11 08:46:08.0	Ana3 - 3: T.Abluft	19.6
2021-03-11 08:46:08.0	Ana4 - 4: T.Fortluft	11.9
2021-03-11 08:46:08.0	Ana5 - 5: T.Raum	9999.9
2021-03-11 08:46:08.0	Ana9 - 9: T.Zuluft WRG warm	18.8
2021-03-11 08:46:18.0	Ana1 - 1: T.Au?en	5.4
2021-03-11 08:46:18.0	Ana2 - 2: T.Zuluft	14.2
2021-03-11 08:46:18.0	Ana3 - 3: T.Abluft	19.6
2021-03-11 08:46:18.0	Ana4 - 4: T.Fortluft	11.9
2021-03-11 08:46:18.0	Ana5 - 5: T.Raum	9999.9
2021-03-11 08:46:18.0	Ana9 - 9: T.Zuluft WRG warm	18.8
2021-03-11 08:46:28.0	Ana1 - 1: T.Au?en	5.5
2021-03-11 08:46:28.0	Ana2 - 2: T.Zuluft	14.2
2021-03-11 08:46:28.0	Ana3 - 3: T.Abluft	19.6
2021-03-11 08:46:28.0	Ana4 - 4: T.Fortluft	11.9
2021-03-11 08:46:28.0	Ana5 - 5: T.Raum	9999.9
2021-03-11 08:46:28.0	Ana9 - 9: T.Zuluft WRG warm	18.8
2021-03-11 08:46:38.0	Ana1 - 1: T.Au?en	5.5
2021-03-11 08:46:38.0	Ana2 - 2: T.Zuluft	14.2
2021-03-11 08:46:38.0	Ana3 - 3: T.Abluft	19.6
2021-03-11 08:46:38.0	Ana4 - 4: T.Fortluft	11.9
2021-03-11 08:46:38.0	Ana5 - 5: T.Raum	9999.9
2021-03-11 08:46:38.0	Ana9 - 9: T.Zuluft WRG warm	18.8
2021-03-11 08:46:48.0	Ana1 - 1: T.Au?en	5.5
2021-03-11 08:46:48.0	Ana2 - 2: T.Zuluft	14.2
2021-03-11 08:46:48.0	Ana3 - 3: T.Abluft	19.6
2021-03-11 08:46:48.0	Ana4 - 4: T.Fortluft	12.0
2021-03-11 08:46:48.0	Ana5 - 5: T.Raum	9999.9
2021-03-11 08:46:48.0	Ana9 - 9: T.Zuluft WRG warm	18.8
2021-03-11 08:46:58.0	Ana1 - 1: T.Au?en	5.6
2021-03-11 08:46:58.0	Ana2 - 2: T.Zuluft	14.3
2021-03-11 08:46:58.0	Ana3 - 3: T.Abluft	19.6
2021-03-11 08:46:58.0	Ana4 - 4: T.Fortluft	12.0
2021-03-11 08:46:58.0	Ana5 - 5: T.Raum	9999.9
2021-03-11 08:46:58.0	Ana9 - 9: T.Zuluft WRG warm	18.8
2021-03-11 08:47:08.0	Ana1 - 1: T.Au?en	5.6
2021-03-11 08:47:08.0	Ana2 - 2: T.Zuluft	14.3
2021-03-11 08:47:08.0	Ana3 - 3: T.Abluft	19.6
2021-03-11 08:47:08.0	Ana4 - 4: T.Fortluft	11.9
2021-03-11 08:47:08.0	Ana5 - 5: T.Raum	9999.9
2021-03-11 08:47:08.0	Ana9 - 9: T.Zuluft WRG warm	18.8
2021-03-11 08:47:18.0	Ana1 - 1: T.Au?en	5.6
2021-03-11 08:47:18.0	Ana2 - 2: T.Zuluft	14.3
2021-03-11 08:47:18.0	Ana3 - 3: T.Abluft	19.6
2021-03-11 08:47:18.0	Ana4 - 4: T.Fortluft	12.0
2021-03-11 08:47:18.0	Ana5 - 5: T.Raum	9999.9
2021-03-11 08:47:18.0	Ana9 - 9: T.Zuluft WRG warm	18.8
2021-03-11 08:47:28.0	Ana1 - 1: T.Au?en	5.6
2021-03-11 08:47:28.0	Ana2 - 2: T.Zuluft	14.3
2021-03-11 08:47:28.0	Ana3 - 3: T.Abluft	19.6
2021-03-11 08:47:28.0	Ana4 - 4: T.Fortluft	12.0
2021-03-11 08:47:28.0	Ana5 - 5: T.Raum	9999.9
2021-03-11 08:47:28.0	Ana9 - 9: T.Zuluft WRG warm	18.8
2021-03-11 08:47:38.0	Ana1 - 1: T.Au?en	5.6
2021-03-11 08:47:38.0	Ana2 - 2: T.Zuluft	14.3
2021-03-11 08:47:38.0	Ana3 - 3: T.Abluft	19.6
2021-03-11 08:47:38.0	Ana4 - 4: T.Fortluft	12.0
2021-03-11 08:47:38.0	Ana5 - 5: T.Raum	9999.9
2021-03-11 08:47:38.0	Ana9 - 9: T.Zuluft WRG warm	18.8
2021-03-11 08:47:48.0	Ana1 - 1: T.Au?en	5.6
2021-03-11 08:47:48.0	Ana2 - 2: T.Zuluft	14.3
2021-03-11 08:47:48.0	Ana3 - 3: T.Abluft	19.6
2021-03-11 08:47:48.0	Ana4 - 4: T.Fortluft	12.0
2021-03-11 08:47:48.0	Ana5 - 5: T.Raum	9999.9
2021-03-11 08:47:48.0	Ana9 - 9: T.Zuluft WRG warm	18.8
2021-03-11 08:47:58.0	Ana1 - 1: T.Au?en	5.7
2021-03-11 08:47:58.0	Ana2 - 2: T.Zuluft	14.3
2021-03-11 08:47:58.0	Ana3 - 3: T.Abluft	19.6
2021-03-11 08:47:58.0	Ana4 - 4: T.Fortluft	12.0
2021-03-11 08:47:58.0	Ana5 - 5: T.Raum	9999.9
2021-03-11 08:47:58.0	Ana9 - 9: T.Zuluft WRG warm	18.8
2021-03-11 08:48:08.0	Ana1 - 1: T.Au?en	5.7
2021-03-11 08:48:08.0	Ana2 - 2: T.Zuluft	14.3
2021-03-11 08:48:08.0	Ana3 - 3: T.Abluft	19.6
2021-03-11 08:48:08.0	Ana4 - 4: T.Fortluft	12.0
2021-03-11 08:48:08.0	Ana5 - 5: T.Raum	9999.9
2021-03-11 08:48:08.0	Ana9 - 9: T.Zuluft WRG warm	18.9
2021-03-11 08:48:18.0	Ana1 - 1: T.Au?en	5.6
2021-03-11 08:48:18.0	Ana2 - 2: T.Zuluft	14.3
2021-03-11 08:48:18.0	Ana3 - 3: T.Abluft	19.6
2021-03-11 08:48:18.0	Ana4 - 4: T.Fortluft	12.0
2021-03-11 08:48:18.0	Ana5 - 5: T.Raum	9999.9
2021-03-11 08:48:18.0	Ana9 - 9: T.Zuluft WRG warm	18.9
2021-03-11 08:48:28.0	Ana1 - 1: T.Au?en	5.6
2021-03-11 08:48:28.0	Ana2 - 2: T.Zuluft	14.3
2021-03-11 08:48:28.0	Ana3 - 3: T.Abluft	19.6
2021-03-11 08:48:28.0	Ana4 - 4: T.Fortluft	12.0
2021-03-11 08:48:28.0	Ana5 - 5: T.Raum	9999.9
2021-03-11 08:48:28.0	Ana9 - 9: T.Zuluft WRG warm	18.9
2021-03-11 08:48:38.0	Ana1 - 1: T.Au?en	5.6
2021-03-11 08:48:38.0	Ana2 - 2: T.Zuluft	14.3
2021-03-11 08:48:38.0	Ana3 - 3: T.Abluft	19.6
2021-03-11 08:48:38.0	Ana4 - 4: T.Fortluft	12.0
2021-03-11 08:48:38.0	Ana5 - 5: T.Raum	9999.9
2021-03-11 08:48:38.0	Ana9 - 9: T.Zuluft WRG warm	18.9
2021-03-11 08:48:48.0	Ana1 - 1: T.Au?en	5.8
2021-03-11 08:48:48.0	Ana2 - 2: T.Zuluft	14.3
2021-03-11 08:48:48.0	Ana3 - 3: T.Abluft	19.6
2021-03-11 08:48:48.0	Ana4 - 4: T.Fortluft	12.0
2021-03-11 08:48:48.0	Ana5 - 5: T.Raum	9999.9
2021-03-11 08:48:48.0	Ana9 - 9: T.Zuluft WRG warm	18.9
2021-03-11 08:48:58.0	Ana1 - 1: T.Au?en	5.8
2021-03-11 08:48:58.0	Ana2 - 2: T.Zuluft	14.3
2021-03-11 08:48:58.0	Ana3 - 3: T.Abluft	19.6
2021-03-11 08:48:58.0	Ana4 - 4: T.Fortluft	12.0
2021-03-11 08:48:58.0	Ana5 - 5: T.Raum	9999.9
2021-03-11 08:48:58.0	Ana9 - 9: T.Zuluft WRG warm	18.9
2021-03-11 08:49:08.0	Ana1 - 1: T.Au?en	5.8
2021-03-11 08:49:08.0	Ana2 - 2: T.Zuluft	14.3
2021-03-11 08:49:08.0	Ana3 - 3: T.Abluft	19.6
2021-03-11 08:49:08.0	Ana4 - 4: T.Fortluft	12.0
2021-03-11 08:49:08.0	Ana5 - 5: T.Raum	9999.9
2021-03-11 08:49:08.0	Ana9 - 9: T.Zuluft WRG warm	18.9
2021-03-11 08:49:18.0	Ana1 - 1: T.Au?en	5.8
2021-03-11 08:49:18.0	Ana2 - 2: T.Zuluft	14.3
2021-03-11 08:49:18.0	Ana3 - 3: T.Abluft	19.6
2021-03-11 08:49:18.0	Ana4 - 4: T.Fortluft	12.0
2021-03-11 08:49:18.0	Ana5 - 5: T.Raum	9999.9
2021-03-11 08:49:18.0	Ana9 - 9: T.Zuluft WRG warm	18.9
2021-03-11 08:49:28.0	Ana1 - 1: T.Au?en	5.8
2021-03-11 08:49:28.0	Ana2 - 2: T.Zuluft	14.3
2021-03-11 08:49:28.0	Ana3 - 3: T.Abluft	19.6
2021-03-11 08:49:28.0	Ana4 - 4: T.Fortluft	12.0
2021-03-11 08:49:28.0	Ana5 - 5: T.Raum	9999.9
2021-03-11 08:49:28.0	Ana9 - 9: T.Zuluft WRG warm	18.9
2021-03-11 08:49:38.0	Ana1 - 1: T.Au?en	5.9
2021-03-11 08:49:38.0	Ana2 - 2: T.Zuluft	14.3
2021-03-11 08:49:38.0	Ana3 - 3: T.Abluft	19.6
2021-03-11 08:49:38.0	Ana4 - 4: T.Fortluft	12.0
2021-03-11 08:49:38.0	Ana5 - 5: T.Raum	9999.9
2021-03-11 08:49:38.0	Ana9 - 9: T.Zuluft WRG warm	18.9
2021-03-11 08:49:48.0	Ana1 - 1: T.Au?en	5.9
2021-03-11 08:49:48.0	Ana2 - 2: T.Zuluft	14.3
2021-03-11 08:49:48.0	Ana3 - 3: T.Abluft	19.6
2021-03-11 08:49:48.0	Ana4 - 4: T.Fortluft	12.0
2021-03-11 08:49:48.0	Ana5 - 5: T.Raum	9999.9
2021-03-11 08:49:48.0	Ana9 - 9: T.Zuluft WRG warm	18.9
2021-03-11 08:49:58.0	Ana1 - 1: T.Au?en	5.9
2021-03-11 08:49:58.0	Ana2 - 2: T.Zuluft	14.3
2021-03-11 08:49:58.0	Ana3 - 3: T.Abluft	19.6
2021-03-11 08:49:58.0	Ana4 - 4: T.Fortluft	12.0
2021-03-11 08:49:58.0	Ana5 - 5: T.Raum	9999.9
2021-03-11 08:49:58.0	Ana9 - 9: T.Zuluft WRG warm	18.9
2021-03-11 08:50:08.0	Ana1 - 1: T.Au?en	5.9
2021-03-11 08:50:08.0	Ana2 - 2: T.Zuluft	14.3
2021-03-11 08:50:08.0	Ana3 - 3: T.Abluft	19.6
2021-03-11 08:50:08.0	Ana4 - 4: T.Fortluft	12.0
2021-03-11 08:50:08.0	Ana5 - 5: T.Raum	9999.9
2021-03-11 08:50:08.0	Ana9 - 9: T.Zuluft WRG warm	18.9
2021-03-11 08:50:18.0	Ana1 - 1: T.Au?en	5.9
2021-03-11 08:50:18.0	Ana2 - 2: T.Zuluft	14.3
2021-03-11 08:50:18.0	Ana3 - 3: T.Abluft	19.6
2021-03-11 08:50:18.0	Ana4 - 4: T.Fortluft	12.0
2021-03-11 08:50:18.0	Ana5 - 5: T.Raum	9999.9
2021-03-11 08:50:18.0	Ana9 - 9: T.Zuluft WRG warm	18.9
2021-03-11 08:50:28.0	Ana1 - 1: T.Au?en	5.9
2021-03-11 08:50:28.0	Ana2 - 2: T.Zuluft	14.3
2021-03-11 08:50:28.0	Ana3 - 3: T.Abluft	19.6
2021-03-11 08:50:28.0	Ana4 - 4: T.Fortluft	12.0
2021-03-11 08:50:28.0	Ana5 - 5: T.Raum	9999.9
2021-03-11 08:50:28.0	Ana9 - 9: T.Zuluft WRG warm	18.9
2021-03-11 08:50:38.0	Ana1 - 1: T.Au?en	6.0
2021-03-11 08:50:38.0	Ana2 - 2: T.Zuluft	14.3
2021-03-11 08:50:38.0	Ana3 - 3: T.Abluft	19.6
2021-03-11 08:50:38.0	Ana4 - 4: T.Fortluft	12.0
2021-03-11 08:50:38.0	Ana5 - 5: T.Raum	9999.9
2021-03-11 08:50:38.0	Ana9 - 9: T.Zuluft WRG warm	18.9
2021-03-11 08:50:48.0	Ana1 - 1: T.Au?en	6.0
2021-03-11 08:50:48.0	Ana2 - 2: T.Zuluft	14.3
2021-03-11 08:50:48.0	Ana3 - 3: T.Abluft	19.6
2021-03-11 08:50:48.0	Ana4 - 4: T.Fortluft	12.0
2021-03-11 08:50:48.0	Ana5 - 5: T.Raum	9999.9
2021-03-11 08:50:48.0	Ana9 - 9: T.Zuluft WRG warm	18.9
2021-03-11 08:50:58.0	Ana1 - 1: T.Au?en	6.0
2021-03-11 08:50:58.0	Ana2 - 2: T.Zuluft	14.3
2021-03-11 08:50:58.0	Ana3 - 3: T.Abluft	19.6
2021-03-11 08:50:58.0	Ana4 - 4: T.Fortluft	12.0
2021-03-11 08:50:58.0	Ana5 - 5: T.Raum	9999.9
2021-03-11 08:50:58.0	Ana9 - 9: T.Zuluft WRG warm	18.9
2021-03-11 08:51:08.0	Ana1 - 1: T.Au?en	5.9
2021-03-11 08:51:08.0	Ana2 - 2: T.Zuluft	14.4
2021-03-11 08:51:08.0	Ana3 - 3: T.Abluft	19.6
2021-03-11 08:51:08.0	Ana4 - 4: T.Fortluft	12.0
2021-03-11 08:51:08.0	Ana5 - 5: T.Raum	9999.9
2021-03-11 08:51:08.0	Ana9 - 9: T.Zuluft WRG warm	18.9
2021-03-11 08:51:18.0	Ana1 - 1: T.Au?en	5.9
2021-03-11 08:51:18.0	Ana2 - 2: T.Zuluft	14.4
2021-03-11 08:51:18.0	Ana3 - 3: T.Abluft	19.6
2021-03-11 08:51:18.0	Ana4 - 4: T.Fortluft	12.0
2021-03-11 08:51:18.0	Ana5 - 5: T.Raum	9999.9
2021-03-11 08:51:18.0	Ana9 - 9: T.Zuluft WRG warm	18.9
2021-03-11 08:51:28.0	Ana1 - 1: T.Au?en	5.9
2021-03-11 08:51:28.0	Ana2 - 2: T.Zuluft	14.4
2021-03-11 08:51:28.0	Ana3 - 3: T.Abluft	19.6
2021-03-11 08:51:28.0	Ana4 - 4: T.Fortluft	12.1
2021-03-11 08:51:28.0	Ana5 - 5: T.Raum	9999.9
2021-03-11 08:51:28.0	Ana9 - 9: T.Zuluft WRG warm	18.9
2021-03-11 08:51:38.0	Ana1 - 1: T.Au?en	5.9
2021-03-11 08:51:38.0	Ana2 - 2: T.Zuluft	14.4
2021-03-11 08:51:38.0	Ana3 - 3: T.Abluft	19.6
2021-03-11 08:51:38.0	Ana4 - 4: T.Fortluft	12.1
2021-03-11 08:51:38.0	Ana5 - 5: T.Raum	9999.9
2021-03-11 08:51:38.0	Ana9 - 9: T.Zuluft WRG warm	18.9
2021-03-11 08:51:48.0	Ana1 - 1: T.Au?en	6.0
2021-03-11 08:51:48.0	Ana2 - 2: T.Zuluft	14.4
2021-03-11 08:51:48.0	Ana3 - 3: T.Abluft	19.6
2021-03-11 08:51:48.0	Ana4 - 4: T.Fortluft	12.1
2021-03-11 08:51:48.0	Ana5 - 5: T.Raum	9999.9
2021-03-11 08:51:48.0	Ana9 - 9: T.Zuluft WRG warm	18.9
2021-03-11 08:51:58.0	Ana1 - 1: T.Au?en	6.0
2021-03-11 08:51:58.0	Ana2 - 2: T.Zuluft	14.4
2021-03-11 08:51:58.0	Ana3 - 3: T.Abluft	19.6
2021-03-11 08:51:58.0	Ana4 - 4: T.Fortluft	12.1
2021-03-11 08:51:58.0	Ana5 - 5: T.Raum	9999.9
2021-03-11 08:51:58.0	Ana9 - 9: T.Zuluft WRG warm	18.9
2021-03-11 08:52:08.0	Ana1 - 1: T.Au?en	6.0
2021-03-11 08:52:08.0	Ana2 - 2: T.Zuluft	14.4
2021-03-11 08:52:08.0	Ana3 - 3: T.Abluft	19.6
2021-03-11 08:52:08.0	Ana4 - 4: T.Fortluft	12.1
2021-03-11 08:52:08.0	Ana5 - 5: T.Raum	9999.9
2021-03-11 08:52:08.0	Ana9 - 9: T.Zuluft WRG warm	18.9
2021-03-11 08:52:18.0	Ana1 - 1: T.Au?en	6.0
2021-03-11 08:52:18.0	Ana2 - 2: T.Zuluft	14.4
2021-03-11 08:52:18.0	Ana3 - 3: T.Abluft	19.6
2021-03-11 08:52:18.0	Ana4 - 4: T.Fortluft	12.1
2021-03-11 08:52:18.0	Ana5 - 5: T.Raum	9999.9
2021-03-11 08:52:18.0	Ana9 - 9: T.Zuluft WRG warm	18.9
2021-03-11 08:52:28.0	Ana1 - 1: T.Au?en	6.0
2021-03-11 08:52:28.0	Ana2 - 2: T.Zuluft	14.4
2021-03-11 08:52:28.0	Ana3 - 3: T.Abluft	19.6
2021-03-11 08:52:28.0	Ana4 - 4: T.Fortluft	12.1
2021-03-11 08:52:28.0	Ana5 - 5: T.Raum	9999.9
2021-03-11 08:52:28.0	Ana9 - 9: T.Zuluft WRG warm	18.9
2021-03-11 08:52:38.0	Ana1 - 1: T.Au?en	6.0
2021-03-11 08:52:38.0	Ana2 - 2: T.Zuluft	14.4
2021-03-11 08:52:38.0	Ana3 - 3: T.Abluft	19.6
2021-03-11 08:52:38.0	Ana4 - 4: T.Fortluft	12.1
2021-03-11 08:52:38.0	Ana5 - 5: T.Raum	9999.9
2021-03-11 08:52:38.0	Ana9 - 9: T.Zuluft WRG warm	18.9
2021-03-11 08:52:48.0	Ana1 - 1: T.Au?en	6.0
2021-03-11 08:52:48.0	Ana2 - 2: T.Zuluft	14.4
2021-03-11 08:52:48.0	Ana3 - 3: T.Abluft	19.6
2021-03-11 08:52:48.0	Ana4 - 4: T.Fortluft	12.1
2021-03-11 08:52:48.0	Ana5 - 5: T.Raum	9999.9
2021-03-11 08:52:48.0	Ana9 - 9: T.Zuluft WRG warm	18.9
2021-03-11 08:52:58.0	Ana1 - 1: T.Au?en	6.0
2021-03-11 08:52:58.0	Ana2 - 2: T.Zuluft	14.4
2021-03-11 08:52:58.0	Ana3 - 3: T.Abluft	19.6
2021-03-11 08:52:58.0	Ana4 - 4: T.Fortluft	12.1
2021-03-11 08:52:58.0	Ana5 - 5: T.Raum	9999.9
2021-03-11 08:52:58.0	Ana9 - 9: T.Zuluft WRG warm	18.9
2021-03-11 08:53:08.0	Ana1 - 1: T.Au?en	5.9
2021-03-11 08:53:08.0	Ana2 - 2: T.Zuluft	14.4
2021-03-11 08:53:08.0	Ana3 - 3: T.Abluft	19.6
2021-03-11 08:53:08.0	Ana4 - 4: T.Fortluft	12.1
2021-03-11 08:53:08.0	Ana5 - 5: T.Raum	9999.9
2021-03-11 08:53:08.0	Ana9 - 9: T.Zuluft WRG warm	18.9
2021-03-11 08:53:18.0	Ana1 - 1: T.Au?en	5.9
2021-03-11 08:53:18.0	Ana2 - 2: T.Zuluft	14.4
2021-03-11 08:53:18.0	Ana3 - 3: T.Abluft	19.6
2021-03-11 08:53:18.0	Ana4 - 4: T.Fortluft	12.1
2021-03-11 08:53:18.0	Ana5 - 5: T.Raum	9999.9
2021-03-11 08:53:18.0	Ana9 - 9: T.Zuluft WRG warm	18.9
2021-03-11 08:53:28.0	Ana1 - 1: T.Au?en	5.9
2021-03-11 08:53:28.0	Ana2 - 2: T.Zuluft	14.4
2021-03-11 08:53:28.0	Ana3 - 3: T.Abluft	19.6
2021-03-11 08:53:28.0	Ana4 - 4: T.Fortluft	12.1
2021-03-11 08:53:28.0	Ana5 - 5: T.Raum	9999.9
2021-03-11 08:53:28.0	Ana9 - 9: T.Zuluft WRG warm	18.9
2021-03-11 08:53:38.0	Ana1 - 1: T.Au?en	6.0
2021-03-11 08:53:38.0	Ana2 - 2: T.Zuluft	14.4
2021-03-11 08:53:38.0	Ana3 - 3: T.Abluft	19.6
2021-03-11 08:53:38.0	Ana4 - 4: T.Fortluft	12.1
2021-03-11 08:53:38.0	Ana5 - 5: T.Raum	9999.9
2021-03-11 08:53:38.0	Ana9 - 9: T.Zuluft WRG warm	18.9
2021-03-11 08:53:48.0	Ana1 - 1: T.Au?en	6.0
2021-03-11 08:53:48.0	Ana2 - 2: T.Zuluft	14.4
2021-03-11 08:53:48.0	Ana3 - 3: T.Abluft	19.6
2021-03-11 08:53:48.0	Ana4 - 4: T.Fortluft	12.1
2021-03-11 08:53:48.0	Ana5 - 5: T.Raum	9999.9
2021-03-11 08:53:48.0	Ana9 - 9: T.Zuluft WRG warm	18.9
2021-03-11 08:53:58.0	Ana1 - 1: T.Au?en	6.0
2021-03-11 08:53:58.0	Ana2 - 2: T.Zuluft	14.4
2021-03-11 08:53:58.0	Ana3 - 3: T.Abluft	19.6
2021-03-11 08:53:58.0	Ana4 - 4: T.Fortluft	12.1
2021-03-11 08:53:58.0	Ana5 - 5: T.Raum	9999.9
2021-03-11 08:53:58.0	Ana9 - 9: T.Zuluft WRG warm	18.9
2021-03-11 08:54:08.0	Ana1 - 1: T.Au?en	6.0
2021-03-11 08:54:08.0	Ana2 - 2: T.Zuluft	14.4
2021-03-11 08:54:08.0	Ana3 - 3: T.Abluft	19.6
2021-03-11 08:54:08.0	Ana4 - 4: T.Fortluft	12.1
2021-03-11 08:54:08.0	Ana5 - 5: T.Raum	9999.9
2021-03-11 08:54:08.0	Ana9 - 9: T.Zuluft WRG warm	18.9
2021-03-11 08:54:18.0	Ana1 - 1: T.Au?en	6.0
2021-03-11 08:54:18.0	Ana2 - 2: T.Zuluft	14.4
2021-03-11 08:54:18.0	Ana3 - 3: T.Abluft	19.6
2021-03-11 08:54:18.0	Ana4 - 4: T.Fortluft	12.1
2021-03-11 08:54:18.0	Ana5 - 5: T.Raum	9999.9
2021-03-11 08:54:18.0	Ana9 - 9: T.Zuluft WRG warm	18.9
2021-03-11 08:54:28.0	Ana1 - 1: T.Au?en	6.0
2021-03-11 08:54:28.0	Ana2 - 2: T.Zuluft	14.4
2021-03-11 08:54:28.0	Ana3 - 3: T.Abluft	19.6
2021-03-11 08:54:28.0	Ana4 - 4: T.Fortluft	12.1
2021-03-11 08:54:28.0	Ana5 - 5: T.Raum	9999.9
2021-03-11 08:54:28.0	Ana9 - 9: T.Zuluft WRG warm	18.9
2021-03-11 08:54:38.0	Ana1 - 1: T.Au?en	5.9
2021-03-11 08:54:38.0	Ana2 - 2: T.Zuluft	14.4
2021-03-11 08:54:38.0	Ana3 - 3: T.Abluft	19.6
2021-03-11 08:54:38.0	Ana4 - 4: T.Fortluft	12.1
2021-03-11 08:54:38.0	Ana5 - 5: T.Raum	9999.9
2021-03-11 08:54:38.0	Ana9 - 9: T.Zuluft WRG warm	18.9
2021-03-11 08:54:48.0	Ana1 - 1: T.Au?en	5.9
2021-03-11 08:54:48.0	Ana2 - 2: T.Zuluft	14.4
2021-03-11 08:54:48.0	Ana3 - 3: T.Abluft	19.6
2021-03-11 08:54:48.0	Ana4 - 4: T.Fortluft	12.1
2021-03-11 08:54:48.0	Ana5 - 5: T.Raum	9999.9
2021-03-11 08:54:48.0	Ana9 - 9: T.Zuluft WRG warm	18.9
2021-03-11 08:54:58.0	Ana1 - 1: T.Au?en	5.9
2021-03-11 08:54:58.0	Ana2 - 2: T.Zuluft	14.4
2021-03-11 08:54:58.0	Ana3 - 3: T.Abluft	19.6
2021-03-11 08:54:58.0	Ana4 - 4: T.Fortluft	12.1
2021-03-11 08:54:58.0	Ana5 - 5: T.Raum	9999.9
2021-03-11 08:54:58.0	Ana9 - 9: T.Zuluft WRG warm	18.9
2021-03-11 08:55:08.0	Ana1 - 1: T.Au?en	5.9
2021-03-11 08:55:08.0	Ana2 - 2: T.Zuluft	14.5
2021-03-11 08:55:08.0	Ana3 - 3: T.Abluft	19.6
2021-03-11 08:55:08.0	Ana4 - 4: T.Fortluft	12.1
2021-03-11 08:55:08.0	Ana5 - 5: T.Raum	9999.9
2021-03-11 08:55:08.0	Ana9 - 9: T.Zuluft WRG warm	18.9
2021-03-11 08:55:18.0	Ana1 - 1: T.Au?en	6.0
2021-03-11 08:55:18.0	Ana2 - 2: T.Zuluft	14.5
2021-03-11 08:55:18.0	Ana3 - 3: T.Abluft	19.6
2021-03-11 08:55:18.0	Ana4 - 4: T.Fortluft	12.1
2021-03-11 08:55:18.0	Ana5 - 5: T.Raum	9999.9
2021-03-11 08:55:18.0	Ana9 - 9: T.Zuluft WRG warm	18.9
2021-03-11 08:55:28.0	Ana1 - 1: T.Au?en	6.0
2021-03-11 08:55:28.0	Ana2 - 2: T.Zuluft	14.5
2021-03-11 08:55:28.0	Ana3 - 3: T.Abluft	19.6
2021-03-11 08:55:28.0	Ana4 - 4: T.Fortluft	12.2
2021-03-11 08:55:28.0	Ana5 - 5: T.Raum	9999.9
2021-03-11 08:55:28.0	Ana9 - 9: T.Zuluft WRG warm	18.9
2021-03-11 08:55:38.0	Ana1 - 1: T.Au?en	6.0
2021-03-11 08:55:38.0	Ana2 - 2: T.Zuluft	14.4
2021-03-11 08:55:38.0	Ana3 - 3: T.Abluft	19.6
2021-03-11 08:55:38.0	Ana4 - 4: T.Fortluft	12.2
2021-03-11 08:55:38.0	Ana5 - 5: T.Raum	9999.9
2021-03-11 08:55:38.0	Ana9 - 9: T.Zuluft WRG warm	18.9
2021-03-11 08:55:48.0	Ana1 - 1: T.Au?en	5.9
2021-03-11 08:55:48.0	Ana2 - 2: T.Zuluft	14.5
2021-03-11 08:55:48.0	Ana3 - 3: T.Abluft	19.6
2021-03-11 08:55:48.0	Ana4 - 4: T.Fortluft	12.1
2021-03-11 08:55:48.0	Ana5 - 5: T.Raum	9999.9
2021-03-11 08:55:48.0	Ana9 - 9: T.Zuluft WRG warm	18.9
2021-03-11 08:55:58.0	Ana1 - 1: T.Au?en	6.0
2021-03-11 08:55:58.0	Ana2 - 2: T.Zuluft	14.5
2021-03-11 08:55:58.0	Ana3 - 3: T.Abluft	19.6
2021-03-11 08:55:58.0	Ana4 - 4: T.Fortluft	12.2
2021-03-11 08:55:58.0	Ana5 - 5: T.Raum	9999.9
2021-03-11 08:55:58.0	Ana9 - 9: T.Zuluft WRG warm	18.9
2021-03-11 08:56:08.0	Ana1 - 1: T.Au?en	6.0
2021-03-11 08:56:08.0	Ana2 - 2: T.Zuluft	14.5
2021-03-11 08:56:08.0	Ana3 - 3: T.Abluft	19.6
2021-03-11 08:56:08.0	Ana4 - 4: T.Fortluft	12.2
2021-03-11 08:56:08.0	Ana5 - 5: T.Raum	9999.9
2021-03-11 08:56:08.0	Ana9 - 9: T.Zuluft WRG warm	18.9
2021-03-11 08:56:18.0	Ana1 - 1: T.Au?en	6.1
2021-03-11 08:56:18.0	Ana2 - 2: T.Zuluft	14.5
2021-03-11 08:56:18.0	Ana3 - 3: T.Abluft	19.6
2021-03-11 08:56:18.0	Ana4 - 4: T.Fortluft	12.2
2021-03-11 08:56:18.0	Ana5 - 5: T.Raum	9999.9
2021-03-11 08:56:18.0	Ana9 - 9: T.Zuluft WRG warm	18.9
2021-03-11 08:56:28.0	Ana1 - 1: T.Au?en	6.1
2021-03-11 08:56:28.0	Ana2 - 2: T.Zuluft	14.5
2021-03-11 08:56:28.0	Ana3 - 3: T.Abluft	19.6
2021-03-11 08:56:28.0	Ana4 - 4: T.Fortluft	12.2
2021-03-11 08:56:28.0	Ana5 - 5: T.Raum	9999.9
2021-03-11 08:56:28.0	Ana9 - 9: T.Zuluft WRG warm	18.9
2021-03-11 08:56:38.0	Ana1 - 1: T.Au?en	6.0
2021-03-11 08:56:38.0	Ana2 - 2: T.Zuluft	14.5
2021-03-11 08:56:38.0	Ana3 - 3: T.Abluft	19.6
2021-03-11 08:56:38.0	Ana4 - 4: T.Fortluft	12.2
2021-03-11 08:56:38.0	Ana5 - 5: T.Raum	9999.9
2021-03-11 08:56:38.0	Ana9 - 9: T.Zuluft WRG warm	18.9
2021-03-11 08:56:48.0	Ana1 - 1: T.Au?en	5.9
2021-03-11 08:56:48.0	Ana2 - 2: T.Zuluft	14.5
2021-03-11 08:56:48.0	Ana3 - 3: T.Abluft	19.6
2021-03-11 08:56:48.0	Ana4 - 4: T.Fortluft	12.2
2021-03-11 08:56:48.0	Ana5 - 5: T.Raum	9999.9
2021-03-11 08:56:48.0	Ana9 - 9: T.Zuluft WRG warm	18.9
2021-03-11 08:56:58.0	Ana1 - 1: T.Au?en	5.9
2021-03-11 08:56:58.0	Ana2 - 2: T.Zuluft	14.5
2021-03-11 08:56:58.0	Ana3 - 3: T.Abluft	19.6
2021-03-11 08:56:58.0	Ana4 - 4: T.Fortluft	12.2
2021-03-11 08:56:58.0	Ana5 - 5: T.Raum	9999.9
2021-03-11 08:56:58.0	Ana9 - 9: T.Zuluft WRG warm	18.9
2021-03-11 08:57:08.0	Ana1 - 1: T.Au?en	5.8
2021-03-11 08:57:08.0	Ana2 - 2: T.Zuluft	14.5
2021-03-11 08:57:08.0	Ana3 - 3: T.Abluft	19.6
2021-03-11 08:57:08.0	Ana4 - 4: T.Fortluft	12.2
2021-03-11 08:57:08.0	Ana5 - 5: T.Raum	9999.9
2021-03-11 08:57:08.0	Ana9 - 9: T.Zuluft WRG warm	18.9
2021-03-11 08:57:18.0	Ana1 - 1: T.Au?en	5.8
2021-03-11 08:57:18.0	Ana2 - 2: T.Zuluft	14.5
2021-03-11 08:57:18.0	Ana3 - 3: T.Abluft	19.6
2021-03-11 08:57:18.0	Ana4 - 4: T.Fortluft	12.2
2021-03-11 08:57:18.0	Ana5 - 5: T.Raum	9999.9
2021-03-11 08:57:18.0	Ana9 - 9: T.Zuluft WRG warm	18.9
2021-03-11 08:57:28.0	Ana1 - 1: T.Au?en	6.0
2021-03-11 08:57:28.0	Ana2 - 2: T.Zuluft	14.5
2021-03-11 08:57:28.0	Ana3 - 3: T.Abluft	19.6
2021-03-11 08:57:28.0	Ana4 - 4: T.Fortluft	12.2
2021-03-11 08:57:28.0	Ana5 - 5: T.Raum	9999.9
2021-03-11 08:57:28.0	Ana9 - 9: T.Zuluft WRG warm	18.9
2021-03-11 08:57:38.0	Ana1 - 1: T.Au?en	6.0
2021-03-11 08:57:38.0	Ana2 - 2: T.Zuluft	14.5
2021-03-11 08:57:38.0	Ana3 - 3: T.Abluft	19.6
2021-03-11 08:57:38.0	Ana4 - 4: T.Fortluft	12.2
2021-03-11 08:57:38.0	Ana5 - 5: T.Raum	9999.9
2021-03-11 08:57:38.0	Ana9 - 9: T.Zuluft WRG warm	18.9
2021-03-11 08:57:48.0	Ana1 - 1: T.Au?en	6.2
2021-03-11 08:57:48.0	Ana2 - 2: T.Zuluft	14.5
2021-03-11 08:57:48.0	Ana3 - 3: T.Abluft	19.6
2021-03-11 08:57:48.0	Ana4 - 4: T.Fortluft	12.2
2021-03-11 08:57:48.0	Ana5 - 5: T.Raum	9999.9
2021-03-11 08:57:48.0	Ana9 - 9: T.Zuluft WRG warm	18.9
2021-03-11 08:57:58.0	Ana1 - 1: T.Au?en	6.4
2021-03-11 08:57:58.0	Ana2 - 2: T.Zuluft	14.5
2021-03-11 08:57:58.0	Ana3 - 3: T.Abluft	19.6
2021-03-11 08:57:58.0	Ana4 - 4: T.Fortluft	12.2
2021-03-11 08:57:58.0	Ana5 - 5: T.Raum	9999.9
2021-03-11 08:57:58.0	Ana9 - 9: T.Zuluft WRG warm	18.9
2021-03-11 08:58:08.0	Ana1 - 1: T.Au?en	6.4
2021-03-11 08:58:08.0	Ana2 - 2: T.Zuluft	14.5
2021-03-11 08:58:08.0	Ana3 - 3: T.Abluft	19.6
2021-03-11 08:58:08.0	Ana4 - 4: T.Fortluft	12.2
2021-03-11 08:58:08.0	Ana5 - 5: T.Raum	9999.9
2021-03-11 08:58:08.0	Ana9 - 9: T.Zuluft WRG warm	18.9
2021-03-11 08:58:18.0	Ana1 - 1: T.Au?en	6.4
2021-03-11 08:58:18.0	Ana2 - 2: T.Zuluft	14.5
2021-03-11 08:58:18.0	Ana3 - 3: T.Abluft	19.6
2021-03-11 08:58:18.0	Ana4 - 4: T.Fortluft	12.2
2021-03-11 08:58:18.0	Ana5 - 5: T.Raum	9999.9
2021-03-11 08:58:18.0	Ana9 - 9: T.Zuluft WRG warm	18.9
2021-03-11 08:58:28.0	Ana1 - 1: T.Au?en	6.3
2021-03-11 08:58:28.0	Ana2 - 2: T.Zuluft	14.5
2021-03-11 08:58:28.0	Ana3 - 3: T.Abluft	19.6
2021-03-11 08:58:28.0	Ana4 - 4: T.Fortluft	12.2
2021-03-11 08:58:28.0	Ana5 - 5: T.Raum	9999.9
2021-03-11 08:58:28.0	Ana9 - 9: T.Zuluft WRG warm	18.9
2021-03-11 08:58:38.0	Ana1 - 1: T.Au?en	6.3
2021-03-11 08:58:38.0	Ana2 - 2: T.Zuluft	14.5
2021-03-11 08:58:38.0	Ana3 - 3: T.Abluft	19.6
2021-03-11 08:58:38.0	Ana4 - 4: T.Fortluft	12.2
2021-03-11 08:58:38.0	Ana5 - 5: T.Raum	9999.9
2021-03-11 08:58:38.0	Ana9 - 9: T.Zuluft WRG warm	18.9
2021-03-11 08:58:48.0	Ana1 - 1: T.Au?en	6.4
2021-03-11 08:58:48.0	Ana2 - 2: T.Zuluft	14.5
2021-03-11 08:58:48.0	Ana3 - 3: T.Abluft	19.6
2021-03-11 08:58:48.0	Ana4 - 4: T.Fortluft	12.2
2021-03-11 08:58:48.0	Ana5 - 5: T.Raum	9999.9
2021-03-11 08:58:48.0	Ana9 - 9: T.Zuluft WRG warm	18.9
2021-03-11 08:58:58.0	Ana1 - 1: T.Au?en	6.3
2021-03-11 08:58:58.0	Ana2 - 2: T.Zuluft	14.5
2021-03-11 08:58:58.0	Ana3 - 3: T.Abluft	19.6
2021-03-11 08:58:58.0	Ana4 - 4: T.Fortluft	12.2
2021-03-11 08:58:58.0	Ana5 - 5: T.Raum	9999.9
2021-03-11 08:58:58.0	Ana9 - 9: T.Zuluft WRG warm	18.9
2021-03-11 08:59:08.0	Ana1 - 1: T.Au?en	6.5
2021-03-11 08:59:08.0	Ana2 - 2: T.Zuluft	14.5
2021-03-11 08:59:08.0	Ana3 - 3: T.Abluft	19.6
2021-03-11 08:59:08.0	Ana4 - 4: T.Fortluft	12.2
2021-03-11 08:59:08.0	Ana5 - 5: T.Raum	9999.9
2021-03-11 08:59:08.0	Ana9 - 9: T.Zuluft WRG warm	18.9
2021-03-11 08:59:18.0	Ana1 - 1: T.Au?en	6.5
2021-03-11 08:59:18.0	Ana2 - 2: T.Zuluft	14.5
2021-03-11 08:59:18.0	Ana3 - 3: T.Abluft	19.6
2021-03-11 08:59:18.0	Ana4 - 4: T.Fortluft	12.2
2021-03-11 08:59:18.0	Ana5 - 5: T.Raum	9999.9
2021-03-11 08:59:18.0	Ana9 - 9: T.Zuluft WRG warm	18.9
2021-03-11 08:59:28.0	Ana1 - 1: T.Au?en	6.5
2021-03-11 08:59:28.0	Ana2 - 2: T.Zuluft	14.5
2021-03-11 08:59:28.0	Ana3 - 3: T.Abluft	19.6
2021-03-11 08:59:28.0	Ana4 - 4: T.Fortluft	12.2
2021-03-11 08:59:28.0	Ana5 - 5: T.Raum	9999.9
2021-03-11 08:59:28.0	Ana9 - 9: T.Zuluft WRG warm	18.9
2021-03-11 08:59:38.0	Ana1 - 1: T.Au?en	6.4
2021-03-11 08:59:38.0	Ana2 - 2: T.Zuluft	14.5
2021-03-11 08:59:38.0	Ana3 - 3: T.Abluft	19.6
2021-03-11 08:59:38.0	Ana4 - 4: T.Fortluft	12.2
2021-03-11 08:59:38.0	Ana5 - 5: T.Raum	9999.9
2021-03-11 08:59:38.0	Ana9 - 9: T.Zuluft WRG warm	18.9
2021-03-11 08:59:48.0	Ana1 - 1: T.Au?en	6.4
2021-03-11 08:59:48.0	Ana2 - 2: T.Zuluft	14.5
2021-03-11 08:59:48.0	Ana3 - 3: T.Abluft	19.6
2021-03-11 08:59:48.0	Ana4 - 4: T.Fortluft	12.2
2021-03-11 08:59:48.0	Ana5 - 5: T.Raum	9999.9
2021-03-11 08:59:48.0	Ana9 - 9: T.Zuluft WRG warm	18.9
2021-03-11 08:59:58.0	Ana1 - 1: T.Au?en	6.5
2021-03-11 08:59:58.0	Ana2 - 2: T.Zuluft	14.6
2021-03-11 08:59:58.0	Ana3 - 3: T.Abluft	19.6
2021-03-11 08:59:58.0	Ana4 - 4: T.Fortluft	12.2
2021-03-11 08:59:58.0	Ana5 - 5: T.Raum	9999.9
2021-03-11 08:59:58.0	Ana9 - 9: T.Zuluft WRG warm	18.9
2021-03-11 09:00:08.0	Ana1 - 1: T.Au?en	6.6
2021-03-11 09:00:08.0	Ana2 - 2: T.Zuluft	14.6
2021-03-11 09:00:08.0	Ana3 - 3: T.Abluft	19.6
2021-03-11 09:00:08.0	Ana4 - 4: T.Fortluft	12.3
2021-03-11 09:00:08.0	Ana5 - 5: T.Raum	9999.9
2021-03-11 09:00:08.0	Ana9 - 9: T.Zuluft WRG warm	18.9
2021-03-11 09:00:18.0	Ana1 - 1: T.Au?en	6.8
2021-03-11 09:00:18.0	Ana2 - 2: T.Zuluft	14.6
2021-03-11 09:00:18.0	Ana3 - 3: T.Abluft	19.6
2021-03-11 09:00:18.0	Ana4 - 4: T.Fortluft	12.3
2021-03-11 09:00:18.0	Ana5 - 5: T.Raum	9999.9
2021-03-11 09:00:18.0	Ana9 - 9: T.Zuluft WRG warm	18.9
2021-03-11 09:00:28.0	Ana1 - 1: T.Au?en	7.0
2021-03-11 09:00:28.0	Ana2 - 2: T.Zuluft	14.6
2021-03-11 09:00:28.0	Ana3 - 3: T.Abluft	19.6
2021-03-11 09:00:28.0	Ana4 - 4: T.Fortluft	12.3
2021-03-11 09:00:28.0	Ana5 - 5: T.Raum	9999.9
2021-03-11 09:00:28.0	Ana9 - 9: T.Zuluft WRG warm	18.9
2021-03-11 09:00:38.0	Ana1 - 1: T.Au?en	7.0
2021-03-11 09:00:38.0	Ana2 - 2: T.Zuluft	14.6
2021-03-11 09:00:38.0	Ana3 - 3: T.Abluft	19.6
2021-03-11 09:00:38.0	Ana4 - 4: T.Fortluft	12.3
2021-03-11 09:00:38.0	Ana5 - 5: T.Raum	9999.9
2021-03-11 09:00:38.0	Ana9 - 9: T.Zuluft WRG warm	18.9
2021-03-11 09:00:48.0	Ana1 - 1: T.Au?en	6.8
2021-03-11 09:00:48.0	Ana2 - 2: T.Zuluft	14.6
2021-03-11 09:00:48.0	Ana3 - 3: T.Abluft	19.6
2021-03-11 09:00:48.0	Ana4 - 4: T.Fortluft	12.3
2021-03-11 09:00:48.0	Ana5 - 5: T.Raum	9999.9
2021-03-11 09:00:48.0	Ana9 - 9: T.Zuluft WRG warm	18.9
2021-03-11 09:00:58.0	Ana1 - 1: T.Au?en	6.8
2021-03-11 09:00:58.0	Ana2 - 2: T.Zuluft	14.6
2021-03-11 09:00:58.0	Ana3 - 3: T.Abluft	19.6
2021-03-11 09:00:58.0	Ana4 - 4: T.Fortluft	12.3
2021-03-11 09:00:58.0	Ana5 - 5: T.Raum	9999.9
2021-03-11 09:00:58.0	Ana9 - 9: T.Zuluft WRG warm	18.9
2021-03-11 09:01:08.0	Ana1 - 1: T.Au?en	6.8
2021-03-11 09:01:08.0	Ana2 - 2: T.Zuluft	14.6
2021-03-11 09:01:08.0	Ana3 - 3: T.Abluft	19.6
2021-03-11 09:01:08.0	Ana4 - 4: T.Fortluft	12.3
2021-03-11 09:01:08.0	Ana5 - 5: T.Raum	9999.9
2021-03-11 09:01:08.0	Ana9 - 9: T.Zuluft WRG warm	18.9
2021-03-11 09:01:18.0	Ana1 - 1: T.Au?en	6.6
2021-03-11 09:01:18.0	Ana2 - 2: T.Zuluft	14.6
2021-03-11 09:01:18.0	Ana3 - 3: T.Abluft	19.6
2021-03-11 09:01:18.0	Ana4 - 4: T.Fortluft	12.3
2021-03-11 09:01:18.0	Ana5 - 5: T.Raum	9999.9
2021-03-11 09:01:18.0	Ana9 - 9: T.Zuluft WRG warm	18.9
2021-03-11 09:01:28.0	Ana1 - 1: T.Au?en	6.6
2021-03-11 09:01:28.0	Ana2 - 2: T.Zuluft	14.6
2021-03-11 09:01:28.0	Ana3 - 3: T.Abluft	19.6
2021-03-11 09:01:28.0	Ana4 - 4: T.Fortluft	12.3
2021-03-11 09:01:28.0	Ana5 - 5: T.Raum	9999.9
2021-03-11 09:01:28.0	Ana9 - 9: T.Zuluft WRG warm	18.9
2021-03-11 09:01:38.0	Ana1 - 1: T.Au?en	6.6
2021-03-11 09:01:38.0	Ana2 - 2: T.Zuluft	14.6
2021-03-11 09:01:38.0	Ana3 - 3: T.Abluft	19.6
2021-03-11 09:01:38.0	Ana4 - 4: T.Fortluft	12.3
2021-03-11 09:01:38.0	Ana5 - 5: T.Raum	9999.9
2021-03-11 09:01:38.0	Ana9 - 9: T.Zuluft WRG warm	18.9
2021-03-11 09:01:48.0	Ana1 - 1: T.Au?en	6.8
2021-03-11 09:01:48.0	Ana2 - 2: T.Zuluft	14.6
2021-03-11 09:01:48.0	Ana3 - 3: T.Abluft	19.6
2021-03-11 09:01:48.0	Ana4 - 4: T.Fortluft	12.3
2021-03-11 09:01:48.0	Ana5 - 5: T.Raum	9999.9
2021-03-11 09:01:48.0	Ana9 - 9: T.Zuluft WRG warm	18.9
2021-03-11 09:01:58.0	Ana1 - 1: T.Au?en	6.9
2021-03-11 09:01:58.0	Ana2 - 2: T.Zuluft	14.6
2021-03-11 09:01:58.0	Ana3 - 3: T.Abluft	19.6
2021-03-11 09:01:58.0	Ana4 - 4: T.Fortluft	12.3
2021-03-11 09:01:58.0	Ana5 - 5: T.Raum	9999.9
2021-03-11 09:01:58.0	Ana9 - 9: T.Zuluft WRG warm	18.9
2021-03-11 09:02:08.0	Ana1 - 1: T.Au?en	7.0
2021-03-11 09:02:08.0	Ana2 - 2: T.Zuluft	14.6
2021-03-11 09:02:08.0	Ana3 - 3: T.Abluft	19.6
2021-03-11 09:02:08.0	Ana4 - 4: T.Fortluft	12.3
2021-03-11 09:02:08.0	Ana5 - 5: T.Raum	9999.9
2021-03-11 09:02:08.0	Ana9 - 9: T.Zuluft WRG warm	18.9
2021-03-11 09:02:18.0	Ana1 - 1: T.Au?en	7.0
2021-03-11 09:02:18.0	Ana2 - 2: T.Zuluft	14.6
2021-03-11 09:02:18.0	Ana3 - 3: T.Abluft	19.6
2021-03-11 09:02:18.0	Ana4 - 4: T.Fortluft	12.3
2021-03-11 09:02:18.0	Ana5 - 5: T.Raum	9999.9
2021-03-11 09:02:18.0	Ana9 - 9: T.Zuluft WRG warm	18.9
2021-03-11 09:02:28.0	Ana1 - 1: T.Au?en	6.9
2021-03-11 09:02:28.0	Ana2 - 2: T.Zuluft	14.6
2021-03-11 09:02:28.0	Ana3 - 3: T.Abluft	19.6
2021-03-11 09:02:28.0	Ana4 - 4: T.Fortluft	12.3
2021-03-11 09:02:28.0	Ana5 - 5: T.Raum	9999.9
2021-03-11 09:02:28.0	Ana9 - 9: T.Zuluft WRG warm	18.9
2021-03-11 09:02:38.0	Ana1 - 1: T.Au?en	6.8
2021-03-11 09:02:38.0	Ana2 - 2: T.Zuluft	14.6
2021-03-11 09:02:38.0	Ana3 - 3: T.Abluft	19.6
2021-03-11 09:02:38.0	Ana4 - 4: T.Fortluft	12.3
2021-03-11 09:02:38.0	Ana5 - 5: T.Raum	9999.9
2021-03-11 09:02:38.0	Ana9 - 9: T.Zuluft WRG warm	18.9
2021-03-11 09:02:48.0	Ana1 - 1: T.Au?en	6.7
2021-03-11 09:02:48.0	Ana2 - 2: T.Zuluft	14.6
2021-03-11 09:02:48.0	Ana3 - 3: T.Abluft	19.6
2021-03-11 09:02:48.0	Ana4 - 4: T.Fortluft	12.3
2021-03-11 09:02:48.0	Ana5 - 5: T.Raum	9999.9
2021-03-11 09:02:48.0	Ana9 - 9: T.Zuluft WRG warm	18.9
2021-03-11 09:02:58.0	Ana1 - 1: T.Au?en	6.7
2021-03-11 09:02:58.0	Ana2 - 2: T.Zuluft	14.7
2021-03-11 09:02:58.0	Ana3 - 3: T.Abluft	19.6
2021-03-11 09:02:58.0	Ana4 - 4: T.Fortluft	12.3
2021-03-11 09:02:58.0	Ana5 - 5: T.Raum	9999.9
2021-03-11 09:02:58.0	Ana9 - 9: T.Zuluft WRG warm	18.9
2021-03-11 09:03:08.0	Ana1 - 1: T.Au?en	6.6
2021-03-11 09:03:08.0	Ana2 - 2: T.Zuluft	14.7
2021-03-11 09:03:08.0	Ana3 - 3: T.Abluft	19.6
2021-03-11 09:03:08.0	Ana4 - 4: T.Fortluft	12.3
2021-03-11 09:03:08.0	Ana5 - 5: T.Raum	9999.9
2021-03-11 09:03:08.0	Ana9 - 9: T.Zuluft WRG warm	18.9
2021-03-11 09:03:18.0	Ana1 - 1: T.Au?en	6.7
2021-03-11 09:03:18.0	Ana2 - 2: T.Zuluft	14.6
2021-03-11 09:03:18.0	Ana3 - 3: T.Abluft	19.6
2021-03-11 09:03:18.0	Ana4 - 4: T.Fortluft	12.3
2021-03-11 09:03:18.0	Ana5 - 5: T.Raum	9999.9
2021-03-11 09:03:18.0	Ana9 - 9: T.Zuluft WRG warm	18.9
2021-03-11 09:03:28.0	Ana1 - 1: T.Au?en	6.6
2021-03-11 09:03:28.0	Ana2 - 2: T.Zuluft	14.6
2021-03-11 09:03:28.0	Ana3 - 3: T.Abluft	19.6
2021-03-11 09:03:28.0	Ana4 - 4: T.Fortluft	12.3
2021-03-11 09:03:28.0	Ana5 - 5: T.Raum	9999.9
2021-03-11 09:03:28.0	Ana9 - 9: T.Zuluft WRG warm	18.9
2021-03-11 09:03:38.0	Ana1 - 1: T.Au?en	6.7
2021-03-11 09:03:38.0	Ana2 - 2: T.Zuluft	14.7
2021-03-11 09:03:38.0	Ana3 - 3: T.Abluft	19.6
2021-03-11 09:03:38.0	Ana4 - 4: T.Fortluft	12.3
2021-03-11 09:03:38.0	Ana5 - 5: T.Raum	9999.9
2021-03-11 09:03:38.0	Ana9 - 9: T.Zuluft WRG warm	18.9
2021-03-11 09:03:48.0	Ana1 - 1: T.Au?en	6.7
2021-03-11 09:03:48.0	Ana2 - 2: T.Zuluft	14.7
2021-03-11 09:03:48.0	Ana3 - 3: T.Abluft	19.6
2021-03-11 09:03:48.0	Ana4 - 4: T.Fortluft	12.3
2021-03-11 09:03:48.0	Ana5 - 5: T.Raum	9999.9
2021-03-11 09:03:48.0	Ana9 - 9: T.Zuluft WRG warm	18.9
2021-03-11 09:03:58.0	Ana1 - 1: T.Au?en	6.9
2021-03-11 09:03:58.0	Ana2 - 2: T.Zuluft	14.7
2021-03-11 09:03:58.0	Ana3 - 3: T.Abluft	19.6
2021-03-11 09:03:58.0	Ana4 - 4: T.Fortluft	12.3
2021-03-11 09:03:58.0	Ana5 - 5: T.Raum	9999.9
2021-03-11 09:03:58.0	Ana9 - 9: T.Zuluft WRG warm	18.9
2021-03-11 09:04:08.0	Ana1 - 1: T.Au?en	7.1
2021-03-11 09:04:08.0	Ana2 - 2: T.Zuluft	14.7
2021-03-11 09:04:08.0	Ana3 - 3: T.Abluft	19.6
2021-03-11 09:04:08.0	Ana4 - 4: T.Fortluft	12.3
2021-03-11 09:04:08.0	Ana5 - 5: T.Raum	9999.9
2021-03-11 09:04:08.0	Ana9 - 9: T.Zuluft WRG warm	18.9
2021-03-11 09:04:18.0	Ana1 - 1: T.Au?en	7.3
2021-03-11 09:04:18.0	Ana2 - 2: T.Zuluft	14.7
2021-03-11 09:04:18.0	Ana3 - 3: T.Abluft	19.6
2021-03-11 09:04:18.0	Ana4 - 4: T.Fortluft	12.3
2021-03-11 09:04:18.0	Ana5 - 5: T.Raum	9999.9
2021-03-11 09:04:18.0	Ana9 - 9: T.Zuluft WRG warm	18.9
2021-03-11 09:04:28.0	Ana1 - 1: T.Au?en	7.4
2021-03-11 09:04:28.0	Ana2 - 2: T.Zuluft	14.7
2021-03-11 09:04:28.0	Ana3 - 3: T.Abluft	19.6
2021-03-11 09:04:28.0	Ana4 - 4: T.Fortluft	12.4
2021-03-11 09:04:28.0	Ana5 - 5: T.Raum	9999.9
2021-03-11 09:04:28.0	Ana9 - 9: T.Zuluft WRG warm	18.9
2021-03-11 09:04:38.0	Ana1 - 1: T.Au?en	7.5
2021-03-11 09:04:38.0	Ana2 - 2: T.Zuluft	14.7
2021-03-11 09:04:38.0	Ana3 - 3: T.Abluft	19.6
2021-03-11 09:04:38.0	Ana4 - 4: T.Fortluft	12.4
2021-03-11 09:04:38.0	Ana5 - 5: T.Raum	9999.9
2021-03-11 09:04:38.0	Ana9 - 9: T.Zuluft WRG warm	18.9
2021-03-11 09:04:48.0	Ana1 - 1: T.Au?en	7.5
2021-03-11 09:04:48.0	Ana2 - 2: T.Zuluft	14.7
2021-03-11 09:04:48.0	Ana3 - 3: T.Abluft	19.6
2021-03-11 09:04:48.0	Ana4 - 4: T.Fortluft	12.4
2021-03-11 09:04:48.0	Ana5 - 5: T.Raum	9999.9
2021-03-11 09:04:48.0	Ana9 - 9: T.Zuluft WRG warm	18.9
2021-03-11 09:04:58.0	Ana1 - 1: T.Au?en	7.5
2021-03-11 09:04:58.0	Ana2 - 2: T.Zuluft	14.7
2021-03-11 09:04:58.0	Ana3 - 3: T.Abluft	19.6
2021-03-11 09:04:58.0	Ana4 - 4: T.Fortluft	12.4
2021-03-11 09:04:58.0	Ana5 - 5: T.Raum	9999.9
2021-03-11 09:04:58.0	Ana9 - 9: T.Zuluft WRG warm	18.9
2021-03-11 09:05:08.0	Ana1 - 1: T.Au?en	7.5
2021-03-11 09:05:08.0	Ana2 - 2: T.Zuluft	14.7
2021-03-11 09:05:08.0	Ana3 - 3: T.Abluft	19.6
2021-03-11 09:05:08.0	Ana4 - 4: T.Fortluft	12.4
2021-03-11 09:05:08.0	Ana5 - 5: T.Raum	9999.9
2021-03-11 09:05:08.0	Ana9 - 9: T.Zuluft WRG warm	18.9
2021-03-11 09:05:18.0	Ana1 - 1: T.Au?en	7.6
2021-03-11 09:05:18.0	Ana2 - 2: T.Zuluft	14.7
2021-03-11 09:05:18.0	Ana3 - 3: T.Abluft	19.6
2021-03-11 09:05:18.0	Ana4 - 4: T.Fortluft	12.4
2021-03-11 09:05:18.0	Ana5 - 5: T.Raum	9999.9
2021-03-11 09:05:18.0	Ana9 - 9: T.Zuluft WRG warm	18.9
2021-03-11 09:05:28.0	Ana1 - 1: T.Au?en	7.7
2021-03-11 09:05:28.0	Ana2 - 2: T.Zuluft	14.7
2021-03-11 09:05:28.0	Ana3 - 3: T.Abluft	19.6
2021-03-11 09:05:28.0	Ana4 - 4: T.Fortluft	12.4
2021-03-11 09:05:28.0	Ana5 - 5: T.Raum	9999.9
2021-03-11 09:05:28.0	Ana9 - 9: T.Zuluft WRG warm	18.9
2021-03-11 09:05:38.0	Ana1 - 1: T.Au?en	7.7
2021-03-11 09:05:38.0	Ana2 - 2: T.Zuluft	14.7
2021-03-11 09:05:38.0	Ana3 - 3: T.Abluft	19.6
2021-03-11 09:05:38.0	Ana4 - 4: T.Fortluft	12.4
2021-03-11 09:05:38.0	Ana5 - 5: T.Raum	9999.9
2021-03-11 09:05:38.0	Ana9 - 9: T.Zuluft WRG warm	18.9
2021-03-11 09:05:48.0	Ana1 - 1: T.Au?en	7.7
2021-03-11 09:05:48.0	Ana2 - 2: T.Zuluft	14.7
2021-03-11 09:05:48.0	Ana3 - 3: T.Abluft	19.6
2021-03-11 09:05:48.0	Ana4 - 4: T.Fortluft	12.4
2021-03-11 09:05:48.0	Ana5 - 5: T.Raum	9999.9
2021-03-11 09:05:48.0	Ana9 - 9: T.Zuluft WRG warm	18.9
2021-03-11 09:05:58.0	Ana1 - 1: T.Au?en	7.7
2021-03-11 09:05:58.0	Ana2 - 2: T.Zuluft	14.7
2021-03-11 09:05:58.0	Ana3 - 3: T.Abluft	19.6
2021-03-11 09:05:58.0	Ana4 - 4: T.Fortluft	12.4
2021-03-11 09:05:58.0	Ana5 - 5: T.Raum	9999.9
2021-03-11 09:05:58.0	Ana9 - 9: T.Zuluft WRG warm	18.9
2021-03-11 09:06:08.0	Ana1 - 1: T.Au?en	7.7
2021-03-11 09:06:08.0	Ana2 - 2: T.Zuluft	14.7
2021-03-11 09:06:08.0	Ana3 - 3: T.Abluft	19.6
2021-03-11 09:06:08.0	Ana4 - 4: T.Fortluft	12.4
2021-03-11 09:06:08.0	Ana5 - 5: T.Raum	9999.9
2021-03-11 09:06:08.0	Ana9 - 9: T.Zuluft WRG warm	18.9
2021-03-11 09:06:18.0	Ana1 - 1: T.Au?en	7.8
2021-03-11 09:06:18.0	Ana2 - 2: T.Zuluft	14.7
2021-03-11 09:06:18.0	Ana3 - 3: T.Abluft	19.6
2021-03-11 09:06:18.0	Ana4 - 4: T.Fortluft	12.4
2021-03-11 09:06:18.0	Ana5 - 5: T.Raum	9999.9
2021-03-11 09:06:18.0	Ana9 - 9: T.Zuluft WRG warm	18.9
2021-03-11 09:06:28.0	Ana1 - 1: T.Au?en	7.9
2021-03-11 09:06:28.0	Ana2 - 2: T.Zuluft	14.7
2021-03-11 09:06:28.0	Ana3 - 3: T.Abluft	19.6
2021-03-11 09:06:28.0	Ana4 - 4: T.Fortluft	12.4
2021-03-11 09:06:28.0	Ana5 - 5: T.Raum	9999.9
2021-03-11 09:06:28.0	Ana9 - 9: T.Zuluft WRG warm	18.9
2021-03-11 09:06:38.0	Ana1 - 1: T.Au?en	7.9
2021-03-11 09:06:38.0	Ana2 - 2: T.Zuluft	14.7
2021-03-11 09:06:38.0	Ana3 - 3: T.Abluft	19.6
2021-03-11 09:06:38.0	Ana4 - 4: T.Fortluft	12.4
2021-03-11 09:06:38.0	Ana5 - 5: T.Raum	9999.9
2021-03-11 09:06:38.0	Ana9 - 9: T.Zuluft WRG warm	18.9
2021-03-11 09:06:48.0	Ana1 - 1: T.Au?en	7.8
2021-03-11 09:06:48.0	Ana2 - 2: T.Zuluft	14.7
2021-03-11 09:06:48.0	Ana3 - 3: T.Abluft	19.6
2021-03-11 09:06:48.0	Ana4 - 4: T.Fortluft	12.4
2021-03-11 09:06:48.0	Ana5 - 5: T.Raum	9999.9
2021-03-11 09:06:48.0	Ana9 - 9: T.Zuluft WRG warm	18.9
2021-03-11 09:06:58.0	Ana1 - 1: T.Au?en	7.8
2021-03-11 09:06:58.0	Ana2 - 2: T.Zuluft	14.7
2021-03-11 09:06:58.0	Ana3 - 3: T.Abluft	19.6
2021-03-11 09:06:58.0	Ana4 - 4: T.Fortluft	12.4
2021-03-11 09:06:58.0	Ana5 - 5: T.Raum	9999.9
2021-03-11 09:06:58.0	Ana9 - 9: T.Zuluft WRG warm	18.9
2021-03-11 09:07:08.0	Ana1 - 1: T.Au?en	7.8
2021-03-11 09:07:08.0	Ana2 - 2: T.Zuluft	14.7
2021-03-11 09:07:08.0	Ana3 - 3: T.Abluft	19.6
2021-03-11 09:07:08.0	Ana4 - 4: T.Fortluft	12.4
2021-03-11 09:07:08.0	Ana5 - 5: T.Raum	9999.9
2021-03-11 09:07:08.0	Ana9 - 9: T.Zuluft WRG warm	18.9
2021-03-11 09:07:18.0	Ana1 - 1: T.Au?en	7.7
2021-03-11 09:07:18.0	Ana2 - 2: T.Zuluft	14.7
2021-03-11 09:07:18.0	Ana3 - 3: T.Abluft	19.6
2021-03-11 09:07:18.0	Ana4 - 4: T.Fortluft	12.4
2021-03-11 09:07:18.0	Ana5 - 5: T.Raum	9999.9
2021-03-11 09:07:18.0	Ana9 - 9: T.Zuluft WRG warm	18.9
2021-03-11 09:07:28.0	Ana1 - 1: T.Au?en	7.7
2021-03-11 09:07:28.0	Ana2 - 2: T.Zuluft	14.7
2021-03-11 09:07:28.0	Ana3 - 3: T.Abluft	19.6
2021-03-11 09:07:28.0	Ana4 - 4: T.Fortluft	12.4
2021-03-11 09:07:28.0	Ana5 - 5: T.Raum	9999.9
2021-03-11 09:07:28.0	Ana9 - 9: T.Zuluft WRG warm	18.9
2021-03-11 09:07:38.0	Ana1 - 1: T.Au?en	7.7
2021-03-11 09:07:38.0	Ana2 - 2: T.Zuluft	14.7
2021-03-11 09:07:38.0	Ana3 - 3: T.Abluft	19.6
2021-03-11 09:07:38.0	Ana4 - 4: T.Fortluft	12.5
2021-03-11 09:07:38.0	Ana5 - 5: T.Raum	9999.9
2021-03-11 09:07:38.0	Ana9 - 9: T.Zuluft WRG warm	18.9
2021-03-11 09:07:48.0	Ana1 - 1: T.Au?en	7.7
2021-03-11 09:07:48.0	Ana2 - 2: T.Zuluft	14.8
2021-03-11 09:07:48.0	Ana3 - 3: T.Abluft	19.6
2021-03-11 09:07:48.0	Ana4 - 4: T.Fortluft	12.5
2021-03-11 09:07:48.0	Ana5 - 5: T.Raum	9999.9
2021-03-11 09:07:48.0	Ana9 - 9: T.Zuluft WRG warm	18.9
2021-03-11 09:07:58.0	Ana1 - 1: T.Au?en	7.7
2021-03-11 09:07:58.0	Ana2 - 2: T.Zuluft	14.8
2021-03-11 09:07:58.0	Ana3 - 3: T.Abluft	19.6
2021-03-11 09:07:58.0	Ana4 - 4: T.Fortluft	12.5
2021-03-11 09:07:58.0	Ana5 - 5: T.Raum	9999.9
2021-03-11 09:07:58.0	Ana9 - 9: T.Zuluft WRG warm	18.9
2021-03-11 09:08:08.0	Ana1 - 1: T.Au?en	7.6
2021-03-11 09:08:08.0	Ana2 - 2: T.Zuluft	14.8
2021-03-11 09:08:08.0	Ana3 - 3: T.Abluft	19.6
2021-03-11 09:08:08.0	Ana4 - 4: T.Fortluft	12.5
2021-03-11 09:08:08.0	Ana5 - 5: T.Raum	9999.9
2021-03-11 09:08:08.0	Ana9 - 9: T.Zuluft WRG warm	18.9
2021-03-11 09:08:18.0	Ana1 - 1: T.Au?en	7.6
2021-03-11 09:08:18.0	Ana2 - 2: T.Zuluft	14.8
2021-03-11 09:08:18.0	Ana3 - 3: T.Abluft	19.6
2021-03-11 09:08:18.0	Ana4 - 4: T.Fortluft	12.5
2021-03-11 09:08:18.0	Ana5 - 5: T.Raum	9999.9
2021-03-11 09:08:18.0	Ana9 - 9: T.Zuluft WRG warm	18.9
2021-03-11 09:08:28.0	Ana1 - 1: T.Au?en	7.5
2021-03-11 09:08:28.0	Ana2 - 2: T.Zuluft	14.8
2021-03-11 09:08:28.0	Ana3 - 3: T.Abluft	19.6
2021-03-11 09:08:28.0	Ana4 - 4: T.Fortluft	12.5
2021-03-11 09:08:28.0	Ana5 - 5: T.Raum	9999.9
2021-03-11 09:08:28.0	Ana9 - 9: T.Zuluft WRG warm	18.9
2021-03-11 09:08:38.0	Ana1 - 1: T.Au?en	7.5
2021-03-11 09:08:38.0	Ana2 - 2: T.Zuluft	14.8
2021-03-11 09:08:38.0	Ana3 - 3: T.Abluft	19.6
2021-03-11 09:08:38.0	Ana4 - 4: T.Fortluft	12.5
2021-03-11 09:08:38.0	Ana5 - 5: T.Raum	9999.9
2021-03-11 09:08:38.0	Ana9 - 9: T.Zuluft WRG warm	18.9
2021-03-11 09:08:48.0	Ana1 - 1: T.Au?en	7.6
2021-03-11 09:08:48.0	Ana2 - 2: T.Zuluft	14.8
2021-03-11 09:08:48.0	Ana3 - 3: T.Abluft	19.6
2021-03-11 09:08:48.0	Ana4 - 4: T.Fortluft	12.5
2021-03-11 09:08:48.0	Ana5 - 5: T.Raum	9999.9
2021-03-11 09:08:48.0	Ana9 - 9: T.Zuluft WRG warm	18.9
2021-03-11 09:08:58.0	Ana1 - 1: T.Au?en	7.6
2021-03-11 09:08:58.0	Ana2 - 2: T.Zuluft	14.8
2021-03-11 09:08:58.0	Ana3 - 3: T.Abluft	19.5
2021-03-11 09:08:58.0	Ana4 - 4: T.Fortluft	12.5
2021-03-11 09:08:58.0	Ana5 - 5: T.Raum	9999.9
2021-03-11 09:08:58.0	Ana9 - 9: T.Zuluft WRG warm	18.8
2021-03-11 09:09:08.0	Ana1 - 1: T.Au?en	7.7
2021-03-11 09:09:08.0	Ana2 - 2: T.Zuluft	14.8
2021-03-11 09:09:08.0	Ana3 - 3: T.Abluft	19.5
2021-03-11 09:09:08.0	Ana4 - 4: T.Fortluft	12.5
2021-03-11 09:09:08.0	Ana5 - 5: T.Raum	9999.9
2021-03-11 09:09:08.0	Ana9 - 9: T.Zuluft WRG warm	18.8
2021-03-11 09:09:18.0	Ana1 - 1: T.Au?en	7.7
2021-03-11 09:09:18.0	Ana2 - 2: T.Zuluft	14.8
2021-03-11 09:09:18.0	Ana3 - 3: T.Abluft	19.5
2021-03-11 09:09:18.0	Ana4 - 4: T.Fortluft	12.5
2021-03-11 09:09:18.0	Ana5 - 5: T.Raum	9999.9
2021-03-11 09:09:18.0	Ana9 - 9: T.Zuluft WRG warm	18.8
2021-03-11 09:09:28.0	Ana1 - 1: T.Au?en	7.9
2021-03-11 09:09:28.0	Ana2 - 2: T.Zuluft	14.8
2021-03-11 09:09:28.0	Ana3 - 3: T.Abluft	19.5
2021-03-11 09:09:28.0	Ana4 - 4: T.Fortluft	12.5
2021-03-11 09:09:28.0	Ana5 - 5: T.Raum	9999.9
2021-03-11 09:09:28.0	Ana9 - 9: T.Zuluft WRG warm	18.8
2021-03-11 09:09:38.0	Ana1 - 1: T.Au?en	8.0
2021-03-11 09:09:38.0	Ana2 - 2: T.Zuluft	14.8
2021-03-11 09:09:38.0	Ana3 - 3: T.Abluft	19.5
2021-03-11 09:09:38.0	Ana4 - 4: T.Fortluft	12.5
2021-03-11 09:09:38.0	Ana5 - 5: T.Raum	9999.9
2021-03-11 09:09:38.0	Ana9 - 9: T.Zuluft WRG warm	18.8
2021-03-11 09:09:48.0	Ana1 - 1: T.Au?en	8.1
2021-03-11 09:09:48.0	Ana2 - 2: T.Zuluft	14.8
2021-03-11 09:09:48.0	Ana3 - 3: T.Abluft	19.5
2021-03-11 09:09:48.0	Ana4 - 4: T.Fortluft	12.5
2021-03-11 09:09:48.0	Ana5 - 5: T.Raum	9999.9
2021-03-11 09:09:48.0	Ana9 - 9: T.Zuluft WRG warm	18.7
2021-03-11 09:09:58.0	Ana1 - 1: T.Au?en	8.2
2021-03-11 09:09:58.0	Ana2 - 2: T.Zuluft	14.8
2021-03-11 09:09:58.0	Ana3 - 3: T.Abluft	19.5
2021-03-11 09:09:58.0	Ana4 - 4: T.Fortluft	12.5
2021-03-11 09:09:58.0	Ana5 - 5: T.Raum	9999.9
2021-03-11 09:09:58.0	Ana9 - 9: T.Zuluft WRG warm	18.7
2021-03-11 09:10:08.0	Ana1 - 1: T.Au?en	8.2
2021-03-11 09:10:08.0	Ana2 - 2: T.Zuluft	14.8
2021-03-11 09:10:08.0	Ana3 - 3: T.Abluft	19.4
2021-03-11 09:10:08.0	Ana4 - 4: T.Fortluft	12.5
2021-03-11 09:10:08.0	Ana5 - 5: T.Raum	9999.9
2021-03-11 09:10:08.0	Ana9 - 9: T.Zuluft WRG warm	18.7
2021-03-11 09:10:18.0	Ana1 - 1: T.Au?en	8.1
2021-03-11 09:10:18.0	Ana2 - 2: T.Zuluft	14.8
2021-03-11 09:10:18.0	Ana3 - 3: T.Abluft	19.4
2021-03-11 09:10:18.0	Ana4 - 4: T.Fortluft	12.6
2021-03-11 09:10:18.0	Ana5 - 5: T.Raum	9999.9
2021-03-11 09:10:18.0	Ana9 - 9: T.Zuluft WRG warm	18.7
2021-03-11 09:10:28.0	Ana1 - 1: T.Au?en	8.1
2021-03-11 09:10:28.0	Ana2 - 2: T.Zuluft	14.8
2021-03-11 09:10:28.0	Ana3 - 3: T.Abluft	19.4
2021-03-11 09:10:28.0	Ana4 - 4: T.Fortluft	12.6
2021-03-11 09:10:28.0	Ana5 - 5: T.Raum	9999.9
2021-03-11 09:10:28.0	Ana9 - 9: T.Zuluft WRG warm	18.7
2021-03-11 09:10:38.0	Ana1 - 1: T.Au?en	8.1
2021-03-11 09:10:38.0	Ana2 - 2: T.Zuluft	14.8
2021-03-11 09:10:38.0	Ana3 - 3: T.Abluft	19.4
2021-03-11 09:10:38.0	Ana4 - 4: T.Fortluft	12.6
2021-03-11 09:10:38.0	Ana5 - 5: T.Raum	9999.9
2021-03-11 09:10:38.0	Ana9 - 9: T.Zuluft WRG warm	18.6
2021-03-11 09:10:48.0	Ana1 - 1: T.Au?en	8.0
2021-03-11 09:10:48.0	Ana2 - 2: T.Zuluft	14.8
2021-03-11 09:10:48.0	Ana3 - 3: T.Abluft	19.3
2021-03-11 09:10:48.0	Ana4 - 4: T.Fortluft	12.6
2021-03-11 09:10:48.0	Ana5 - 5: T.Raum	9999.9
2021-03-11 09:10:48.0	Ana9 - 9: T.Zuluft WRG warm	18.6
2021-03-11 09:10:58.0	Ana1 - 1: T.Au?en	8.0
2021-03-11 09:10:58.0	Ana2 - 2: T.Zuluft	14.9
2021-03-11 09:10:58.0	Ana3 - 3: T.Abluft	19.4
2021-03-11 09:10:58.0	Ana4 - 4: T.Fortluft	12.6
2021-03-11 09:10:58.0	Ana5 - 5: T.Raum	9999.9
2021-03-11 09:10:58.0	Ana9 - 9: T.Zuluft WRG warm	18.6
2021-03-11 09:11:08.0	Ana1 - 1: T.Au?en	8.1
2021-03-11 09:11:08.0	Ana2 - 2: T.Zuluft	14.9
2021-03-11 09:11:08.0	Ana3 - 3: T.Abluft	19.3
2021-03-11 09:11:08.0	Ana4 - 4: T.Fortluft	12.6
2021-03-11 09:11:08.0	Ana5 - 5: T.Raum	9999.9
2021-03-11 09:11:08.0	Ana9 - 9: T.Zuluft WRG warm	18.6
2021-03-11 09:11:18.0	Ana1 - 1: T.Au?en	8.2
2021-03-11 09:11:18.0	Ana2 - 2: T.Zuluft	14.9
2021-03-11 09:11:18.0	Ana3 - 3: T.Abluft	19.3
2021-03-11 09:11:18.0	Ana4 - 4: T.Fortluft	12.6
2021-03-11 09:11:18.0	Ana5 - 5: T.Raum	9999.9
2021-03-11 09:11:18.0	Ana9 - 9: T.Zuluft WRG warm	18.6
2021-03-11 09:11:28.0	Ana1 - 1: T.Au?en	8.3
2021-03-11 09:11:28.0	Ana2 - 2: T.Zuluft	14.9
2021-03-11 09:11:28.0	Ana3 - 3: T.Abluft	19.3
2021-03-11 09:11:28.0	Ana4 - 4: T.Fortluft	12.6
2021-03-11 09:11:28.0	Ana5 - 5: T.Raum	9999.9
2021-03-11 09:11:28.0	Ana9 - 9: T.Zuluft WRG warm	18.5
2021-03-11 09:11:38.0	Ana1 - 1: T.Au?en	8.4
2021-03-11 09:11:38.0	Ana2 - 2: T.Zuluft	14.9
2021-03-11 09:11:38.0	Ana3 - 3: T.Abluft	19.3
2021-03-11 09:11:38.0	Ana4 - 4: T.Fortluft	12.6
2021-03-11 09:11:38.0	Ana5 - 5: T.Raum	9999.9
2021-03-11 09:11:38.0	Ana9 - 9: T.Zuluft WRG warm	18.5
2021-03-11 09:11:48.0	Ana1 - 1: T.Au?en	8.5
2021-03-11 09:11:48.0	Ana2 - 2: T.Zuluft	14.9
2021-03-11 09:11:48.0	Ana3 - 3: T.Abluft	19.3
2021-03-11 09:11:48.0	Ana4 - 4: T.Fortluft	12.6
2021-03-11 09:11:48.0	Ana5 - 5: T.Raum	9999.9
2021-03-11 09:11:48.0	Ana9 - 9: T.Zuluft WRG warm	18.5
2021-03-11 09:11:58.0	Ana1 - 1: T.Au?en	8.5
2021-03-11 09:11:58.0	Ana2 - 2: T.Zuluft	14.9
2021-03-11 09:11:58.0	Ana3 - 3: T.Abluft	19.3
2021-03-11 09:11:58.0	Ana4 - 4: T.Fortluft	12.6
2021-03-11 09:11:58.0	Ana5 - 5: T.Raum	9999.9
2021-03-11 09:11:58.0	Ana9 - 9: T.Zuluft WRG warm	18.5
2021-03-11 09:12:08.0	Ana1 - 1: T.Au?en	8.5
2021-03-11 09:12:08.0	Ana2 - 2: T.Zuluft	14.9
2021-03-11 09:12:08.0	Ana3 - 3: T.Abluft	19.2
2021-03-11 09:12:08.0	Ana4 - 4: T.Fortluft	12.6
2021-03-11 09:12:08.0	Ana5 - 5: T.Raum	9999.9
2021-03-11 09:12:08.0	Ana9 - 9: T.Zuluft WRG warm	18.5
2021-03-11 09:12:18.0	Ana1 - 1: T.Au?en	8.5
2021-03-11 09:12:18.0	Ana2 - 2: T.Zuluft	14.9
2021-03-11 09:12:18.0	Ana3 - 3: T.Abluft	19.2
2021-03-11 09:12:18.0	Ana4 - 4: T.Fortluft	12.6
2021-03-11 09:12:18.0	Ana5 - 5: T.Raum	9999.9
2021-03-11 09:12:18.0	Ana9 - 9: T.Zuluft WRG warm	18.4
2021-03-11 09:12:28.0	Ana1 - 1: T.Au?en	8.5
2021-03-11 09:12:28.0	Ana2 - 2: T.Zuluft	14.9
2021-03-11 09:12:28.0	Ana3 - 3: T.Abluft	19.2
2021-03-11 09:12:28.0	Ana4 - 4: T.Fortluft	12.6
2021-03-11 09:12:28.0	Ana5 - 5: T.Raum	9999.9
2021-03-11 09:12:28.0	Ana9 - 9: T.Zuluft WRG warm	18.4
2021-03-11 09:12:38.0	Ana1 - 1: T.Au?en	8.5
2021-03-11 09:12:38.0	Ana2 - 2: T.Zuluft	14.9
2021-03-11 09:12:38.0	Ana3 - 3: T.Abluft	19.2
2021-03-11 09:12:38.0	Ana4 - 4: T.Fortluft	12.6
2021-03-11 09:12:38.0	Ana5 - 5: T.Raum	9999.9
2021-03-11 09:12:38.0	Ana9 - 9: T.Zuluft WRG warm	18.4
2021-03-11 09:12:48.0	Ana1 - 1: T.Au?en	8.5
2021-03-11 09:12:48.0	Ana2 - 2: T.Zuluft	14.9
2021-03-11 09:12:48.0	Ana3 - 3: T.Abluft	19.2
2021-03-11 09:12:48.0	Ana4 - 4: T.Fortluft	12.6
2021-03-11 09:12:48.0	Ana5 - 5: T.Raum	9999.9
2021-03-11 09:12:48.0	Ana9 - 9: T.Zuluft WRG warm	18.3
2021-03-11 09:12:58.0	Ana1 - 1: T.Au?en	8.2
2021-03-11 09:12:58.0	Ana2 - 2: T.Zuluft	14.9
2021-03-11 09:12:58.0	Ana3 - 3: T.Abluft	19.2
2021-03-11 09:12:58.0	Ana4 - 4: T.Fortluft	12.7
2021-03-11 09:12:58.0	Ana5 - 5: T.Raum	9999.9
2021-03-11 09:12:58.0	Ana9 - 9: T.Zuluft WRG warm	18.3
2021-03-11 09:13:08.0	Ana1 - 1: T.Au?en	8.0
2021-03-11 09:13:08.0	Ana2 - 2: T.Zuluft	14.9
2021-03-11 09:13:08.0	Ana3 - 3: T.Abluft	19.1
2021-03-11 09:13:08.0	Ana4 - 4: T.Fortluft	12.7
2021-03-11 09:13:08.0	Ana5 - 5: T.Raum	9999.9
2021-03-11 09:13:08.0	Ana9 - 9: T.Zuluft WRG warm	18.3
2021-03-11 09:13:18.0	Ana1 - 1: T.Au?en	7.9
2021-03-11 09:13:18.0	Ana2 - 2: T.Zuluft	14.9
2021-03-11 09:13:18.0	Ana3 - 3: T.Abluft	19.1
2021-03-11 09:13:18.0	Ana4 - 4: T.Fortluft	12.7
2021-03-11 09:13:18.0	Ana5 - 5: T.Raum	9999.9
2021-03-11 09:13:18.0	Ana9 - 9: T.Zuluft WRG warm	18.3
2021-03-11 09:13:28.0	Ana1 - 1: T.Au?en	8.0
2021-03-11 09:13:28.0	Ana2 - 2: T.Zuluft	14.9
2021-03-11 09:13:28.0	Ana3 - 3: T.Abluft	19.1
2021-03-11 09:13:28.0	Ana4 - 4: T.Fortluft	12.7
2021-03-11 09:13:28.0	Ana5 - 5: T.Raum	9999.9
2021-03-11 09:13:28.0	Ana9 - 9: T.Zuluft WRG warm	18.3
2021-03-11 09:13:38.0	Ana1 - 1: T.Au?en	7.9
2021-03-11 09:13:38.0	Ana2 - 2: T.Zuluft	14.9
2021-03-11 09:13:38.0	Ana3 - 3: T.Abluft	19.1
2021-03-11 09:13:38.0	Ana4 - 4: T.Fortluft	12.7
2021-03-11 09:13:38.0	Ana5 - 5: T.Raum	9999.9
2021-03-11 09:13:38.0	Ana9 - 9: T.Zuluft WRG warm	18.2
2021-03-11 09:13:48.0	Ana1 - 1: T.Au?en	7.8
2021-03-11 09:13:48.0	Ana2 - 2: T.Zuluft	14.9
2021-03-11 09:13:48.0	Ana3 - 3: T.Abluft	19.1
2021-03-11 09:13:48.0	Ana4 - 4: T.Fortluft	12.7
2021-03-11 09:13:48.0	Ana5 - 5: T.Raum	9999.9
2021-03-11 09:13:48.0	Ana9 - 9: T.Zuluft WRG warm	18.2
2021-03-11 09:13:58.0	Ana1 - 1: T.Au?en	7.7
2021-03-11 09:13:58.0	Ana2 - 2: T.Zuluft	14.9
2021-03-11 09:13:58.0	Ana3 - 3: T.Abluft	19.0
2021-03-11 09:13:58.0	Ana4 - 4: T.Fortluft	12.7
2021-03-11 09:13:58.0	Ana5 - 5: T.Raum	9999.9
2021-03-11 09:13:58.0	Ana9 - 9: T.Zuluft WRG warm	18.2
2021-03-11 09:14:08.0	Ana1 - 1: T.Au?en	7.7
2021-03-11 09:14:08.0	Ana2 - 2: T.Zuluft	14.9
2021-03-11 09:14:08.0	Ana3 - 3: T.Abluft	19.0
2021-03-11 09:14:08.0	Ana4 - 4: T.Fortluft	12.7
2021-03-11 09:14:08.0	Ana5 - 5: T.Raum	9999.9
2021-03-11 09:14:08.0	Ana9 - 9: T.Zuluft WRG warm	18.2
2021-03-11 09:14:18.0	Ana1 - 1: T.Au?en	7.7
2021-03-11 09:14:18.0	Ana2 - 2: T.Zuluft	14.9
2021-03-11 09:14:18.0	Ana3 - 3: T.Abluft	19.0
2021-03-11 09:14:18.0	Ana4 - 4: T.Fortluft	12.7
2021-03-11 09:14:18.0	Ana5 - 5: T.Raum	9999.9
2021-03-11 09:14:18.0	Ana9 - 9: T.Zuluft WRG warm	18.2
2021-03-11 09:14:28.0	Ana1 - 1: T.Au?en	7.6
2021-03-11 09:14:28.0	Ana2 - 2: T.Zuluft	14.9
2021-03-11 09:14:28.0	Ana3 - 3: T.Abluft	19.0
2021-03-11 09:14:28.0	Ana4 - 4: T.Fortluft	12.7
2021-03-11 09:14:28.0	Ana5 - 5: T.Raum	9999.9
2021-03-11 09:14:28.0	Ana9 - 9: T.Zuluft WRG warm	18.1
2021-03-11 09:14:38.0	Ana1 - 1: T.Au?en	7.6
2021-03-11 09:14:38.0	Ana2 - 2: T.Zuluft	14.9
2021-03-11 09:14:38.0	Ana3 - 3: T.Abluft	19.0
2021-03-11 09:14:38.0	Ana4 - 4: T.Fortluft	12.7
2021-03-11 09:14:38.0	Ana5 - 5: T.Raum	9999.9
2021-03-11 09:14:38.0	Ana9 - 9: T.Zuluft WRG warm	18.1
2021-03-11 09:14:48.0	Ana1 - 1: T.Au?en	7.6
2021-03-11 09:14:48.0	Ana2 - 2: T.Zuluft	14.9
2021-03-11 09:14:48.0	Ana3 - 3: T.Abluft	19.0
2021-03-11 09:14:48.0	Ana4 - 4: T.Fortluft	12.7
2021-03-11 09:14:48.0	Ana5 - 5: T.Raum	9999.9
2021-03-11 09:14:48.0	Ana9 - 9: T.Zuluft WRG warm	18.1
2021-03-11 09:14:58.0	Ana1 - 1: T.Au?en	7.6
2021-03-11 09:14:58.0	Ana2 - 2: T.Zuluft	14.9
2021-03-11 09:14:58.0	Ana3 - 3: T.Abluft	19.0
2021-03-11 09:14:58.0	Ana4 - 4: T.Fortluft	12.7
2021-03-11 09:14:58.0	Ana5 - 5: T.Raum	9999.9
2021-03-11 09:14:58.0	Ana9 - 9: T.Zuluft WRG warm	18.1
2021-03-11 09:15:08.0	Ana1 - 1: T.Au?en	7.6
2021-03-11 09:15:08.0	Ana2 - 2: T.Zuluft	14.9
2021-03-11 09:15:08.0	Ana3 - 3: T.Abluft	18.9
2021-03-11 09:15:08.0	Ana4 - 4: T.Fortluft	12.7
2021-03-11 09:15:08.0	Ana5 - 5: T.Raum	9999.9
2021-03-11 09:15:08.0	Ana9 - 9: T.Zuluft WRG warm	18.1
2021-03-11 09:15:18.0	Ana1 - 1: T.Au?en	7.5
2021-03-11 09:15:18.0	Ana2 - 2: T.Zuluft	14.9
2021-03-11 09:15:18.0	Ana3 - 3: T.Abluft	18.9
2021-03-11 09:15:18.0	Ana4 - 4: T.Fortluft	12.7
2021-03-11 09:15:18.0	Ana5 - 5: T.Raum	9999.9
2021-03-11 09:15:18.0	Ana9 - 9: T.Zuluft WRG warm	18.1
2021-03-11 09:15:28.0	Ana1 - 1: T.Au?en	7.5
2021-03-11 09:15:28.0	Ana2 - 2: T.Zuluft	14.9
2021-03-11 09:15:28.0	Ana3 - 3: T.Abluft	18.9
2021-03-11 09:15:28.0	Ana4 - 4: T.Fortluft	12.7
2021-03-11 09:15:28.0	Ana5 - 5: T.Raum	9999.9
2021-03-11 09:15:28.0	Ana9 - 9: T.Zuluft WRG warm	18.1
2021-03-11 09:15:38.0	Ana1 - 1: T.Au?en	7.6
2021-03-11 09:15:38.0	Ana2 - 2: T.Zuluft	14.9
2021-03-11 09:15:38.0	Ana3 - 3: T.Abluft	18.9
2021-03-11 09:15:38.0	Ana4 - 4: T.Fortluft	12.7
2021-03-11 09:15:38.0	Ana5 - 5: T.Raum	9999.9
2021-03-11 09:15:38.0	Ana9 - 9: T.Zuluft WRG warm	18.1
2021-03-11 09:15:48.0	Ana1 - 1: T.Au?en	7.5
2021-03-11 09:15:48.0	Ana2 - 2: T.Zuluft	14.9
2021-03-11 09:15:48.0	Ana3 - 3: T.Abluft	18.9
2021-03-11 09:15:48.0	Ana4 - 4: T.Fortluft	12.8
2021-03-11 09:15:48.0	Ana5 - 5: T.Raum	9999.9
2021-03-11 09:15:48.0	Ana9 - 9: T.Zuluft WRG warm	18.0
2021-03-11 09:15:58.0	Ana1 - 1: T.Au?en	7.5
2021-03-11 09:15:58.0	Ana2 - 2: T.Zuluft	14.9
2021-03-11 09:15:58.0	Ana3 - 3: T.Abluft	18.8
2021-03-11 09:15:58.0	Ana4 - 4: T.Fortluft	12.8
2021-03-11 09:15:58.0	Ana5 - 5: T.Raum	9999.9
2021-03-11 09:15:58.0	Ana9 - 9: T.Zuluft WRG warm	18.0
2021-03-11 09:16:08.0	Ana1 - 1: T.Au?en	7.5
2021-03-11 09:16:08.0	Ana2 - 2: T.Zuluft	14.9
2021-03-11 09:16:08.0	Ana3 - 3: T.Abluft	18.8
2021-03-11 09:16:08.0	Ana4 - 4: T.Fortluft	12.8
2021-03-11 09:16:08.0	Ana5 - 5: T.Raum	9999.9
2021-03-11 09:16:08.0	Ana9 - 9: T.Zuluft WRG warm	18.0
2021-03-11 09:16:18.0	Ana1 - 1: T.Au?en	7.5
2021-03-11 09:16:18.0	Ana2 - 2: T.Zuluft	14.9
2021-03-11 09:16:18.0	Ana3 - 3: T.Abluft	18.8
2021-03-11 09:16:18.0	Ana4 - 4: T.Fortluft	12.8
2021-03-11 09:16:18.0	Ana5 - 5: T.Raum	9999.9
2021-03-11 09:16:18.0	Ana9 - 9: T.Zuluft WRG warm	18.0
2021-03-11 09:16:28.0	Ana1 - 1: T.Au?en	7.6
2021-03-11 09:16:28.0	Ana2 - 2: T.Zuluft	14.9
2021-03-11 09:16:28.0	Ana3 - 3: T.Abluft	18.8
2021-03-11 09:16:28.0	Ana4 - 4: T.Fortluft	12.8
2021-03-11 09:16:28.0	Ana5 - 5: T.Raum	9999.9
2021-03-11 09:16:28.0	Ana9 - 9: T.Zuluft WRG warm	18.0
2021-03-11 09:16:38.0	Ana1 - 1: T.Au?en	7.6
2021-03-11 09:16:38.0	Ana2 - 2: T.Zuluft	14.9
2021-03-11 09:16:38.0	Ana3 - 3: T.Abluft	18.8
2021-03-11 09:16:38.0	Ana4 - 4: T.Fortluft	12.8
2021-03-11 09:16:38.0	Ana5 - 5: T.Raum	9999.9
2021-03-11 09:16:38.0	Ana9 - 9: T.Zuluft WRG warm	18.0
2021-03-11 09:16:48.0	Ana1 - 1: T.Au?en	7.5
2021-03-11 09:16:48.0	Ana2 - 2: T.Zuluft	14.9
2021-03-11 09:16:48.0	Ana3 - 3: T.Abluft	18.8
2021-03-11 09:16:48.0	Ana4 - 4: T.Fortluft	12.8
2021-03-11 09:16:48.0	Ana5 - 5: T.Raum	9999.9
2021-03-11 09:16:48.0	Ana9 - 9: T.Zuluft WRG warm	18.0
2021-03-11 09:16:58.0	Ana1 - 1: T.Au?en	7.5
2021-03-11 09:16:58.0	Ana2 - 2: T.Zuluft	14.9
2021-03-11 09:16:58.0	Ana3 - 3: T.Abluft	18.8
2021-03-11 09:16:58.0	Ana4 - 4: T.Fortluft	12.8
2021-03-11 09:16:58.0	Ana5 - 5: T.Raum	9999.9
2021-03-11 09:16:58.0	Ana9 - 9: T.Zuluft WRG warm	17.9
2021-03-11 09:17:08.0	Ana1 - 1: T.Au?en	7.6
2021-03-11 09:17:08.0	Ana2 - 2: T.Zuluft	14.8
2021-03-11 09:17:08.0	Ana3 - 3: T.Abluft	18.8
2021-03-11 09:17:08.0	Ana4 - 4: T.Fortluft	12.8
2021-03-11 09:17:08.0	Ana5 - 5: T.Raum	9999.9
2021-03-11 09:17:08.0	Ana9 - 9: T.Zuluft WRG warm	17.9
2021-03-11 09:17:18.0	Ana1 - 1: T.Au?en	7.7
2021-03-11 09:17:18.0	Ana2 - 2: T.Zuluft	14.9
2021-03-11 09:17:18.0	Ana3 - 3: T.Abluft	18.7
2021-03-11 09:17:18.0	Ana4 - 4: T.Fortluft	12.8
2021-03-11 09:17:18.0	Ana5 - 5: T.Raum	9999.9
2021-03-11 09:17:18.0	Ana9 - 9: T.Zuluft WRG warm	17.9
2021-03-11 09:17:28.0	Ana1 - 1: T.Au?en	7.7
2021-03-11 09:17:28.0	Ana2 - 2: T.Zuluft	14.9
2021-03-11 09:17:28.0	Ana3 - 3: T.Abluft	18.7
2021-03-11 09:17:28.0	Ana4 - 4: T.Fortluft	12.8
2021-03-11 09:17:28.0	Ana5 - 5: T.Raum	9999.9
2021-03-11 09:17:28.0	Ana9 - 9: T.Zuluft WRG warm	17.9
2021-03-11 09:17:38.0	Ana1 - 1: T.Au?en	7.7
2021-03-11 09:17:38.0	Ana2 - 2: T.Zuluft	14.9
2021-03-11 09:17:38.0	Ana3 - 3: T.Abluft	18.7
2021-03-11 09:17:38.0	Ana4 - 4: T.Fortluft	12.8
2021-03-11 09:17:38.0	Ana5 - 5: T.Raum	9999.9
2021-03-11 09:17:38.0	Ana9 - 9: T.Zuluft WRG warm	17.9
2021-03-11 09:17:48.0	Ana1 - 1: T.Au?en	7.7
2021-03-11 09:17:48.0	Ana2 - 2: T.Zuluft	14.9
2021-03-11 09:17:48.0	Ana3 - 3: T.Abluft	18.7
2021-03-11 09:17:48.0	Ana4 - 4: T.Fortluft	12.8
2021-03-11 09:17:48.0	Ana5 - 5: T.Raum	9999.9
2021-03-11 09:17:48.0	Ana9 - 9: T.Zuluft WRG warm	17.9
2021-03-11 09:17:58.0	Ana1 - 1: T.Au?en	7.6
2021-03-11 09:17:58.0	Ana2 - 2: T.Zuluft	14.9
2021-03-11 09:17:58.0	Ana3 - 3: T.Abluft	18.7
2021-03-11 09:17:58.0	Ana4 - 4: T.Fortluft	12.8
2021-03-11 09:17:58.0	Ana5 - 5: T.Raum	9999.9
2021-03-11 09:17:58.0	Ana9 - 9: T.Zuluft WRG warm	17.9
2021-03-11 09:18:08.0	Ana1 - 1: T.Au?en	7.6
2021-03-11 09:18:08.0	Ana2 - 2: T.Zuluft	14.9
2021-03-11 09:18:08.0	Ana3 - 3: T.Abluft	18.7
2021-03-11 09:18:08.0	Ana4 - 4: T.Fortluft	12.9
2021-03-11 09:18:08.0	Ana5 - 5: T.Raum	9999.9
2021-03-11 09:18:08.0	Ana9 - 9: T.Zuluft WRG warm	17.9
2021-03-11 09:18:18.0	Ana1 - 1: T.Au?en	7.6
2021-03-11 09:18:18.0	Ana2 - 2: T.Zuluft	14.9
2021-03-11 09:18:18.0	Ana3 - 3: T.Abluft	18.7
2021-03-11 09:18:18.0	Ana4 - 4: T.Fortluft	12.9
2021-03-11 09:18:18.0	Ana5 - 5: T.Raum	9999.9
2021-03-11 09:18:18.0	Ana9 - 9: T.Zuluft WRG warm	17.9
2021-03-11 09:18:28.0	Ana1 - 1: T.Au?en	7.6
2021-03-11 09:18:28.0	Ana2 - 2: T.Zuluft	14.9
2021-03-11 09:18:28.0	Ana3 - 3: T.Abluft	18.6
2021-03-11 09:18:28.0	Ana4 - 4: T.Fortluft	12.9
2021-03-11 09:18:28.0	Ana5 - 5: T.Raum	9999.9
2021-03-11 09:18:28.0	Ana9 - 9: T.Zuluft WRG warm	17.9
2021-03-11 09:18:38.0	Ana1 - 1: T.Au?en	7.6
2021-03-11 09:18:38.0	Ana2 - 2: T.Zuluft	14.8
2021-03-11 09:18:38.0	Ana3 - 3: T.Abluft	18.6
2021-03-11 09:18:38.0	Ana4 - 4: T.Fortluft	12.9
2021-03-11 09:18:38.0	Ana5 - 5: T.Raum	9999.9
2021-03-11 09:18:38.0	Ana9 - 9: T.Zuluft WRG warm	17.9
2021-03-11 09:18:48.0	Ana1 - 1: T.Au?en	7.6
2021-03-11 09:18:48.0	Ana2 - 2: T.Zuluft	14.8
2021-03-11 09:18:48.0	Ana3 - 3: T.Abluft	18.6
2021-03-11 09:18:48.0	Ana4 - 4: T.Fortluft	12.9
2021-03-11 09:18:48.0	Ana5 - 5: T.Raum	9999.9
2021-03-11 09:18:48.0	Ana9 - 9: T.Zuluft WRG warm	17.8
2021-03-11 09:18:58.0	Ana1 - 1: T.Au?en	7.5
2021-03-11 09:18:58.0	Ana2 - 2: T.Zuluft	14.8
2021-03-11 09:18:58.0	Ana3 - 3: T.Abluft	18.6
2021-03-11 09:18:58.0	Ana4 - 4: T.Fortluft	12.9
2021-03-11 09:18:58.0	Ana5 - 5: T.Raum	9999.9
2021-03-11 09:18:58.0	Ana9 - 9: T.Zuluft WRG warm	17.8
2021-03-11 09:19:08.0	Ana1 - 1: T.Au?en	7.5
2021-03-11 09:19:08.0	Ana2 - 2: T.Zuluft	14.8
2021-03-11 09:19:08.0	Ana3 - 3: T.Abluft	18.6
2021-03-11 09:19:08.0	Ana4 - 4: T.Fortluft	12.9
2021-03-11 09:19:08.0	Ana5 - 5: T.Raum	9999.9
2021-03-11 09:19:08.0	Ana9 - 9: T.Zuluft WRG warm	17.8
2021-03-11 09:19:18.0	Ana1 - 1: T.Au?en	7.5
2021-03-11 09:19:18.0	Ana2 - 2: T.Zuluft	14.8
2021-03-11 09:19:18.0	Ana3 - 3: T.Abluft	18.6
2021-03-11 09:19:18.0	Ana4 - 4: T.Fortluft	12.9
2021-03-11 09:19:18.0	Ana5 - 5: T.Raum	9999.9
2021-03-11 09:19:18.0	Ana9 - 9: T.Zuluft WRG warm	17.8
2021-03-11 09:19:28.0	Ana1 - 1: T.Au?en	7.6
2021-03-11 09:19:28.0	Ana2 - 2: T.Zuluft	14.8
2021-03-11 09:19:28.0	Ana3 - 3: T.Abluft	18.6
2021-03-11 09:19:28.0	Ana4 - 4: T.Fortluft	12.9
2021-03-11 09:19:28.0	Ana5 - 5: T.Raum	9999.9
2021-03-11 09:19:28.0	Ana9 - 9: T.Zuluft WRG warm	17.8
2021-03-11 09:19:38.0	Ana1 - 1: T.Au?en	7.6
2021-03-11 09:19:38.0	Ana2 - 2: T.Zuluft	14.8
2021-03-11 09:19:38.0	Ana3 - 3: T.Abluft	18.6
2021-03-11 09:19:38.0	Ana4 - 4: T.Fortluft	12.9
2021-03-11 09:19:38.0	Ana5 - 5: T.Raum	9999.9
2021-03-11 09:19:38.0	Ana9 - 9: T.Zuluft WRG warm	17.8
2021-03-11 09:19:48.0	Ana1 - 1: T.Au?en	7.6
2021-03-11 09:19:48.0	Ana2 - 2: T.Zuluft	14.8
2021-03-11 09:19:48.0	Ana3 - 3: T.Abluft	18.6
2021-03-11 09:19:48.0	Ana4 - 4: T.Fortluft	12.9
2021-03-11 09:19:48.0	Ana5 - 5: T.Raum	9999.9
2021-03-11 09:19:48.0	Ana9 - 9: T.Zuluft WRG warm	17.8
2021-03-11 09:19:58.0	Ana1 - 1: T.Au?en	7.6
2021-03-11 09:19:58.0	Ana2 - 2: T.Zuluft	14.8
2021-03-11 09:19:58.0	Ana3 - 3: T.Abluft	18.6
2021-03-11 09:19:58.0	Ana4 - 4: T.Fortluft	12.9
2021-03-11 09:19:58.0	Ana5 - 5: T.Raum	9999.9
2021-03-11 09:19:58.0	Ana9 - 9: T.Zuluft WRG warm	17.8
2021-03-11 09:20:08.0	Ana1 - 1: T.Au?en	7.7
2021-03-11 09:20:08.0	Ana2 - 2: T.Zuluft	14.8
2021-03-11 09:20:08.0	Ana3 - 3: T.Abluft	18.5
2021-03-11 09:20:08.0	Ana4 - 4: T.Fortluft	12.9
2021-03-11 09:20:08.0	Ana5 - 5: T.Raum	9999.9
2021-03-11 09:20:08.0	Ana9 - 9: T.Zuluft WRG warm	17.8
2021-03-11 09:20:18.0	Ana1 - 1: T.Au?en	7.7
2021-03-11 09:20:18.0	Ana2 - 2: T.Zuluft	14.8
2021-03-11 09:20:18.0	Ana3 - 3: T.Abluft	18.5
2021-03-11 09:20:18.0	Ana4 - 4: T.Fortluft	12.9
2021-03-11 09:20:18.0	Ana5 - 5: T.Raum	9999.9
2021-03-11 09:20:18.0	Ana9 - 9: T.Zuluft WRG warm	17.8
2021-03-11 09:20:28.0	Ana1 - 1: T.Au?en	7.6
2021-03-11 09:20:28.0	Ana2 - 2: T.Zuluft	14.8
2021-03-11 09:20:28.0	Ana3 - 3: T.Abluft	18.5
2021-03-11 09:20:28.0	Ana4 - 4: T.Fortluft	12.9
2021-03-11 09:20:28.0	Ana5 - 5: T.Raum	9999.9
2021-03-11 09:20:28.0	Ana9 - 9: T.Zuluft WRG warm	17.8
2021-03-11 09:20:38.0	Ana1 - 1: T.Au?en	7.6
2021-03-11 09:20:38.0	Ana2 - 2: T.Zuluft	14.8
2021-03-11 09:20:38.0	Ana3 - 3: T.Abluft	18.5
2021-03-11 09:20:38.0	Ana4 - 4: T.Fortluft	12.9
2021-03-11 09:20:38.0	Ana5 - 5: T.Raum	9999.9
2021-03-11 09:20:38.0	Ana9 - 9: T.Zuluft WRG warm	17.8
2021-03-11 09:20:48.0	Ana1 - 1: T.Au?en	7.7
2021-03-11 09:20:48.0	Ana2 - 2: T.Zuluft	14.8
2021-03-11 09:20:48.0	Ana3 - 3: T.Abluft	18.5
2021-03-11 09:20:48.0	Ana4 - 4: T.Fortluft	12.9
2021-03-11 09:20:48.0	Ana5 - 5: T.Raum	9999.9
2021-03-11 09:20:48.0	Ana9 - 9: T.Zuluft WRG warm	17.8
2021-03-11 09:20:58.0	Ana1 - 1: T.Au?en	7.7
2021-03-11 09:20:58.0	Ana2 - 2: T.Zuluft	14.8
2021-03-11 09:20:58.0	Ana3 - 3: T.Abluft	18.5
2021-03-11 09:20:58.0	Ana4 - 4: T.Fortluft	12.9
2021-03-11 09:20:58.0	Ana5 - 5: T.Raum	9999.9
2021-03-11 09:20:58.0	Ana9 - 9: T.Zuluft WRG warm	17.7
2021-03-11 09:21:08.0	Ana1 - 1: T.Au?en	7.7
2021-03-11 09:21:08.0	Ana2 - 2: T.Zuluft	14.8
2021-03-11 09:21:08.0	Ana3 - 3: T.Abluft	18.5
2021-03-11 09:21:08.0	Ana4 - 4: T.Fortluft	12.9
2021-03-11 09:21:08.0	Ana5 - 5: T.Raum	9999.9
2021-03-11 09:21:08.0	Ana9 - 9: T.Zuluft WRG warm	17.7
2021-03-11 09:21:18.0	Ana1 - 1: T.Au?en	7.6
2021-03-11 09:21:18.0	Ana2 - 2: T.Zuluft	14.8
2021-03-11 09:21:18.0	Ana3 - 3: T.Abluft	18.5
2021-03-11 09:21:18.0	Ana4 - 4: T.Fortluft	12.9
2021-03-11 09:21:18.0	Ana5 - 5: T.Raum	9999.9
2021-03-11 09:21:18.0	Ana9 - 9: T.Zuluft WRG warm	17.7
2021-03-11 09:21:28.0	Ana1 - 1: T.Au?en	7.6
2021-03-11 09:21:28.0	Ana2 - 2: T.Zuluft	14.8
2021-03-11 09:21:28.0	Ana3 - 3: T.Abluft	18.5
2021-03-11 09:21:28.0	Ana4 - 4: T.Fortluft	12.9
2021-03-11 09:21:28.0	Ana5 - 5: T.Raum	9999.9
2021-03-11 09:21:28.0	Ana9 - 9: T.Zuluft WRG warm	17.7
2021-03-11 09:21:38.0	Ana1 - 1: T.Au?en	7.6
2021-03-11 09:21:38.0	Ana2 - 2: T.Zuluft	14.8
2021-03-11 09:21:38.0	Ana3 - 3: T.Abluft	18.5
2021-03-11 09:21:38.0	Ana4 - 4: T.Fortluft	12.9
2021-03-11 09:21:38.0	Ana5 - 5: T.Raum	9999.9
2021-03-11 09:21:38.0	Ana9 - 9: T.Zuluft WRG warm	17.7
2021-03-11 09:21:48.0	Ana1 - 1: T.Au?en	7.6
2021-03-11 09:21:48.0	Ana2 - 2: T.Zuluft	14.8
2021-03-11 09:21:48.0	Ana3 - 3: T.Abluft	18.5
2021-03-11 09:21:48.0	Ana4 - 4: T.Fortluft	12.9
2021-03-11 09:21:48.0	Ana5 - 5: T.Raum	9999.9
2021-03-11 09:21:48.0	Ana9 - 9: T.Zuluft WRG warm	17.7
2021-03-11 09:21:58.0	Ana1 - 1: T.Au?en	7.7
2021-03-11 09:21:58.0	Ana2 - 2: T.Zuluft	14.8
2021-03-11 09:21:58.0	Ana3 - 3: T.Abluft	18.4
2021-03-11 09:21:58.0	Ana4 - 4: T.Fortluft	12.9
2021-03-11 09:21:58.0	Ana5 - 5: T.Raum	9999.9
2021-03-11 09:21:58.0	Ana9 - 9: T.Zuluft WRG warm	17.7
2021-03-11 09:22:08.0	Ana1 - 1: T.Au?en	7.6
2021-03-11 09:22:08.0	Ana2 - 2: T.Zuluft	14.8
2021-03-11 09:22:08.0	Ana3 - 3: T.Abluft	18.4
2021-03-11 09:22:08.0	Ana4 - 4: T.Fortluft	12.9
2021-03-11 09:22:08.0	Ana5 - 5: T.Raum	9999.9
2021-03-11 09:22:08.0	Ana9 - 9: T.Zuluft WRG warm	17.7
2021-03-11 09:22:18.0	Ana1 - 1: T.Au?en	7.6
2021-03-11 09:22:18.0	Ana2 - 2: T.Zuluft	14.8
2021-03-11 09:22:18.0	Ana3 - 3: T.Abluft	18.4
2021-03-11 09:22:18.0	Ana4 - 4: T.Fortluft	12.9
2021-03-11 09:22:18.0	Ana5 - 5: T.Raum	9999.9
2021-03-11 09:22:18.0	Ana9 - 9: T.Zuluft WRG warm	17.7
2021-03-11 09:22:28.0	Ana1 - 1: T.Au?en	7.6
2021-03-11 09:22:28.0	Ana2 - 2: T.Zuluft	14.8
2021-03-11 09:22:28.0	Ana3 - 3: T.Abluft	18.4
2021-03-11 09:22:28.0	Ana4 - 4: T.Fortluft	12.9
2021-03-11 09:22:28.0	Ana5 - 5: T.Raum	9999.9
2021-03-11 09:22:28.0	Ana9 - 9: T.Zuluft WRG warm	17.7
2021-03-11 09:22:38.0	Ana1 - 1: T.Au?en	7.5
2021-03-11 09:22:38.0	Ana2 - 2: T.Zuluft	14.8
2021-03-11 09:22:38.0	Ana3 - 3: T.Abluft	18.4
2021-03-11 09:22:38.0	Ana4 - 4: T.Fortluft	12.9
2021-03-11 09:22:38.0	Ana5 - 5: T.Raum	9999.9
2021-03-11 09:22:38.0	Ana9 - 9: T.Zuluft WRG warm	17.7
2021-03-11 09:22:48.0	Ana1 - 1: T.Au?en	7.5
2021-03-11 09:22:48.0	Ana2 - 2: T.Zuluft	14.8
2021-03-11 09:22:48.0	Ana3 - 3: T.Abluft	18.4
2021-03-11 09:22:48.0	Ana4 - 4: T.Fortluft	12.9
2021-03-11 09:22:48.0	Ana5 - 5: T.Raum	9999.9
2021-03-11 09:22:48.0	Ana9 - 9: T.Zuluft WRG warm	17.7
2021-03-11 09:22:58.0	Ana1 - 1: T.Au?en	7.6
2021-03-11 09:22:58.0	Ana2 - 2: T.Zuluft	14.8
2021-03-11 09:22:58.0	Ana3 - 3: T.Abluft	18.4
2021-03-11 09:22:58.0	Ana4 - 4: T.Fortluft	12.9
2021-03-11 09:22:58.0	Ana5 - 5: T.Raum	9999.9
2021-03-11 09:22:58.0	Ana9 - 9: T.Zuluft WRG warm	17.7
2021-03-11 09:23:08.0	Ana1 - 1: T.Au?en	7.5
2021-03-11 09:23:08.0	Ana2 - 2: T.Zuluft	14.8
2021-03-11 09:23:08.0	Ana3 - 3: T.Abluft	18.4
2021-03-11 09:23:08.0	Ana4 - 4: T.Fortluft	12.9
2021-03-11 09:23:08.0	Ana5 - 5: T.Raum	9999.9
2021-03-11 09:23:08.0	Ana9 - 9: T.Zuluft WRG warm	17.7
2021-03-11 09:23:18.0	Ana1 - 1: T.Au?en	7.5
2021-03-11 09:23:18.0	Ana2 - 2: T.Zuluft	14.8
2021-03-11 09:23:18.0	Ana3 - 3: T.Abluft	18.4
2021-03-11 09:23:18.0	Ana4 - 4: T.Fortluft	13.0
2021-03-11 09:23:18.0	Ana5 - 5: T.Raum	9999.9
2021-03-11 09:23:18.0	Ana9 - 9: T.Zuluft WRG warm	17.6
2021-03-11 09:23:28.0	Ana1 - 1: T.Au?en	7.5
2021-03-11 09:23:28.0	Ana2 - 2: T.Zuluft	14.8
2021-03-11 09:23:28.0	Ana3 - 3: T.Abluft	18.4
2021-03-11 09:23:28.0	Ana4 - 4: T.Fortluft	13.0
2021-03-11 09:23:28.0	Ana5 - 5: T.Raum	9999.9
2021-03-11 09:23:28.0	Ana9 - 9: T.Zuluft WRG warm	17.6
2021-03-11 09:23:38.0	Ana1 - 1: T.Au?en	7.5
2021-03-11 09:23:38.0	Ana2 - 2: T.Zuluft	14.8
2021-03-11 09:23:38.0	Ana3 - 3: T.Abluft	18.4
2021-03-11 09:23:38.0	Ana4 - 4: T.Fortluft	13.0
2021-03-11 09:23:38.0	Ana5 - 5: T.Raum	9999.9
2021-03-11 09:23:38.0	Ana9 - 9: T.Zuluft WRG warm	17.6
2021-03-11 09:23:48.0	Ana1 - 1: T.Au?en	7.5
2021-03-11 09:23:48.0	Ana2 - 2: T.Zuluft	14.8
2021-03-11 09:23:48.0	Ana3 - 3: T.Abluft	18.4
2021-03-11 09:23:48.0	Ana4 - 4: T.Fortluft	13.0
2021-03-11 09:23:48.0	Ana5 - 5: T.Raum	9999.9
2021-03-11 09:23:48.0	Ana9 - 9: T.Zuluft WRG warm	17.6
2021-03-11 09:23:58.0	Ana1 - 1: T.Au?en	7.5
2021-03-11 09:23:58.0	Ana2 - 2: T.Zuluft	14.8
2021-03-11 09:23:58.0	Ana3 - 3: T.Abluft	18.4
2021-03-11 09:23:58.0	Ana4 - 4: T.Fortluft	13.0
2021-03-11 09:23:58.0	Ana5 - 5: T.Raum	9999.9
2021-03-11 09:23:58.0	Ana9 - 9: T.Zuluft WRG warm	17.6
2021-03-11 09:24:08.0	Ana1 - 1: T.Au?en	7.5
2021-03-11 09:24:08.0	Ana2 - 2: T.Zuluft	14.8
2021-03-11 09:24:08.0	Ana3 - 3: T.Abluft	18.3
2021-03-11 09:24:08.0	Ana4 - 4: T.Fortluft	13.0
2021-03-11 09:24:08.0	Ana5 - 5: T.Raum	9999.9
2021-03-11 09:24:08.0	Ana9 - 9: T.Zuluft WRG warm	17.6
2021-03-11 09:24:18.0	Ana1 - 1: T.Au?en	7.5
2021-03-11 09:24:18.0	Ana2 - 2: T.Zuluft	14.8
2021-03-11 09:24:18.0	Ana3 - 3: T.Abluft	18.3
2021-03-11 09:24:18.0	Ana4 - 4: T.Fortluft	13.0
2021-03-11 09:24:18.0	Ana5 - 5: T.Raum	9999.9
2021-03-11 09:24:18.0	Ana9 - 9: T.Zuluft WRG warm	17.6
2021-03-11 09:24:28.0	Ana1 - 1: T.Au?en	7.5
2021-03-11 09:24:28.0	Ana2 - 2: T.Zuluft	14.8
2021-03-11 09:24:28.0	Ana3 - 3: T.Abluft	18.3
2021-03-11 09:24:28.0	Ana4 - 4: T.Fortluft	13.0
2021-03-11 09:24:28.0	Ana5 - 5: T.Raum	9999.9
2021-03-11 09:24:28.0	Ana9 - 9: T.Zuluft WRG warm	17.6
2021-03-11 09:24:38.0	Ana1 - 1: T.Au?en	7.5
2021-03-11 09:24:38.0	Ana2 - 2: T.Zuluft	14.8
2021-03-11 09:24:38.0	Ana3 - 3: T.Abluft	18.3
2021-03-11 09:24:38.0	Ana4 - 4: T.Fortluft	13.0
2021-03-11 09:24:38.0	Ana5 - 5: T.Raum	9999.9
2021-03-11 09:24:38.0	Ana9 - 9: T.Zuluft WRG warm	17.6
2021-03-11 09:24:48.0	Ana1 - 1: T.Au?en	7.5
2021-03-11 09:24:48.0	Ana2 - 2: T.Zuluft	14.8
2021-03-11 09:24:48.0	Ana3 - 3: T.Abluft	18.3
2021-03-11 09:24:48.0	Ana4 - 4: T.Fortluft	13.0
2021-03-11 09:24:48.0	Ana5 - 5: T.Raum	9999.9
2021-03-11 09:24:48.0	Ana9 - 9: T.Zuluft WRG warm	17.6
2021-03-11 09:24:58.0	Ana1 - 1: T.Au?en	7.5
2021-03-11 09:24:58.0	Ana2 - 2: T.Zuluft	14.8
2021-03-11 09:24:58.0	Ana3 - 3: T.Abluft	18.3
2021-03-11 09:24:58.0	Ana4 - 4: T.Fortluft	13.0
2021-03-11 09:24:58.0	Ana5 - 5: T.Raum	9999.9
2021-03-11 09:24:58.0	Ana9 - 9: T.Zuluft WRG warm	17.6
2021-03-11 09:25:08.0	Ana1 - 1: T.Au?en	7.5
2021-03-11 09:25:08.0	Ana2 - 2: T.Zuluft	14.8
2021-03-11 09:25:08.0	Ana3 - 3: T.Abluft	18.3
2021-03-11 09:25:08.0	Ana4 - 4: T.Fortluft	13.0
2021-03-11 09:25:08.0	Ana5 - 5: T.Raum	9999.9
2021-03-11 09:25:08.0	Ana9 - 9: T.Zuluft WRG warm	17.6
2021-03-11 09:25:18.0	Ana1 - 1: T.Au?en	7.5
2021-03-11 09:25:18.0	Ana2 - 2: T.Zuluft	14.8
2021-03-11 09:25:18.0	Ana3 - 3: T.Abluft	18.3
2021-03-11 09:25:18.0	Ana4 - 4: T.Fortluft	13.0
2021-03-11 09:25:18.0	Ana5 - 5: T.Raum	9999.9
2021-03-11 09:25:18.0	Ana9 - 9: T.Zuluft WRG warm	17.6
2021-03-11 09:25:28.0	Ana1 - 1: T.Au?en	7.6
2021-03-11 09:25:28.0	Ana2 - 2: T.Zuluft	14.8
2021-03-11 09:25:28.0	Ana3 - 3: T.Abluft	18.3
2021-03-11 09:25:28.0	Ana4 - 4: T.Fortluft	13.0
2021-03-11 09:25:28.0	Ana5 - 5: T.Raum	9999.9
2021-03-11 09:25:28.0	Ana9 - 9: T.Zuluft WRG warm	17.6
2021-03-11 09:25:38.0	Ana1 - 1: T.Au?en	7.6
2021-03-11 09:25:38.0	Ana2 - 2: T.Zuluft	14.8
2021-03-11 09:25:38.0	Ana3 - 3: T.Abluft	18.3
2021-03-11 09:25:38.0	Ana4 - 4: T.Fortluft	13.0
2021-03-11 09:25:38.0	Ana5 - 5: T.Raum	9999.9
2021-03-11 09:25:38.0	Ana9 - 9: T.Zuluft WRG warm	17.6
2021-03-11 09:25:48.0	Ana1 - 1: T.Au?en	7.6
2021-03-11 09:25:48.0	Ana2 - 2: T.Zuluft	14.8
2021-03-11 09:25:48.0	Ana3 - 3: T.Abluft	18.2
2021-03-11 09:25:48.0	Ana4 - 4: T.Fortluft	13.0
2021-03-11 09:25:48.0	Ana5 - 5: T.Raum	9999.9
2021-03-11 09:25:48.0	Ana9 - 9: T.Zuluft WRG warm	17.6
2021-03-11 09:25:58.0	Ana1 - 1: T.Au?en	7.7
2021-03-11 09:25:58.0	Ana2 - 2: T.Zuluft	14.8
2021-03-11 09:25:58.0	Ana3 - 3: T.Abluft	18.2
2021-03-11 09:25:58.0	Ana4 - 4: T.Fortluft	13.0
2021-03-11 09:25:58.0	Ana5 - 5: T.Raum	9999.9
2021-03-11 09:25:58.0	Ana9 - 9: T.Zuluft WRG warm	17.6
2021-03-11 09:26:08.0	Ana1 - 1: T.Au?en	7.8
2021-03-11 09:26:08.0	Ana2 - 2: T.Zuluft	14.8
2021-03-11 09:26:08.0	Ana3 - 3: T.Abluft	18.2
2021-03-11 09:26:08.0	Ana4 - 4: T.Fortluft	13.0
2021-03-11 09:26:08.0	Ana5 - 5: T.Raum	9999.9
2021-03-11 09:26:08.0	Ana9 - 9: T.Zuluft WRG warm	17.5
2021-03-11 09:26:18.0	Ana1 - 1: T.Au?en	7.9
2021-03-11 09:26:18.0	Ana2 - 2: T.Zuluft	14.8
2021-03-11 09:26:18.0	Ana3 - 3: T.Abluft	18.2
2021-03-11 09:26:18.0	Ana4 - 4: T.Fortluft	13.0
2021-03-11 09:26:18.0	Ana5 - 5: T.Raum	9999.9
2021-03-11 09:26:18.0	Ana9 - 9: T.Zuluft WRG warm	17.5
2021-03-11 09:26:28.0	Ana1 - 1: T.Au?en	8.0
2021-03-11 09:26:28.0	Ana2 - 2: T.Zuluft	14.8
2021-03-11 09:26:28.0	Ana3 - 3: T.Abluft	18.2
2021-03-11 09:26:28.0	Ana4 - 4: T.Fortluft	13.0
2021-03-11 09:26:28.0	Ana5 - 5: T.Raum	9999.9
2021-03-11 09:26:28.0	Ana9 - 9: T.Zuluft WRG warm	17.5
2021-03-11 09:26:38.0	Ana1 - 1: T.Au?en	8.1
2021-03-11 09:26:38.0	Ana2 - 2: T.Zuluft	14.8
2021-03-11 09:26:38.0	Ana3 - 3: T.Abluft	18.2
2021-03-11 09:26:38.0	Ana4 - 4: T.Fortluft	13.0
2021-03-11 09:26:38.0	Ana5 - 5: T.Raum	9999.9
2021-03-11 09:26:38.0	Ana9 - 9: T.Zuluft WRG warm	17.5
2021-03-11 09:26:48.0	Ana1 - 1: T.Au?en	8.1
2021-03-11 09:26:48.0	Ana2 - 2: T.Zuluft	14.8
2021-03-11 09:26:48.0	Ana3 - 3: T.Abluft	18.2
2021-03-11 09:26:48.0	Ana4 - 4: T.Fortluft	13.0
2021-03-11 09:26:48.0	Ana5 - 5: T.Raum	9999.9
2021-03-11 09:26:48.0	Ana9 - 9: T.Zuluft WRG warm	17.5
2021-03-11 09:26:58.0	Ana1 - 1: T.Au?en	8.2
2021-03-11 09:26:58.0	Ana2 - 2: T.Zuluft	14.8
2021-03-11 09:26:58.0	Ana3 - 3: T.Abluft	18.2
2021-03-11 09:26:58.0	Ana4 - 4: T.Fortluft	13.0
2021-03-11 09:26:58.0	Ana5 - 5: T.Raum	9999.9
2021-03-11 09:26:58.0	Ana9 - 9: T.Zuluft WRG warm	17.5
2021-03-11 09:27:08.0	Ana1 - 1: T.Au?en	8.2
2021-03-11 09:27:08.0	Ana2 - 2: T.Zuluft	14.8
2021-03-11 09:27:08.0	Ana3 - 3: T.Abluft	18.2
2021-03-11 09:27:08.0	Ana4 - 4: T.Fortluft	13.0
2021-03-11 09:27:08.0	Ana5 - 5: T.Raum	9999.9
2021-03-11 09:27:08.0	Ana9 - 9: T.Zuluft WRG warm	17.5
2021-03-11 09:27:18.0	Ana1 - 1: T.Au?en	8.1
2021-03-11 09:27:18.0	Ana2 - 2: T.Zuluft	14.7
2021-03-11 09:27:18.0	Ana3 - 3: T.Abluft	18.2
2021-03-11 09:27:18.0	Ana4 - 4: T.Fortluft	13.0
2021-03-11 09:27:18.0	Ana5 - 5: T.Raum	9999.9
2021-03-11 09:27:18.0	Ana9 - 9: T.Zuluft WRG warm	17.5
2021-03-11 09:27:28.0	Ana1 - 1: T.Au?en	8.0
2021-03-11 09:27:28.0	Ana2 - 2: T.Zuluft	14.7
2021-03-11 09:27:28.0	Ana3 - 3: T.Abluft	18.2
2021-03-11 09:27:28.0	Ana4 - 4: T.Fortluft	13.0
2021-03-11 09:27:28.0	Ana5 - 5: T.Raum	9999.9
2021-03-11 09:27:28.0	Ana9 - 9: T.Zuluft WRG warm	17.5
2021-03-11 09:27:38.0	Ana1 - 1: T.Au?en	8.0
2021-03-11 09:27:38.0	Ana2 - 2: T.Zuluft	14.7
2021-03-11 09:27:38.0	Ana3 - 3: T.Abluft	18.2
2021-03-11 09:27:38.0	Ana4 - 4: T.Fortluft	13.0
2021-03-11 09:27:38.0	Ana5 - 5: T.Raum	9999.9
2021-03-11 09:27:38.0	Ana9 - 9: T.Zuluft WRG warm	17.5
2021-03-11 09:27:48.0	Ana1 - 1: T.Au?en	8.0
2021-03-11 09:27:48.0	Ana2 - 2: T.Zuluft	14.7
2021-03-11 09:27:48.0	Ana3 - 3: T.Abluft	18.2
2021-03-11 09:27:48.0	Ana4 - 4: T.Fortluft	13.0
2021-03-11 09:27:48.0	Ana5 - 5: T.Raum	9999.9
2021-03-11 09:27:48.0	Ana9 - 9: T.Zuluft WRG warm	17.5
2021-03-11 09:27:58.0	Ana1 - 1: T.Au?en	8.0
2021-03-11 09:27:58.0	Ana2 - 2: T.Zuluft	14.7
2021-03-11 09:27:58.0	Ana3 - 3: T.Abluft	18.2
2021-03-11 09:27:58.0	Ana4 - 4: T.Fortluft	13.0
2021-03-11 09:27:58.0	Ana5 - 5: T.Raum	9999.9
2021-03-11 09:27:58.0	Ana9 - 9: T.Zuluft WRG warm	17.5
2021-03-11 09:28:08.0	Ana1 - 1: T.Au?en	8.0
2021-03-11 09:28:08.0	Ana2 - 2: T.Zuluft	14.7
2021-03-11 09:28:08.0	Ana3 - 3: T.Abluft	18.1
2021-03-11 09:28:08.0	Ana4 - 4: T.Fortluft	13.0
2021-03-11 09:28:08.0	Ana5 - 5: T.Raum	9999.9
2021-03-11 09:28:08.0	Ana9 - 9: T.Zuluft WRG warm	17.5
2021-03-11 09:28:18.0	Ana1 - 1: T.Au?en	8.1
2021-03-11 09:28:18.0	Ana2 - 2: T.Zuluft	14.7
2021-03-11 09:28:18.0	Ana3 - 3: T.Abluft	18.2
2021-03-11 09:28:18.0	Ana4 - 4: T.Fortluft	13.0
2021-03-11 09:28:18.0	Ana5 - 5: T.Raum	9999.9
2021-03-11 09:28:18.0	Ana9 - 9: T.Zuluft WRG warm	17.5
2021-03-11 09:28:28.0	Ana1 - 1: T.Au?en	8.0
2021-03-11 09:28:28.0	Ana2 - 2: T.Zuluft	14.7
2021-03-11 09:28:28.0	Ana3 - 3: T.Abluft	18.1
2021-03-11 09:28:28.0	Ana4 - 4: T.Fortluft	13.0
2021-03-11 09:28:28.0	Ana5 - 5: T.Raum	9999.9
2021-03-11 09:28:28.0	Ana9 - 9: T.Zuluft WRG warm	17.5
2021-03-11 09:28:38.0	Ana1 - 1: T.Au?en	8.0
2021-03-11 09:28:38.0	Ana2 - 2: T.Zuluft	14.7
2021-03-11 09:28:38.0	Ana3 - 3: T.Abluft	18.1
2021-03-11 09:28:38.0	Ana4 - 4: T.Fortluft	13.0
2021-03-11 09:28:38.0	Ana5 - 5: T.Raum	9999.9
2021-03-11 09:28:38.0	Ana9 - 9: T.Zuluft WRG warm	17.4
2021-03-11 09:28:48.0	Ana1 - 1: T.Au?en	8.0
2021-03-11 09:28:48.0	Ana2 - 2: T.Zuluft	14.7
2021-03-11 09:28:48.0	Ana3 - 3: T.Abluft	18.1
2021-03-11 09:28:48.0	Ana4 - 4: T.Fortluft	13.0
2021-03-11 09:28:48.0	Ana5 - 5: T.Raum	9999.9
2021-03-11 09:28:48.0	Ana9 - 9: T.Zuluft WRG warm	17.4
2021-03-11 09:28:58.0	Ana1 - 1: T.Au?en	8.0
2021-03-11 09:28:58.0	Ana2 - 2: T.Zuluft	14.7
2021-03-11 09:28:58.0	Ana3 - 3: T.Abluft	18.1
2021-03-11 09:28:58.0	Ana4 - 4: T.Fortluft	13.0
2021-03-11 09:28:58.0	Ana5 - 5: T.Raum	9999.9
2021-03-11 09:28:58.0	Ana9 - 9: T.Zuluft WRG warm	17.4
2021-03-11 09:29:08.0	Ana1 - 1: T.Au?en	7.9
2021-03-11 09:29:08.0	Ana2 - 2: T.Zuluft	14.7
2021-03-11 09:29:08.0	Ana3 - 3: T.Abluft	18.1
2021-03-11 09:29:08.0	Ana4 - 4: T.Fortluft	13.0
2021-03-11 09:29:08.0	Ana5 - 5: T.Raum	9999.9
2021-03-11 09:29:08.0	Ana9 - 9: T.Zuluft WRG warm	17.4
2021-03-11 09:29:18.0	Ana1 - 1: T.Au?en	7.9
2021-03-11 09:29:18.0	Ana2 - 2: T.Zuluft	14.7
2021-03-11 09:29:18.0	Ana3 - 3: T.Abluft	18.1
2021-03-11 09:29:18.0	Ana4 - 4: T.Fortluft	13.0
2021-03-11 09:29:18.0	Ana5 - 5: T.Raum	9999.9
2021-03-11 09:29:18.0	Ana9 - 9: T.Zuluft WRG warm	17.4
2021-03-11 09:29:28.0	Ana1 - 1: T.Au?en	7.9
2021-03-11 09:29:28.0	Ana2 - 2: T.Zuluft	14.7
2021-03-11 09:29:28.0	Ana3 - 3: T.Abluft	18.1
2021-03-11 09:29:28.0	Ana4 - 4: T.Fortluft	13.0
2021-03-11 09:29:28.0	Ana5 - 5: T.Raum	9999.9
2021-03-11 09:29:28.0	Ana9 - 9: T.Zuluft WRG warm	17.4
2021-03-11 09:29:38.0	Ana1 - 1: T.Au?en	7.9
2021-03-11 09:29:38.0	Ana2 - 2: T.Zuluft	14.7
2021-03-11 09:29:38.0	Ana3 - 3: T.Abluft	18.1
2021-03-11 09:29:38.0	Ana4 - 4: T.Fortluft	13.0
2021-03-11 09:29:38.0	Ana5 - 5: T.Raum	9999.9
2021-03-11 09:29:38.0	Ana9 - 9: T.Zuluft WRG warm	17.4
2021-03-11 09:29:48.0	Ana1 - 1: T.Au?en	7.8
2021-03-11 09:29:48.0	Ana2 - 2: T.Zuluft	14.7
2021-03-11 09:29:48.0	Ana3 - 3: T.Abluft	18.1
2021-03-11 09:29:48.0	Ana4 - 4: T.Fortluft	13.0
2021-03-11 09:29:48.0	Ana5 - 5: T.Raum	9999.9
2021-03-11 09:29:48.0	Ana9 - 9: T.Zuluft WRG warm	17.4
2021-03-11 09:29:58.0	Ana1 - 1: T.Au?en	8.0
2021-03-11 09:29:58.0	Ana2 - 2: T.Zuluft	14.7
2021-03-11 09:29:58.0	Ana3 - 3: T.Abluft	18.1
2021-03-11 09:29:58.0	Ana4 - 4: T.Fortluft	13.0
2021-03-11 09:29:58.0	Ana5 - 5: T.Raum	9999.9
2021-03-11 09:29:58.0	Ana9 - 9: T.Zuluft WRG warm	17.4
2021-03-11 09:30:08.0	Ana1 - 1: T.Au?en	7.9
2021-03-11 09:30:08.0	Ana2 - 2: T.Zuluft	14.7
2021-03-11 09:30:08.0	Ana3 - 3: T.Abluft	18.1
2021-03-11 09:30:08.0	Ana4 - 4: T.Fortluft	13.0
2021-03-11 09:30:08.0	Ana5 - 5: T.Raum	9999.9
2021-03-11 09:30:08.0	Ana9 - 9: T.Zuluft WRG warm	17.4
2021-03-11 09:30:18.0	Ana1 - 1: T.Au?en	7.9
2021-03-11 09:30:18.0	Ana2 - 2: T.Zuluft	14.7
2021-03-11 09:30:18.0	Ana3 - 3: T.Abluft	18.1
2021-03-11 09:30:18.0	Ana4 - 4: T.Fortluft	13.0
2021-03-11 09:30:18.0	Ana5 - 5: T.Raum	9999.9
2021-03-11 09:30:18.0	Ana9 - 9: T.Zuluft WRG warm	17.4
2021-03-11 09:30:28.0	Ana1 - 1: T.Au?en	7.9
2021-03-11 09:30:28.0	Ana2 - 2: T.Zuluft	14.7
2021-03-11 09:30:28.0	Ana3 - 3: T.Abluft	18.1
2021-03-11 09:30:28.0	Ana4 - 4: T.Fortluft	13.0
2021-03-11 09:30:28.0	Ana5 - 5: T.Raum	9999.9
2021-03-11 09:30:28.0	Ana9 - 9: T.Zuluft WRG warm	17.4
2021-03-11 09:30:38.0	Ana1 - 1: T.Au?en	7.9
2021-03-11 09:30:38.0	Ana2 - 2: T.Zuluft	14.7
2021-03-11 09:30:38.0	Ana3 - 3: T.Abluft	18.1
2021-03-11 09:30:38.0	Ana4 - 4: T.Fortluft	13.0
2021-03-11 09:30:38.0	Ana5 - 5: T.Raum	9999.9
2021-03-11 09:30:38.0	Ana9 - 9: T.Zuluft WRG warm	17.4
2021-03-11 09:30:48.0	Ana1 - 1: T.Au?en	7.9
2021-03-11 09:30:48.0	Ana2 - 2: T.Zuluft	14.7
2021-03-11 09:30:48.0	Ana3 - 3: T.Abluft	18.1
2021-03-11 09:30:48.0	Ana4 - 4: T.Fortluft	13.0
2021-03-11 09:30:48.0	Ana5 - 5: T.Raum	9999.9
2021-03-11 09:30:48.0	Ana9 - 9: T.Zuluft WRG warm	17.4
2021-03-11 09:30:58.0	Ana1 - 1: T.Au?en	7.8
2021-03-11 09:30:58.0	Ana2 - 2: T.Zuluft	14.7
2021-03-11 09:30:58.0	Ana3 - 3: T.Abluft	18.1
2021-03-11 09:30:58.0	Ana4 - 4: T.Fortluft	13.0
2021-03-11 09:30:58.0	Ana5 - 5: T.Raum	9999.9
2021-03-11 09:30:58.0	Ana9 - 9: T.Zuluft WRG warm	17.4
2021-03-11 09:31:08.0	Ana1 - 1: T.Au?en	7.8
2021-03-11 09:31:08.0	Ana2 - 2: T.Zuluft	14.7
2021-03-11 09:31:08.0	Ana3 - 3: T.Abluft	18.1
2021-03-11 09:31:08.0	Ana4 - 4: T.Fortluft	13.0
2021-03-11 09:31:08.0	Ana5 - 5: T.Raum	9999.9
2021-03-11 09:31:08.0	Ana9 - 9: T.Zuluft WRG warm	17.4
2021-03-11 09:31:18.0	Ana1 - 1: T.Au?en	7.8
2021-03-11 09:31:18.0	Ana2 - 2: T.Zuluft	14.7
2021-03-11 09:31:18.0	Ana3 - 3: T.Abluft	18.0
2021-03-11 09:31:18.0	Ana4 - 4: T.Fortluft	13.0
2021-03-11 09:31:18.0	Ana5 - 5: T.Raum	9999.9
2021-03-11 09:31:18.0	Ana9 - 9: T.Zuluft WRG warm	17.4
2021-03-11 09:31:28.0	Ana1 - 1: T.Au?en	7.9
2021-03-11 09:31:28.0	Ana2 - 2: T.Zuluft	14.7
2021-03-11 09:31:28.0	Ana3 - 3: T.Abluft	18.0
2021-03-11 09:31:28.0	Ana4 - 4: T.Fortluft	13.0
2021-03-11 09:31:28.0	Ana5 - 5: T.Raum	9999.9
2021-03-11 09:31:28.0	Ana9 - 9: T.Zuluft WRG warm	17.4
2021-03-11 09:31:38.0	Ana1 - 1: T.Au?en	7.8
2021-03-11 09:31:38.0	Ana2 - 2: T.Zuluft	14.7
2021-03-11 09:31:38.0	Ana3 - 3: T.Abluft	18.0
2021-03-11 09:31:38.0	Ana4 - 4: T.Fortluft	13.0
2021-03-11 09:31:38.0	Ana5 - 5: T.Raum	9999.9
2021-03-11 09:31:38.0	Ana9 - 9: T.Zuluft WRG warm	17.4
2021-03-11 09:31:48.0	Ana1 - 1: T.Au?en	7.8
2021-03-11 09:31:48.0	Ana2 - 2: T.Zuluft	14.7
2021-03-11 09:31:48.0	Ana3 - 3: T.Abluft	18.0
2021-03-11 09:31:48.0	Ana4 - 4: T.Fortluft	13.0
2021-03-11 09:31:48.0	Ana5 - 5: T.Raum	9999.9
2021-03-11 09:31:48.0	Ana9 - 9: T.Zuluft WRG warm	17.4
2021-03-11 09:31:58.0	Ana1 - 1: T.Au?en	7.8
2021-03-11 09:31:58.0	Ana2 - 2: T.Zuluft	14.7
2021-03-11 09:31:58.0	Ana3 - 3: T.Abluft	18.0
2021-03-11 09:31:58.0	Ana4 - 4: T.Fortluft	13.0
2021-03-11 09:31:58.0	Ana5 - 5: T.Raum	9999.9
2021-03-11 09:31:58.0	Ana9 - 9: T.Zuluft WRG warm	17.4
2021-03-11 09:32:08.0	Ana1 - 1: T.Au?en	7.9
2021-03-11 09:32:08.0	Ana2 - 2: T.Zuluft	14.7
2021-03-11 09:32:08.0	Ana3 - 3: T.Abluft	18.0
2021-03-11 09:32:08.0	Ana4 - 4: T.Fortluft	13.0
2021-03-11 09:32:08.0	Ana5 - 5: T.Raum	9999.9
2021-03-11 09:32:08.0	Ana9 - 9: T.Zuluft WRG warm	17.4
2021-03-11 09:32:18.0	Ana1 - 1: T.Au?en	7.9
2021-03-11 09:32:18.0	Ana2 - 2: T.Zuluft	14.7
2021-03-11 09:32:18.0	Ana3 - 3: T.Abluft	18.0
2021-03-11 09:32:18.0	Ana4 - 4: T.Fortluft	13.0
2021-03-11 09:32:18.0	Ana5 - 5: T.Raum	9999.9
2021-03-11 09:32:18.0	Ana9 - 9: T.Zuluft WRG warm	17.4
2021-03-11 09:32:28.0	Ana1 - 1: T.Au?en	7.9
2021-03-11 09:32:28.0	Ana2 - 2: T.Zuluft	14.7
2021-03-11 09:32:28.0	Ana3 - 3: T.Abluft	18.0
2021-03-11 09:32:28.0	Ana4 - 4: T.Fortluft	13.0
2021-03-11 09:32:28.0	Ana5 - 5: T.Raum	9999.9
2021-03-11 09:32:28.0	Ana9 - 9: T.Zuluft WRG warm	17.4
2021-03-11 09:32:38.0	Ana1 - 1: T.Au?en	7.9
2021-03-11 09:32:38.0	Ana2 - 2: T.Zuluft	14.7
2021-03-11 09:32:38.0	Ana3 - 3: T.Abluft	18.0
2021-03-11 09:32:38.0	Ana4 - 4: T.Fortluft	13.0
2021-03-11 09:32:38.0	Ana5 - 5: T.Raum	9999.9
2021-03-11 09:32:38.0	Ana9 - 9: T.Zuluft WRG warm	17.4
2021-03-11 09:32:48.0	Ana1 - 1: T.Au?en	7.9
2021-03-11 09:32:48.0	Ana2 - 2: T.Zuluft	14.7
2021-03-11 09:32:48.0	Ana3 - 3: T.Abluft	18.0
2021-03-11 09:32:48.0	Ana4 - 4: T.Fortluft	13.0
2021-03-11 09:32:48.0	Ana5 - 5: T.Raum	9999.9
2021-03-11 09:32:48.0	Ana9 - 9: T.Zuluft WRG warm	17.4
2021-03-11 09:32:58.0	Ana1 - 1: T.Au?en	7.8
2021-03-11 09:32:58.0	Ana2 - 2: T.Zuluft	14.7
2021-03-11 09:32:58.0	Ana3 - 3: T.Abluft	18.0
2021-03-11 09:32:58.0	Ana4 - 4: T.Fortluft	13.0
2021-03-11 09:32:58.0	Ana5 - 5: T.Raum	9999.9
2021-03-11 09:32:58.0	Ana9 - 9: T.Zuluft WRG warm	17.4
2021-03-11 09:33:08.0	Ana1 - 1: T.Au?en	7.8
2021-03-11 09:33:08.0	Ana2 - 2: T.Zuluft	14.7
2021-03-11 09:33:08.0	Ana3 - 3: T.Abluft	18.0
2021-03-11 09:33:08.0	Ana4 - 4: T.Fortluft	13.0
2021-03-11 09:33:08.0	Ana5 - 5: T.Raum	9999.9
2021-03-11 09:33:08.0	Ana9 - 9: T.Zuluft WRG warm	17.4
2021-03-11 09:33:18.0	Ana1 - 1: T.Au?en	7.8
2021-03-11 09:33:18.0	Ana2 - 2: T.Zuluft	14.7
2021-03-11 09:33:18.0	Ana3 - 3: T.Abluft	18.0
2021-03-11 09:33:18.0	Ana4 - 4: T.Fortluft	13.0
2021-03-11 09:33:18.0	Ana5 - 5: T.Raum	9999.9
2021-03-11 09:33:18.0	Ana9 - 9: T.Zuluft WRG warm	17.4
2021-03-11 09:33:28.0	Ana1 - 1: T.Au?en	7.7
2021-03-11 09:33:28.0	Ana2 - 2: T.Zuluft	14.7
2021-03-11 09:33:28.0	Ana3 - 3: T.Abluft	18.0
2021-03-11 09:33:28.0	Ana4 - 4: T.Fortluft	13.0
2021-03-11 09:33:28.0	Ana5 - 5: T.Raum	9999.9
2021-03-11 09:33:28.0	Ana9 - 9: T.Zuluft WRG warm	17.4
2021-03-11 09:33:38.0	Ana1 - 1: T.Au?en	7.6
2021-03-11 09:33:38.0	Ana2 - 2: T.Zuluft	14.7
2021-03-11 09:33:38.0	Ana3 - 3: T.Abluft	18.0
2021-03-11 09:33:38.0	Ana4 - 4: T.Fortluft	13.0
2021-03-11 09:33:38.0	Ana5 - 5: T.Raum	9999.9
2021-03-11 09:33:38.0	Ana9 - 9: T.Zuluft WRG warm	17.4
2021-03-11 09:33:48.0	Ana1 - 1: T.Au?en	7.6
2021-03-11 09:33:48.0	Ana2 - 2: T.Zuluft	14.7
2021-03-11 09:33:48.0	Ana3 - 3: T.Abluft	18.0
2021-03-11 09:33:48.0	Ana4 - 4: T.Fortluft	13.0
2021-03-11 09:33:48.0	Ana5 - 5: T.Raum	9999.9
2021-03-11 09:33:48.0	Ana9 - 9: T.Zuluft WRG warm	17.4
2021-03-11 09:33:58.0	Ana1 - 1: T.Au?en	7.7
2021-03-11 09:33:58.0	Ana2 - 2: T.Zuluft	14.7
2021-03-11 09:33:58.0	Ana3 - 3: T.Abluft	18.0
2021-03-11 09:33:58.0	Ana4 - 4: T.Fortluft	13.0
2021-03-11 09:33:58.0	Ana5 - 5: T.Raum	9999.9
2021-03-11 09:33:58.0	Ana9 - 9: T.Zuluft WRG warm	17.3
2021-03-11 09:34:08.0	Ana1 - 1: T.Au?en	7.7
2021-03-11 09:34:08.0	Ana2 - 2: T.Zuluft	14.7
2021-03-11 09:34:08.0	Ana3 - 3: T.Abluft	18.0
2021-03-11 09:34:08.0	Ana4 - 4: T.Fortluft	13.0
2021-03-11 09:34:08.0	Ana5 - 5: T.Raum	9999.9
2021-03-11 09:34:08.0	Ana9 - 9: T.Zuluft WRG warm	17.3
2021-03-11 09:34:18.0	Ana1 - 1: T.Au?en	7.6
2021-03-11 09:34:18.0	Ana2 - 2: T.Zuluft	14.7
2021-03-11 09:34:18.0	Ana3 - 3: T.Abluft	18.0
2021-03-11 09:34:18.0	Ana4 - 4: T.Fortluft	13.0
2021-03-11 09:34:18.0	Ana5 - 5: T.Raum	9999.9
2021-03-11 09:34:18.0	Ana9 - 9: T.Zuluft WRG warm	17.3
2021-03-11 09:34:28.0	Ana1 - 1: T.Au?en	7.6
2021-03-11 09:34:28.0	Ana2 - 2: T.Zuluft	14.7
2021-03-11 09:34:28.0	Ana3 - 3: T.Abluft	18.0
2021-03-11 09:34:28.0	Ana4 - 4: T.Fortluft	13.0
2021-03-11 09:34:28.0	Ana5 - 5: T.Raum	9999.9
2021-03-11 09:34:28.0	Ana9 - 9: T.Zuluft WRG warm	17.3
2021-03-11 09:34:38.0	Ana1 - 1: T.Au?en	7.6
2021-03-11 09:34:38.0	Ana2 - 2: T.Zuluft	14.7
2021-03-11 09:34:38.0	Ana3 - 3: T.Abluft	17.9
2021-03-11 09:34:38.0	Ana4 - 4: T.Fortluft	13.0
2021-03-11 09:34:38.0	Ana5 - 5: T.Raum	9999.9
2021-03-11 09:34:38.0	Ana9 - 9: T.Zuluft WRG warm	17.3
2021-03-11 09:34:48.0	Ana1 - 1: T.Au?en	7.6
2021-03-11 09:34:48.0	Ana2 - 2: T.Zuluft	14.7
2021-03-11 09:34:48.0	Ana3 - 3: T.Abluft	17.9
2021-03-11 09:34:48.0	Ana4 - 4: T.Fortluft	13.0
2021-03-11 09:34:48.0	Ana5 - 5: T.Raum	9999.9
2021-03-11 09:34:48.0	Ana9 - 9: T.Zuluft WRG warm	17.3
2021-03-11 09:34:58.0	Ana1 - 1: T.Au?en	7.6
2021-03-11 09:34:58.0	Ana2 - 2: T.Zuluft	14.7
2021-03-11 09:34:58.0	Ana3 - 3: T.Abluft	17.9
2021-03-11 09:34:58.0	Ana4 - 4: T.Fortluft	13.0
2021-03-11 09:34:58.0	Ana5 - 5: T.Raum	9999.9
2021-03-11 09:34:58.0	Ana9 - 9: T.Zuluft WRG warm	17.3
2021-03-11 09:35:08.0	Ana1 - 1: T.Au?en	7.6
2021-03-11 09:35:08.0	Ana2 - 2: T.Zuluft	14.7
2021-03-11 09:35:08.0	Ana3 - 3: T.Abluft	18.0
2021-03-11 09:35:08.0	Ana4 - 4: T.Fortluft	13.0
2021-03-11 09:35:08.0	Ana5 - 5: T.Raum	9999.9
2021-03-11 09:35:08.0	Ana9 - 9: T.Zuluft WRG warm	17.3
2021-03-11 09:35:18.0	Ana1 - 1: T.Au?en	7.6
2021-03-11 09:35:18.0	Ana2 - 2: T.Zuluft	14.7
2021-03-11 09:35:18.0	Ana3 - 3: T.Abluft	17.9
2021-03-11 09:35:18.0	Ana4 - 4: T.Fortluft	13.0
2021-03-11 09:35:18.0	Ana5 - 5: T.Raum	9999.9
2021-03-11 09:35:18.0	Ana9 - 9: T.Zuluft WRG warm	17.3
2021-03-11 09:35:28.0	Ana1 - 1: T.Au?en	7.7
2021-03-11 09:35:28.0	Ana2 - 2: T.Zuluft	14.7
2021-03-11 09:35:28.0	Ana3 - 3: T.Abluft	18.0
2021-03-11 09:35:28.0	Ana4 - 4: T.Fortluft	13.0
2021-03-11 09:35:28.0	Ana5 - 5: T.Raum	9999.9
2021-03-11 09:35:28.0	Ana9 - 9: T.Zuluft WRG warm	17.3
2021-03-11 09:35:38.0	Ana1 - 1: T.Au?en	7.6
2021-03-11 09:35:38.0	Ana2 - 2: T.Zuluft	14.7
2021-03-11 09:35:38.0	Ana3 - 3: T.Abluft	17.9
2021-03-11 09:35:38.0	Ana4 - 4: T.Fortluft	13.0
2021-03-11 09:35:38.0	Ana5 - 5: T.Raum	9999.9
2021-03-11 09:35:38.0	Ana9 - 9: T.Zuluft WRG warm	17.3
2021-03-11 09:35:48.0	Ana1 - 1: T.Au?en	7.7
2021-03-11 09:35:48.0	Ana2 - 2: T.Zuluft	14.7
2021-03-11 09:35:48.0	Ana3 - 3: T.Abluft	17.9
2021-03-11 09:35:48.0	Ana4 - 4: T.Fortluft	13.0
2021-03-11 09:35:48.0	Ana5 - 5: T.Raum	9999.9
2021-03-11 09:35:48.0	Ana9 - 9: T.Zuluft WRG warm	17.3
2021-03-11 09:35:58.0	Ana1 - 1: T.Au?en	7.6
2021-03-11 09:35:58.0	Ana2 - 2: T.Zuluft	14.7
2021-03-11 09:35:58.0	Ana3 - 3: T.Abluft	17.9
2021-03-11 09:35:58.0	Ana4 - 4: T.Fortluft	13.0
2021-03-11 09:35:58.0	Ana5 - 5: T.Raum	9999.9
2021-03-11 09:35:58.0	Ana9 - 9: T.Zuluft WRG warm	17.3
2021-03-11 09:36:08.0	Ana1 - 1: T.Au?en	7.5
2021-03-11 09:36:08.0	Ana2 - 2: T.Zuluft	14.7
2021-03-11 09:36:08.0	Ana3 - 3: T.Abluft	17.9
2021-03-11 09:36:08.0	Ana4 - 4: T.Fortluft	13.0
2021-03-11 09:36:08.0	Ana5 - 5: T.Raum	9999.9
2021-03-11 09:36:08.0	Ana9 - 9: T.Zuluft WRG warm	17.3
2021-03-11 09:36:18.0	Ana1 - 1: T.Au?en	7.6
2021-03-11 09:36:18.0	Ana2 - 2: T.Zuluft	14.7
2021-03-11 09:36:18.0	Ana3 - 3: T.Abluft	17.9
2021-03-11 09:36:18.0	Ana4 - 4: T.Fortluft	13.0
2021-03-11 09:36:18.0	Ana5 - 5: T.Raum	9999.9
2021-03-11 09:36:18.0	Ana9 - 9: T.Zuluft WRG warm	17.3
2021-03-11 09:36:28.0	Ana1 - 1: T.Au?en	7.6
2021-03-11 09:36:28.0	Ana2 - 2: T.Zuluft	14.7
2021-03-11 09:36:28.0	Ana3 - 3: T.Abluft	17.9
2021-03-11 09:36:28.0	Ana4 - 4: T.Fortluft	13.0
2021-03-11 09:36:28.0	Ana5 - 5: T.Raum	9999.9
2021-03-11 09:36:28.0	Ana9 - 9: T.Zuluft WRG warm	17.3
2021-03-11 09:36:38.0	Ana1 - 1: T.Au?en	7.8
2021-03-11 09:36:38.0	Ana2 - 2: T.Zuluft	14.7
2021-03-11 09:36:38.0	Ana3 - 3: T.Abluft	17.9
2021-03-11 09:36:38.0	Ana4 - 4: T.Fortluft	13.0
2021-03-11 09:36:38.0	Ana5 - 5: T.Raum	9999.9
2021-03-11 09:36:38.0	Ana9 - 9: T.Zuluft WRG warm	17.3
2021-03-11 09:36:48.0	Ana1 - 1: T.Au?en	7.9
2021-03-11 09:36:48.0	Ana2 - 2: T.Zuluft	14.7
2021-03-11 09:36:48.0	Ana3 - 3: T.Abluft	17.9
2021-03-11 09:36:48.0	Ana4 - 4: T.Fortluft	13.0
2021-03-11 09:36:48.0	Ana5 - 5: T.Raum	9999.9
2021-03-11 09:36:48.0	Ana9 - 9: T.Zuluft WRG warm	17.3
2021-03-11 09:36:58.0	Ana1 - 1: T.Au?en	7.9
2021-03-11 09:36:58.0	Ana2 - 2: T.Zuluft	14.7
2021-03-11 09:36:58.0	Ana3 - 3: T.Abluft	17.9
2021-03-11 09:36:58.0	Ana4 - 4: T.Fortluft	13.0
2021-03-11 09:36:58.0	Ana5 - 5: T.Raum	9999.9
2021-03-11 09:36:58.0	Ana9 - 9: T.Zuluft WRG warm	17.3
2021-03-11 09:37:08.0	Ana1 - 1: T.Au?en	7.8
2021-03-11 09:37:08.0	Ana2 - 2: T.Zuluft	14.7
2021-03-11 09:37:08.0	Ana3 - 3: T.Abluft	17.9
2021-03-11 09:37:08.0	Ana4 - 4: T.Fortluft	13.0
2021-03-11 09:37:08.0	Ana5 - 5: T.Raum	9999.9
2021-03-11 09:37:08.0	Ana9 - 9: T.Zuluft WRG warm	17.3
2021-03-11 09:37:18.0	Ana1 - 1: T.Au?en	7.8
2021-03-11 09:37:18.0	Ana2 - 2: T.Zuluft	14.7
2021-03-11 09:37:18.0	Ana3 - 3: T.Abluft	17.9
2021-03-11 09:37:18.0	Ana4 - 4: T.Fortluft	13.0
2021-03-11 09:37:18.0	Ana5 - 5: T.Raum	9999.9
2021-03-11 09:37:18.0	Ana9 - 9: T.Zuluft WRG warm	17.3
2021-03-11 09:37:28.0	Ana1 - 1: T.Au?en	7.8
2021-03-11 09:37:28.0	Ana2 - 2: T.Zuluft	14.7
2021-03-11 09:37:28.0	Ana3 - 3: T.Abluft	17.9
2021-03-11 09:37:28.0	Ana4 - 4: T.Fortluft	13.0
2021-03-11 09:37:28.0	Ana5 - 5: T.Raum	9999.9
2021-03-11 09:37:28.0	Ana9 - 9: T.Zuluft WRG warm	17.3
2021-03-11 09:37:38.0	Ana1 - 1: T.Au?en	7.8
2021-03-11 09:37:38.0	Ana2 - 2: T.Zuluft	14.7
2021-03-11 09:37:38.0	Ana3 - 3: T.Abluft	17.9
2021-03-11 09:37:38.0	Ana4 - 4: T.Fortluft	13.0
2021-03-11 09:37:38.0	Ana5 - 5: T.Raum	9999.9
2021-03-11 09:37:38.0	Ana9 - 9: T.Zuluft WRG warm	17.3
2021-03-11 09:37:48.0	Ana1 - 1: T.Au?en	7.8
2021-03-11 09:37:48.0	Ana2 - 2: T.Zuluft	14.7
2021-03-11 09:37:48.0	Ana3 - 3: T.Abluft	17.9
2021-03-11 09:37:48.0	Ana4 - 4: T.Fortluft	13.0
2021-03-11 09:37:48.0	Ana5 - 5: T.Raum	9999.9
2021-03-11 09:37:48.0	Ana9 - 9: T.Zuluft WRG warm	17.3
2021-03-11 09:37:58.0	Ana1 - 1: T.Au?en	7.8
2021-03-11 09:37:58.0	Ana2 - 2: T.Zuluft	14.7
2021-03-11 09:37:58.0	Ana3 - 3: T.Abluft	17.9
2021-03-11 09:37:58.0	Ana4 - 4: T.Fortluft	13.0
2021-03-11 09:37:58.0	Ana5 - 5: T.Raum	9999.9
2021-03-11 09:37:58.0	Ana9 - 9: T.Zuluft WRG warm	17.3
2021-03-11 09:38:08.0	Ana1 - 1: T.Au?en	7.8
2021-03-11 09:38:08.0	Ana2 - 2: T.Zuluft	14.7
2021-03-11 09:38:08.0	Ana3 - 3: T.Abluft	17.9
2021-03-11 09:38:08.0	Ana4 - 4: T.Fortluft	13.0
2021-03-11 09:38:08.0	Ana5 - 5: T.Raum	9999.9
2021-03-11 09:38:08.0	Ana9 - 9: T.Zuluft WRG warm	17.3
2021-03-11 09:38:18.0	Ana1 - 1: T.Au?en	7.8
2021-03-11 09:38:18.0	Ana2 - 2: T.Zuluft	14.7
2021-03-11 09:38:18.0	Ana3 - 3: T.Abluft	17.9
2021-03-11 09:38:18.0	Ana4 - 4: T.Fortluft	13.0
2021-03-11 09:38:18.0	Ana5 - 5: T.Raum	9999.9
2021-03-11 09:38:18.0	Ana9 - 9: T.Zuluft WRG warm	17.3
2021-03-11 09:38:28.0	Ana1 - 1: T.Au?en	7.8
2021-03-11 09:38:28.0	Ana2 - 2: T.Zuluft	14.7
2021-03-11 09:38:28.0	Ana3 - 3: T.Abluft	17.9
2021-03-11 09:38:28.0	Ana4 - 4: T.Fortluft	13.0
2021-03-11 09:38:28.0	Ana5 - 5: T.Raum	9999.9
2021-03-11 09:38:28.0	Ana9 - 9: T.Zuluft WRG warm	17.3
2021-03-11 09:38:38.0	Ana1 - 1: T.Au?en	7.9
2021-03-11 09:38:38.0	Ana2 - 2: T.Zuluft	14.7
2021-03-11 09:38:38.0	Ana3 - 3: T.Abluft	17.9
2021-03-11 09:38:38.0	Ana4 - 4: T.Fortluft	13.0
2021-03-11 09:38:38.0	Ana5 - 5: T.Raum	9999.9
2021-03-11 09:38:38.0	Ana9 - 9: T.Zuluft WRG warm	17.3
2021-03-11 09:38:48.0	Ana1 - 1: T.Au?en	7.9
2021-03-11 09:38:48.0	Ana2 - 2: T.Zuluft	14.6
2021-03-11 09:38:48.0	Ana3 - 3: T.Abluft	17.9
2021-03-11 09:38:48.0	Ana4 - 4: T.Fortluft	13.0
2021-03-11 09:38:48.0	Ana5 - 5: T.Raum	9999.9
2021-03-11 09:38:48.0	Ana9 - 9: T.Zuluft WRG warm	17.3
2021-03-11 09:38:58.0	Ana1 - 1: T.Au?en	7.8
2021-03-11 09:38:58.0	Ana2 - 2: T.Zuluft	14.7
2021-03-11 09:38:58.0	Ana3 - 3: T.Abluft	17.9
2021-03-11 09:38:58.0	Ana4 - 4: T.Fortluft	13.0
2021-03-11 09:38:58.0	Ana5 - 5: T.Raum	9999.9
2021-03-11 09:38:58.0	Ana9 - 9: T.Zuluft WRG warm	17.3
2021-03-11 09:39:08.0	Ana1 - 1: T.Au?en	7.8
2021-03-11 09:39:08.0	Ana2 - 2: T.Zuluft	14.6
2021-03-11 09:39:08.0	Ana3 - 3: T.Abluft	17.9
2021-03-11 09:39:08.0	Ana4 - 4: T.Fortluft	13.0
2021-03-11 09:39:08.0	Ana5 - 5: T.Raum	9999.9
2021-03-11 09:39:08.0	Ana9 - 9: T.Zuluft WRG warm	17.3
2021-03-11 09:39:18.0	Ana1 - 1: T.Au?en	7.9
2021-03-11 09:39:18.0	Ana2 - 2: T.Zuluft	14.6
2021-03-11 09:39:18.0	Ana3 - 3: T.Abluft	17.8
2021-03-11 09:39:18.0	Ana4 - 4: T.Fortluft	12.9
2021-03-11 09:39:18.0	Ana5 - 5: T.Raum	9999.9
2021-03-11 09:39:18.0	Ana9 - 9: T.Zuluft WRG warm	17.3
2021-03-11 09:39:28.0	Ana1 - 1: T.Au?en	7.9
2021-03-11 09:39:28.0	Ana2 - 2: T.Zuluft	14.6
2021-03-11 09:39:28.0	Ana3 - 3: T.Abluft	17.8
2021-03-11 09:39:28.0	Ana4 - 4: T.Fortluft	13.0
2021-03-11 09:39:28.0	Ana5 - 5: T.Raum	9999.9
2021-03-11 09:39:28.0	Ana9 - 9: T.Zuluft WRG warm	17.3
2021-03-11 09:39:38.0	Ana1 - 1: T.Au?en	7.9
2021-03-11 09:39:38.0	Ana2 - 2: T.Zuluft	14.6
2021-03-11 09:39:38.0	Ana3 - 3: T.Abluft	17.8
2021-03-11 09:39:38.0	Ana4 - 4: T.Fortluft	13.0
2021-03-11 09:39:38.0	Ana5 - 5: T.Raum	9999.9
2021-03-11 09:39:38.0	Ana9 - 9: T.Zuluft WRG warm	17.3
2021-03-11 09:39:48.0	Ana1 - 1: T.Au?en	8.0
2021-03-11 09:39:48.0	Ana2 - 2: T.Zuluft	14.6
2021-03-11 09:39:48.0	Ana3 - 3: T.Abluft	17.8
2021-03-11 09:39:48.0	Ana4 - 4: T.Fortluft	13.0
2021-03-11 09:39:48.0	Ana5 - 5: T.Raum	9999.9
2021-03-11 09:39:48.0	Ana9 - 9: T.Zuluft WRG warm	17.3
2021-03-11 09:39:58.0	Ana1 - 1: T.Au?en	8.0
2021-03-11 09:39:58.0	Ana2 - 2: T.Zuluft	14.6
2021-03-11 09:39:58.0	Ana3 - 3: T.Abluft	17.8
2021-03-11 09:39:58.0	Ana4 - 4: T.Fortluft	13.0
2021-03-11 09:39:58.0	Ana5 - 5: T.Raum	9999.9
2021-03-11 09:39:58.0	Ana9 - 9: T.Zuluft WRG warm	17.3
2021-03-11 09:40:08.0	Ana1 - 1: T.Au?en	7.9
2021-03-11 09:40:08.0	Ana2 - 2: T.Zuluft	14.6
2021-03-11 09:40:08.0	Ana3 - 3: T.Abluft	17.8
2021-03-11 09:40:08.0	Ana4 - 4: T.Fortluft	13.0
2021-03-11 09:40:08.0	Ana5 - 5: T.Raum	9999.9
2021-03-11 09:40:08.0	Ana9 - 9: T.Zuluft WRG warm	17.3
2021-03-11 09:40:18.0	Ana1 - 1: T.Au?en	7.9
2021-03-11 09:40:18.0	Ana2 - 2: T.Zuluft	14.6
2021-03-11 09:40:18.0	Ana3 - 3: T.Abluft	17.8
2021-03-11 09:40:18.0	Ana4 - 4: T.Fortluft	13.0
2021-03-11 09:40:18.0	Ana5 - 5: T.Raum	9999.9
2021-03-11 09:40:18.0	Ana9 - 9: T.Zuluft WRG warm	17.3
2021-03-11 09:40:28.0	Ana1 - 1: T.Au?en	7.9
2021-03-11 09:40:28.0	Ana2 - 2: T.Zuluft	14.6
2021-03-11 09:40:28.0	Ana3 - 3: T.Abluft	17.8
2021-03-11 09:40:28.0	Ana4 - 4: T.Fortluft	12.9
2021-03-11 09:40:28.0	Ana5 - 5: T.Raum	9999.9
2021-03-11 09:40:28.0	Ana9 - 9: T.Zuluft WRG warm	17.3
2021-03-11 09:40:38.0	Ana1 - 1: T.Au?en	7.9
2021-03-11 09:40:38.0	Ana2 - 2: T.Zuluft	14.6
2021-03-11 09:40:38.0	Ana3 - 3: T.Abluft	17.8
2021-03-11 09:40:38.0	Ana4 - 4: T.Fortluft	12.9
2021-03-11 09:40:38.0	Ana5 - 5: T.Raum	9999.9
2021-03-11 09:40:38.0	Ana9 - 9: T.Zuluft WRG warm	17.3
2021-03-11 09:40:48.0	Ana1 - 1: T.Au?en	7.9
2021-03-11 09:40:48.0	Ana2 - 2: T.Zuluft	14.6
2021-03-11 09:40:48.0	Ana3 - 3: T.Abluft	17.8
2021-03-11 09:40:48.0	Ana4 - 4: T.Fortluft	12.9
2021-03-11 09:40:48.0	Ana5 - 5: T.Raum	9999.9
2021-03-11 09:40:48.0	Ana9 - 9: T.Zuluft WRG warm	17.3
2021-03-11 09:40:58.0	Ana1 - 1: T.Au?en	8.0
2021-03-11 09:40:58.0	Ana2 - 2: T.Zuluft	14.6
2021-03-11 09:40:58.0	Ana3 - 3: T.Abluft	17.8
2021-03-11 09:40:58.0	Ana4 - 4: T.Fortluft	12.9
2021-03-11 09:40:58.0	Ana5 - 5: T.Raum	9999.9
2021-03-11 09:40:58.0	Ana9 - 9: T.Zuluft WRG warm	17.3
2021-03-11 09:41:08.0	Ana1 - 1: T.Au?en	8.0
2021-03-11 09:41:08.0	Ana2 - 2: T.Zuluft	14.6
2021-03-11 09:41:08.0	Ana3 - 3: T.Abluft	17.8
2021-03-11 09:41:08.0	Ana4 - 4: T.Fortluft	12.9
2021-03-11 09:41:08.0	Ana5 - 5: T.Raum	9999.9
2021-03-11 09:41:08.0	Ana9 - 9: T.Zuluft WRG warm	17.3
2021-03-11 09:41:18.0	Ana1 - 1: T.Au?en	8.1
2021-03-11 09:41:18.0	Ana2 - 2: T.Zuluft	14.6
2021-03-11 09:41:18.0	Ana3 - 3: T.Abluft	17.8
2021-03-11 09:41:18.0	Ana4 - 4: T.Fortluft	12.9
2021-03-11 09:41:18.0	Ana5 - 5: T.Raum	9999.9
2021-03-11 09:41:18.0	Ana9 - 9: T.Zuluft WRG warm	17.3
2021-03-11 09:41:28.0	Ana1 - 1: T.Au?en	8.1
2021-03-11 09:41:28.0	Ana2 - 2: T.Zuluft	14.6
2021-03-11 09:41:28.0	Ana3 - 3: T.Abluft	17.8
2021-03-11 09:41:28.0	Ana4 - 4: T.Fortluft	12.9
2021-03-11 09:41:28.0	Ana5 - 5: T.Raum	9999.9
2021-03-11 09:41:28.0	Ana9 - 9: T.Zuluft WRG warm	17.2
2021-03-11 09:41:38.0	Ana1 - 1: T.Au?en	8.0
2021-03-11 09:41:38.0	Ana2 - 2: T.Zuluft	14.6
2021-03-11 09:41:38.0	Ana3 - 3: T.Abluft	17.8
2021-03-11 09:41:38.0	Ana4 - 4: T.Fortluft	12.9
2021-03-11 09:41:38.0	Ana5 - 5: T.Raum	9999.9
2021-03-11 09:41:38.0	Ana9 - 9: T.Zuluft WRG warm	17.2
2021-03-11 09:41:48.0	Ana1 - 1: T.Au?en	8.0
2021-03-11 09:41:48.0	Ana2 - 2: T.Zuluft	14.6
2021-03-11 09:41:48.0	Ana3 - 3: T.Abluft	17.8
2021-03-11 09:41:48.0	Ana4 - 4: T.Fortluft	12.9
2021-03-11 09:41:48.0	Ana5 - 5: T.Raum	9999.9
2021-03-11 09:41:48.0	Ana9 - 9: T.Zuluft WRG warm	17.2
2021-03-11 09:41:58.0	Ana1 - 1: T.Au?en	8.0
2021-03-11 09:41:58.0	Ana2 - 2: T.Zuluft	14.6
2021-03-11 09:41:58.0	Ana3 - 3: T.Abluft	17.8
2021-03-11 09:41:58.0	Ana4 - 4: T.Fortluft	12.9
2021-03-11 09:41:58.0	Ana5 - 5: T.Raum	9999.9
2021-03-11 09:41:58.0	Ana9 - 9: T.Zuluft WRG warm	17.2
2021-03-11 09:42:08.0	Ana1 - 1: T.Au?en	8.0
2021-03-11 09:42:08.0	Ana2 - 2: T.Zuluft	14.6
2021-03-11 09:42:08.0	Ana3 - 3: T.Abluft	17.8
2021-03-11 09:42:08.0	Ana4 - 4: T.Fortluft	12.9
2021-03-11 09:42:08.0	Ana5 - 5: T.Raum	9999.9
2021-03-11 09:42:08.0	Ana9 - 9: T.Zuluft WRG warm	17.2
2021-03-11 09:42:18.0	Ana1 - 1: T.Au?en	8.0
2021-03-11 09:42:18.0	Ana2 - 2: T.Zuluft	14.6
2021-03-11 09:42:18.0	Ana3 - 3: T.Abluft	17.8
2021-03-11 09:42:18.0	Ana4 - 4: T.Fortluft	12.9
2021-03-11 09:42:18.0	Ana5 - 5: T.Raum	9999.9
2021-03-11 09:42:18.0	Ana9 - 9: T.Zuluft WRG warm	17.2
2021-03-11 09:42:28.0	Ana1 - 1: T.Au?en	7.9
2021-03-11 09:42:28.0	Ana2 - 2: T.Zuluft	14.6
2021-03-11 09:42:28.0	Ana3 - 3: T.Abluft	17.8
2021-03-11 09:42:28.0	Ana4 - 4: T.Fortluft	12.9
2021-03-11 09:42:28.0	Ana5 - 5: T.Raum	9999.9
2021-03-11 09:42:28.0	Ana9 - 9: T.Zuluft WRG warm	17.2
2021-03-11 09:42:38.0	Ana1 - 1: T.Au?en	7.9
2021-03-11 09:42:38.0	Ana2 - 2: T.Zuluft	14.6
2021-03-11 09:42:38.0	Ana3 - 3: T.Abluft	17.8
2021-03-11 09:42:38.0	Ana4 - 4: T.Fortluft	12.9
2021-03-11 09:42:38.0	Ana5 - 5: T.Raum	9999.9
2021-03-11 09:42:38.0	Ana9 - 9: T.Zuluft WRG warm	17.2
2021-03-11 09:42:48.0	Ana1 - 1: T.Au?en	7.9
2021-03-11 09:42:48.0	Ana2 - 2: T.Zuluft	14.6
2021-03-11 09:42:48.0	Ana3 - 3: T.Abluft	17.8
2021-03-11 09:42:48.0	Ana4 - 4: T.Fortluft	12.9
2021-03-11 09:42:48.0	Ana5 - 5: T.Raum	9999.9
2021-03-11 09:42:48.0	Ana9 - 9: T.Zuluft WRG warm	17.2
2021-03-11 09:42:58.0	Ana1 - 1: T.Au?en	7.9
2021-03-11 09:42:58.0	Ana2 - 2: T.Zuluft	14.6
2021-03-11 09:42:58.0	Ana3 - 3: T.Abluft	17.8
2021-03-11 09:42:58.0	Ana4 - 4: T.Fortluft	12.9
2021-03-11 09:42:58.0	Ana5 - 5: T.Raum	9999.9
2021-03-11 09:42:58.0	Ana9 - 9: T.Zuluft WRG warm	17.2
2021-03-11 09:43:08.0	Ana1 - 1: T.Au?en	7.9
2021-03-11 09:43:08.0	Ana2 - 2: T.Zuluft	14.6
2021-03-11 09:43:08.0	Ana3 - 3: T.Abluft	17.8
2021-03-11 09:43:08.0	Ana4 - 4: T.Fortluft	12.9
2021-03-11 09:43:08.0	Ana5 - 5: T.Raum	9999.9
2021-03-11 09:43:08.0	Ana9 - 9: T.Zuluft WRG warm	17.2
2021-03-11 09:43:18.0	Ana1 - 1: T.Au?en	8.0
2021-03-11 09:43:18.0	Ana2 - 2: T.Zuluft	14.6
2021-03-11 09:43:18.0	Ana3 - 3: T.Abluft	17.8
2021-03-11 09:43:18.0	Ana4 - 4: T.Fortluft	12.9
2021-03-11 09:43:18.0	Ana5 - 5: T.Raum	9999.9
2021-03-11 09:43:18.0	Ana9 - 9: T.Zuluft WRG warm	17.2
2021-03-11 09:43:28.0	Ana1 - 1: T.Au?en	8.0
2021-03-11 09:43:28.0	Ana2 - 2: T.Zuluft	14.6
2021-03-11 09:43:28.0	Ana3 - 3: T.Abluft	17.8
2021-03-11 09:43:28.0	Ana4 - 4: T.Fortluft	12.9
2021-03-11 09:43:28.0	Ana5 - 5: T.Raum	9999.9
2021-03-11 09:43:28.0	Ana9 - 9: T.Zuluft WRG warm	17.2
2021-03-11 09:43:38.0	Ana1 - 1: T.Au?en	8.1
2021-03-11 09:43:38.0	Ana2 - 2: T.Zuluft	14.6
2021-03-11 09:43:38.0	Ana3 - 3: T.Abluft	17.8
2021-03-11 09:43:38.0	Ana4 - 4: T.Fortluft	12.9
2021-03-11 09:43:38.0	Ana5 - 5: T.Raum	9999.9
2021-03-11 09:43:38.0	Ana9 - 9: T.Zuluft WRG warm	17.2
2021-03-11 09:43:48.0	Ana1 - 1: T.Au?en	8.1
2021-03-11 09:43:48.0	Ana2 - 2: T.Zuluft	14.6
2021-03-11 09:43:48.0	Ana3 - 3: T.Abluft	17.8
2021-03-11 09:43:48.0	Ana4 - 4: T.Fortluft	12.9
2021-03-11 09:43:48.0	Ana5 - 5: T.Raum	9999.9
2021-03-11 09:43:48.0	Ana9 - 9: T.Zuluft WRG warm	17.2
2021-03-11 09:43:58.0	Ana1 - 1: T.Au?en	8.1
2021-03-11 09:43:58.0	Ana2 - 2: T.Zuluft	14.6
2021-03-11 09:43:58.0	Ana3 - 3: T.Abluft	17.8
2021-03-11 09:43:58.0	Ana4 - 4: T.Fortluft	12.9
2021-03-11 09:43:58.0	Ana5 - 5: T.Raum	9999.9
2021-03-11 09:43:58.0	Ana9 - 9: T.Zuluft WRG warm	17.2
2021-03-11 09:44:08.0	Ana1 - 1: T.Au?en	8.2
2021-03-11 09:44:08.0	Ana2 - 2: T.Zuluft	14.6
2021-03-11 09:44:08.0	Ana3 - 3: T.Abluft	17.8
2021-03-11 09:44:08.0	Ana4 - 4: T.Fortluft	12.9
2021-03-11 09:44:08.0	Ana5 - 5: T.Raum	9999.9
2021-03-11 09:44:08.0	Ana9 - 9: T.Zuluft WRG warm	17.2
2021-03-11 09:44:18.0	Ana1 - 1: T.Au?en	8.2
2021-03-11 09:44:18.0	Ana2 - 2: T.Zuluft	14.6
2021-03-11 09:44:18.0	Ana3 - 3: T.Abluft	17.8
2021-03-11 09:44:18.0	Ana4 - 4: T.Fortluft	12.9
2021-03-11 09:44:18.0	Ana5 - 5: T.Raum	9999.9
2021-03-11 09:44:18.0	Ana9 - 9: T.Zuluft WRG warm	17.2
2021-03-11 09:44:28.0	Ana1 - 1: T.Au?en	8.2
2021-03-11 09:44:28.0	Ana2 - 2: T.Zuluft	14.6
2021-03-11 09:44:28.0	Ana3 - 3: T.Abluft	17.8
2021-03-11 09:44:28.0	Ana4 - 4: T.Fortluft	12.9
2021-03-11 09:44:28.0	Ana5 - 5: T.Raum	9999.9
2021-03-11 09:44:28.0	Ana9 - 9: T.Zuluft WRG warm	17.2
2021-03-11 09:44:38.0	Ana1 - 1: T.Au?en	8.1
2021-03-11 09:44:38.0	Ana2 - 2: T.Zuluft	14.6
2021-03-11 09:44:38.0	Ana3 - 3: T.Abluft	17.8
2021-03-11 09:44:38.0	Ana4 - 4: T.Fortluft	12.9
2021-03-11 09:44:38.0	Ana5 - 5: T.Raum	9999.9
2021-03-11 09:44:38.0	Ana9 - 9: T.Zuluft WRG warm	17.2
2021-03-11 09:44:48.0	Ana1 - 1: T.Au?en	8.1
2021-03-11 09:44:48.0	Ana2 - 2: T.Zuluft	14.6
2021-03-11 09:44:48.0	Ana3 - 3: T.Abluft	17.8
2021-03-11 09:44:48.0	Ana4 - 4: T.Fortluft	12.9
2021-03-11 09:44:48.0	Ana5 - 5: T.Raum	9999.9
2021-03-11 09:44:48.0	Ana9 - 9: T.Zuluft WRG warm	17.2
2021-03-11 09:44:58.0	Ana1 - 1: T.Au?en	8.0
2021-03-11 09:44:58.0	Ana2 - 2: T.Zuluft	14.6
2021-03-11 09:44:58.0	Ana3 - 3: T.Abluft	17.8
2021-03-11 09:44:58.0	Ana4 - 4: T.Fortluft	12.9
2021-03-11 09:44:58.0	Ana5 - 5: T.Raum	9999.9
2021-03-11 09:44:58.0	Ana9 - 9: T.Zuluft WRG warm	17.2
2021-03-11 09:45:08.0	Ana1 - 1: T.Au?en	8.0
2021-03-11 09:45:08.0	Ana2 - 2: T.Zuluft	14.6
2021-03-11 09:45:08.0	Ana3 - 3: T.Abluft	17.8
2021-03-11 09:45:08.0	Ana4 - 4: T.Fortluft	12.9
2021-03-11 09:45:08.0	Ana5 - 5: T.Raum	9999.9
2021-03-11 09:45:08.0	Ana9 - 9: T.Zuluft WRG warm	17.2
2021-03-11 09:45:18.0	Ana1 - 1: T.Au?en	8.0
2021-03-11 09:45:18.0	Ana2 - 2: T.Zuluft	14.6
2021-03-11 09:45:18.0	Ana3 - 3: T.Abluft	17.7
2021-03-11 09:45:18.0	Ana4 - 4: T.Fortluft	12.9
2021-03-11 09:45:18.0	Ana5 - 5: T.Raum	9999.9
2021-03-11 09:45:18.0	Ana9 - 9: T.Zuluft WRG warm	17.2
2021-03-11 09:45:28.0	Ana1 - 1: T.Au?en	8.0
2021-03-11 09:45:28.0	Ana2 - 2: T.Zuluft	14.6
2021-03-11 09:45:28.0	Ana3 - 3: T.Abluft	17.7
2021-03-11 09:45:28.0	Ana4 - 4: T.Fortluft	12.9
2021-03-11 09:45:28.0	Ana5 - 5: T.Raum	9999.9
2021-03-11 09:45:28.0	Ana9 - 9: T.Zuluft WRG warm	17.2
2021-03-11 09:45:38.0	Ana1 - 1: T.Au?en	8.0
2021-03-11 09:45:38.0	Ana2 - 2: T.Zuluft	14.6
2021-03-11 09:45:38.0	Ana3 - 3: T.Abluft	17.7
2021-03-11 09:45:38.0	Ana4 - 4: T.Fortluft	12.9
2021-03-11 09:45:38.0	Ana5 - 5: T.Raum	9999.9
2021-03-11 09:45:38.0	Ana9 - 9: T.Zuluft WRG warm	17.1
2021-03-11 09:45:48.0	Ana1 - 1: T.Au?en	8.1
2021-03-11 09:45:48.0	Ana2 - 2: T.Zuluft	14.6
2021-03-11 09:45:48.0	Ana3 - 3: T.Abluft	17.7
2021-03-11 09:45:48.0	Ana4 - 4: T.Fortluft	12.9
2021-03-11 09:45:48.0	Ana5 - 5: T.Raum	9999.9
2021-03-11 09:45:48.0	Ana9 - 9: T.Zuluft WRG warm	17.1
2021-03-11 09:45:58.0	Ana1 - 1: T.Au?en	8.1
2021-03-11 09:45:58.0	Ana2 - 2: T.Zuluft	14.6
2021-03-11 09:45:58.0	Ana3 - 3: T.Abluft	17.7
2021-03-11 09:45:58.0	Ana4 - 4: T.Fortluft	12.9
2021-03-11 09:45:58.0	Ana5 - 5: T.Raum	9999.9
2021-03-11 09:45:58.0	Ana9 - 9: T.Zuluft WRG warm	17.1
2021-03-11 09:46:08.0	Ana1 - 1: T.Au?en	8.1
2021-03-11 09:46:08.0	Ana2 - 2: T.Zuluft	14.6
2021-03-11 09:46:08.0	Ana3 - 3: T.Abluft	17.7
2021-03-11 09:46:08.0	Ana4 - 4: T.Fortluft	12.9
2021-03-11 09:46:08.0	Ana5 - 5: T.Raum	9999.9
2021-03-11 09:46:08.0	Ana9 - 9: T.Zuluft WRG warm	17.1
2021-03-11 09:46:18.0	Ana1 - 1: T.Au?en	8.0
2021-03-11 09:46:18.0	Ana2 - 2: T.Zuluft	14.6
2021-03-11 09:46:18.0	Ana3 - 3: T.Abluft	17.7
2021-03-11 09:46:18.0	Ana4 - 4: T.Fortluft	12.9
2021-03-11 09:46:18.0	Ana5 - 5: T.Raum	9999.9
2021-03-11 09:46:18.0	Ana9 - 9: T.Zuluft WRG warm	17.1
2021-03-11 09:46:28.0	Ana1 - 1: T.Au?en	8.0
2021-03-11 09:46:28.0	Ana2 - 2: T.Zuluft	14.6
2021-03-11 09:46:28.0	Ana3 - 3: T.Abluft	17.7
2021-03-11 09:46:28.0	Ana4 - 4: T.Fortluft	12.9
2021-03-11 09:46:28.0	Ana5 - 5: T.Raum	9999.9
2021-03-11 09:46:28.0	Ana9 - 9: T.Zuluft WRG warm	17.1
2021-03-11 09:46:38.0	Ana1 - 1: T.Au?en	7.9
2021-03-11 09:46:38.0	Ana2 - 2: T.Zuluft	14.6
2021-03-11 09:46:38.0	Ana3 - 3: T.Abluft	17.7
2021-03-11 09:46:38.0	Ana4 - 4: T.Fortluft	12.9
2021-03-11 09:46:38.0	Ana5 - 5: T.Raum	9999.9
2021-03-11 09:46:38.0	Ana9 - 9: T.Zuluft WRG warm	17.1
2021-03-11 09:46:48.0	Ana1 - 1: T.Au?en	7.9
2021-03-11 09:46:48.0	Ana2 - 2: T.Zuluft	14.6
2021-03-11 09:46:48.0	Ana3 - 3: T.Abluft	17.7
2021-03-11 09:46:48.0	Ana4 - 4: T.Fortluft	12.9
2021-03-11 09:46:48.0	Ana5 - 5: T.Raum	9999.9
2021-03-11 09:46:48.0	Ana9 - 9: T.Zuluft WRG warm	17.1
2021-03-11 09:46:58.0	Ana1 - 1: T.Au?en	7.9
2021-03-11 09:46:58.0	Ana2 - 2: T.Zuluft	14.6
2021-03-11 09:46:58.0	Ana3 - 3: T.Abluft	17.7
2021-03-11 09:46:58.0	Ana4 - 4: T.Fortluft	12.9
2021-03-11 09:46:58.0	Ana5 - 5: T.Raum	9999.9
2021-03-11 09:46:58.0	Ana9 - 9: T.Zuluft WRG warm	17.1
2021-03-11 09:47:08.0	Ana1 - 1: T.Au?en	7.8
2021-03-11 09:47:08.0	Ana2 - 2: T.Zuluft	14.6
2021-03-11 09:47:08.0	Ana3 - 3: T.Abluft	17.7
2021-03-11 09:47:08.0	Ana4 - 4: T.Fortluft	12.9
2021-03-11 09:47:08.0	Ana5 - 5: T.Raum	9999.9
2021-03-11 09:47:08.0	Ana9 - 9: T.Zuluft WRG warm	17.1
2021-03-11 09:47:18.0	Ana1 - 1: T.Au?en	7.8
2021-03-11 09:47:18.0	Ana2 - 2: T.Zuluft	14.6
2021-03-11 09:47:18.0	Ana3 - 3: T.Abluft	17.7
2021-03-11 09:47:18.0	Ana4 - 4: T.Fortluft	12.9
2021-03-11 09:47:18.0	Ana5 - 5: T.Raum	9999.9
2021-03-11 09:47:18.0	Ana9 - 9: T.Zuluft WRG warm	17.1
2021-03-11 09:47:28.0	Ana1 - 1: T.Au?en	7.9
2021-03-11 09:47:28.0	Ana2 - 2: T.Zuluft	14.6
2021-03-11 09:47:28.0	Ana3 - 3: T.Abluft	17.7
2021-03-11 09:47:28.0	Ana4 - 4: T.Fortluft	12.9
2021-03-11 09:47:28.0	Ana5 - 5: T.Raum	9999.9
2021-03-11 09:47:28.0	Ana9 - 9: T.Zuluft WRG warm	17.1
2021-03-11 09:47:38.0	Ana1 - 1: T.Au?en	7.9
2021-03-11 09:47:38.0	Ana2 - 2: T.Zuluft	14.6
2021-03-11 09:47:38.0	Ana3 - 3: T.Abluft	17.7
2021-03-11 09:47:38.0	Ana4 - 4: T.Fortluft	12.9
2021-03-11 09:47:38.0	Ana5 - 5: T.Raum	9999.9
2021-03-11 09:47:38.0	Ana9 - 9: T.Zuluft WRG warm	17.1
2021-03-11 09:47:48.0	Ana1 - 1: T.Au?en	7.9
2021-03-11 09:47:48.0	Ana2 - 2: T.Zuluft	14.6
2021-03-11 09:47:48.0	Ana3 - 3: T.Abluft	17.7
2021-03-11 09:47:48.0	Ana4 - 4: T.Fortluft	12.9
2021-03-11 09:47:48.0	Ana5 - 5: T.Raum	9999.9
2021-03-11 09:47:48.0	Ana9 - 9: T.Zuluft WRG warm	17.1
2021-03-11 09:47:58.0	Ana1 - 1: T.Au?en	7.7
2021-03-11 09:47:58.0	Ana2 - 2: T.Zuluft	14.6
2021-03-11 09:47:58.0	Ana3 - 3: T.Abluft	17.7
2021-03-11 09:47:58.0	Ana4 - 4: T.Fortluft	12.9
2021-03-11 09:47:58.0	Ana5 - 5: T.Raum	9999.9
2021-03-11 09:47:58.0	Ana9 - 9: T.Zuluft WRG warm	17.1
2021-03-11 09:48:08.0	Ana1 - 1: T.Au?en	7.6
2021-03-11 09:48:08.0	Ana2 - 2: T.Zuluft	14.6
2021-03-11 09:48:08.0	Ana3 - 3: T.Abluft	17.7
2021-03-11 09:48:08.0	Ana4 - 4: T.Fortluft	12.9
2021-03-11 09:48:08.0	Ana5 - 5: T.Raum	9999.9
2021-03-11 09:48:08.0	Ana9 - 9: T.Zuluft WRG warm	17.1
2021-03-11 09:48:18.0	Ana1 - 1: T.Au?en	7.7
2021-03-11 09:48:18.0	Ana2 - 2: T.Zuluft	14.6
2021-03-11 09:48:18.0	Ana3 - 3: T.Abluft	17.7
2021-03-11 09:48:18.0	Ana4 - 4: T.Fortluft	12.9
2021-03-11 09:48:18.0	Ana5 - 5: T.Raum	9999.9
2021-03-11 09:48:18.0	Ana9 - 9: T.Zuluft WRG warm	17.1
2021-03-11 09:48:28.0	Ana1 - 1: T.Au?en	7.8
2021-03-11 09:48:28.0	Ana2 - 2: T.Zuluft	14.6
2021-03-11 09:48:28.0	Ana3 - 3: T.Abluft	17.7
2021-03-11 09:48:28.0	Ana4 - 4: T.Fortluft	12.9
2021-03-11 09:48:28.0	Ana5 - 5: T.Raum	9999.9
2021-03-11 09:48:28.0	Ana9 - 9: T.Zuluft WRG warm	17.1
2021-03-11 09:48:38.0	Ana1 - 1: T.Au?en	7.8
2021-03-11 09:48:38.0	Ana2 - 2: T.Zuluft	14.6
2021-03-11 09:48:38.0	Ana3 - 3: T.Abluft	17.7
2021-03-11 09:48:38.0	Ana4 - 4: T.Fortluft	12.9
2021-03-11 09:48:38.0	Ana5 - 5: T.Raum	9999.9
2021-03-11 09:48:38.0	Ana9 - 9: T.Zuluft WRG warm	17.1
2021-03-11 09:48:48.0	Ana1 - 1: T.Au?en	7.8
2021-03-11 09:48:48.0	Ana2 - 2: T.Zuluft	14.6
2021-03-11 09:48:48.0	Ana3 - 3: T.Abluft	17.7
2021-03-11 09:48:48.0	Ana4 - 4: T.Fortluft	12.9
2021-03-11 09:48:48.0	Ana5 - 5: T.Raum	9999.9
2021-03-11 09:48:48.0	Ana9 - 9: T.Zuluft WRG warm	17.1
2021-03-11 09:48:58.0	Ana1 - 1: T.Au?en	7.8
2021-03-11 09:48:58.0	Ana2 - 2: T.Zuluft	14.6
2021-03-11 09:48:58.0	Ana3 - 3: T.Abluft	17.7
2021-03-11 09:48:58.0	Ana4 - 4: T.Fortluft	12.9
2021-03-11 09:48:58.0	Ana5 - 5: T.Raum	9999.9
2021-03-11 09:48:58.0	Ana9 - 9: T.Zuluft WRG warm	17.1
2021-03-11 09:49:08.0	Ana1 - 1: T.Au?en	7.7
2021-03-11 09:49:08.0	Ana2 - 2: T.Zuluft	14.6
2021-03-11 09:49:08.0	Ana3 - 3: T.Abluft	17.7
2021-03-11 09:49:08.0	Ana4 - 4: T.Fortluft	12.9
2021-03-11 09:49:08.0	Ana5 - 5: T.Raum	9999.9
2021-03-11 09:49:08.0	Ana9 - 9: T.Zuluft WRG warm	17.1
2021-03-11 09:49:18.0	Ana1 - 1: T.Au?en	7.7
2021-03-11 09:49:18.0	Ana2 - 2: T.Zuluft	14.6
2021-03-11 09:49:18.0	Ana3 - 3: T.Abluft	17.7
2021-03-11 09:49:18.0	Ana4 - 4: T.Fortluft	12.9
2021-03-11 09:49:18.0	Ana5 - 5: T.Raum	9999.9
2021-03-11 09:49:18.0	Ana9 - 9: T.Zuluft WRG warm	17.1
2021-03-11 09:49:28.0	Ana1 - 1: T.Au?en	7.7
2021-03-11 09:49:28.0	Ana2 - 2: T.Zuluft	14.6
2021-03-11 09:49:28.0	Ana3 - 3: T.Abluft	17.7
2021-03-11 09:49:28.0	Ana4 - 4: T.Fortluft	12.9
2021-03-11 09:49:28.0	Ana5 - 5: T.Raum	9999.9
2021-03-11 09:49:28.0	Ana9 - 9: T.Zuluft WRG warm	17.1
2021-03-11 09:49:38.0	Ana1 - 1: T.Au?en	7.8
2021-03-11 09:49:38.0	Ana2 - 2: T.Zuluft	14.6
2021-03-11 09:49:38.0	Ana3 - 3: T.Abluft	17.7
2021-03-11 09:49:38.0	Ana4 - 4: T.Fortluft	12.9
2021-03-11 09:49:38.0	Ana5 - 5: T.Raum	9999.9
2021-03-11 09:49:38.0	Ana9 - 9: T.Zuluft WRG warm	17.1
2021-03-11 09:49:48.0	Ana1 - 1: T.Au?en	7.8
2021-03-11 09:49:48.0	Ana2 - 2: T.Zuluft	14.6
2021-03-11 09:49:48.0	Ana3 - 3: T.Abluft	17.7
2021-03-11 09:49:48.0	Ana4 - 4: T.Fortluft	12.9
2021-03-11 09:49:48.0	Ana5 - 5: T.Raum	9999.9
2021-03-11 09:49:48.0	Ana9 - 9: T.Zuluft WRG warm	17.1
2021-03-11 09:49:58.0	Ana1 - 1: T.Au?en	7.8
2021-03-11 09:49:58.0	Ana2 - 2: T.Zuluft	14.6
2021-03-11 09:49:58.0	Ana3 - 3: T.Abluft	17.7
2021-03-11 09:49:58.0	Ana4 - 4: T.Fortluft	12.9
2021-03-11 09:49:58.0	Ana5 - 5: T.Raum	9999.9
2021-03-11 09:49:58.0	Ana9 - 9: T.Zuluft WRG warm	17.1
2021-03-11 09:50:08.0	Ana1 - 1: T.Au?en	7.8
2021-03-11 09:50:08.0	Ana2 - 2: T.Zuluft	14.6
2021-03-11 09:50:08.0	Ana3 - 3: T.Abluft	17.7
2021-03-11 09:50:08.0	Ana4 - 4: T.Fortluft	12.9
2021-03-11 09:50:08.0	Ana5 - 5: T.Raum	9999.9
2021-03-11 09:50:08.0	Ana9 - 9: T.Zuluft WRG warm	17.1
2021-03-11 09:50:18.0	Ana1 - 1: T.Au?en	7.9
2021-03-11 09:50:18.0	Ana2 - 2: T.Zuluft	14.6
2021-03-11 09:50:18.0	Ana3 - 3: T.Abluft	17.7
2021-03-11 09:50:18.0	Ana4 - 4: T.Fortluft	12.9
2021-03-11 09:50:18.0	Ana5 - 5: T.Raum	9999.9
2021-03-11 09:50:18.0	Ana9 - 9: T.Zuluft WRG warm	17.1
2021-03-11 09:50:28.0	Ana1 - 1: T.Au?en	7.9
2021-03-11 09:50:28.0	Ana2 - 2: T.Zuluft	14.6
2021-03-11 09:50:28.0	Ana3 - 3: T.Abluft	17.7
2021-03-11 09:50:28.0	Ana4 - 4: T.Fortluft	12.9
2021-03-11 09:50:28.0	Ana5 - 5: T.Raum	9999.9
2021-03-11 09:50:28.0	Ana9 - 9: T.Zuluft WRG warm	17.1
2021-03-11 09:50:38.0	Ana1 - 1: T.Au?en	8.0
2021-03-11 09:50:38.0	Ana2 - 2: T.Zuluft	14.6
2021-03-11 09:50:38.0	Ana3 - 3: T.Abluft	17.7
2021-03-11 09:50:38.0	Ana4 - 4: T.Fortluft	12.9
2021-03-11 09:50:38.0	Ana5 - 5: T.Raum	9999.9
2021-03-11 09:50:38.0	Ana9 - 9: T.Zuluft WRG warm	17.1
2021-03-11 09:50:48.0	Ana1 - 1: T.Au?en	7.9
2021-03-11 09:50:48.0	Ana2 - 2: T.Zuluft	14.6
2021-03-11 09:50:48.0	Ana3 - 3: T.Abluft	17.7
2021-03-11 09:50:48.0	Ana4 - 4: T.Fortluft	12.9
2021-03-11 09:50:48.0	Ana5 - 5: T.Raum	9999.9
2021-03-11 09:50:48.0	Ana9 - 9: T.Zuluft WRG warm	17.1
2021-03-11 09:50:58.0	Ana1 - 1: T.Au?en	8.0
2021-03-11 09:50:58.0	Ana2 - 2: T.Zuluft	14.6
2021-03-11 09:50:58.0	Ana3 - 3: T.Abluft	17.7
2021-03-11 09:50:58.0	Ana4 - 4: T.Fortluft	12.9
2021-03-11 09:50:58.0	Ana5 - 5: T.Raum	9999.9
2021-03-11 09:50:58.0	Ana9 - 9: T.Zuluft WRG warm	17.1
2021-03-11 09:51:08.0	Ana1 - 1: T.Au?en	8.0
2021-03-11 09:51:08.0	Ana2 - 2: T.Zuluft	14.6
2021-03-11 09:51:08.0	Ana3 - 3: T.Abluft	17.7
2021-03-11 09:51:08.0	Ana4 - 4: T.Fortluft	12.9
2021-03-11 09:51:08.0	Ana5 - 5: T.Raum	9999.9
2021-03-11 09:51:08.0	Ana9 - 9: T.Zuluft WRG warm	17.1
2021-03-11 09:51:18.0	Ana1 - 1: T.Au?en	8.1
2021-03-11 09:51:18.0	Ana2 - 2: T.Zuluft	14.6
2021-03-11 09:51:18.0	Ana3 - 3: T.Abluft	17.7
2021-03-11 09:51:18.0	Ana4 - 4: T.Fortluft	12.9
2021-03-11 09:51:18.0	Ana5 - 5: T.Raum	9999.9
2021-03-11 09:51:18.0	Ana9 - 9: T.Zuluft WRG warm	17.1
2021-03-11 09:51:28.0	Ana1 - 1: T.Au?en	8.1
2021-03-11 09:51:28.0	Ana2 - 2: T.Zuluft	14.6
2021-03-11 09:51:28.0	Ana3 - 3: T.Abluft	17.7
2021-03-11 09:51:28.0	Ana4 - 4: T.Fortluft	12.9
2021-03-11 09:51:28.0	Ana5 - 5: T.Raum	9999.9
2021-03-11 09:51:28.0	Ana9 - 9: T.Zuluft WRG warm	17.1
2021-03-11 09:51:38.0	Ana1 - 1: T.Au?en	8.1
2021-03-11 09:51:38.0	Ana2 - 2: T.Zuluft	14.6
2021-03-11 09:51:38.0	Ana3 - 3: T.Abluft	17.7
2021-03-11 09:51:38.0	Ana4 - 4: T.Fortluft	12.9
2021-03-11 09:51:38.0	Ana5 - 5: T.Raum	9999.9
2021-03-11 09:51:38.0	Ana9 - 9: T.Zuluft WRG warm	17.1
2021-03-11 09:51:48.0	Ana1 - 1: T.Au?en	8.1
2021-03-11 09:51:48.0	Ana2 - 2: T.Zuluft	14.6
2021-03-11 09:51:48.0	Ana3 - 3: T.Abluft	17.7
2021-03-11 09:51:48.0	Ana4 - 4: T.Fortluft	12.9
2021-03-11 09:51:48.0	Ana5 - 5: T.Raum	9999.9
2021-03-11 09:51:48.0	Ana9 - 9: T.Zuluft WRG warm	17.1
2021-03-11 09:51:58.0	Ana1 - 1: T.Au?en	8.2
2021-03-11 09:51:58.0	Ana2 - 2: T.Zuluft	14.6
2021-03-11 09:51:58.0	Ana3 - 3: T.Abluft	17.7
2021-03-11 09:51:58.0	Ana4 - 4: T.Fortluft	12.9
2021-03-11 09:51:58.0	Ana5 - 5: T.Raum	9999.9
2021-03-11 09:51:58.0	Ana9 - 9: T.Zuluft WRG warm	17.1
2021-03-11 09:52:08.0	Ana1 - 1: T.Au?en	8.2
2021-03-11 09:52:08.0	Ana2 - 2: T.Zuluft	14.6
2021-03-11 09:52:08.0	Ana3 - 3: T.Abluft	17.7
2021-03-11 09:52:08.0	Ana4 - 4: T.Fortluft	12.9
2021-03-11 09:52:08.0	Ana5 - 5: T.Raum	9999.9
2021-03-11 09:52:08.0	Ana9 - 9: T.Zuluft WRG warm	17.1
2021-03-11 09:52:18.0	Ana1 - 1: T.Au?en	8.2
2021-03-11 09:52:18.0	Ana2 - 2: T.Zuluft	14.6
2021-03-11 09:52:18.0	Ana3 - 3: T.Abluft	17.7
2021-03-11 09:52:18.0	Ana4 - 4: T.Fortluft	12.9
2021-03-11 09:52:18.0	Ana5 - 5: T.Raum	9999.9
2021-03-11 09:52:18.0	Ana9 - 9: T.Zuluft WRG warm	17.1
2021-03-11 09:52:28.0	Ana1 - 1: T.Au?en	8.2
2021-03-11 09:52:28.0	Ana2 - 2: T.Zuluft	14.6
2021-03-11 09:52:28.0	Ana3 - 3: T.Abluft	17.7
2021-03-11 09:52:28.0	Ana4 - 4: T.Fortluft	12.9
2021-03-11 09:52:28.0	Ana5 - 5: T.Raum	9999.9
2021-03-11 09:52:28.0	Ana9 - 9: T.Zuluft WRG warm	17.1
2021-03-11 09:52:38.0	Ana1 - 1: T.Au?en	8.2
2021-03-11 09:52:38.0	Ana2 - 2: T.Zuluft	14.6
2021-03-11 09:52:38.0	Ana3 - 3: T.Abluft	17.7
2021-03-11 09:52:38.0	Ana4 - 4: T.Fortluft	12.9
2021-03-11 09:52:38.0	Ana5 - 5: T.Raum	9999.9
2021-03-11 09:52:38.0	Ana9 - 9: T.Zuluft WRG warm	17.1
2021-03-11 09:52:48.0	Ana1 - 1: T.Au?en	8.2
2021-03-11 09:52:48.0	Ana2 - 2: T.Zuluft	14.6
2021-03-11 09:52:48.0	Ana3 - 3: T.Abluft	17.7
2021-03-11 09:52:48.0	Ana4 - 4: T.Fortluft	12.9
2021-03-11 09:52:48.0	Ana5 - 5: T.Raum	9999.9
2021-03-11 09:52:48.0	Ana9 - 9: T.Zuluft WRG warm	17.1
2021-03-11 09:52:58.0	Ana1 - 1: T.Au?en	8.2
2021-03-11 09:52:58.0	Ana2 - 2: T.Zuluft	14.6
2021-03-11 09:52:58.0	Ana3 - 3: T.Abluft	17.7
2021-03-11 09:52:58.0	Ana4 - 4: T.Fortluft	12.9
2021-03-11 09:52:58.0	Ana5 - 5: T.Raum	9999.9
2021-03-11 09:52:58.0	Ana9 - 9: T.Zuluft WRG warm	17.1
2021-03-11 09:53:08.0	Ana1 - 1: T.Au?en	8.2
2021-03-11 09:53:08.0	Ana2 - 2: T.Zuluft	14.6
2021-03-11 09:53:08.0	Ana3 - 3: T.Abluft	17.7
2021-03-11 09:53:08.0	Ana4 - 4: T.Fortluft	12.9
2021-03-11 09:53:08.0	Ana5 - 5: T.Raum	9999.9
2021-03-11 09:53:08.0	Ana9 - 9: T.Zuluft WRG warm	17.1
2021-03-11 09:53:18.0	Ana1 - 1: T.Au?en	8.2
2021-03-11 09:53:18.0	Ana2 - 2: T.Zuluft	14.6
2021-03-11 09:53:18.0	Ana3 - 3: T.Abluft	17.7
2021-03-11 09:53:18.0	Ana4 - 4: T.Fortluft	12.9
2021-03-11 09:53:18.0	Ana5 - 5: T.Raum	9999.9
2021-03-11 09:53:18.0	Ana9 - 9: T.Zuluft WRG warm	17.1
2021-03-11 09:53:28.0	Ana1 - 1: T.Au?en	8.3
2021-03-11 09:53:28.0	Ana2 - 2: T.Zuluft	14.6
2021-03-11 09:53:28.0	Ana3 - 3: T.Abluft	17.7
2021-03-11 09:53:28.0	Ana4 - 4: T.Fortluft	12.9
2021-03-11 09:53:28.0	Ana5 - 5: T.Raum	9999.9
2021-03-11 09:53:28.0	Ana9 - 9: T.Zuluft WRG warm	17.1
2021-03-11 09:53:38.0	Ana1 - 1: T.Au?en	8.3
2021-03-11 09:53:38.0	Ana2 - 2: T.Zuluft	14.6
2021-03-11 09:53:38.0	Ana3 - 3: T.Abluft	17.7
2021-03-11 09:53:38.0	Ana4 - 4: T.Fortluft	12.9
2021-03-11 09:53:38.0	Ana5 - 5: T.Raum	9999.9
2021-03-11 09:53:38.0	Ana9 - 9: T.Zuluft WRG warm	17.1
2021-03-11 09:53:48.0	Ana1 - 1: T.Au?en	8.3
2021-03-11 09:53:48.0	Ana2 - 2: T.Zuluft	14.6
2021-03-11 09:53:48.0	Ana3 - 3: T.Abluft	17.6
2021-03-11 09:53:48.0	Ana4 - 4: T.Fortluft	12.9
2021-03-11 09:53:48.0	Ana5 - 5: T.Raum	9999.9
2021-03-11 09:53:48.0	Ana9 - 9: T.Zuluft WRG warm	17.1
2021-03-11 09:53:58.0	Ana1 - 1: T.Au?en	8.1
2021-03-11 09:53:58.0	Ana2 - 2: T.Zuluft	14.5
2021-03-11 09:53:58.0	Ana3 - 3: T.Abluft	17.7
2021-03-11 09:53:58.0	Ana4 - 4: T.Fortluft	12.9
2021-03-11 09:53:58.0	Ana5 - 5: T.Raum	9999.9
2021-03-11 09:53:58.0	Ana9 - 9: T.Zuluft WRG warm	17.1
2021-03-11 09:54:08.0	Ana1 - 1: T.Au?en	8.0
2021-03-11 09:54:08.0	Ana2 - 2: T.Zuluft	14.6
2021-03-11 09:54:08.0	Ana3 - 3: T.Abluft	17.7
2021-03-11 09:54:08.0	Ana4 - 4: T.Fortluft	12.9
2021-03-11 09:54:08.0	Ana5 - 5: T.Raum	9999.9
2021-03-11 09:54:08.0	Ana9 - 9: T.Zuluft WRG warm	17.1
2021-03-11 09:54:18.0	Ana1 - 1: T.Au?en	8.0
2021-03-11 09:54:18.0	Ana2 - 2: T.Zuluft	14.6
2021-03-11 09:54:18.0	Ana3 - 3: T.Abluft	17.6
2021-03-11 09:54:18.0	Ana4 - 4: T.Fortluft	12.9
2021-03-11 09:54:18.0	Ana5 - 5: T.Raum	9999.9
2021-03-11 09:54:18.0	Ana9 - 9: T.Zuluft WRG warm	17.0
2021-03-11 09:54:28.0	Ana1 - 1: T.Au?en	8.1
2021-03-11 09:54:28.0	Ana2 - 2: T.Zuluft	14.6
2021-03-11 09:54:28.0	Ana3 - 3: T.Abluft	17.6
2021-03-11 09:54:28.0	Ana4 - 4: T.Fortluft	12.9
2021-03-11 09:54:28.0	Ana5 - 5: T.Raum	9999.9
2021-03-11 09:54:28.0	Ana9 - 9: T.Zuluft WRG warm	17.0
2021-03-11 09:54:38.0	Ana1 - 1: T.Au?en	8.0
2021-03-11 09:54:38.0	Ana2 - 2: T.Zuluft	14.6
2021-03-11 09:54:38.0	Ana3 - 3: T.Abluft	17.6
2021-03-11 09:54:38.0	Ana4 - 4: T.Fortluft	12.9
2021-03-11 09:54:38.0	Ana5 - 5: T.Raum	9999.9
2021-03-11 09:54:38.0	Ana9 - 9: T.Zuluft WRG warm	17.0
2021-03-11 09:54:48.0	Ana1 - 1: T.Au?en	8.0
2021-03-11 09:54:48.0	Ana2 - 2: T.Zuluft	14.6
2021-03-11 09:54:48.0	Ana3 - 3: T.Abluft	17.6
2021-03-11 09:54:48.0	Ana4 - 4: T.Fortluft	12.9
2021-03-11 09:54:48.0	Ana5 - 5: T.Raum	9999.9
2021-03-11 09:54:48.0	Ana9 - 9: T.Zuluft WRG warm	17.0
2021-03-11 09:54:58.0	Ana1 - 1: T.Au?en	8.0
2021-03-11 09:54:58.0	Ana2 - 2: T.Zuluft	14.5
2021-03-11 09:54:58.0	Ana3 - 3: T.Abluft	17.6
2021-03-11 09:54:58.0	Ana4 - 4: T.Fortluft	12.9
2021-03-11 09:54:58.0	Ana5 - 5: T.Raum	9999.9
2021-03-11 09:54:58.0	Ana9 - 9: T.Zuluft WRG warm	17.0
2021-03-11 09:55:08.0	Ana1 - 1: T.Au?en	8.0
2021-03-11 09:55:08.0	Ana2 - 2: T.Zuluft	14.5
2021-03-11 09:55:08.0	Ana3 - 3: T.Abluft	17.6
2021-03-11 09:55:08.0	Ana4 - 4: T.Fortluft	12.9
2021-03-11 09:55:08.0	Ana5 - 5: T.Raum	9999.9
2021-03-11 09:55:08.0	Ana9 - 9: T.Zuluft WRG warm	17.0
2021-03-11 09:55:18.0	Ana1 - 1: T.Au?en	8.0
2021-03-11 09:55:18.0	Ana2 - 2: T.Zuluft	14.5
2021-03-11 09:55:18.0	Ana3 - 3: T.Abluft	17.6
2021-03-11 09:55:18.0	Ana4 - 4: T.Fortluft	12.9
2021-03-11 09:55:18.0	Ana5 - 5: T.Raum	9999.9
2021-03-11 09:55:18.0	Ana9 - 9: T.Zuluft WRG warm	17.0
2021-03-11 09:55:28.0	Ana1 - 1: T.Au?en	8.0
2021-03-11 09:55:28.0	Ana2 - 2: T.Zuluft	14.5
2021-03-11 09:55:28.0	Ana3 - 3: T.Abluft	17.6
2021-03-11 09:55:28.0	Ana4 - 4: T.Fortluft	12.9
2021-03-11 09:55:28.0	Ana5 - 5: T.Raum	9999.9
2021-03-11 09:55:28.0	Ana9 - 9: T.Zuluft WRG warm	17.0
2021-03-11 09:55:38.0	Ana1 - 1: T.Au?en	8.1
2021-03-11 09:55:38.0	Ana2 - 2: T.Zuluft	14.6
2021-03-11 09:55:38.0	Ana3 - 3: T.Abluft	17.6
2021-03-11 09:55:38.0	Ana4 - 4: T.Fortluft	12.9
2021-03-11 09:55:38.0	Ana5 - 5: T.Raum	9999.9
2021-03-11 09:55:38.0	Ana9 - 9: T.Zuluft WRG warm	17.0
2021-03-11 09:55:48.0	Ana1 - 1: T.Au?en	7.9
2021-03-11 09:55:48.0	Ana2 - 2: T.Zuluft	14.5
2021-03-11 09:55:48.0	Ana3 - 3: T.Abluft	17.6
2021-03-11 09:55:48.0	Ana4 - 4: T.Fortluft	12.9
2021-03-11 09:55:48.0	Ana5 - 5: T.Raum	9999.9
2021-03-11 09:55:48.0	Ana9 - 9: T.Zuluft WRG warm	17.0
2021-03-11 09:55:58.0	Ana1 - 1: T.Au?en	7.9
2021-03-11 09:55:58.0	Ana2 - 2: T.Zuluft	14.5
2021-03-11 09:55:58.0	Ana3 - 3: T.Abluft	17.6
2021-03-11 09:55:58.0	Ana4 - 4: T.Fortluft	12.9
2021-03-11 09:55:58.0	Ana5 - 5: T.Raum	9999.9
2021-03-11 09:55:58.0	Ana9 - 9: T.Zuluft WRG warm	17.0
2021-03-11 09:56:08.0	Ana1 - 1: T.Au?en	7.8
2021-03-11 09:56:08.0	Ana2 - 2: T.Zuluft	14.5
2021-03-11 09:56:08.0	Ana3 - 3: T.Abluft	17.6
2021-03-11 09:56:08.0	Ana4 - 4: T.Fortluft	12.9
2021-03-11 09:56:08.0	Ana5 - 5: T.Raum	9999.9
2021-03-11 09:56:08.0	Ana9 - 9: T.Zuluft WRG warm	17.0
2021-03-11 09:56:18.0	Ana1 - 1: T.Au?en	7.8
2021-03-11 09:56:18.0	Ana2 - 2: T.Zuluft	14.5
2021-03-11 09:56:18.0	Ana3 - 3: T.Abluft	17.6
2021-03-11 09:56:18.0	Ana4 - 4: T.Fortluft	12.9
2021-03-11 09:56:18.0	Ana5 - 5: T.Raum	9999.9
2021-03-11 09:56:18.0	Ana9 - 9: T.Zuluft WRG warm	17.0
2021-03-11 09:56:28.0	Ana1 - 1: T.Au?en	7.9
2021-03-11 09:56:28.0	Ana2 - 2: T.Zuluft	14.5
2021-03-11 09:56:28.0	Ana3 - 3: T.Abluft	17.6
2021-03-11 09:56:28.0	Ana4 - 4: T.Fortluft	12.9
2021-03-11 09:56:28.0	Ana5 - 5: T.Raum	9999.9
2021-03-11 09:56:28.0	Ana9 - 9: T.Zuluft WRG warm	17.0
2021-03-11 09:56:38.0	Ana1 - 1: T.Au?en	8.0
2021-03-11 09:56:38.0	Ana2 - 2: T.Zuluft	14.5
2021-03-11 09:56:38.0	Ana3 - 3: T.Abluft	17.6
2021-03-11 09:56:38.0	Ana4 - 4: T.Fortluft	12.9
2021-03-11 09:56:38.0	Ana5 - 5: T.Raum	9999.9
2021-03-11 09:56:38.0	Ana9 - 9: T.Zuluft WRG warm	17.0
2021-03-11 09:56:48.0	Ana1 - 1: T.Au?en	8.0
2021-03-11 09:56:48.0	Ana2 - 2: T.Zuluft	14.5
2021-03-11 09:56:48.0	Ana3 - 3: T.Abluft	17.6
2021-03-11 09:56:48.0	Ana4 - 4: T.Fortluft	12.9
2021-03-11 09:56:48.0	Ana5 - 5: T.Raum	9999.9
2021-03-11 09:56:48.0	Ana9 - 9: T.Zuluft WRG warm	17.0
2021-03-11 09:56:58.0	Ana1 - 1: T.Au?en	8.1
2021-03-11 09:56:58.0	Ana2 - 2: T.Zuluft	14.5
2021-03-11 09:56:58.0	Ana3 - 3: T.Abluft	17.6
2021-03-11 09:56:58.0	Ana4 - 4: T.Fortluft	12.9
2021-03-11 09:56:58.0	Ana5 - 5: T.Raum	9999.9
2021-03-11 09:56:58.0	Ana9 - 9: T.Zuluft WRG warm	17.0
2021-03-11 09:57:08.0	Ana1 - 1: T.Au?en	8.1
2021-03-11 09:57:08.0	Ana2 - 2: T.Zuluft	14.5
2021-03-11 09:57:08.0	Ana3 - 3: T.Abluft	17.6
2021-03-11 09:57:08.0	Ana4 - 4: T.Fortluft	12.9
2021-03-11 09:57:08.0	Ana5 - 5: T.Raum	9999.9
2021-03-11 09:57:08.0	Ana9 - 9: T.Zuluft WRG warm	17.0
2021-03-11 09:57:18.0	Ana1 - 1: T.Au?en	8.0
2021-03-11 09:57:18.0	Ana2 - 2: T.Zuluft	14.5
2021-03-11 09:57:18.0	Ana3 - 3: T.Abluft	17.6
2021-03-11 09:57:18.0	Ana4 - 4: T.Fortluft	12.9
2021-03-11 09:57:18.0	Ana5 - 5: T.Raum	9999.9
2021-03-11 09:57:18.0	Ana9 - 9: T.Zuluft WRG warm	17.0
2021-03-11 09:57:28.0	Ana1 - 1: T.Au?en	7.9
2021-03-11 09:57:28.0	Ana2 - 2: T.Zuluft	14.5
2021-03-11 09:57:28.0	Ana3 - 3: T.Abluft	17.6
2021-03-11 09:57:28.0	Ana4 - 4: T.Fortluft	12.9
2021-03-11 09:57:28.0	Ana5 - 5: T.Raum	9999.9
2021-03-11 09:57:28.0	Ana9 - 9: T.Zuluft WRG warm	17.0
2021-03-11 09:57:38.0	Ana1 - 1: T.Au?en	7.9
2021-03-11 09:57:38.0	Ana2 - 2: T.Zuluft	14.5
2021-03-11 09:57:38.0	Ana3 - 3: T.Abluft	17.6
2021-03-11 09:57:38.0	Ana4 - 4: T.Fortluft	12.9
2021-03-11 09:57:38.0	Ana5 - 5: T.Raum	9999.9
2021-03-11 09:57:38.0	Ana9 - 9: T.Zuluft WRG warm	17.0
2021-03-11 09:57:48.0	Ana1 - 1: T.Au?en	7.9
2021-03-11 09:57:48.0	Ana2 - 2: T.Zuluft	14.5
2021-03-11 09:57:48.0	Ana3 - 3: T.Abluft	17.6
2021-03-11 09:57:48.0	Ana4 - 4: T.Fortluft	12.9
2021-03-11 09:57:48.0	Ana5 - 5: T.Raum	9999.9
2021-03-11 09:57:48.0	Ana9 - 9: T.Zuluft WRG warm	17.0
2021-03-11 09:57:58.0	Ana1 - 1: T.Au?en	7.9
2021-03-11 09:57:58.0	Ana2 - 2: T.Zuluft	14.5
2021-03-11 09:57:58.0	Ana3 - 3: T.Abluft	17.7
2021-03-11 09:57:58.0	Ana4 - 4: T.Fortluft	12.9
2021-03-11 09:57:58.0	Ana5 - 5: T.Raum	9999.9
2021-03-11 09:57:58.0	Ana9 - 9: T.Zuluft WRG warm	17.0
2021-03-11 09:58:08.0	Ana1 - 1: T.Au?en	7.9
2021-03-11 09:58:08.0	Ana2 - 2: T.Zuluft	14.5
2021-03-11 09:58:08.0	Ana3 - 3: T.Abluft	17.7
2021-03-11 09:58:08.0	Ana4 - 4: T.Fortluft	12.9
2021-03-11 09:58:08.0	Ana5 - 5: T.Raum	9999.9
2021-03-11 09:58:08.0	Ana9 - 9: T.Zuluft WRG warm	17.0
2021-03-11 09:58:18.0	Ana1 - 1: T.Au?en	7.8
2021-03-11 09:58:18.0	Ana2 - 2: T.Zuluft	14.5
2021-03-11 09:58:18.0	Ana3 - 3: T.Abluft	17.7
2021-03-11 09:58:18.0	Ana4 - 4: T.Fortluft	12.9
2021-03-11 09:58:18.0	Ana5 - 5: T.Raum	9999.9
2021-03-11 09:58:18.0	Ana9 - 9: T.Zuluft WRG warm	17.0
2021-03-11 09:58:28.0	Ana1 - 1: T.Au?en	7.8
2021-03-11 09:58:28.0	Ana2 - 2: T.Zuluft	14.5
2021-03-11 09:58:28.0	Ana3 - 3: T.Abluft	17.7
2021-03-11 09:58:28.0	Ana4 - 4: T.Fortluft	12.9
2021-03-11 09:58:28.0	Ana5 - 5: T.Raum	9999.9
2021-03-11 09:58:28.0	Ana9 - 9: T.Zuluft WRG warm	17.0
2021-03-11 09:58:38.0	Ana1 - 1: T.Au?en	7.8
2021-03-11 09:58:38.0	Ana2 - 2: T.Zuluft	14.5
2021-03-11 09:58:38.0	Ana3 - 3: T.Abluft	17.7
2021-03-11 09:58:38.0	Ana4 - 4: T.Fortluft	12.9
2021-03-11 09:58:38.0	Ana5 - 5: T.Raum	9999.9
2021-03-11 09:58:38.0	Ana9 - 9: T.Zuluft WRG warm	17.0
2021-03-11 09:58:48.0	Ana1 - 1: T.Au?en	7.7
2021-03-11 09:58:48.0	Ana2 - 2: T.Zuluft	14.5
2021-03-11 09:58:48.0	Ana3 - 3: T.Abluft	17.7
2021-03-11 09:58:48.0	Ana4 - 4: T.Fortluft	12.9
2021-03-11 09:58:48.0	Ana5 - 5: T.Raum	9999.9
2021-03-11 09:58:48.0	Ana9 - 9: T.Zuluft WRG warm	17.0
2021-03-11 09:58:58.0	Ana1 - 1: T.Au?en	7.6
2021-03-11 09:58:58.0	Ana2 - 2: T.Zuluft	14.5
2021-03-11 09:58:58.0	Ana3 - 3: T.Abluft	17.7
2021-03-11 09:58:58.0	Ana4 - 4: T.Fortluft	12.9
2021-03-11 09:58:58.0	Ana5 - 5: T.Raum	9999.9
2021-03-11 09:58:58.0	Ana9 - 9: T.Zuluft WRG warm	17.1
2021-03-11 09:59:08.0	Ana1 - 1: T.Au?en	7.5
2021-03-11 09:59:08.0	Ana2 - 2: T.Zuluft	14.5
2021-03-11 09:59:08.0	Ana3 - 3: T.Abluft	17.7
2021-03-11 09:59:08.0	Ana4 - 4: T.Fortluft	12.9
2021-03-11 09:59:08.0	Ana5 - 5: T.Raum	9999.9
2021-03-11 09:59:08.0	Ana9 - 9: T.Zuluft WRG warm	17.1
2021-03-11 09:59:18.0	Ana1 - 1: T.Au?en	7.5
2021-03-11 09:59:18.0	Ana2 - 2: T.Zuluft	14.5
2021-03-11 09:59:18.0	Ana3 - 3: T.Abluft	17.7
2021-03-11 09:59:18.0	Ana4 - 4: T.Fortluft	12.9
2021-03-11 09:59:18.0	Ana5 - 5: T.Raum	9999.9
2021-03-11 09:59:18.0	Ana9 - 9: T.Zuluft WRG warm	17.1
2021-03-11 09:59:28.0	Ana1 - 1: T.Au?en	7.5
2021-03-11 09:59:28.0	Ana2 - 2: T.Zuluft	14.5
2021-03-11 09:59:28.0	Ana3 - 3: T.Abluft	17.7
2021-03-11 09:59:28.0	Ana4 - 4: T.Fortluft	12.9
2021-03-11 09:59:28.0	Ana5 - 5: T.Raum	9999.9
2021-03-11 09:59:28.0	Ana9 - 9: T.Zuluft WRG warm	17.1
2021-03-11 09:59:38.0	Ana1 - 1: T.Au?en	7.6
2021-03-11 09:59:38.0	Ana2 - 2: T.Zuluft	14.5
2021-03-11 09:59:38.0	Ana3 - 3: T.Abluft	17.7
2021-03-11 09:59:38.0	Ana4 - 4: T.Fortluft	12.9
2021-03-11 09:59:38.0	Ana5 - 5: T.Raum	9999.9
2021-03-11 09:59:38.0	Ana9 - 9: T.Zuluft WRG warm	17.1
2021-03-11 09:59:48.0	Ana1 - 1: T.Au?en	7.7
2021-03-11 09:59:48.0	Ana2 - 2: T.Zuluft	14.5
2021-03-11 09:59:48.0	Ana3 - 3: T.Abluft	17.7
2021-03-11 09:59:48.0	Ana4 - 4: T.Fortluft	12.9
2021-03-11 09:59:48.0	Ana5 - 5: T.Raum	9999.9
2021-03-11 09:59:48.0	Ana9 - 9: T.Zuluft WRG warm	17.1
2021-03-11 09:59:58.0	Ana1 - 1: T.Au?en	7.7
2021-03-11 09:59:58.0	Ana2 - 2: T.Zuluft	14.5
2021-03-11 09:59:58.0	Ana3 - 3: T.Abluft	17.7
2021-03-11 09:59:58.0	Ana4 - 4: T.Fortluft	12.9
2021-03-11 09:59:58.0	Ana5 - 5: T.Raum	9999.9
2021-03-11 09:59:58.0	Ana9 - 9: T.Zuluft WRG warm	17.1
2021-03-11 10:00:08.0	Ana1 - 1: T.Au?en	7.8
2021-03-11 10:00:08.0	Ana2 - 2: T.Zuluft	14.5
2021-03-11 10:00:08.0	Ana3 - 3: T.Abluft	17.7
2021-03-11 10:00:08.0	Ana4 - 4: T.Fortluft	12.9
2021-03-11 10:00:08.0	Ana5 - 5: T.Raum	9999.9
2021-03-11 10:00:08.0	Ana9 - 9: T.Zuluft WRG warm	17.2
2021-03-11 10:00:18.0	Ana1 - 1: T.Au?en	7.8
2021-03-11 10:00:18.0	Ana2 - 2: T.Zuluft	14.5
2021-03-11 10:00:18.0	Ana3 - 3: T.Abluft	17.7
2021-03-11 10:00:18.0	Ana4 - 4: T.Fortluft	12.9
2021-03-11 10:00:18.0	Ana5 - 5: T.Raum	9999.9
2021-03-11 10:00:18.0	Ana9 - 9: T.Zuluft WRG warm	17.2
2021-03-11 10:00:28.0	Ana1 - 1: T.Au?en	7.7
2021-03-11 10:00:28.0	Ana2 - 2: T.Zuluft	14.5
2021-03-11 10:00:28.0	Ana3 - 3: T.Abluft	17.7
2021-03-11 10:00:28.0	Ana4 - 4: T.Fortluft	12.9
2021-03-11 10:00:28.0	Ana5 - 5: T.Raum	9999.9
2021-03-11 10:00:28.0	Ana9 - 9: T.Zuluft WRG warm	17.2
2021-03-11 10:00:38.0	Ana1 - 1: T.Au?en	7.8
2021-03-11 10:00:38.0	Ana2 - 2: T.Zuluft	14.5
2021-03-11 10:00:38.0	Ana3 - 3: T.Abluft	17.7
2021-03-11 10:00:38.0	Ana4 - 4: T.Fortluft	12.9
2021-03-11 10:00:38.0	Ana5 - 5: T.Raum	9999.9
2021-03-11 10:00:38.0	Ana9 - 9: T.Zuluft WRG warm	17.2
2021-03-11 10:00:48.0	Ana1 - 1: T.Au?en	7.9
2021-03-11 10:00:48.0	Ana2 - 2: T.Zuluft	14.5
2021-03-11 10:00:48.0	Ana3 - 3: T.Abluft	17.7
2021-03-11 10:00:48.0	Ana4 - 4: T.Fortluft	12.9
2021-03-11 10:00:48.0	Ana5 - 5: T.Raum	9999.9
2021-03-11 10:00:48.0	Ana9 - 9: T.Zuluft WRG warm	17.2
2021-03-11 10:00:58.0	Ana1 - 1: T.Au?en	8.0
2021-03-11 10:00:58.0	Ana2 - 2: T.Zuluft	14.5
2021-03-11 10:00:58.0	Ana3 - 3: T.Abluft	17.8
2021-03-11 10:00:58.0	Ana4 - 4: T.Fortluft	12.9
2021-03-11 10:00:58.0	Ana5 - 5: T.Raum	9999.9
2021-03-11 10:00:58.0	Ana9 - 9: T.Zuluft WRG warm	17.2
2021-03-11 10:01:08.0	Ana1 - 1: T.Au?en	7.9
2021-03-11 10:01:08.0	Ana2 - 2: T.Zuluft	14.5
2021-03-11 10:01:08.0	Ana3 - 3: T.Abluft	17.8
2021-03-11 10:01:08.0	Ana4 - 4: T.Fortluft	12.9
2021-03-11 10:01:08.0	Ana5 - 5: T.Raum	9999.9
2021-03-11 10:01:08.0	Ana9 - 9: T.Zuluft WRG warm	17.2
2021-03-11 10:01:18.0	Ana1 - 1: T.Au?en	7.8
2021-03-11 10:01:18.0	Ana2 - 2: T.Zuluft	14.5
2021-03-11 10:01:18.0	Ana3 - 3: T.Abluft	17.8
2021-03-11 10:01:18.0	Ana4 - 4: T.Fortluft	12.9
2021-03-11 10:01:18.0	Ana5 - 5: T.Raum	9999.9
2021-03-11 10:01:18.0	Ana9 - 9: T.Zuluft WRG warm	17.2
2021-03-11 10:01:28.0	Ana1 - 1: T.Au?en	8.0
2021-03-11 10:01:28.0	Ana2 - 2: T.Zuluft	14.5
2021-03-11 10:01:28.0	Ana3 - 3: T.Abluft	17.8
2021-03-11 10:01:28.0	Ana4 - 4: T.Fortluft	12.9
2021-03-11 10:01:28.0	Ana5 - 5: T.Raum	9999.9
2021-03-11 10:01:28.0	Ana9 - 9: T.Zuluft WRG warm	17.3
2021-03-11 10:01:38.0	Ana1 - 1: T.Au?en	8.1
2021-03-11 10:01:38.0	Ana2 - 2: T.Zuluft	14.5
2021-03-11 10:01:38.0	Ana3 - 3: T.Abluft	17.8
2021-03-11 10:01:38.0	Ana4 - 4: T.Fortluft	12.9
2021-03-11 10:01:38.0	Ana5 - 5: T.Raum	9999.9
2021-03-11 10:01:38.0	Ana9 - 9: T.Zuluft WRG warm	17.3
2021-03-11 10:01:48.0	Ana1 - 1: T.Au?en	8.0
2021-03-11 10:01:48.0	Ana2 - 2: T.Zuluft	14.5
2021-03-11 10:01:48.0	Ana3 - 3: T.Abluft	17.8
2021-03-11 10:01:48.0	Ana4 - 4: T.Fortluft	12.9
2021-03-11 10:01:48.0	Ana5 - 5: T.Raum	9999.9
2021-03-11 10:01:48.0	Ana9 - 9: T.Zuluft WRG warm	17.3
2021-03-11 10:01:58.0	Ana1 - 1: T.Au?en	8.0
2021-03-11 10:01:58.0	Ana2 - 2: T.Zuluft	14.6
2021-03-11 10:01:58.0	Ana3 - 3: T.Abluft	17.8
2021-03-11 10:01:58.0	Ana4 - 4: T.Fortluft	12.9
2021-03-11 10:01:58.0	Ana5 - 5: T.Raum	9999.9
2021-03-11 10:01:58.0	Ana9 - 9: T.Zuluft WRG warm	17.3
2021-03-11 10:02:08.0	Ana1 - 1: T.Au?en	7.9
2021-03-11 10:02:08.0	Ana2 - 2: T.Zuluft	14.6
2021-03-11 10:02:08.0	Ana3 - 3: T.Abluft	17.8
2021-03-11 10:02:08.0	Ana4 - 4: T.Fortluft	12.9
2021-03-11 10:02:08.0	Ana5 - 5: T.Raum	9999.9
2021-03-11 10:02:08.0	Ana9 - 9: T.Zuluft WRG warm	17.3
2021-03-11 10:02:18.0	Ana1 - 1: T.Au?en	8.0
2021-03-11 10:02:18.0	Ana2 - 2: T.Zuluft	14.5
2021-03-11 10:02:18.0	Ana3 - 3: T.Abluft	17.8
2021-03-11 10:02:18.0	Ana4 - 4: T.Fortluft	12.9
2021-03-11 10:02:18.0	Ana5 - 5: T.Raum	9999.9
2021-03-11 10:02:18.0	Ana9 - 9: T.Zuluft WRG warm	17.3
2021-03-11 10:02:28.0	Ana1 - 1: T.Au?en	8.0
2021-03-11 10:02:28.0	Ana2 - 2: T.Zuluft	14.5
2021-03-11 10:02:28.0	Ana3 - 3: T.Abluft	17.8
2021-03-11 10:02:28.0	Ana4 - 4: T.Fortluft	12.9
2021-03-11 10:02:28.0	Ana5 - 5: T.Raum	9999.9
2021-03-11 10:02:28.0	Ana9 - 9: T.Zuluft WRG warm	17.3
2021-03-11 10:02:38.0	Ana1 - 1: T.Au?en	8.1
2021-03-11 10:02:38.0	Ana2 - 2: T.Zuluft	14.6
2021-03-11 10:02:38.0	Ana3 - 3: T.Abluft	17.8
2021-03-11 10:02:38.0	Ana4 - 4: T.Fortluft	12.9
2021-03-11 10:02:38.0	Ana5 - 5: T.Raum	9999.9
2021-03-11 10:02:38.0	Ana9 - 9: T.Zuluft WRG warm	17.3
2021-03-11 10:02:48.0	Ana1 - 1: T.Au?en	8.0
2021-03-11 10:02:48.0	Ana2 - 2: T.Zuluft	14.6
2021-03-11 10:02:48.0	Ana3 - 3: T.Abluft	17.8
2021-03-11 10:02:48.0	Ana4 - 4: T.Fortluft	12.9
2021-03-11 10:02:48.0	Ana5 - 5: T.Raum	9999.9
2021-03-11 10:02:48.0	Ana9 - 9: T.Zuluft WRG warm	17.3
2021-03-11 10:02:58.0	Ana1 - 1: T.Au?en	8.0
2021-03-11 10:02:58.0	Ana2 - 2: T.Zuluft	14.5
2021-03-11 10:02:58.0	Ana3 - 3: T.Abluft	17.8
2021-03-11 10:02:58.0	Ana4 - 4: T.Fortluft	12.9
2021-03-11 10:02:58.0	Ana5 - 5: T.Raum	9999.9
2021-03-11 10:02:58.0	Ana9 - 9: T.Zuluft WRG warm	17.3
2021-03-11 10:03:08.0	Ana1 - 1: T.Au?en	8.1
2021-03-11 10:03:08.0	Ana2 - 2: T.Zuluft	14.6
2021-03-11 10:03:08.0	Ana3 - 3: T.Abluft	17.9
2021-03-11 10:03:08.0	Ana4 - 4: T.Fortluft	12.9
2021-03-11 10:03:08.0	Ana5 - 5: T.Raum	9999.9
2021-03-11 10:03:08.0	Ana9 - 9: T.Zuluft WRG warm	17.4
2021-03-11 10:03:18.0	Ana1 - 1: T.Au?en	8.3
2021-03-11 10:03:18.0	Ana2 - 2: T.Zuluft	14.5
2021-03-11 10:03:18.0	Ana3 - 3: T.Abluft	17.9
2021-03-11 10:03:18.0	Ana4 - 4: T.Fortluft	12.9
2021-03-11 10:03:18.0	Ana5 - 5: T.Raum	9999.9
2021-03-11 10:03:18.0	Ana9 - 9: T.Zuluft WRG warm	17.4
2021-03-11 10:03:28.0	Ana1 - 1: T.Au?en	8.3
2021-03-11 10:03:28.0	Ana2 - 2: T.Zuluft	14.6
2021-03-11 10:03:28.0	Ana3 - 3: T.Abluft	17.9
2021-03-11 10:03:28.0	Ana4 - 4: T.Fortluft	12.9
2021-03-11 10:03:28.0	Ana5 - 5: T.Raum	9999.9
2021-03-11 10:03:28.0	Ana9 - 9: T.Zuluft WRG warm	17.4
2021-03-11 10:03:38.0	Ana1 - 1: T.Au?en	8.3
2021-03-11 10:03:38.0	Ana2 - 2: T.Zuluft	14.6
2021-03-11 10:03:38.0	Ana3 - 3: T.Abluft	17.9
2021-03-11 10:03:38.0	Ana4 - 4: T.Fortluft	12.9
2021-03-11 10:03:38.0	Ana5 - 5: T.Raum	9999.9
2021-03-11 10:03:38.0	Ana9 - 9: T.Zuluft WRG warm	17.4
2021-03-11 10:03:48.0	Ana1 - 1: T.Au?en	8.3
2021-03-11 10:03:48.0	Ana2 - 2: T.Zuluft	14.6
2021-03-11 10:03:48.0	Ana3 - 3: T.Abluft	17.9
2021-03-11 10:03:48.0	Ana4 - 4: T.Fortluft	12.9
2021-03-11 10:03:48.0	Ana5 - 5: T.Raum	9999.9
2021-03-11 10:03:48.0	Ana9 - 9: T.Zuluft WRG warm	17.4
2021-03-11 10:03:58.0	Ana1 - 1: T.Au?en	8.4
2021-03-11 10:03:58.0	Ana2 - 2: T.Zuluft	14.6
2021-03-11 10:03:58.0	Ana3 - 3: T.Abluft	17.9
2021-03-11 10:03:58.0	Ana4 - 4: T.Fortluft	12.9
2021-03-11 10:03:58.0	Ana5 - 5: T.Raum	9999.9
2021-03-11 10:03:58.0	Ana9 - 9: T.Zuluft WRG warm	17.4
2021-03-11 10:04:08.0	Ana1 - 1: T.Au?en	8.4
2021-03-11 10:04:08.0	Ana2 - 2: T.Zuluft	14.6
2021-03-11 10:04:08.0	Ana3 - 3: T.Abluft	17.9
2021-03-11 10:04:08.0	Ana4 - 4: T.Fortluft	12.9
2021-03-11 10:04:08.0	Ana5 - 5: T.Raum	9999.9
2021-03-11 10:04:08.0	Ana9 - 9: T.Zuluft WRG warm	17.4
2021-03-11 10:04:18.0	Ana1 - 1: T.Au?en	8.5
2021-03-11 10:04:18.0	Ana2 - 2: T.Zuluft	14.6
2021-03-11 10:04:18.0	Ana3 - 3: T.Abluft	17.9
2021-03-11 10:04:18.0	Ana4 - 4: T.Fortluft	12.9
2021-03-11 10:04:18.0	Ana5 - 5: T.Raum	9999.9
2021-03-11 10:04:18.0	Ana9 - 9: T.Zuluft WRG warm	17.4
2021-03-11 10:04:28.0	Ana1 - 1: T.Au?en	8.4
2021-03-11 10:04:28.0	Ana2 - 2: T.Zuluft	14.6
2021-03-11 10:04:28.0	Ana3 - 3: T.Abluft	17.9
2021-03-11 10:04:28.0	Ana4 - 4: T.Fortluft	12.9
2021-03-11 10:04:28.0	Ana5 - 5: T.Raum	9999.9
2021-03-11 10:04:28.0	Ana9 - 9: T.Zuluft WRG warm	17.4
2021-03-11 10:04:38.0	Ana1 - 1: T.Au?en	8.3
2021-03-11 10:04:38.0	Ana2 - 2: T.Zuluft	14.6
2021-03-11 10:04:38.0	Ana3 - 3: T.Abluft	17.9
2021-03-11 10:04:38.0	Ana4 - 4: T.Fortluft	12.9
2021-03-11 10:04:38.0	Ana5 - 5: T.Raum	9999.9
2021-03-11 10:04:38.0	Ana9 - 9: T.Zuluft WRG warm	17.4
2021-03-11 10:04:48.0	Ana1 - 1: T.Au?en	8.2
2021-03-11 10:04:48.0	Ana2 - 2: T.Zuluft	14.6
2021-03-11 10:04:48.0	Ana3 - 3: T.Abluft	17.9
2021-03-11 10:04:48.0	Ana4 - 4: T.Fortluft	12.9
2021-03-11 10:04:48.0	Ana5 - 5: T.Raum	9999.9
2021-03-11 10:04:48.0	Ana9 - 9: T.Zuluft WRG warm	17.5
2021-03-11 10:04:58.0	Ana1 - 1: T.Au?en	8.1
2021-03-11 10:04:58.0	Ana2 - 2: T.Zuluft	14.6
2021-03-11 10:04:58.0	Ana3 - 3: T.Abluft	17.9
2021-03-11 10:04:58.0	Ana4 - 4: T.Fortluft	12.9
2021-03-11 10:04:58.0	Ana5 - 5: T.Raum	9999.9
2021-03-11 10:04:58.0	Ana9 - 9: T.Zuluft WRG warm	17.5
2021-03-11 10:05:08.0	Ana1 - 1: T.Au?en	8.1
2021-03-11 10:05:08.0	Ana2 - 2: T.Zuluft	14.6
2021-03-11 10:05:08.0	Ana3 - 3: T.Abluft	17.9
2021-03-11 10:05:08.0	Ana4 - 4: T.Fortluft	12.9
2021-03-11 10:05:08.0	Ana5 - 5: T.Raum	9999.9
2021-03-11 10:05:08.0	Ana9 - 9: T.Zuluft WRG warm	17.5
2021-03-11 10:05:18.0	Ana1 - 1: T.Au?en	7.9
2021-03-11 10:05:18.0	Ana2 - 2: T.Zuluft	14.6
2021-03-11 10:05:18.0	Ana3 - 3: T.Abluft	18.0
2021-03-11 10:05:18.0	Ana4 - 4: T.Fortluft	12.9
2021-03-11 10:05:18.0	Ana5 - 5: T.Raum	9999.9
2021-03-11 10:05:18.0	Ana9 - 9: T.Zuluft WRG warm	17.5
2021-03-11 10:05:28.0	Ana1 - 1: T.Au?en	7.8
2021-03-11 10:05:28.0	Ana2 - 2: T.Zuluft	14.6
2021-03-11 10:05:28.0	Ana3 - 3: T.Abluft	18.0
2021-03-11 10:05:28.0	Ana4 - 4: T.Fortluft	12.9
2021-03-11 10:05:28.0	Ana5 - 5: T.Raum	9999.9
2021-03-11 10:05:28.0	Ana9 - 9: T.Zuluft WRG warm	17.5
2021-03-11 10:05:38.0	Ana1 - 1: T.Au?en	7.8
2021-03-11 10:05:38.0	Ana2 - 2: T.Zuluft	14.6
2021-03-11 10:05:38.0	Ana3 - 3: T.Abluft	18.0
2021-03-11 10:05:38.0	Ana4 - 4: T.Fortluft	12.9
2021-03-11 10:05:38.0	Ana5 - 5: T.Raum	9999.9
2021-03-11 10:05:38.0	Ana9 - 9: T.Zuluft WRG warm	17.5
2021-03-11 10:05:48.0	Ana1 - 1: T.Au?en	7.9
2021-03-11 10:05:48.0	Ana2 - 2: T.Zuluft	14.6
2021-03-11 10:05:48.0	Ana3 - 3: T.Abluft	18.0
2021-03-11 10:05:48.0	Ana4 - 4: T.Fortluft	12.9
2021-03-11 10:05:48.0	Ana5 - 5: T.Raum	9999.9
2021-03-11 10:05:48.0	Ana9 - 9: T.Zuluft WRG warm	17.5
2021-03-11 10:05:58.0	Ana1 - 1: T.Au?en	7.8
2021-03-11 10:05:58.0	Ana2 - 2: T.Zuluft	14.6
2021-03-11 10:05:58.0	Ana3 - 3: T.Abluft	18.0
2021-03-11 10:05:58.0	Ana4 - 4: T.Fortluft	12.9
2021-03-11 10:05:58.0	Ana5 - 5: T.Raum	9999.9
2021-03-11 10:05:58.0	Ana9 - 9: T.Zuluft WRG warm	17.5
2021-03-11 10:06:08.0	Ana1 - 1: T.Au?en	7.8
2021-03-11 10:06:08.0	Ana2 - 2: T.Zuluft	14.6
2021-03-11 10:06:08.0	Ana3 - 3: T.Abluft	18.0
2021-03-11 10:06:08.0	Ana4 - 4: T.Fortluft	12.9
2021-03-11 10:06:08.0	Ana5 - 5: T.Raum	9999.9
2021-03-11 10:06:08.0	Ana9 - 9: T.Zuluft WRG warm	17.5
2021-03-11 10:06:18.0	Ana1 - 1: T.Au?en	7.8
2021-03-11 10:06:18.0	Ana2 - 2: T.Zuluft	14.6
2021-03-11 10:06:18.0	Ana3 - 3: T.Abluft	18.0
2021-03-11 10:06:18.0	Ana4 - 4: T.Fortluft	12.9
2021-03-11 10:06:18.0	Ana5 - 5: T.Raum	9999.9
2021-03-11 10:06:18.0	Ana9 - 9: T.Zuluft WRG warm	17.5
2021-03-11 10:06:28.0	Ana1 - 1: T.Au?en	7.8
2021-03-11 10:06:28.0	Ana2 - 2: T.Zuluft	14.6
2021-03-11 10:06:28.0	Ana3 - 3: T.Abluft	18.0
2021-03-11 10:06:28.0	Ana4 - 4: T.Fortluft	12.9
2021-03-11 10:06:28.0	Ana5 - 5: T.Raum	9999.9
2021-03-11 10:06:28.0	Ana9 - 9: T.Zuluft WRG warm	17.5
2021-03-11 10:06:38.0	Ana1 - 1: T.Au?en	7.8
2021-03-11 10:06:38.0	Ana2 - 2: T.Zuluft	14.6
2021-03-11 10:06:38.0	Ana3 - 3: T.Abluft	18.0
2021-03-11 10:06:38.0	Ana4 - 4: T.Fortluft	12.9
2021-03-11 10:06:38.0	Ana5 - 5: T.Raum	9999.9
2021-03-11 10:06:38.0	Ana9 - 9: T.Zuluft WRG warm	17.6
2021-03-11 10:06:48.0	Ana1 - 1: T.Au?en	7.9
2021-03-11 10:06:48.0	Ana2 - 2: T.Zuluft	14.6
2021-03-11 10:06:48.0	Ana3 - 3: T.Abluft	18.0
2021-03-11 10:06:48.0	Ana4 - 4: T.Fortluft	12.9
2021-03-11 10:06:48.0	Ana5 - 5: T.Raum	9999.9
2021-03-11 10:06:48.0	Ana9 - 9: T.Zuluft WRG warm	17.6
2021-03-11 10:06:58.0	Ana1 - 1: T.Au?en	7.8
2021-03-11 10:06:58.0	Ana2 - 2: T.Zuluft	14.6
2021-03-11 10:06:58.0	Ana3 - 3: T.Abluft	18.0
2021-03-11 10:06:58.0	Ana4 - 4: T.Fortluft	12.9
2021-03-11 10:06:58.0	Ana5 - 5: T.Raum	9999.9
2021-03-11 10:06:58.0	Ana9 - 9: T.Zuluft WRG warm	17.6
2021-03-11 10:07:08.0	Ana1 - 1: T.Au?en	7.8
2021-03-11 10:07:08.0	Ana2 - 2: T.Zuluft	14.6
2021-03-11 10:07:08.0	Ana3 - 3: T.Abluft	18.0
2021-03-11 10:07:08.0	Ana4 - 4: T.Fortluft	12.9
2021-03-11 10:07:08.0	Ana5 - 5: T.Raum	9999.9
2021-03-11 10:07:08.0	Ana9 - 9: T.Zuluft WRG warm	17.6
2021-03-11 10:07:18.0	Ana1 - 1: T.Au?en	7.9
2021-03-11 10:07:18.0	Ana2 - 2: T.Zuluft	14.6
2021-03-11 10:07:18.0	Ana3 - 3: T.Abluft	18.0
2021-03-11 10:07:18.0	Ana4 - 4: T.Fortluft	12.9
2021-03-11 10:07:18.0	Ana5 - 5: T.Raum	9999.9
2021-03-11 10:07:18.0	Ana9 - 9: T.Zuluft WRG warm	17.6
2021-03-11 10:07:28.0	Ana1 - 1: T.Au?en	8.0
2021-03-11 10:07:28.0	Ana2 - 2: T.Zuluft	14.6
2021-03-11 10:07:28.0	Ana3 - 3: T.Abluft	18.0
2021-03-11 10:07:28.0	Ana4 - 4: T.Fortluft	12.9
2021-03-11 10:07:28.0	Ana5 - 5: T.Raum	9999.9
2021-03-11 10:07:28.0	Ana9 - 9: T.Zuluft WRG warm	17.6
2021-03-11 10:07:38.0	Ana1 - 1: T.Au?en	8.1
2021-03-11 10:07:38.0	Ana2 - 2: T.Zuluft	14.7
2021-03-11 10:07:38.0	Ana3 - 3: T.Abluft	18.0
2021-03-11 10:07:38.0	Ana4 - 4: T.Fortluft	12.9
2021-03-11 10:07:38.0	Ana5 - 5: T.Raum	9999.9
2021-03-11 10:07:38.0	Ana9 - 9: T.Zuluft WRG warm	17.6
2021-03-11 10:07:48.0	Ana1 - 1: T.Au?en	8.2
2021-03-11 10:07:48.0	Ana2 - 2: T.Zuluft	14.7
2021-03-11 10:07:48.0	Ana3 - 3: T.Abluft	18.1
2021-03-11 10:07:48.0	Ana4 - 4: T.Fortluft	12.9
2021-03-11 10:07:48.0	Ana5 - 5: T.Raum	9999.9
2021-03-11 10:07:48.0	Ana9 - 9: T.Zuluft WRG warm	17.6
2021-03-11 10:07:58.0	Ana1 - 1: T.Au?en	8.2
2021-03-11 10:07:58.0	Ana2 - 2: T.Zuluft	14.7
2021-03-11 10:07:58.0	Ana3 - 3: T.Abluft	18.1
2021-03-11 10:07:58.0	Ana4 - 4: T.Fortluft	12.9
2021-03-11 10:07:58.0	Ana5 - 5: T.Raum	9999.9
2021-03-11 10:07:58.0	Ana9 - 9: T.Zuluft WRG warm	17.6
2021-03-11 10:08:08.0	Ana1 - 1: T.Au?en	8.2
2021-03-11 10:08:08.0	Ana2 - 2: T.Zuluft	14.7
2021-03-11 10:08:08.0	Ana3 - 3: T.Abluft	18.1
2021-03-11 10:08:08.0	Ana4 - 4: T.Fortluft	12.9
2021-03-11 10:08:08.0	Ana5 - 5: T.Raum	9999.9
2021-03-11 10:08:08.0	Ana9 - 9: T.Zuluft WRG warm	17.6
2021-03-11 10:08:18.0	Ana1 - 1: T.Au?en	8.2
2021-03-11 10:08:18.0	Ana2 - 2: T.Zuluft	14.7
2021-03-11 10:08:18.0	Ana3 - 3: T.Abluft	18.1
2021-03-11 10:08:18.0	Ana4 - 4: T.Fortluft	12.9
2021-03-11 10:08:18.0	Ana5 - 5: T.Raum	9999.9
2021-03-11 10:08:18.0	Ana9 - 9: T.Zuluft WRG warm	17.6
2021-03-11 10:08:28.0	Ana1 - 1: T.Au?en	8.3
2021-03-11 10:08:28.0	Ana2 - 2: T.Zuluft	14.7
2021-03-11 10:08:28.0	Ana3 - 3: T.Abluft	18.1
2021-03-11 10:08:28.0	Ana4 - 4: T.Fortluft	12.9
2021-03-11 10:08:28.0	Ana5 - 5: T.Raum	9999.9
2021-03-11 10:08:28.0	Ana9 - 9: T.Zuluft WRG warm	17.6
2021-03-11 10:08:38.0	Ana1 - 1: T.Au?en	8.2
2021-03-11 10:08:38.0	Ana2 - 2: T.Zuluft	14.7
2021-03-11 10:08:38.0	Ana3 - 3: T.Abluft	18.1
2021-03-11 10:08:38.0	Ana4 - 4: T.Fortluft	12.9
2021-03-11 10:08:38.0	Ana5 - 5: T.Raum	9999.9
2021-03-11 10:08:38.0	Ana9 - 9: T.Zuluft WRG warm	17.6
2021-03-11 10:08:48.0	Ana1 - 1: T.Au?en	8.1
2021-03-11 10:08:48.0	Ana2 - 2: T.Zuluft	14.7
2021-03-11 10:08:48.0	Ana3 - 3: T.Abluft	18.1
2021-03-11 10:08:48.0	Ana4 - 4: T.Fortluft	12.9
2021-03-11 10:08:48.0	Ana5 - 5: T.Raum	9999.9
2021-03-11 10:08:48.0	Ana9 - 9: T.Zuluft WRG warm	17.6
2021-03-11 10:08:58.0	Ana1 - 1: T.Au?en	8.0
2021-03-11 10:08:58.0	Ana2 - 2: T.Zuluft	14.7
2021-03-11 10:08:58.0	Ana3 - 3: T.Abluft	18.1
2021-03-11 10:08:58.0	Ana4 - 4: T.Fortluft	12.9
2021-03-11 10:08:58.0	Ana5 - 5: T.Raum	9999.9
2021-03-11 10:08:58.0	Ana9 - 9: T.Zuluft WRG warm	17.6
2021-03-11 10:09:08.0	Ana1 - 1: T.Au?en	8.0
2021-03-11 10:09:08.0	Ana2 - 2: T.Zuluft	14.7
2021-03-11 10:09:08.0	Ana3 - 3: T.Abluft	18.1
2021-03-11 10:09:08.0	Ana4 - 4: T.Fortluft	12.9
2021-03-11 10:09:08.0	Ana5 - 5: T.Raum	9999.9
2021-03-11 10:09:08.0	Ana9 - 9: T.Zuluft WRG warm	17.6
2021-03-11 10:09:18.0	Ana1 - 1: T.Au?en	7.8
2021-03-11 10:09:18.0	Ana2 - 2: T.Zuluft	14.7
2021-03-11 10:09:18.0	Ana3 - 3: T.Abluft	18.1
2021-03-11 10:09:18.0	Ana4 - 4: T.Fortluft	12.9
2021-03-11 10:09:18.0	Ana5 - 5: T.Raum	9999.9
2021-03-11 10:09:18.0	Ana9 - 9: T.Zuluft WRG warm	17.6
2021-03-11 10:09:28.0	Ana1 - 1: T.Au?en	7.8
2021-03-11 10:09:28.0	Ana2 - 2: T.Zuluft	14.7
2021-03-11 10:09:28.0	Ana3 - 3: T.Abluft	18.1
2021-03-11 10:09:28.0	Ana4 - 4: T.Fortluft	12.9
2021-03-11 10:09:28.0	Ana5 - 5: T.Raum	9999.9
2021-03-11 10:09:28.0	Ana9 - 9: T.Zuluft WRG warm	17.7
2021-03-11 10:09:38.0	Ana1 - 1: T.Au?en	7.9
2021-03-11 10:09:38.0	Ana2 - 2: T.Zuluft	14.7
2021-03-11 10:09:38.0	Ana3 - 3: T.Abluft	18.1
2021-03-11 10:09:38.0	Ana4 - 4: T.Fortluft	12.9
2021-03-11 10:09:38.0	Ana5 - 5: T.Raum	9999.9
2021-03-11 10:09:38.0	Ana9 - 9: T.Zuluft WRG warm	17.7
2021-03-11 10:09:48.0	Ana1 - 1: T.Au?en	7.8
2021-03-11 10:09:48.0	Ana2 - 2: T.Zuluft	14.7
2021-03-11 10:09:48.0	Ana3 - 3: T.Abluft	18.1
2021-03-11 10:09:48.0	Ana4 - 4: T.Fortluft	12.9
2021-03-11 10:09:48.0	Ana5 - 5: T.Raum	9999.9
2021-03-11 10:09:48.0	Ana9 - 9: T.Zuluft WRG warm	17.7
2021-03-11 10:09:58.0	Ana1 - 1: T.Au?en	7.8
2021-03-11 10:09:58.0	Ana2 - 2: T.Zuluft	14.7
2021-03-11 10:09:58.0	Ana3 - 3: T.Abluft	18.1
2021-03-11 10:09:58.0	Ana4 - 4: T.Fortluft	12.9
2021-03-11 10:09:58.0	Ana5 - 5: T.Raum	9999.9
2021-03-11 10:09:58.0	Ana9 - 9: T.Zuluft WRG warm	17.7
2021-03-11 10:10:08.0	Ana1 - 1: T.Au?en	7.9
2021-03-11 10:10:08.0	Ana2 - 2: T.Zuluft	14.7
2021-03-11 10:10:08.0	Ana3 - 3: T.Abluft	18.2
2021-03-11 10:10:08.0	Ana4 - 4: T.Fortluft	12.9
2021-03-11 10:10:08.0	Ana5 - 5: T.Raum	9999.9
2021-03-11 10:10:08.0	Ana9 - 9: T.Zuluft WRG warm	17.7
2021-03-11 10:10:18.0	Ana1 - 1: T.Au?en	8.0
2021-03-11 10:10:18.0	Ana2 - 2: T.Zuluft	14.7
2021-03-11 10:10:18.0	Ana3 - 3: T.Abluft	18.2
2021-03-11 10:10:18.0	Ana4 - 4: T.Fortluft	12.9
2021-03-11 10:10:18.0	Ana5 - 5: T.Raum	9999.9
2021-03-11 10:10:18.0	Ana9 - 9: T.Zuluft WRG warm	17.7
2021-03-11 10:10:28.0	Ana1 - 1: T.Au?en	8.1
2021-03-11 10:10:28.0	Ana2 - 2: T.Zuluft	14.7
2021-03-11 10:10:28.0	Ana3 - 3: T.Abluft	18.2
2021-03-11 10:10:28.0	Ana4 - 4: T.Fortluft	12.9
2021-03-11 10:10:28.0	Ana5 - 5: T.Raum	9999.9
2021-03-11 10:10:28.0	Ana9 - 9: T.Zuluft WRG warm	17.7
2021-03-11 10:10:38.0	Ana1 - 1: T.Au?en	8.1
2021-03-11 10:10:38.0	Ana2 - 2: T.Zuluft	14.7
2021-03-11 10:10:38.0	Ana3 - 3: T.Abluft	18.2
2021-03-11 10:10:38.0	Ana4 - 4: T.Fortluft	12.9
2021-03-11 10:10:38.0	Ana5 - 5: T.Raum	9999.9
2021-03-11 10:10:38.0	Ana9 - 9: T.Zuluft WRG warm	17.7
2021-03-11 10:10:48.0	Ana1 - 1: T.Au?en	8.0
2021-03-11 10:10:48.0	Ana2 - 2: T.Zuluft	14.7
2021-03-11 10:10:48.0	Ana3 - 3: T.Abluft	18.2
2021-03-11 10:10:48.0	Ana4 - 4: T.Fortluft	12.9
2021-03-11 10:10:48.0	Ana5 - 5: T.Raum	9999.9
2021-03-11 10:10:48.0	Ana9 - 9: T.Zuluft WRG warm	17.7
2021-03-11 10:10:58.0	Ana1 - 1: T.Au?en	7.9
2021-03-11 10:10:58.0	Ana2 - 2: T.Zuluft	14.7
2021-03-11 10:10:58.0	Ana3 - 3: T.Abluft	18.2
2021-03-11 10:10:58.0	Ana4 - 4: T.Fortluft	12.9
2021-03-11 10:10:58.0	Ana5 - 5: T.Raum	9999.9
2021-03-11 10:10:58.0	Ana9 - 9: T.Zuluft WRG warm	17.7
2021-03-11 10:11:08.0	Ana1 - 1: T.Au?en	7.9
2021-03-11 10:11:08.0	Ana2 - 2: T.Zuluft	14.7
2021-03-11 10:11:08.0	Ana3 - 3: T.Abluft	18.2
2021-03-11 10:11:08.0	Ana4 - 4: T.Fortluft	12.9
2021-03-11 10:11:08.0	Ana5 - 5: T.Raum	9999.9
2021-03-11 10:11:08.0	Ana9 - 9: T.Zuluft WRG warm	17.7
2021-03-11 10:11:18.0	Ana1 - 1: T.Au?en	7.9
2021-03-11 10:11:18.0	Ana2 - 2: T.Zuluft	14.7
2021-03-11 10:11:18.0	Ana3 - 3: T.Abluft	18.2
2021-03-11 10:11:18.0	Ana4 - 4: T.Fortluft	12.9
2021-03-11 10:11:18.0	Ana5 - 5: T.Raum	9999.9
2021-03-11 10:11:18.0	Ana9 - 9: T.Zuluft WRG warm	17.7
2021-03-11 10:11:28.0	Ana1 - 1: T.Au?en	7.8
2021-03-11 10:11:28.0	Ana2 - 2: T.Zuluft	14.7
2021-03-11 10:11:28.0	Ana3 - 3: T.Abluft	18.2
2021-03-11 10:11:28.0	Ana4 - 4: T.Fortluft	12.9
2021-03-11 10:11:28.0	Ana5 - 5: T.Raum	9999.9
2021-03-11 10:11:28.0	Ana9 - 9: T.Zuluft WRG warm	17.7
2021-03-11 10:11:38.0	Ana1 - 1: T.Au?en	7.8
2021-03-11 10:11:38.0	Ana2 - 2: T.Zuluft	14.7
2021-03-11 10:11:38.0	Ana3 - 3: T.Abluft	18.2
2021-03-11 10:11:38.0	Ana4 - 4: T.Fortluft	12.9
2021-03-11 10:11:38.0	Ana5 - 5: T.Raum	9999.9
2021-03-11 10:11:38.0	Ana9 - 9: T.Zuluft WRG warm	17.7
2021-03-11 10:11:48.0	Ana1 - 1: T.Au?en	7.8
2021-03-11 10:11:48.0	Ana2 - 2: T.Zuluft	14.8
2021-03-11 10:11:48.0	Ana3 - 3: T.Abluft	18.2
2021-03-11 10:11:48.0	Ana4 - 4: T.Fortluft	13.0
2021-03-11 10:11:48.0	Ana5 - 5: T.Raum	9999.9
2021-03-11 10:11:48.0	Ana9 - 9: T.Zuluft WRG warm	17.7
2021-03-11 10:11:58.0	Ana1 - 1: T.Au?en	7.7
2021-03-11 10:11:58.0	Ana2 - 2: T.Zuluft	14.8
2021-03-11 10:11:58.0	Ana3 - 3: T.Abluft	18.2
2021-03-11 10:11:58.0	Ana4 - 4: T.Fortluft	13.0
2021-03-11 10:11:58.0	Ana5 - 5: T.Raum	9999.9
2021-03-11 10:11:58.0	Ana9 - 9: T.Zuluft WRG warm	17.7
2021-03-11 10:12:08.0	Ana1 - 1: T.Au?en	7.8
2021-03-11 10:12:08.0	Ana2 - 2: T.Zuluft	14.8
2021-03-11 10:12:08.0	Ana3 - 3: T.Abluft	18.2
2021-03-11 10:12:08.0	Ana4 - 4: T.Fortluft	12.9
2021-03-11 10:12:08.0	Ana5 - 5: T.Raum	9999.9
2021-03-11 10:12:08.0	Ana9 - 9: T.Zuluft WRG warm	17.8
2021-03-11 10:12:18.0	Ana1 - 1: T.Au?en	7.8
2021-03-11 10:12:18.0	Ana2 - 2: T.Zuluft	14.8
2021-03-11 10:12:18.0	Ana3 - 3: T.Abluft	18.2
2021-03-11 10:12:18.0	Ana4 - 4: T.Fortluft	13.0
2021-03-11 10:12:18.0	Ana5 - 5: T.Raum	9999.9
2021-03-11 10:12:18.0	Ana9 - 9: T.Zuluft WRG warm	17.8
2021-03-11 10:12:28.0	Ana1 - 1: T.Au?en	7.8
2021-03-11 10:12:28.0	Ana2 - 2: T.Zuluft	14.8
2021-03-11 10:12:28.0	Ana3 - 3: T.Abluft	18.3
2021-03-11 10:12:28.0	Ana4 - 4: T.Fortluft	13.0
2021-03-11 10:12:28.0	Ana5 - 5: T.Raum	9999.9
2021-03-11 10:12:28.0	Ana9 - 9: T.Zuluft WRG warm	17.8
2021-03-11 10:12:38.0	Ana1 - 1: T.Au?en	7.8
2021-03-11 10:12:38.0	Ana2 - 2: T.Zuluft	14.8
2021-03-11 10:12:38.0	Ana3 - 3: T.Abluft	18.3
2021-03-11 10:12:38.0	Ana4 - 4: T.Fortluft	13.0
2021-03-11 10:12:38.0	Ana5 - 5: T.Raum	9999.9
2021-03-11 10:12:38.0	Ana9 - 9: T.Zuluft WRG warm	17.8
2021-03-11 10:12:48.0	Ana1 - 1: T.Au?en	7.8
2021-03-11 10:12:48.0	Ana2 - 2: T.Zuluft	14.8
2021-03-11 10:12:48.0	Ana3 - 3: T.Abluft	18.3
2021-03-11 10:12:48.0	Ana4 - 4: T.Fortluft	13.0
2021-03-11 10:12:48.0	Ana5 - 5: T.Raum	9999.9
2021-03-11 10:12:48.0	Ana9 - 9: T.Zuluft WRG warm	17.8
2021-03-11 10:12:58.0	Ana1 - 1: T.Au?en	7.6
2021-03-11 10:12:58.0	Ana2 - 2: T.Zuluft	14.8
2021-03-11 10:12:58.0	Ana3 - 3: T.Abluft	18.3
2021-03-11 10:12:58.0	Ana4 - 4: T.Fortluft	13.0
2021-03-11 10:12:58.0	Ana5 - 5: T.Raum	9999.9
2021-03-11 10:12:58.0	Ana9 - 9: T.Zuluft WRG warm	17.8
2021-03-11 10:13:08.0	Ana1 - 1: T.Au?en	7.6
2021-03-11 10:13:08.0	Ana2 - 2: T.Zuluft	14.8
2021-03-11 10:13:08.0	Ana3 - 3: T.Abluft	18.3
2021-03-11 10:13:08.0	Ana4 - 4: T.Fortluft	13.0
2021-03-11 10:13:08.0	Ana5 - 5: T.Raum	9999.9
2021-03-11 10:13:08.0	Ana9 - 9: T.Zuluft WRG warm	17.8
2021-03-11 10:13:18.0	Ana1 - 1: T.Au?en	7.6
2021-03-11 10:13:18.0	Ana2 - 2: T.Zuluft	14.8
2021-03-11 10:13:18.0	Ana3 - 3: T.Abluft	18.3
2021-03-11 10:13:18.0	Ana4 - 4: T.Fortluft	13.0
2021-03-11 10:13:18.0	Ana5 - 5: T.Raum	9999.9
2021-03-11 10:13:18.0	Ana9 - 9: T.Zuluft WRG warm	17.8
2021-03-11 10:13:28.0	Ana1 - 1: T.Au?en	7.6
2021-03-11 10:13:28.0	Ana2 - 2: T.Zuluft	14.8
2021-03-11 10:13:28.0	Ana3 - 3: T.Abluft	18.3
2021-03-11 10:13:28.0	Ana4 - 4: T.Fortluft	13.0
2021-03-11 10:13:28.0	Ana5 - 5: T.Raum	9999.9
2021-03-11 10:13:28.0	Ana9 - 9: T.Zuluft WRG warm	17.8
2021-03-11 10:13:38.0	Ana1 - 1: T.Au?en	7.6
2021-03-11 10:13:38.0	Ana2 - 2: T.Zuluft	14.8
2021-03-11 10:13:38.0	Ana3 - 3: T.Abluft	18.3
2021-03-11 10:13:38.0	Ana4 - 4: T.Fortluft	13.0
2021-03-11 10:13:38.0	Ana5 - 5: T.Raum	9999.9
2021-03-11 10:13:38.0	Ana9 - 9: T.Zuluft WRG warm	17.8
2021-03-11 10:13:48.0	Ana1 - 1: T.Au?en	7.6
2021-03-11 10:13:48.0	Ana2 - 2: T.Zuluft	14.8
2021-03-11 10:13:48.0	Ana3 - 3: T.Abluft	18.3
2021-03-11 10:13:48.0	Ana4 - 4: T.Fortluft	13.0
2021-03-11 10:13:48.0	Ana5 - 5: T.Raum	9999.9
2021-03-11 10:13:48.0	Ana9 - 9: T.Zuluft WRG warm	17.8
2021-03-11 10:13:58.0	Ana1 - 1: T.Au?en	7.8
2021-03-11 10:13:58.0	Ana2 - 2: T.Zuluft	14.8
2021-03-11 10:13:58.0	Ana3 - 3: T.Abluft	18.3
2021-03-11 10:13:58.0	Ana4 - 4: T.Fortluft	13.0
2021-03-11 10:13:58.0	Ana5 - 5: T.Raum	9999.9
2021-03-11 10:13:58.0	Ana9 - 9: T.Zuluft WRG warm	17.8
2021-03-11 10:14:08.0	Ana1 - 1: T.Au?en	7.8
2021-03-11 10:14:08.0	Ana2 - 2: T.Zuluft	14.8
2021-03-11 10:14:08.0	Ana3 - 3: T.Abluft	18.3
2021-03-11 10:14:08.0	Ana4 - 4: T.Fortluft	13.0
2021-03-11 10:14:08.0	Ana5 - 5: T.Raum	9999.9
2021-03-11 10:14:08.0	Ana9 - 9: T.Zuluft WRG warm	17.8
2021-03-11 10:14:18.0	Ana1 - 1: T.Au?en	7.8
2021-03-11 10:14:18.0	Ana2 - 2: T.Zuluft	14.8
2021-03-11 10:14:18.0	Ana3 - 3: T.Abluft	18.3
2021-03-11 10:14:18.0	Ana4 - 4: T.Fortluft	13.0
2021-03-11 10:14:18.0	Ana5 - 5: T.Raum	9999.9
2021-03-11 10:14:18.0	Ana9 - 9: T.Zuluft WRG warm	17.8
2021-03-11 10:14:28.0	Ana1 - 1: T.Au?en	7.9
2021-03-11 10:14:28.0	Ana2 - 2: T.Zuluft	14.8
2021-03-11 10:14:28.0	Ana3 - 3: T.Abluft	18.3
2021-03-11 10:14:28.0	Ana4 - 4: T.Fortluft	13.0
2021-03-11 10:14:28.0	Ana5 - 5: T.Raum	9999.9
2021-03-11 10:14:28.0	Ana9 - 9: T.Zuluft WRG warm	17.8
2021-03-11 10:14:38.0	Ana1 - 1: T.Au?en	8.0
2021-03-11 10:14:38.0	Ana2 - 2: T.Zuluft	14.8
2021-03-11 10:14:38.0	Ana3 - 3: T.Abluft	18.3
2021-03-11 10:14:38.0	Ana4 - 4: T.Fortluft	13.0
2021-03-11 10:14:38.0	Ana5 - 5: T.Raum	9999.9
2021-03-11 10:14:38.0	Ana9 - 9: T.Zuluft WRG warm	17.8
2021-03-11 10:14:48.0	Ana1 - 1: T.Au?en	8.0
2021-03-11 10:14:48.0	Ana2 - 2: T.Zuluft	14.8
2021-03-11 10:14:48.0	Ana3 - 3: T.Abluft	18.3
2021-03-11 10:14:48.0	Ana4 - 4: T.Fortluft	13.0
2021-03-11 10:14:48.0	Ana5 - 5: T.Raum	9999.9
2021-03-11 10:14:48.0	Ana9 - 9: T.Zuluft WRG warm	17.8
2021-03-11 10:14:58.0	Ana1 - 1: T.Au?en	8.0
2021-03-11 10:14:58.0	Ana2 - 2: T.Zuluft	14.8
2021-03-11 10:14:58.0	Ana3 - 3: T.Abluft	18.3
2021-03-11 10:14:58.0	Ana4 - 4: T.Fortluft	13.0
2021-03-11 10:14:58.0	Ana5 - 5: T.Raum	9999.9
2021-03-11 10:14:58.0	Ana9 - 9: T.Zuluft WRG warm	17.8
2021-03-11 10:15:08.0	Ana1 - 1: T.Au?en	8.0
2021-03-11 10:15:08.0	Ana2 - 2: T.Zuluft	14.8
2021-03-11 10:15:08.0	Ana3 - 3: T.Abluft	18.4
2021-03-11 10:15:08.0	Ana4 - 4: T.Fortluft	13.0
2021-03-11 10:15:08.0	Ana5 - 5: T.Raum	9999.9
2021-03-11 10:15:08.0	Ana9 - 9: T.Zuluft WRG warm	17.8
2021-03-11 10:15:18.0	Ana1 - 1: T.Au?en	7.9
2021-03-11 10:15:18.0	Ana2 - 2: T.Zuluft	14.8
2021-03-11 10:15:18.0	Ana3 - 3: T.Abluft	18.4
2021-03-11 10:15:18.0	Ana4 - 4: T.Fortluft	13.0
2021-03-11 10:15:18.0	Ana5 - 5: T.Raum	9999.9
2021-03-11 10:15:18.0	Ana9 - 9: T.Zuluft WRG warm	17.8
2021-03-11 10:15:28.0	Ana1 - 1: T.Au?en	7.9
2021-03-11 10:15:28.0	Ana2 - 2: T.Zuluft	14.8
2021-03-11 10:15:28.0	Ana3 - 3: T.Abluft	18.4
2021-03-11 10:15:28.0	Ana4 - 4: T.Fortluft	13.0
2021-03-11 10:15:28.0	Ana5 - 5: T.Raum	9999.9
2021-03-11 10:15:28.0	Ana9 - 9: T.Zuluft WRG warm	17.9
2021-03-11 10:15:38.0	Ana1 - 1: T.Au?en	7.9
2021-03-11 10:15:38.0	Ana2 - 2: T.Zuluft	14.8
2021-03-11 10:15:38.0	Ana3 - 3: T.Abluft	18.4
2021-03-11 10:15:38.0	Ana4 - 4: T.Fortluft	13.0
2021-03-11 10:15:38.0	Ana5 - 5: T.Raum	9999.9
2021-03-11 10:15:38.0	Ana9 - 9: T.Zuluft WRG warm	17.9
2021-03-11 10:15:48.0	Ana1 - 1: T.Au?en	7.9
2021-03-11 10:15:48.0	Ana2 - 2: T.Zuluft	14.8
2021-03-11 10:15:48.0	Ana3 - 3: T.Abluft	18.4
2021-03-11 10:15:48.0	Ana4 - 4: T.Fortluft	13.0
2021-03-11 10:15:48.0	Ana5 - 5: T.Raum	9999.9
2021-03-11 10:15:48.0	Ana9 - 9: T.Zuluft WRG warm	17.9
2021-03-11 10:15:58.0	Ana1 - 1: T.Au?en	7.8
2021-03-11 10:15:58.0	Ana2 - 2: T.Zuluft	14.9
2021-03-11 10:15:58.0	Ana3 - 3: T.Abluft	18.4
2021-03-11 10:15:58.0	Ana4 - 4: T.Fortluft	13.0
2021-03-11 10:15:58.0	Ana5 - 5: T.Raum	9999.9
2021-03-11 10:15:58.0	Ana9 - 9: T.Zuluft WRG warm	17.9
2021-03-11 10:16:08.0	Ana1 - 1: T.Au?en	7.8
2021-03-11 10:16:08.0	Ana2 - 2: T.Zuluft	14.9
2021-03-11 10:16:08.0	Ana3 - 3: T.Abluft	18.4
2021-03-11 10:16:08.0	Ana4 - 4: T.Fortluft	13.0
2021-03-11 10:16:08.0	Ana5 - 5: T.Raum	9999.9
2021-03-11 10:16:08.0	Ana9 - 9: T.Zuluft WRG warm	17.9
2021-03-11 10:16:18.0	Ana1 - 1: T.Au?en	7.9
2021-03-11 10:16:18.0	Ana2 - 2: T.Zuluft	14.9
2021-03-11 10:16:18.0	Ana3 - 3: T.Abluft	18.4
2021-03-11 10:16:18.0	Ana4 - 4: T.Fortluft	13.0
2021-03-11 10:16:18.0	Ana5 - 5: T.Raum	9999.9
2021-03-11 10:16:18.0	Ana9 - 9: T.Zuluft WRG warm	17.9
2021-03-11 10:16:28.0	Ana1 - 1: T.Au?en	7.9
2021-03-11 10:16:28.0	Ana2 - 2: T.Zuluft	14.9
2021-03-11 10:16:28.0	Ana3 - 3: T.Abluft	18.4
2021-03-11 10:16:28.0	Ana4 - 4: T.Fortluft	13.0
2021-03-11 10:16:28.0	Ana5 - 5: T.Raum	9999.9
2021-03-11 10:16:28.0	Ana9 - 9: T.Zuluft WRG warm	17.9
2021-03-11 10:16:38.0	Ana1 - 1: T.Au?en	7.9
2021-03-11 10:16:38.0	Ana2 - 2: T.Zuluft	14.9
2021-03-11 10:16:38.0	Ana3 - 3: T.Abluft	18.4
2021-03-11 10:16:38.0	Ana4 - 4: T.Fortluft	13.0
2021-03-11 10:16:38.0	Ana5 - 5: T.Raum	9999.9
2021-03-11 10:16:38.0	Ana9 - 9: T.Zuluft WRG warm	17.9
2021-03-11 10:16:48.0	Ana1 - 1: T.Au?en	7.9
2021-03-11 10:16:48.0	Ana2 - 2: T.Zuluft	14.9
2021-03-11 10:16:48.0	Ana3 - 3: T.Abluft	18.4
2021-03-11 10:16:48.0	Ana4 - 4: T.Fortluft	13.0
2021-03-11 10:16:48.0	Ana5 - 5: T.Raum	9999.9
2021-03-11 10:16:48.0	Ana9 - 9: T.Zuluft WRG warm	17.9
2021-03-11 10:16:58.0	Ana1 - 1: T.Au?en	7.9
2021-03-11 10:16:58.0	Ana2 - 2: T.Zuluft	14.9
2021-03-11 10:16:58.0	Ana3 - 3: T.Abluft	18.4
2021-03-11 10:16:58.0	Ana4 - 4: T.Fortluft	13.0
2021-03-11 10:16:58.0	Ana5 - 5: T.Raum	9999.9
2021-03-11 10:16:58.0	Ana9 - 9: T.Zuluft WRG warm	17.9
2021-03-11 10:17:08.0	Ana1 - 1: T.Au?en	8.0
2021-03-11 10:17:08.0	Ana2 - 2: T.Zuluft	14.9
2021-03-11 10:17:08.0	Ana3 - 3: T.Abluft	18.4
2021-03-11 10:17:08.0	Ana4 - 4: T.Fortluft	13.0
2021-03-11 10:17:08.0	Ana5 - 5: T.Raum	9999.9
2021-03-11 10:17:08.0	Ana9 - 9: T.Zuluft WRG warm	17.9
2021-03-11 10:17:18.0	Ana1 - 1: T.Au?en	8.0
2021-03-11 10:17:18.0	Ana2 - 2: T.Zuluft	14.9
2021-03-11 10:17:18.0	Ana3 - 3: T.Abluft	18.4
2021-03-11 10:17:18.0	Ana4 - 4: T.Fortluft	13.0
2021-03-11 10:17:18.0	Ana5 - 5: T.Raum	9999.9
2021-03-11 10:17:18.0	Ana9 - 9: T.Zuluft WRG warm	17.9
2021-03-11 10:17:28.0	Ana1 - 1: T.Au?en	8.2
2021-03-11 10:17:28.0	Ana2 - 2: T.Zuluft	14.9
2021-03-11 10:17:28.0	Ana3 - 3: T.Abluft	18.4
2021-03-11 10:17:28.0	Ana4 - 4: T.Fortluft	13.0
2021-03-11 10:17:28.0	Ana5 - 5: T.Raum	9999.9
2021-03-11 10:17:28.0	Ana9 - 9: T.Zuluft WRG warm	17.9
2021-03-11 10:17:38.0	Ana1 - 1: T.Au?en	8.3
2021-03-11 10:17:38.0	Ana2 - 2: T.Zuluft	14.9
2021-03-11 10:17:38.0	Ana3 - 3: T.Abluft	18.4
2021-03-11 10:17:38.0	Ana4 - 4: T.Fortluft	13.0
2021-03-11 10:17:38.0	Ana5 - 5: T.Raum	9999.9
2021-03-11 10:17:38.0	Ana9 - 9: T.Zuluft WRG warm	17.9
2021-03-11 10:17:48.0	Ana1 - 1: T.Au?en	8.4
2021-03-11 10:17:48.0	Ana2 - 2: T.Zuluft	14.9
2021-03-11 10:17:48.0	Ana3 - 3: T.Abluft	18.4
2021-03-11 10:17:48.0	Ana4 - 4: T.Fortluft	13.0
2021-03-11 10:17:48.0	Ana5 - 5: T.Raum	9999.9
2021-03-11 10:17:48.0	Ana9 - 9: T.Zuluft WRG warm	17.9
2021-03-11 10:17:58.0	Ana1 - 1: T.Au?en	8.5
2021-03-11 10:17:58.0	Ana2 - 2: T.Zuluft	14.9
2021-03-11 10:17:58.0	Ana3 - 3: T.Abluft	18.4
2021-03-11 10:17:58.0	Ana4 - 4: T.Fortluft	13.0
2021-03-11 10:17:58.0	Ana5 - 5: T.Raum	9999.9
2021-03-11 10:17:58.0	Ana9 - 9: T.Zuluft WRG warm	17.9
2021-03-11 10:18:08.0	Ana1 - 1: T.Au?en	8.7
2021-03-11 10:18:08.0	Ana2 - 2: T.Zuluft	14.9
2021-03-11 10:18:08.0	Ana3 - 3: T.Abluft	18.4
2021-03-11 10:18:08.0	Ana4 - 4: T.Fortluft	13.0
2021-03-11 10:18:08.0	Ana5 - 5: T.Raum	9999.9
2021-03-11 10:18:08.0	Ana9 - 9: T.Zuluft WRG warm	17.9
2021-03-11 10:18:18.0	Ana1 - 1: T.Au?en	8.8
2021-03-11 10:18:18.0	Ana2 - 2: T.Zuluft	14.9
2021-03-11 10:18:18.0	Ana3 - 3: T.Abluft	18.5
2021-03-11 10:18:18.0	Ana4 - 4: T.Fortluft	13.0
2021-03-11 10:18:18.0	Ana5 - 5: T.Raum	9999.9
2021-03-11 10:18:18.0	Ana9 - 9: T.Zuluft WRG warm	17.9
2021-03-11 10:18:28.0	Ana1 - 1: T.Au?en	8.8
2021-03-11 10:18:28.0	Ana2 - 2: T.Zuluft	14.9
2021-03-11 10:18:28.0	Ana3 - 3: T.Abluft	18.5
2021-03-11 10:18:28.0	Ana4 - 4: T.Fortluft	13.0
2021-03-11 10:18:28.0	Ana5 - 5: T.Raum	9999.9
2021-03-11 10:18:28.0	Ana9 - 9: T.Zuluft WRG warm	17.9
2021-03-11 10:18:38.0	Ana1 - 1: T.Au?en	8.9
2021-03-11 10:18:38.0	Ana2 - 2: T.Zuluft	14.9
2021-03-11 10:18:38.0	Ana3 - 3: T.Abluft	18.5
2021-03-11 10:18:38.0	Ana4 - 4: T.Fortluft	13.0
2021-03-11 10:18:38.0	Ana5 - 5: T.Raum	9999.9
2021-03-11 10:18:38.0	Ana9 - 9: T.Zuluft WRG warm	17.9
2021-03-11 10:18:48.0	Ana1 - 1: T.Au?en	8.8
2021-03-11 10:18:48.0	Ana2 - 2: T.Zuluft	14.9
2021-03-11 10:18:48.0	Ana3 - 3: T.Abluft	18.5
2021-03-11 10:18:48.0	Ana4 - 4: T.Fortluft	13.0
2021-03-11 10:18:48.0	Ana5 - 5: T.Raum	9999.9
2021-03-11 10:18:48.0	Ana9 - 9: T.Zuluft WRG warm	17.9
2021-03-11 10:18:58.0	Ana1 - 1: T.Au?en	8.7
2021-03-11 10:18:58.0	Ana2 - 2: T.Zuluft	14.9
2021-03-11 10:18:58.0	Ana3 - 3: T.Abluft	18.5
2021-03-11 10:18:58.0	Ana4 - 4: T.Fortluft	13.0
2021-03-11 10:18:58.0	Ana5 - 5: T.Raum	9999.9
2021-03-11 10:18:58.0	Ana9 - 9: T.Zuluft WRG warm	17.9
2021-03-11 10:19:08.0	Ana1 - 1: T.Au?en	8.8
2021-03-11 10:19:08.0	Ana2 - 2: T.Zuluft	14.9
2021-03-11 10:19:08.0	Ana3 - 3: T.Abluft	18.5
2021-03-11 10:19:08.0	Ana4 - 4: T.Fortluft	13.0
2021-03-11 10:19:08.0	Ana5 - 5: T.Raum	9999.9
2021-03-11 10:19:08.0	Ana9 - 9: T.Zuluft WRG warm	17.9
2021-03-11 10:19:18.0	Ana1 - 1: T.Au?en	8.9
2021-03-11 10:19:18.0	Ana2 - 2: T.Zuluft	14.9
2021-03-11 10:19:18.0	Ana3 - 3: T.Abluft	18.5
2021-03-11 10:19:18.0	Ana4 - 4: T.Fortluft	13.0
2021-03-11 10:19:18.0	Ana5 - 5: T.Raum	9999.9
2021-03-11 10:19:18.0	Ana9 - 9: T.Zuluft WRG warm	17.9
2021-03-11 10:19:28.0	Ana1 - 1: T.Au?en	9.0
2021-03-11 10:19:28.0	Ana2 - 2: T.Zuluft	14.9
2021-03-11 10:19:28.0	Ana3 - 3: T.Abluft	18.5
2021-03-11 10:19:28.0	Ana4 - 4: T.Fortluft	13.0
2021-03-11 10:19:28.0	Ana5 - 5: T.Raum	9999.9
2021-03-11 10:19:28.0	Ana9 - 9: T.Zuluft WRG warm	17.9
2021-03-11 10:19:38.0	Ana1 - 1: T.Au?en	9.0
2021-03-11 10:19:38.0	Ana2 - 2: T.Zuluft	14.9
2021-03-11 10:19:38.0	Ana3 - 3: T.Abluft	18.5
2021-03-11 10:19:38.0	Ana4 - 4: T.Fortluft	13.0
2021-03-11 10:19:38.0	Ana5 - 5: T.Raum	9999.9
2021-03-11 10:19:38.0	Ana9 - 9: T.Zuluft WRG warm	17.9
2021-03-11 10:19:48.0	Ana1 - 1: T.Au?en	9.0
2021-03-11 10:19:48.0	Ana2 - 2: T.Zuluft	14.9
2021-03-11 10:19:48.0	Ana3 - 3: T.Abluft	18.5
2021-03-11 10:19:48.0	Ana4 - 4: T.Fortluft	13.0
2021-03-11 10:19:48.0	Ana5 - 5: T.Raum	9999.9
2021-03-11 10:19:48.0	Ana9 - 9: T.Zuluft WRG warm	18.0
2021-03-11 10:19:58.0	Ana1 - 1: T.Au?en	9.0
2021-03-11 10:19:58.0	Ana2 - 2: T.Zuluft	14.9
2021-03-11 10:19:58.0	Ana3 - 3: T.Abluft	18.5
2021-03-11 10:19:58.0	Ana4 - 4: T.Fortluft	13.0
2021-03-11 10:19:58.0	Ana5 - 5: T.Raum	9999.9
2021-03-11 10:19:58.0	Ana9 - 9: T.Zuluft WRG warm	18.0
2021-03-11 10:20:08.0	Ana1 - 1: T.Au?en	9.0
2021-03-11 10:20:08.0	Ana2 - 2: T.Zuluft	14.9
2021-03-11 10:20:08.0	Ana3 - 3: T.Abluft	18.5
2021-03-11 10:20:08.0	Ana4 - 4: T.Fortluft	13.0
2021-03-11 10:20:08.0	Ana5 - 5: T.Raum	9999.9
2021-03-11 10:20:08.0	Ana9 - 9: T.Zuluft WRG warm	18.0
2021-03-11 10:20:18.0	Ana1 - 1: T.Au?en	8.9
2021-03-11 10:20:18.0	Ana2 - 2: T.Zuluft	14.9
2021-03-11 10:20:18.0	Ana3 - 3: T.Abluft	18.5
2021-03-11 10:20:18.0	Ana4 - 4: T.Fortluft	13.0
2021-03-11 10:20:18.0	Ana5 - 5: T.Raum	9999.9
2021-03-11 10:20:18.0	Ana9 - 9: T.Zuluft WRG warm	18.0
2021-03-11 10:20:28.0	Ana1 - 1: T.Au?en	8.9
2021-03-11 10:20:28.0	Ana2 - 2: T.Zuluft	14.9
2021-03-11 10:20:28.0	Ana3 - 3: T.Abluft	18.5
2021-03-11 10:20:28.0	Ana4 - 4: T.Fortluft	13.0
2021-03-11 10:20:28.0	Ana5 - 5: T.Raum	9999.9
2021-03-11 10:20:28.0	Ana9 - 9: T.Zuluft WRG warm	18.0
2021-03-11 10:20:38.0	Ana1 - 1: T.Au?en	8.9
2021-03-11 10:20:38.0	Ana2 - 2: T.Zuluft	15.0
2021-03-11 10:20:38.0	Ana3 - 3: T.Abluft	18.5
2021-03-11 10:20:38.0	Ana4 - 4: T.Fortluft	13.0
2021-03-11 10:20:38.0	Ana5 - 5: T.Raum	9999.9
2021-03-11 10:20:38.0	Ana9 - 9: T.Zuluft WRG warm	18.0
2021-03-11 10:20:48.0	Ana1 - 1: T.Au?en	8.9
2021-03-11 10:20:48.0	Ana2 - 2: T.Zuluft	15.0
2021-03-11 10:20:48.0	Ana3 - 3: T.Abluft	18.5
2021-03-11 10:20:48.0	Ana4 - 4: T.Fortluft	13.0
2021-03-11 10:20:48.0	Ana5 - 5: T.Raum	9999.9
2021-03-11 10:20:48.0	Ana9 - 9: T.Zuluft WRG warm	18.0
2021-03-11 10:20:58.0	Ana1 - 1: T.Au?en	8.9
2021-03-11 10:20:58.0	Ana2 - 2: T.Zuluft	14.9
2021-03-11 10:20:58.0	Ana3 - 3: T.Abluft	18.5
2021-03-11 10:20:58.0	Ana4 - 4: T.Fortluft	13.0
2021-03-11 10:20:58.0	Ana5 - 5: T.Raum	9999.9
2021-03-11 10:20:58.0	Ana9 - 9: T.Zuluft WRG warm	18.0
2021-03-11 10:21:08.0	Ana1 - 1: T.Au?en	8.8
2021-03-11 10:21:08.0	Ana2 - 2: T.Zuluft	15.0
2021-03-11 10:21:08.0	Ana3 - 3: T.Abluft	18.5
2021-03-11 10:21:08.0	Ana4 - 4: T.Fortluft	13.0
2021-03-11 10:21:08.0	Ana5 - 5: T.Raum	9999.9
2021-03-11 10:21:08.0	Ana9 - 9: T.Zuluft WRG warm	18.0
2021-03-11 10:21:18.0	Ana1 - 1: T.Au?en	8.8
2021-03-11 10:21:18.0	Ana2 - 2: T.Zuluft	15.0
2021-03-11 10:21:18.0	Ana3 - 3: T.Abluft	18.5
2021-03-11 10:21:18.0	Ana4 - 4: T.Fortluft	13.0
2021-03-11 10:21:18.0	Ana5 - 5: T.Raum	9999.9
2021-03-11 10:21:18.0	Ana9 - 9: T.Zuluft WRG warm	18.0
2021-03-11 10:21:28.0	Ana1 - 1: T.Au?en	8.8
2021-03-11 10:21:28.0	Ana2 - 2: T.Zuluft	15.0
2021-03-11 10:21:28.0	Ana3 - 3: T.Abluft	18.5
2021-03-11 10:21:28.0	Ana4 - 4: T.Fortluft	13.0
2021-03-11 10:21:28.0	Ana5 - 5: T.Raum	9999.9
2021-03-11 10:21:28.0	Ana9 - 9: T.Zuluft WRG warm	18.0
2021-03-11 10:21:38.0	Ana1 - 1: T.Au?en	8.8
2021-03-11 10:21:38.0	Ana2 - 2: T.Zuluft	15.0
2021-03-11 10:21:38.0	Ana3 - 3: T.Abluft	18.5
2021-03-11 10:21:38.0	Ana4 - 4: T.Fortluft	13.0
2021-03-11 10:21:38.0	Ana5 - 5: T.Raum	9999.9
2021-03-11 10:21:38.0	Ana9 - 9: T.Zuluft WRG warm	18.0
2021-03-11 10:21:48.0	Ana1 - 1: T.Au?en	8.8
2021-03-11 10:21:48.0	Ana2 - 2: T.Zuluft	15.0
2021-03-11 10:21:48.0	Ana3 - 3: T.Abluft	18.6
2021-03-11 10:21:48.0	Ana4 - 4: T.Fortluft	13.0
2021-03-11 10:21:48.0	Ana5 - 5: T.Raum	9999.9
2021-03-11 10:21:48.0	Ana9 - 9: T.Zuluft WRG warm	18.0
2021-03-11 10:21:58.0	Ana1 - 1: T.Au?en	8.8
2021-03-11 10:21:58.0	Ana2 - 2: T.Zuluft	15.0
2021-03-11 10:21:58.0	Ana3 - 3: T.Abluft	18.6
2021-03-11 10:21:58.0	Ana4 - 4: T.Fortluft	13.0
2021-03-11 10:21:58.0	Ana5 - 5: T.Raum	9999.9
2021-03-11 10:21:58.0	Ana9 - 9: T.Zuluft WRG warm	18.0
2021-03-11 10:22:08.0	Ana1 - 1: T.Au?en	8.8
2021-03-11 10:22:08.0	Ana2 - 2: T.Zuluft	15.0
2021-03-11 10:22:08.0	Ana3 - 3: T.Abluft	18.6
2021-03-11 10:22:08.0	Ana4 - 4: T.Fortluft	13.0
2021-03-11 10:22:08.0	Ana5 - 5: T.Raum	9999.9
2021-03-11 10:22:08.0	Ana9 - 9: T.Zuluft WRG warm	18.0
2021-03-11 10:22:18.0	Ana1 - 1: T.Au?en	8.7
2021-03-11 10:22:18.0	Ana2 - 2: T.Zuluft	15.0
2021-03-11 10:22:18.0	Ana3 - 3: T.Abluft	18.6
2021-03-11 10:22:18.0	Ana4 - 4: T.Fortluft	13.0
2021-03-11 10:22:18.0	Ana5 - 5: T.Raum	9999.9
2021-03-11 10:22:18.0	Ana9 - 9: T.Zuluft WRG warm	18.0
2021-03-11 10:22:28.0	Ana1 - 1: T.Au?en	8.8
2021-03-11 10:22:28.0	Ana2 - 2: T.Zuluft	15.0
2021-03-11 10:22:28.0	Ana3 - 3: T.Abluft	18.6
2021-03-11 10:22:28.0	Ana4 - 4: T.Fortluft	13.0
2021-03-11 10:22:28.0	Ana5 - 5: T.Raum	9999.9
2021-03-11 10:22:28.0	Ana9 - 9: T.Zuluft WRG warm	18.0
2021-03-11 10:22:38.0	Ana1 - 1: T.Au?en	9.0
2021-03-11 10:22:38.0	Ana2 - 2: T.Zuluft	15.0
2021-03-11 10:22:38.0	Ana3 - 3: T.Abluft	18.6
2021-03-11 10:22:38.0	Ana4 - 4: T.Fortluft	13.1
2021-03-11 10:22:38.0	Ana5 - 5: T.Raum	9999.9
2021-03-11 10:22:38.0	Ana9 - 9: T.Zuluft WRG warm	18.0
2021-03-11 10:22:48.0	Ana1 - 1: T.Au?en	9.1
2021-03-11 10:22:48.0	Ana2 - 2: T.Zuluft	15.0
2021-03-11 10:22:48.0	Ana3 - 3: T.Abluft	18.6
2021-03-11 10:22:48.0	Ana4 - 4: T.Fortluft	13.1
2021-03-11 10:22:48.0	Ana5 - 5: T.Raum	9999.9
2021-03-11 10:22:48.0	Ana9 - 9: T.Zuluft WRG warm	18.0
2021-03-11 10:22:58.0	Ana1 - 1: T.Au?en	9.2
2021-03-11 10:22:58.0	Ana2 - 2: T.Zuluft	15.0
2021-03-11 10:22:58.0	Ana3 - 3: T.Abluft	18.6
2021-03-11 10:22:58.0	Ana4 - 4: T.Fortluft	13.1
2021-03-11 10:22:58.0	Ana5 - 5: T.Raum	9999.9
2021-03-11 10:22:58.0	Ana9 - 9: T.Zuluft WRG warm	18.0
2021-03-11 10:23:08.0	Ana1 - 1: T.Au?en	9.2
2021-03-11 10:23:08.0	Ana2 - 2: T.Zuluft	15.0
2021-03-11 10:23:08.0	Ana3 - 3: T.Abluft	18.6
2021-03-11 10:23:08.0	Ana4 - 4: T.Fortluft	13.1
2021-03-11 10:23:08.0	Ana5 - 5: T.Raum	9999.9
2021-03-11 10:23:08.0	Ana9 - 9: T.Zuluft WRG warm	18.0
2021-03-11 10:23:18.0	Ana1 - 1: T.Au?en	9.2
2021-03-11 10:23:18.0	Ana2 - 2: T.Zuluft	15.0
2021-03-11 10:23:18.0	Ana3 - 3: T.Abluft	18.6
2021-03-11 10:23:18.0	Ana4 - 4: T.Fortluft	13.1
2021-03-11 10:23:18.0	Ana5 - 5: T.Raum	9999.9
2021-03-11 10:23:18.0	Ana9 - 9: T.Zuluft WRG warm	18.0
2021-03-11 10:23:28.0	Ana1 - 1: T.Au?en	9.1
2021-03-11 10:23:28.0	Ana2 - 2: T.Zuluft	15.0
2021-03-11 10:23:28.0	Ana3 - 3: T.Abluft	18.6
2021-03-11 10:23:28.0	Ana4 - 4: T.Fortluft	13.1
2021-03-11 10:23:28.0	Ana5 - 5: T.Raum	9999.9
2021-03-11 10:23:28.0	Ana9 - 9: T.Zuluft WRG warm	18.0
2021-03-11 10:23:38.0	Ana1 - 1: T.Au?en	9.1
2021-03-11 10:23:38.0	Ana2 - 2: T.Zuluft	15.0
2021-03-11 10:23:38.0	Ana3 - 3: T.Abluft	18.6
2021-03-11 10:23:38.0	Ana4 - 4: T.Fortluft	13.1
2021-03-11 10:23:38.0	Ana5 - 5: T.Raum	9999.9
2021-03-11 10:23:38.0	Ana9 - 9: T.Zuluft WRG warm	18.0
2021-03-11 10:23:48.0	Ana1 - 1: T.Au?en	9.0
2021-03-11 10:23:48.0	Ana2 - 2: T.Zuluft	15.0
2021-03-11 10:23:48.0	Ana3 - 3: T.Abluft	18.6
2021-03-11 10:23:48.0	Ana4 - 4: T.Fortluft	13.1
2021-03-11 10:23:48.0	Ana5 - 5: T.Raum	9999.9
2021-03-11 10:23:48.0	Ana9 - 9: T.Zuluft WRG warm	18.0
2021-03-11 10:23:58.0	Ana1 - 1: T.Au?en	8.9
2021-03-11 10:23:58.0	Ana2 - 2: T.Zuluft	15.0
2021-03-11 10:23:58.0	Ana3 - 3: T.Abluft	18.6
2021-03-11 10:23:58.0	Ana4 - 4: T.Fortluft	13.1
2021-03-11 10:23:58.0	Ana5 - 5: T.Raum	9999.9
2021-03-11 10:23:58.0	Ana9 - 9: T.Zuluft WRG warm	18.0
2021-03-11 10:24:08.0	Ana1 - 1: T.Au?en	8.9
2021-03-11 10:24:08.0	Ana2 - 2: T.Zuluft	15.0
2021-03-11 10:24:08.0	Ana3 - 3: T.Abluft	18.6
2021-03-11 10:24:08.0	Ana4 - 4: T.Fortluft	13.1
2021-03-11 10:24:08.0	Ana5 - 5: T.Raum	9999.9
2021-03-11 10:24:08.0	Ana9 - 9: T.Zuluft WRG warm	18.0
2021-03-11 10:24:18.0	Ana1 - 1: T.Au?en	8.8
2021-03-11 10:24:18.0	Ana2 - 2: T.Zuluft	15.0
2021-03-11 10:24:18.0	Ana3 - 3: T.Abluft	18.6
2021-03-11 10:24:18.0	Ana4 - 4: T.Fortluft	13.1
2021-03-11 10:24:18.0	Ana5 - 5: T.Raum	9999.9
2021-03-11 10:24:18.0	Ana9 - 9: T.Zuluft WRG warm	18.1
2021-03-11 10:24:28.0	Ana1 - 1: T.Au?en	8.8
2021-03-11 10:24:28.0	Ana2 - 2: T.Zuluft	15.1
2021-03-11 10:24:28.0	Ana3 - 3: T.Abluft	18.6
2021-03-11 10:24:28.0	Ana4 - 4: T.Fortluft	13.1
2021-03-11 10:24:28.0	Ana5 - 5: T.Raum	9999.9
2021-03-11 10:24:28.0	Ana9 - 9: T.Zuluft WRG warm	18.1
2021-03-11 10:24:38.0	Ana1 - 1: T.Au?en	8.7
2021-03-11 10:24:38.0	Ana2 - 2: T.Zuluft	15.1
2021-03-11 10:24:38.0	Ana3 - 3: T.Abluft	18.6
2021-03-11 10:24:38.0	Ana4 - 4: T.Fortluft	13.1
2021-03-11 10:24:38.0	Ana5 - 5: T.Raum	9999.9
2021-03-11 10:24:38.0	Ana9 - 9: T.Zuluft WRG warm	18.1
2021-03-11 10:24:48.0	Ana1 - 1: T.Au?en	8.7
2021-03-11 10:24:48.0	Ana2 - 2: T.Zuluft	15.0
2021-03-11 10:24:48.0	Ana3 - 3: T.Abluft	18.6
2021-03-11 10:24:48.0	Ana4 - 4: T.Fortluft	13.1
2021-03-11 10:24:48.0	Ana5 - 5: T.Raum	9999.9
2021-03-11 10:24:48.0	Ana9 - 9: T.Zuluft WRG warm	18.1
2021-03-11 10:24:58.0	Ana1 - 1: T.Au?en	8.8
2021-03-11 10:24:58.0	Ana2 - 2: T.Zuluft	15.1
2021-03-11 10:24:58.0	Ana3 - 3: T.Abluft	18.6
2021-03-11 10:24:58.0	Ana4 - 4: T.Fortluft	13.1
2021-03-11 10:24:58.0	Ana5 - 5: T.Raum	9999.9
2021-03-11 10:24:58.0	Ana9 - 9: T.Zuluft WRG warm	18.1
2021-03-11 10:25:08.0	Ana1 - 1: T.Au?en	8.9
2021-03-11 10:25:08.0	Ana2 - 2: T.Zuluft	15.1
2021-03-11 10:25:08.0	Ana3 - 3: T.Abluft	18.6
2021-03-11 10:25:08.0	Ana4 - 4: T.Fortluft	13.1
2021-03-11 10:25:08.0	Ana5 - 5: T.Raum	9999.9
2021-03-11 10:25:08.0	Ana9 - 9: T.Zuluft WRG warm	18.1
2021-03-11 10:25:18.0	Ana1 - 1: T.Au?en	9.1
2021-03-11 10:25:18.0	Ana2 - 2: T.Zuluft	15.1
2021-03-11 10:25:18.0	Ana3 - 3: T.Abluft	18.6
2021-03-11 10:25:18.0	Ana4 - 4: T.Fortluft	13.1
2021-03-11 10:25:18.0	Ana5 - 5: T.Raum	9999.9
2021-03-11 10:25:18.0	Ana9 - 9: T.Zuluft WRG warm	18.1
2021-03-11 10:25:28.0	Ana1 - 1: T.Au?en	9.2
2021-03-11 10:25:28.0	Ana2 - 2: T.Zuluft	15.1
2021-03-11 10:25:28.0	Ana3 - 3: T.Abluft	18.6
2021-03-11 10:25:28.0	Ana4 - 4: T.Fortluft	13.1
2021-03-11 10:25:28.0	Ana5 - 5: T.Raum	9999.9
2021-03-11 10:25:28.0	Ana9 - 9: T.Zuluft WRG warm	18.1
2021-03-11 10:25:38.0	Ana1 - 1: T.Au?en	9.2
2021-03-11 10:25:38.0	Ana2 - 2: T.Zuluft	15.1
2021-03-11 10:25:38.0	Ana3 - 3: T.Abluft	18.6
2021-03-11 10:25:38.0	Ana4 - 4: T.Fortluft	13.1
2021-03-11 10:25:38.0	Ana5 - 5: T.Raum	9999.9
2021-03-11 10:25:38.0	Ana9 - 9: T.Zuluft WRG warm	18.1
2021-03-11 10:25:48.0	Ana1 - 1: T.Au?en	9.2
2021-03-11 10:25:48.0	Ana2 - 2: T.Zuluft	15.1
2021-03-11 10:25:48.0	Ana3 - 3: T.Abluft	18.6
2021-03-11 10:25:48.0	Ana4 - 4: T.Fortluft	13.1
2021-03-11 10:25:48.0	Ana5 - 5: T.Raum	9999.9
2021-03-11 10:25:48.0	Ana9 - 9: T.Zuluft WRG warm	18.1
2021-03-11 10:25:58.0	Ana1 - 1: T.Au?en	9.2
2021-03-11 10:25:58.0	Ana2 - 2: T.Zuluft	15.1
2021-03-11 10:25:58.0	Ana3 - 3: T.Abluft	18.6
2021-03-11 10:25:58.0	Ana4 - 4: T.Fortluft	13.1
2021-03-11 10:25:58.0	Ana5 - 5: T.Raum	9999.9
2021-03-11 10:25:58.0	Ana9 - 9: T.Zuluft WRG warm	18.0
2021-03-11 10:26:08.0	Ana1 - 1: T.Au?en	9.2
2021-03-11 10:26:08.0	Ana2 - 2: T.Zuluft	15.1
2021-03-11 10:26:08.0	Ana3 - 3: T.Abluft	18.6
2021-03-11 10:26:08.0	Ana4 - 4: T.Fortluft	13.2
2021-03-11 10:26:08.0	Ana5 - 5: T.Raum	9999.9
2021-03-11 10:26:08.0	Ana9 - 9: T.Zuluft WRG warm	18.0
2021-03-11 10:26:18.0	Ana1 - 1: T.Au?en	9.2
2021-03-11 10:26:18.0	Ana2 - 2: T.Zuluft	15.1
2021-03-11 10:26:18.0	Ana3 - 3: T.Abluft	18.6
2021-03-11 10:26:18.0	Ana4 - 4: T.Fortluft	13.1
2021-03-11 10:26:18.0	Ana5 - 5: T.Raum	9999.9
2021-03-11 10:26:18.0	Ana9 - 9: T.Zuluft WRG warm	18.0
2021-03-11 10:26:28.0	Ana1 - 1: T.Au?en	9.1
2021-03-11 10:26:28.0	Ana2 - 2: T.Zuluft	15.1
2021-03-11 10:26:28.0	Ana3 - 3: T.Abluft	18.6
2021-03-11 10:26:28.0	Ana4 - 4: T.Fortluft	13.2
2021-03-11 10:26:28.0	Ana5 - 5: T.Raum	9999.9
2021-03-11 10:26:28.0	Ana9 - 9: T.Zuluft WRG warm	18.0
2021-03-11 10:26:38.0	Ana1 - 1: T.Au?en	9.1
2021-03-11 10:26:38.0	Ana2 - 2: T.Zuluft	15.1
2021-03-11 10:26:38.0	Ana3 - 3: T.Abluft	18.6
2021-03-11 10:26:38.0	Ana4 - 4: T.Fortluft	13.2
2021-03-11 10:26:38.0	Ana5 - 5: T.Raum	9999.9
2021-03-11 10:26:38.0	Ana9 - 9: T.Zuluft WRG warm	18.0
2021-03-11 10:26:48.0	Ana1 - 1: T.Au?en	9.1
2021-03-11 10:26:48.0	Ana2 - 2: T.Zuluft	15.1
2021-03-11 10:26:48.0	Ana3 - 3: T.Abluft	18.6
2021-03-11 10:26:48.0	Ana4 - 4: T.Fortluft	13.2
2021-03-11 10:26:48.0	Ana5 - 5: T.Raum	9999.9
2021-03-11 10:26:48.0	Ana9 - 9: T.Zuluft WRG warm	18.0
2021-03-11 10:26:58.0	Ana1 - 1: T.Au?en	9.0
2021-03-11 10:26:58.0	Ana2 - 2: T.Zuluft	15.1
2021-03-11 10:26:58.0	Ana3 - 3: T.Abluft	18.6
2021-03-11 10:26:58.0	Ana4 - 4: T.Fortluft	13.2
2021-03-11 10:26:58.0	Ana5 - 5: T.Raum	9999.9
2021-03-11 10:26:58.0	Ana9 - 9: T.Zuluft WRG warm	18.0
2021-03-11 10:27:08.0	Ana1 - 1: T.Au?en	8.9
2021-03-11 10:27:08.0	Ana2 - 2: T.Zuluft	15.1
2021-03-11 10:27:08.0	Ana3 - 3: T.Abluft	18.6
2021-03-11 10:27:08.0	Ana4 - 4: T.Fortluft	13.2
2021-03-11 10:27:08.0	Ana5 - 5: T.Raum	9999.9
2021-03-11 10:27:08.0	Ana9 - 9: T.Zuluft WRG warm	18.0
2021-03-11 10:27:18.0	Ana1 - 1: T.Au?en	8.9
2021-03-11 10:27:18.0	Ana2 - 2: T.Zuluft	15.1
2021-03-11 10:27:18.0	Ana3 - 3: T.Abluft	18.6
2021-03-11 10:27:18.0	Ana4 - 4: T.Fortluft	13.2
2021-03-11 10:27:18.0	Ana5 - 5: T.Raum	9999.9
2021-03-11 10:27:18.0	Ana9 - 9: T.Zuluft WRG warm	18.0
2021-03-11 10:27:28.0	Ana1 - 1: T.Au?en	8.9
2021-03-11 10:27:28.0	Ana2 - 2: T.Zuluft	15.1
2021-03-11 10:27:28.0	Ana3 - 3: T.Abluft	18.6
2021-03-11 10:27:28.0	Ana4 - 4: T.Fortluft	13.2
2021-03-11 10:27:28.0	Ana5 - 5: T.Raum	9999.9
2021-03-11 10:27:28.0	Ana9 - 9: T.Zuluft WRG warm	17.9
2021-03-11 10:27:38.0	Ana1 - 1: T.Au?en	9.0
2021-03-11 10:27:38.0	Ana2 - 2: T.Zuluft	15.1
2021-03-11 10:27:38.0	Ana3 - 3: T.Abluft	18.5
2021-03-11 10:27:38.0	Ana4 - 4: T.Fortluft	13.2
2021-03-11 10:27:38.0	Ana5 - 5: T.Raum	9999.9
2021-03-11 10:27:38.0	Ana9 - 9: T.Zuluft WRG warm	17.9
2021-03-11 10:27:48.0	Ana1 - 1: T.Au?en	8.9
2021-03-11 10:27:48.0	Ana2 - 2: T.Zuluft	15.1
2021-03-11 10:27:48.0	Ana3 - 3: T.Abluft	18.5
2021-03-11 10:27:48.0	Ana4 - 4: T.Fortluft	13.2
2021-03-11 10:27:48.0	Ana5 - 5: T.Raum	9999.9
2021-03-11 10:27:48.0	Ana9 - 9: T.Zuluft WRG warm	17.9
2021-03-11 10:27:58.0	Ana1 - 1: T.Au?en	8.8
2021-03-11 10:27:58.0	Ana2 - 2: T.Zuluft	15.1
2021-03-11 10:27:58.0	Ana3 - 3: T.Abluft	18.5
2021-03-11 10:27:58.0	Ana4 - 4: T.Fortluft	13.2
2021-03-11 10:27:58.0	Ana5 - 5: T.Raum	9999.9
2021-03-11 10:27:58.0	Ana9 - 9: T.Zuluft WRG warm	17.9
2021-03-11 10:28:08.0	Ana1 - 1: T.Au?en	8.8
2021-03-11 10:28:08.0	Ana2 - 2: T.Zuluft	15.1
2021-03-11 10:28:08.0	Ana3 - 3: T.Abluft	18.5
2021-03-11 10:28:08.0	Ana4 - 4: T.Fortluft	13.2
2021-03-11 10:28:08.0	Ana5 - 5: T.Raum	9999.9
2021-03-11 10:28:08.0	Ana9 - 9: T.Zuluft WRG warm	17.9
2021-03-11 10:28:18.0	Ana1 - 1: T.Au?en	8.9
2021-03-11 10:28:18.0	Ana2 - 2: T.Zuluft	15.1
2021-03-11 10:28:18.0	Ana3 - 3: T.Abluft	18.5
2021-03-11 10:28:18.0	Ana4 - 4: T.Fortluft	13.2
2021-03-11 10:28:18.0	Ana5 - 5: T.Raum	9999.9
2021-03-11 10:28:18.0	Ana9 - 9: T.Zuluft WRG warm	17.9
2021-03-11 10:28:28.0	Ana1 - 1: T.Au?en	9.0
2021-03-11 10:28:28.0	Ana2 - 2: T.Zuluft	15.1
2021-03-11 10:28:28.0	Ana3 - 3: T.Abluft	18.5
2021-03-11 10:28:28.0	Ana4 - 4: T.Fortluft	13.2
2021-03-11 10:28:28.0	Ana5 - 5: T.Raum	9999.9
2021-03-11 10:28:28.0	Ana9 - 9: T.Zuluft WRG warm	17.9
2021-03-11 10:28:38.0	Ana1 - 1: T.Au?en	9.1
2021-03-11 10:28:38.0	Ana2 - 2: T.Zuluft	15.1
2021-03-11 10:28:38.0	Ana3 - 3: T.Abluft	18.5
2021-03-11 10:28:38.0	Ana4 - 4: T.Fortluft	13.2
2021-03-11 10:28:38.0	Ana5 - 5: T.Raum	9999.9
2021-03-11 10:28:38.0	Ana9 - 9: T.Zuluft WRG warm	17.8
2021-03-11 10:28:48.0	Ana1 - 1: T.Au?en	9.0
2021-03-11 10:28:48.0	Ana2 - 2: T.Zuluft	15.1
2021-03-11 10:28:48.0	Ana3 - 3: T.Abluft	18.5
2021-03-11 10:28:48.0	Ana4 - 4: T.Fortluft	13.2
2021-03-11 10:28:48.0	Ana5 - 5: T.Raum	9999.9
2021-03-11 10:28:48.0	Ana9 - 9: T.Zuluft WRG warm	17.8
2021-03-11 10:28:58.0	Ana1 - 1: T.Au?en	8.9
2021-03-11 10:28:58.0	Ana2 - 2: T.Zuluft	15.1
2021-03-11 10:28:58.0	Ana3 - 3: T.Abluft	18.5
2021-03-11 10:28:58.0	Ana4 - 4: T.Fortluft	13.2
2021-03-11 10:28:58.0	Ana5 - 5: T.Raum	9999.9
2021-03-11 10:28:58.0	Ana9 - 9: T.Zuluft WRG warm	17.8
2021-03-11 10:29:08.0	Ana1 - 1: T.Au?en	8.9
2021-03-11 10:29:08.0	Ana2 - 2: T.Zuluft	15.1
2021-03-11 10:29:08.0	Ana3 - 3: T.Abluft	18.5
2021-03-11 10:29:08.0	Ana4 - 4: T.Fortluft	13.2
2021-03-11 10:29:08.0	Ana5 - 5: T.Raum	9999.9
2021-03-11 10:29:08.0	Ana9 - 9: T.Zuluft WRG warm	17.8
2021-03-11 10:29:18.0	Ana1 - 1: T.Au?en	8.8
2021-03-11 10:29:18.0	Ana2 - 2: T.Zuluft	15.2
2021-03-11 10:29:18.0	Ana3 - 3: T.Abluft	18.5
2021-03-11 10:29:18.0	Ana4 - 4: T.Fortluft	13.2
2021-03-11 10:29:18.0	Ana5 - 5: T.Raum	9999.9
2021-03-11 10:29:18.0	Ana9 - 9: T.Zuluft WRG warm	17.7
2021-03-11 10:29:28.0	Ana1 - 1: T.Au?en	8.8
2021-03-11 10:29:28.0	Ana2 - 2: T.Zuluft	15.1
2021-03-11 10:29:28.0	Ana3 - 3: T.Abluft	18.5
2021-03-11 10:29:28.0	Ana4 - 4: T.Fortluft	13.2
2021-03-11 10:29:28.0	Ana5 - 5: T.Raum	9999.9
2021-03-11 10:29:28.0	Ana9 - 9: T.Zuluft WRG warm	17.7
2021-03-11 10:29:38.0	Ana1 - 1: T.Au?en	8.8
2021-03-11 10:29:38.0	Ana2 - 2: T.Zuluft	15.2
2021-03-11 10:29:38.0	Ana3 - 3: T.Abluft	18.4
2021-03-11 10:29:38.0	Ana4 - 4: T.Fortluft	13.2
2021-03-11 10:29:38.0	Ana5 - 5: T.Raum	9999.9
2021-03-11 10:29:38.0	Ana9 - 9: T.Zuluft WRG warm	17.7
2021-03-11 10:29:48.0	Ana1 - 1: T.Au?en	8.9
2021-03-11 10:29:48.0	Ana2 - 2: T.Zuluft	15.2
2021-03-11 10:29:48.0	Ana3 - 3: T.Abluft	18.4
2021-03-11 10:29:48.0	Ana4 - 4: T.Fortluft	13.2
2021-03-11 10:29:48.0	Ana5 - 5: T.Raum	9999.9
2021-03-11 10:29:48.0	Ana9 - 9: T.Zuluft WRG warm	17.7
2021-03-11 10:29:58.0	Ana1 - 1: T.Au?en	8.9
2021-03-11 10:29:58.0	Ana2 - 2: T.Zuluft	15.2
2021-03-11 10:29:58.0	Ana3 - 3: T.Abluft	18.4
2021-03-11 10:29:58.0	Ana4 - 4: T.Fortluft	13.2
2021-03-11 10:29:58.0	Ana5 - 5: T.Raum	9999.9
2021-03-11 10:29:58.0	Ana9 - 9: T.Zuluft WRG warm	17.7
2021-03-11 10:30:08.0	Ana1 - 1: T.Au?en	8.8
2021-03-11 10:30:08.0	Ana2 - 2: T.Zuluft	15.2
2021-03-11 10:30:08.0	Ana3 - 3: T.Abluft	18.4
2021-03-11 10:30:08.0	Ana4 - 4: T.Fortluft	13.2
2021-03-11 10:30:08.0	Ana5 - 5: T.Raum	9999.9
2021-03-11 10:30:08.0	Ana9 - 9: T.Zuluft WRG warm	17.7
2021-03-11 10:30:18.0	Ana1 - 1: T.Au?en	8.7
2021-03-11 10:30:18.0	Ana2 - 2: T.Zuluft	15.1
2021-03-11 10:30:18.0	Ana3 - 3: T.Abluft	18.4
2021-03-11 10:30:18.0	Ana4 - 4: T.Fortluft	13.3
2021-03-11 10:30:18.0	Ana5 - 5: T.Raum	9999.9
2021-03-11 10:30:18.0	Ana9 - 9: T.Zuluft WRG warm	17.6
2021-03-11 10:30:28.0	Ana1 - 1: T.Au?en	8.7
2021-03-11 10:30:28.0	Ana2 - 2: T.Zuluft	15.2
2021-03-11 10:30:28.0	Ana3 - 3: T.Abluft	18.4
2021-03-11 10:30:28.0	Ana4 - 4: T.Fortluft	13.3
2021-03-11 10:30:28.0	Ana5 - 5: T.Raum	9999.9
2021-03-11 10:30:28.0	Ana9 - 9: T.Zuluft WRG warm	17.6
2021-03-11 10:30:38.0	Ana1 - 1: T.Au?en	8.7
2021-03-11 10:30:38.0	Ana2 - 2: T.Zuluft	15.2
2021-03-11 10:30:38.0	Ana3 - 3: T.Abluft	18.4
2021-03-11 10:30:38.0	Ana4 - 4: T.Fortluft	13.3
2021-03-11 10:30:38.0	Ana5 - 5: T.Raum	9999.9
2021-03-11 10:30:38.0	Ana9 - 9: T.Zuluft WRG warm	17.6
2021-03-11 10:30:48.0	Ana1 - 1: T.Au?en	8.8
2021-03-11 10:30:48.0	Ana2 - 2: T.Zuluft	15.1
2021-03-11 10:30:48.0	Ana3 - 3: T.Abluft	18.4
2021-03-11 10:30:48.0	Ana4 - 4: T.Fortluft	13.3
2021-03-11 10:30:48.0	Ana5 - 5: T.Raum	9999.9
2021-03-11 10:30:48.0	Ana9 - 9: T.Zuluft WRG warm	17.6
2021-03-11 10:30:58.0	Ana1 - 1: T.Au?en	8.9
2021-03-11 10:30:58.0	Ana2 - 2: T.Zuluft	15.1
2021-03-11 10:30:58.0	Ana3 - 3: T.Abluft	18.4
2021-03-11 10:30:58.0	Ana4 - 4: T.Fortluft	13.3
2021-03-11 10:30:58.0	Ana5 - 5: T.Raum	9999.9
2021-03-11 10:30:58.0	Ana9 - 9: T.Zuluft WRG warm	17.5
2021-03-11 10:31:08.0	Ana1 - 1: T.Au?en	8.9
2021-03-11 10:31:08.0	Ana2 - 2: T.Zuluft	15.1
2021-03-11 10:31:08.0	Ana3 - 3: T.Abluft	18.3
2021-03-11 10:31:08.0	Ana4 - 4: T.Fortluft	13.3
2021-03-11 10:31:08.0	Ana5 - 5: T.Raum	9999.9
2021-03-11 10:31:08.0	Ana9 - 9: T.Zuluft WRG warm	17.5
2021-03-11 10:31:18.0	Ana1 - 1: T.Au?en	8.9
2021-03-11 10:31:18.0	Ana2 - 2: T.Zuluft	15.1
2021-03-11 10:31:18.0	Ana3 - 3: T.Abluft	18.3
2021-03-11 10:31:18.0	Ana4 - 4: T.Fortluft	13.3
2021-03-11 10:31:18.0	Ana5 - 5: T.Raum	9999.9
2021-03-11 10:31:18.0	Ana9 - 9: T.Zuluft WRG warm	17.5
2021-03-11 10:31:28.0	Ana1 - 1: T.Au?en	9.1
2021-03-11 10:31:28.0	Ana2 - 2: T.Zuluft	15.1
2021-03-11 10:31:28.0	Ana3 - 3: T.Abluft	18.3
2021-03-11 10:31:28.0	Ana4 - 4: T.Fortluft	13.3
2021-03-11 10:31:28.0	Ana5 - 5: T.Raum	9999.9
2021-03-11 10:31:28.0	Ana9 - 9: T.Zuluft WRG warm	17.5
2021-03-11 10:31:38.0	Ana1 - 1: T.Au?en	9.2
2021-03-11 10:31:38.0	Ana2 - 2: T.Zuluft	15.1
2021-03-11 10:31:38.0	Ana3 - 3: T.Abluft	18.3
2021-03-11 10:31:38.0	Ana4 - 4: T.Fortluft	13.3
2021-03-11 10:31:38.0	Ana5 - 5: T.Raum	9999.9
2021-03-11 10:31:38.0	Ana9 - 9: T.Zuluft WRG warm	17.5
2021-03-11 10:31:48.0	Ana1 - 1: T.Au?en	9.4
2021-03-11 10:31:48.0	Ana2 - 2: T.Zuluft	15.1
2021-03-11 10:31:48.0	Ana3 - 3: T.Abluft	18.3
2021-03-11 10:31:48.0	Ana4 - 4: T.Fortluft	13.3
2021-03-11 10:31:48.0	Ana5 - 5: T.Raum	9999.9
2021-03-11 10:31:48.0	Ana9 - 9: T.Zuluft WRG warm	17.4
2021-03-11 10:31:58.0	Ana1 - 1: T.Au?en	9.4
2021-03-11 10:31:58.0	Ana2 - 2: T.Zuluft	15.1
2021-03-11 10:31:58.0	Ana3 - 3: T.Abluft	18.3
2021-03-11 10:31:58.0	Ana4 - 4: T.Fortluft	13.3
2021-03-11 10:31:58.0	Ana5 - 5: T.Raum	9999.9
2021-03-11 10:31:58.0	Ana9 - 9: T.Zuluft WRG warm	17.4
2021-03-11 10:32:08.0	Ana1 - 1: T.Au?en	9.4
2021-03-11 10:32:08.0	Ana2 - 2: T.Zuluft	15.1
2021-03-11 10:32:08.0	Ana3 - 3: T.Abluft	18.3
2021-03-11 10:32:08.0	Ana4 - 4: T.Fortluft	13.3
2021-03-11 10:32:08.0	Ana5 - 5: T.Raum	9999.9
2021-03-11 10:32:08.0	Ana9 - 9: T.Zuluft WRG warm	17.4
2021-03-11 10:32:18.0	Ana1 - 1: T.Au?en	9.4
2021-03-11 10:32:18.0	Ana2 - 2: T.Zuluft	15.1
2021-03-11 10:32:18.0	Ana3 - 3: T.Abluft	18.3
2021-03-11 10:32:18.0	Ana4 - 4: T.Fortluft	13.3
2021-03-11 10:32:18.0	Ana5 - 5: T.Raum	9999.9
2021-03-11 10:32:18.0	Ana9 - 9: T.Zuluft WRG warm	17.4
2021-03-11 10:32:28.0	Ana1 - 1: T.Au?en	9.3
2021-03-11 10:32:28.0	Ana2 - 2: T.Zuluft	15.1
2021-03-11 10:32:28.0	Ana3 - 3: T.Abluft	18.2
2021-03-11 10:32:28.0	Ana4 - 4: T.Fortluft	13.3
2021-03-11 10:32:28.0	Ana5 - 5: T.Raum	9999.9
2021-03-11 10:32:28.0	Ana9 - 9: T.Zuluft WRG warm	17.4
2021-03-11 10:32:38.0	Ana1 - 1: T.Au?en	9.2
2021-03-11 10:32:38.0	Ana2 - 2: T.Zuluft	15.1
2021-03-11 10:32:38.0	Ana3 - 3: T.Abluft	18.2
2021-03-11 10:32:38.0	Ana4 - 4: T.Fortluft	13.3
2021-03-11 10:32:38.0	Ana5 - 5: T.Raum	9999.9
2021-03-11 10:32:38.0	Ana9 - 9: T.Zuluft WRG warm	17.3
2021-03-11 10:32:48.0	Ana1 - 1: T.Au?en	9.2
2021-03-11 10:32:48.0	Ana2 - 2: T.Zuluft	15.1
2021-03-11 10:32:48.0	Ana3 - 3: T.Abluft	18.2
2021-03-11 10:32:48.0	Ana4 - 4: T.Fortluft	13.3
2021-03-11 10:32:48.0	Ana5 - 5: T.Raum	9999.9
2021-03-11 10:32:48.0	Ana9 - 9: T.Zuluft WRG warm	17.3
2021-03-11 10:32:58.0	Ana1 - 1: T.Au?en	9.2
2021-03-11 10:32:58.0	Ana2 - 2: T.Zuluft	15.1
2021-03-11 10:32:58.0	Ana3 - 3: T.Abluft	18.2
2021-03-11 10:32:58.0	Ana4 - 4: T.Fortluft	13.3
2021-03-11 10:32:58.0	Ana5 - 5: T.Raum	9999.9
2021-03-11 10:32:58.0	Ana9 - 9: T.Zuluft WRG warm	17.3
2021-03-11 10:33:08.0	Ana1 - 1: T.Au?en	9.3
2021-03-11 10:33:08.0	Ana2 - 2: T.Zuluft	15.1
2021-03-11 10:33:08.0	Ana3 - 3: T.Abluft	18.2
2021-03-11 10:33:08.0	Ana4 - 4: T.Fortluft	13.3
2021-03-11 10:33:08.0	Ana5 - 5: T.Raum	9999.9
2021-03-11 10:33:08.0	Ana9 - 9: T.Zuluft WRG warm	17.3
2021-03-11 10:33:18.0	Ana1 - 1: T.Au?en	9.5
2021-03-11 10:33:18.0	Ana2 - 2: T.Zuluft	15.1
2021-03-11 10:33:18.0	Ana3 - 3: T.Abluft	18.2
2021-03-11 10:33:18.0	Ana4 - 4: T.Fortluft	13.3
2021-03-11 10:33:18.0	Ana5 - 5: T.Raum	9999.9
2021-03-11 10:33:18.0	Ana9 - 9: T.Zuluft WRG warm	17.3
2021-03-11 10:33:28.0	Ana1 - 1: T.Au?en	9.5
2021-03-11 10:33:28.0	Ana2 - 2: T.Zuluft	15.1
2021-03-11 10:33:28.0	Ana3 - 3: T.Abluft	18.2
2021-03-11 10:33:28.0	Ana4 - 4: T.Fortluft	13.3
2021-03-11 10:33:28.0	Ana5 - 5: T.Raum	9999.9
2021-03-11 10:33:28.0	Ana9 - 9: T.Zuluft WRG warm	17.3
2021-03-11 10:33:38.0	Ana1 - 1: T.Au?en	9.6
2021-03-11 10:33:38.0	Ana2 - 2: T.Zuluft	15.1
2021-03-11 10:33:38.0	Ana3 - 3: T.Abluft	18.2
2021-03-11 10:33:38.0	Ana4 - 4: T.Fortluft	13.3
2021-03-11 10:33:38.0	Ana5 - 5: T.Raum	9999.9
2021-03-11 10:33:38.0	Ana9 - 9: T.Zuluft WRG warm	17.3
2021-03-11 10:33:48.0	Ana1 - 1: T.Au?en	9.4
2021-03-11 10:33:48.0	Ana2 - 2: T.Zuluft	15.1
2021-03-11 10:33:48.0	Ana3 - 3: T.Abluft	18.2
2021-03-11 10:33:48.0	Ana4 - 4: T.Fortluft	13.3
2021-03-11 10:33:48.0	Ana5 - 5: T.Raum	9999.9
2021-03-11 10:33:48.0	Ana9 - 9: T.Zuluft WRG warm	17.2
2021-03-11 10:33:58.0	Ana1 - 1: T.Au?en	9.4
2021-03-11 10:33:58.0	Ana2 - 2: T.Zuluft	15.1
2021-03-11 10:33:58.0	Ana3 - 3: T.Abluft	18.1
2021-03-11 10:33:58.0	Ana4 - 4: T.Fortluft	13.3
2021-03-11 10:33:58.0	Ana5 - 5: T.Raum	9999.9
2021-03-11 10:33:58.0	Ana9 - 9: T.Zuluft WRG warm	17.2
2021-03-11 10:34:08.0	Ana1 - 1: T.Au?en	9.4
2021-03-11 10:34:08.0	Ana2 - 2: T.Zuluft	15.1
2021-03-11 10:34:08.0	Ana3 - 3: T.Abluft	18.1
2021-03-11 10:34:08.0	Ana4 - 4: T.Fortluft	13.3
2021-03-11 10:34:08.0	Ana5 - 5: T.Raum	9999.9
2021-03-11 10:34:08.0	Ana9 - 9: T.Zuluft WRG warm	17.2
2021-03-11 10:34:18.0	Ana1 - 1: T.Au?en	9.5
2021-03-11 10:34:18.0	Ana2 - 2: T.Zuluft	15.1
2021-03-11 10:34:18.0	Ana3 - 3: T.Abluft	18.1
2021-03-11 10:34:18.0	Ana4 - 4: T.Fortluft	13.3
2021-03-11 10:34:18.0	Ana5 - 5: T.Raum	9999.9
2021-03-11 10:34:18.0	Ana9 - 9: T.Zuluft WRG warm	17.2
2021-03-11 10:34:28.0	Ana1 - 1: T.Au?en	9.5
2021-03-11 10:34:28.0	Ana2 - 2: T.Zuluft	15.1
2021-03-11 10:34:28.0	Ana3 - 3: T.Abluft	18.1
2021-03-11 10:34:28.0	Ana4 - 4: T.Fortluft	13.3
2021-03-11 10:34:28.0	Ana5 - 5: T.Raum	9999.9
2021-03-11 10:34:28.0	Ana9 - 9: T.Zuluft WRG warm	17.2
2021-03-11 10:34:38.0	Ana1 - 1: T.Au?en	9.5
2021-03-11 10:34:38.0	Ana2 - 2: T.Zuluft	15.1
2021-03-11 10:34:38.0	Ana3 - 3: T.Abluft	18.1
2021-03-11 10:34:38.0	Ana4 - 4: T.Fortluft	13.3
2021-03-11 10:34:38.0	Ana5 - 5: T.Raum	9999.9
2021-03-11 10:34:38.0	Ana9 - 9: T.Zuluft WRG warm	17.2
2021-03-11 10:34:48.0	Ana1 - 1: T.Au?en	9.6
2021-03-11 10:34:48.0	Ana2 - 2: T.Zuluft	15.1
2021-03-11 10:34:48.0	Ana3 - 3: T.Abluft	18.1
2021-03-11 10:34:48.0	Ana4 - 4: T.Fortluft	13.3
2021-03-11 10:34:48.0	Ana5 - 5: T.Raum	9999.9
2021-03-11 10:34:48.0	Ana9 - 9: T.Zuluft WRG warm	17.2
2021-03-11 10:34:58.0	Ana1 - 1: T.Au?en	9.7
2021-03-11 10:34:58.0	Ana2 - 2: T.Zuluft	15.1
2021-03-11 10:34:58.0	Ana3 - 3: T.Abluft	18.1
2021-03-11 10:34:58.0	Ana4 - 4: T.Fortluft	13.3
2021-03-11 10:34:58.0	Ana5 - 5: T.Raum	9999.9
2021-03-11 10:34:58.0	Ana9 - 9: T.Zuluft WRG warm	17.1
2021-03-11 10:35:08.0	Ana1 - 1: T.Au?en	9.7
2021-03-11 10:35:08.0	Ana2 - 2: T.Zuluft	15.1
2021-03-11 10:35:08.0	Ana3 - 3: T.Abluft	18.1
2021-03-11 10:35:08.0	Ana4 - 4: T.Fortluft	13.3
2021-03-11 10:35:08.0	Ana5 - 5: T.Raum	9999.9
2021-03-11 10:35:08.0	Ana9 - 9: T.Zuluft WRG warm	17.1
2021-03-11 10:35:18.0	Ana1 - 1: T.Au?en	9.7
2021-03-11 10:35:18.0	Ana2 - 2: T.Zuluft	15.1
2021-03-11 10:35:18.0	Ana3 - 3: T.Abluft	18.1
2021-03-11 10:35:18.0	Ana4 - 4: T.Fortluft	13.3
2021-03-11 10:35:18.0	Ana5 - 5: T.Raum	9999.9
2021-03-11 10:35:18.0	Ana9 - 9: T.Zuluft WRG warm	17.1
2021-03-11 10:35:28.0	Ana1 - 1: T.Au?en	9.7
2021-03-11 10:35:28.0	Ana2 - 2: T.Zuluft	15.1
2021-03-11 10:35:28.0	Ana3 - 3: T.Abluft	18.1
2021-03-11 10:35:28.0	Ana4 - 4: T.Fortluft	13.3
2021-03-11 10:35:28.0	Ana5 - 5: T.Raum	9999.9
2021-03-11 10:35:28.0	Ana9 - 9: T.Zuluft WRG warm	17.1
2021-03-11 10:35:38.0	Ana1 - 1: T.Au?en	9.7
2021-03-11 10:35:38.0	Ana2 - 2: T.Zuluft	15.1
2021-03-11 10:35:38.0	Ana3 - 3: T.Abluft	18.0
2021-03-11 10:35:38.0	Ana4 - 4: T.Fortluft	13.4
2021-03-11 10:35:38.0	Ana5 - 5: T.Raum	9999.9
2021-03-11 10:35:38.0	Ana9 - 9: T.Zuluft WRG warm	17.1
2021-03-11 10:35:48.0	Ana1 - 1: T.Au?en	9.8
2021-03-11 10:35:48.0	Ana2 - 2: T.Zuluft	15.1
2021-03-11 10:35:48.0	Ana3 - 3: T.Abluft	18.0
2021-03-11 10:35:48.0	Ana4 - 4: T.Fortluft	13.3
2021-03-11 10:35:48.0	Ana5 - 5: T.Raum	9999.9
2021-03-11 10:35:48.0	Ana9 - 9: T.Zuluft WRG warm	17.1
2021-03-11 10:35:58.0	Ana1 - 1: T.Au?en	9.7
2021-03-11 10:35:58.0	Ana2 - 2: T.Zuluft	15.1
2021-03-11 10:35:58.0	Ana3 - 3: T.Abluft	18.0
2021-03-11 10:35:58.0	Ana4 - 4: T.Fortluft	13.4
2021-03-11 10:35:58.0	Ana5 - 5: T.Raum	9999.9
2021-03-11 10:35:58.0	Ana9 - 9: T.Zuluft WRG warm	17.1
2021-03-11 10:36:08.0	Ana1 - 1: T.Au?en	9.7
2021-03-11 10:36:08.0	Ana2 - 2: T.Zuluft	15.1
2021-03-11 10:36:08.0	Ana3 - 3: T.Abluft	18.0
2021-03-11 10:36:08.0	Ana4 - 4: T.Fortluft	13.3
2021-03-11 10:36:08.0	Ana5 - 5: T.Raum	9999.9
2021-03-11 10:36:08.0	Ana9 - 9: T.Zuluft WRG warm	17.1
2021-03-11 10:36:18.0	Ana1 - 1: T.Au?en	9.6
2021-03-11 10:36:18.0	Ana2 - 2: T.Zuluft	15.1
2021-03-11 10:36:18.0	Ana3 - 3: T.Abluft	18.0
2021-03-11 10:36:18.0	Ana4 - 4: T.Fortluft	13.4
2021-03-11 10:36:18.0	Ana5 - 5: T.Raum	9999.9
2021-03-11 10:36:18.0	Ana9 - 9: T.Zuluft WRG warm	17.1
2021-03-11 10:36:28.0	Ana1 - 1: T.Au?en	9.5
2021-03-11 10:36:28.0	Ana2 - 2: T.Zuluft	15.1
2021-03-11 10:36:28.0	Ana3 - 3: T.Abluft	18.0
2021-03-11 10:36:28.0	Ana4 - 4: T.Fortluft	13.4
2021-03-11 10:36:28.0	Ana5 - 5: T.Raum	9999.9
2021-03-11 10:36:28.0	Ana9 - 9: T.Zuluft WRG warm	17.1
2021-03-11 10:36:38.0	Ana1 - 1: T.Au?en	9.3
2021-03-11 10:36:38.0	Ana2 - 2: T.Zuluft	15.1
2021-03-11 10:36:38.0	Ana3 - 3: T.Abluft	18.0
2021-03-11 10:36:38.0	Ana4 - 4: T.Fortluft	13.4
2021-03-11 10:36:38.0	Ana5 - 5: T.Raum	9999.9
2021-03-11 10:36:38.0	Ana9 - 9: T.Zuluft WRG warm	17.1
2021-03-11 10:36:48.0	Ana1 - 1: T.Au?en	9.2
2021-03-11 10:36:48.0	Ana2 - 2: T.Zuluft	15.1
2021-03-11 10:36:48.0	Ana3 - 3: T.Abluft	18.0
2021-03-11 10:36:48.0	Ana4 - 4: T.Fortluft	13.4
2021-03-11 10:36:48.0	Ana5 - 5: T.Raum	9999.9
2021-03-11 10:36:48.0	Ana9 - 9: T.Zuluft WRG warm	17.1
2021-03-11 10:36:58.0	Ana1 - 1: T.Au?en	9.1
2021-03-11 10:36:58.0	Ana2 - 2: T.Zuluft	15.0
2021-03-11 10:36:58.0	Ana3 - 3: T.Abluft	18.0
2021-03-11 10:36:58.0	Ana4 - 4: T.Fortluft	13.4
2021-03-11 10:36:58.0	Ana5 - 5: T.Raum	9999.9
2021-03-11 10:36:58.0	Ana9 - 9: T.Zuluft WRG warm	17.0
2021-03-11 10:37:08.0	Ana1 - 1: T.Au?en	9.1
2021-03-11 10:37:08.0	Ana2 - 2: T.Zuluft	15.0
2021-03-11 10:37:08.0	Ana3 - 3: T.Abluft	18.0
2021-03-11 10:37:08.0	Ana4 - 4: T.Fortluft	13.4
2021-03-11 10:37:08.0	Ana5 - 5: T.Raum	9999.9
2021-03-11 10:37:08.0	Ana9 - 9: T.Zuluft WRG warm	17.0
2021-03-11 10:37:18.0	Ana1 - 1: T.Au?en	9.2
2021-03-11 10:37:18.0	Ana2 - 2: T.Zuluft	15.0
2021-03-11 10:37:18.0	Ana3 - 3: T.Abluft	18.0
2021-03-11 10:37:18.0	Ana4 - 4: T.Fortluft	13.4
2021-03-11 10:37:18.0	Ana5 - 5: T.Raum	9999.9
2021-03-11 10:37:18.0	Ana9 - 9: T.Zuluft WRG warm	17.0
2021-03-11 10:37:28.0	Ana1 - 1: T.Au?en	9.2
2021-03-11 10:37:28.0	Ana2 - 2: T.Zuluft	15.0
2021-03-11 10:37:28.0	Ana3 - 3: T.Abluft	17.9
2021-03-11 10:37:28.0	Ana4 - 4: T.Fortluft	13.4
2021-03-11 10:37:28.0	Ana5 - 5: T.Raum	9999.9
2021-03-11 10:37:28.0	Ana9 - 9: T.Zuluft WRG warm	17.0
2021-03-11 10:37:38.0	Ana1 - 1: T.Au?en	9.1
2021-03-11 10:37:38.0	Ana2 - 2: T.Zuluft	15.0
2021-03-11 10:37:38.0	Ana3 - 3: T.Abluft	17.9
2021-03-11 10:37:38.0	Ana4 - 4: T.Fortluft	13.4
2021-03-11 10:37:38.0	Ana5 - 5: T.Raum	9999.9
2021-03-11 10:37:38.0	Ana9 - 9: T.Zuluft WRG warm	17.0
2021-03-11 10:37:48.0	Ana1 - 1: T.Au?en	9.0
2021-03-11 10:37:48.0	Ana2 - 2: T.Zuluft	15.0
2021-03-11 10:37:48.0	Ana3 - 3: T.Abluft	17.9
2021-03-11 10:37:48.0	Ana4 - 4: T.Fortluft	13.4
2021-03-11 10:37:48.0	Ana5 - 5: T.Raum	9999.9
2021-03-11 10:37:48.0	Ana9 - 9: T.Zuluft WRG warm	17.0
2021-03-11 10:37:58.0	Ana1 - 1: T.Au?en	9.0
2021-03-11 10:37:58.0	Ana2 - 2: T.Zuluft	15.1
2021-03-11 10:37:58.0	Ana3 - 3: T.Abluft	17.9
2021-03-11 10:37:58.0	Ana4 - 4: T.Fortluft	13.4
2021-03-11 10:37:58.0	Ana5 - 5: T.Raum	9999.9
2021-03-11 10:37:58.0	Ana9 - 9: T.Zuluft WRG warm	17.0
2021-03-11 10:38:08.0	Ana1 - 1: T.Au?en	9.0
2021-03-11 10:38:08.0	Ana2 - 2: T.Zuluft	15.0
2021-03-11 10:38:08.0	Ana3 - 3: T.Abluft	17.9
2021-03-11 10:38:08.0	Ana4 - 4: T.Fortluft	13.4
2021-03-11 10:38:08.0	Ana5 - 5: T.Raum	9999.9
2021-03-11 10:38:08.0	Ana9 - 9: T.Zuluft WRG warm	17.0
2021-03-11 10:38:18.0	Ana1 - 1: T.Au?en	9.1
2021-03-11 10:38:18.0	Ana2 - 2: T.Zuluft	15.0
2021-03-11 10:38:18.0	Ana3 - 3: T.Abluft	17.9
2021-03-11 10:38:18.0	Ana4 - 4: T.Fortluft	13.4
2021-03-11 10:38:18.0	Ana5 - 5: T.Raum	9999.9
2021-03-11 10:38:18.0	Ana9 - 9: T.Zuluft WRG warm	17.0
2021-03-11 10:38:28.0	Ana1 - 1: T.Au?en	9.3
2021-03-11 10:38:28.0	Ana2 - 2: T.Zuluft	15.0
2021-03-11 10:38:28.0	Ana3 - 3: T.Abluft	17.9
2021-03-11 10:38:28.0	Ana4 - 4: T.Fortluft	13.4
2021-03-11 10:38:28.0	Ana5 - 5: T.Raum	9999.9
2021-03-11 10:38:28.0	Ana9 - 9: T.Zuluft WRG warm	17.0
2021-03-11 10:38:38.0	Ana1 - 1: T.Au?en	9.3
2021-03-11 10:38:38.0	Ana2 - 2: T.Zuluft	15.0
2021-03-11 10:38:38.0	Ana3 - 3: T.Abluft	17.9
2021-03-11 10:38:38.0	Ana4 - 4: T.Fortluft	13.4
2021-03-11 10:38:38.0	Ana5 - 5: T.Raum	9999.9
2021-03-11 10:38:38.0	Ana9 - 9: T.Zuluft WRG warm	17.0
2021-03-11 10:38:48.0	Ana1 - 1: T.Au?en	9.3
2021-03-11 10:38:48.0	Ana2 - 2: T.Zuluft	15.0
2021-03-11 10:38:48.0	Ana3 - 3: T.Abluft	17.9
2021-03-11 10:38:48.0	Ana4 - 4: T.Fortluft	13.4
2021-03-11 10:38:48.0	Ana5 - 5: T.Raum	9999.9
2021-03-11 10:38:48.0	Ana9 - 9: T.Zuluft WRG warm	17.0
2021-03-11 10:38:58.0	Ana1 - 1: T.Au?en	9.3
2021-03-11 10:38:58.0	Ana2 - 2: T.Zuluft	15.0
2021-03-11 10:38:58.0	Ana3 - 3: T.Abluft	17.9
2021-03-11 10:38:58.0	Ana4 - 4: T.Fortluft	13.4
2021-03-11 10:38:58.0	Ana5 - 5: T.Raum	9999.9
2021-03-11 10:38:58.0	Ana9 - 9: T.Zuluft WRG warm	17.0
2021-03-11 10:39:08.0	Ana1 - 1: T.Au?en	9.2
2021-03-11 10:39:08.0	Ana2 - 2: T.Zuluft	15.0
2021-03-11 10:39:08.0	Ana3 - 3: T.Abluft	17.9
2021-03-11 10:39:08.0	Ana4 - 4: T.Fortluft	13.4
2021-03-11 10:39:08.0	Ana5 - 5: T.Raum	9999.9
2021-03-11 10:39:08.0	Ana9 - 9: T.Zuluft WRG warm	17.0
2021-03-11 10:39:18.0	Ana1 - 1: T.Au?en	9.2
2021-03-11 10:39:18.0	Ana2 - 2: T.Zuluft	15.0
2021-03-11 10:39:18.0	Ana3 - 3: T.Abluft	17.8
2021-03-11 10:39:18.0	Ana4 - 4: T.Fortluft	13.4
2021-03-11 10:39:18.0	Ana5 - 5: T.Raum	9999.9
2021-03-11 10:39:18.0	Ana9 - 9: T.Zuluft WRG warm	16.9
2021-03-11 10:39:28.0	Ana1 - 1: T.Au?en	9.2
2021-03-11 10:39:28.0	Ana2 - 2: T.Zuluft	15.0
2021-03-11 10:39:28.0	Ana3 - 3: T.Abluft	17.8
2021-03-11 10:39:28.0	Ana4 - 4: T.Fortluft	13.4
2021-03-11 10:39:28.0	Ana5 - 5: T.Raum	9999.9
2021-03-11 10:39:28.0	Ana9 - 9: T.Zuluft WRG warm	16.9
2021-03-11 10:39:38.0	Ana1 - 1: T.Au?en	9.2
2021-03-11 10:39:38.0	Ana2 - 2: T.Zuluft	15.0
2021-03-11 10:39:38.0	Ana3 - 3: T.Abluft	17.8
2021-03-11 10:39:38.0	Ana4 - 4: T.Fortluft	13.4
2021-03-11 10:39:38.0	Ana5 - 5: T.Raum	9999.9
2021-03-11 10:39:38.0	Ana9 - 9: T.Zuluft WRG warm	16.9
2021-03-11 10:39:48.0	Ana1 - 1: T.Au?en	9.3
2021-03-11 10:39:48.0	Ana2 - 2: T.Zuluft	15.0
2021-03-11 10:39:48.0	Ana3 - 3: T.Abluft	17.8
2021-03-11 10:39:48.0	Ana4 - 4: T.Fortluft	13.4
2021-03-11 10:39:48.0	Ana5 - 5: T.Raum	9999.9
2021-03-11 10:39:48.0	Ana9 - 9: T.Zuluft WRG warm	16.9
2021-03-11 10:39:58.0	Ana1 - 1: T.Au?en	9.2
2021-03-11 10:39:58.0	Ana2 - 2: T.Zuluft	15.0
2021-03-11 10:39:58.0	Ana3 - 3: T.Abluft	17.8
2021-03-11 10:39:58.0	Ana4 - 4: T.Fortluft	13.4
2021-03-11 10:39:58.0	Ana5 - 5: T.Raum	9999.9
2021-03-11 10:39:58.0	Ana9 - 9: T.Zuluft WRG warm	16.9
2021-03-11 10:40:08.0	Ana1 - 1: T.Au?en	9.2
2021-03-11 10:40:08.0	Ana2 - 2: T.Zuluft	15.0
2021-03-11 10:40:08.0	Ana3 - 3: T.Abluft	17.8
2021-03-11 10:40:08.0	Ana4 - 4: T.Fortluft	13.4
2021-03-11 10:40:08.0	Ana5 - 5: T.Raum	9999.9
2021-03-11 10:40:08.0	Ana9 - 9: T.Zuluft WRG warm	16.9
2021-03-11 10:40:18.0	Ana1 - 1: T.Au?en	9.3
2021-03-11 10:40:18.0	Ana2 - 2: T.Zuluft	15.0
2021-03-11 10:40:18.0	Ana3 - 3: T.Abluft	17.8
2021-03-11 10:40:18.0	Ana4 - 4: T.Fortluft	13.4
2021-03-11 10:40:18.0	Ana5 - 5: T.Raum	9999.9
2021-03-11 10:40:18.0	Ana9 - 9: T.Zuluft WRG warm	16.9
2021-03-11 10:40:28.0	Ana1 - 1: T.Au?en	9.1
2021-03-11 10:40:28.0	Ana2 - 2: T.Zuluft	15.0
2021-03-11 10:40:28.0	Ana3 - 3: T.Abluft	17.8
2021-03-11 10:40:28.0	Ana4 - 4: T.Fortluft	13.4
2021-03-11 10:40:28.0	Ana5 - 5: T.Raum	9999.9
2021-03-11 10:40:28.0	Ana9 - 9: T.Zuluft WRG warm	16.9
2021-03-11 10:40:38.0	Ana1 - 1: T.Au?en	9.3
2021-03-11 10:40:38.0	Ana2 - 2: T.Zuluft	15.0
2021-03-11 10:40:38.0	Ana3 - 3: T.Abluft	17.8
2021-03-11 10:40:38.0	Ana4 - 4: T.Fortluft	13.4
2021-03-11 10:40:38.0	Ana5 - 5: T.Raum	9999.9
2021-03-11 10:40:38.0	Ana9 - 9: T.Zuluft WRG warm	16.9
2021-03-11 10:40:48.0	Ana1 - 1: T.Au?en	9.3
2021-03-11 10:40:48.0	Ana2 - 2: T.Zuluft	15.0
2021-03-11 10:40:48.0	Ana3 - 3: T.Abluft	17.8
2021-03-11 10:40:48.0	Ana4 - 4: T.Fortluft	13.4
2021-03-11 10:40:48.0	Ana5 - 5: T.Raum	9999.9
2021-03-11 10:40:48.0	Ana9 - 9: T.Zuluft WRG warm	16.9
2021-03-11 10:40:58.0	Ana1 - 1: T.Au?en	9.3
2021-03-11 10:40:58.0	Ana2 - 2: T.Zuluft	15.0
2021-03-11 10:40:58.0	Ana3 - 3: T.Abluft	17.8
2021-03-11 10:40:58.0	Ana4 - 4: T.Fortluft	13.4
2021-03-11 10:40:58.0	Ana5 - 5: T.Raum	9999.9
2021-03-11 10:40:58.0	Ana9 - 9: T.Zuluft WRG warm	16.9
2021-03-11 10:41:08.0	Ana1 - 1: T.Au?en	9.5
2021-03-11 10:41:08.0	Ana2 - 2: T.Zuluft	15.0
2021-03-11 10:41:08.0	Ana3 - 3: T.Abluft	17.8
2021-03-11 10:41:08.0	Ana4 - 4: T.Fortluft	13.4
2021-03-11 10:41:08.0	Ana5 - 5: T.Raum	9999.9
2021-03-11 10:41:08.0	Ana9 - 9: T.Zuluft WRG warm	16.9
2021-03-11 10:41:18.0	Ana1 - 1: T.Au?en	9.5
2021-03-11 10:41:18.0	Ana2 - 2: T.Zuluft	15.0
2021-03-11 10:41:18.0	Ana3 - 3: T.Abluft	17.8
2021-03-11 10:41:18.0	Ana4 - 4: T.Fortluft	13.4
2021-03-11 10:41:18.0	Ana5 - 5: T.Raum	9999.9
2021-03-11 10:41:18.0	Ana9 - 9: T.Zuluft WRG warm	16.9
2021-03-11 10:41:28.0	Ana1 - 1: T.Au?en	9.4
2021-03-11 10:41:28.0	Ana2 - 2: T.Zuluft	15.0
2021-03-11 10:41:28.0	Ana3 - 3: T.Abluft	17.8
2021-03-11 10:41:28.0	Ana4 - 4: T.Fortluft	13.4
2021-03-11 10:41:28.0	Ana5 - 5: T.Raum	9999.9
2021-03-11 10:41:28.0	Ana9 - 9: T.Zuluft WRG warm	16.9
2021-03-11 10:41:38.0	Ana1 - 1: T.Au?en	9.3
2021-03-11 10:41:38.0	Ana2 - 2: T.Zuluft	15.0
2021-03-11 10:41:38.0	Ana3 - 3: T.Abluft	17.7
2021-03-11 10:41:38.0	Ana4 - 4: T.Fortluft	13.4
2021-03-11 10:41:38.0	Ana5 - 5: T.Raum	9999.9
2021-03-11 10:41:38.0	Ana9 - 9: T.Zuluft WRG warm	16.9
2021-03-11 10:41:48.0	Ana1 - 1: T.Au?en	9.2
2021-03-11 10:41:48.0	Ana2 - 2: T.Zuluft	15.0
2021-03-11 10:41:48.0	Ana3 - 3: T.Abluft	17.7
2021-03-11 10:41:48.0	Ana4 - 4: T.Fortluft	13.4
2021-03-11 10:41:48.0	Ana5 - 5: T.Raum	9999.9
2021-03-11 10:41:48.0	Ana9 - 9: T.Zuluft WRG warm	16.9
2021-03-11 10:41:58.0	Ana1 - 1: T.Au?en	9.2
2021-03-11 10:41:58.0	Ana2 - 2: T.Zuluft	15.0
2021-03-11 10:41:58.0	Ana3 - 3: T.Abluft	17.7
2021-03-11 10:41:58.0	Ana4 - 4: T.Fortluft	13.4
2021-03-11 10:41:58.0	Ana5 - 5: T.Raum	9999.9
2021-03-11 10:41:58.0	Ana9 - 9: T.Zuluft WRG warm	16.9
2021-03-11 10:42:08.0	Ana1 - 1: T.Au?en	9.1
2021-03-11 10:42:08.0	Ana2 - 2: T.Zuluft	15.0
2021-03-11 10:42:08.0	Ana3 - 3: T.Abluft	17.7
2021-03-11 10:42:08.0	Ana4 - 4: T.Fortluft	13.4
2021-03-11 10:42:08.0	Ana5 - 5: T.Raum	9999.9
2021-03-11 10:42:08.0	Ana9 - 9: T.Zuluft WRG warm	16.9
2021-03-11 10:42:18.0	Ana1 - 1: T.Au?en	9.1
2021-03-11 10:42:18.0	Ana2 - 2: T.Zuluft	15.0
2021-03-11 10:42:18.0	Ana3 - 3: T.Abluft	17.7
2021-03-11 10:42:18.0	Ana4 - 4: T.Fortluft	13.4
2021-03-11 10:42:18.0	Ana5 - 5: T.Raum	9999.9
2021-03-11 10:42:18.0	Ana9 - 9: T.Zuluft WRG warm	16.8
2021-03-11 10:42:28.0	Ana1 - 1: T.Au?en	9.1
2021-03-11 10:42:28.0	Ana2 - 2: T.Zuluft	15.0
2021-03-11 10:42:28.0	Ana3 - 3: T.Abluft	17.7
2021-03-11 10:42:28.0	Ana4 - 4: T.Fortluft	13.4
2021-03-11 10:42:28.0	Ana5 - 5: T.Raum	9999.9
2021-03-11 10:42:28.0	Ana9 - 9: T.Zuluft WRG warm	16.8
2021-03-11 10:42:38.0	Ana1 - 1: T.Au?en	9.0
2021-03-11 10:42:38.0	Ana2 - 2: T.Zuluft	15.0
2021-03-11 10:42:38.0	Ana3 - 3: T.Abluft	17.7
2021-03-11 10:42:38.0	Ana4 - 4: T.Fortluft	13.4
2021-03-11 10:42:38.0	Ana5 - 5: T.Raum	9999.9
2021-03-11 10:42:38.0	Ana9 - 9: T.Zuluft WRG warm	16.8
2021-03-11 10:42:48.0	Ana1 - 1: T.Au?en	9.0
2021-03-11 10:42:48.0	Ana2 - 2: T.Zuluft	15.0
2021-03-11 10:42:48.0	Ana3 - 3: T.Abluft	17.7
2021-03-11 10:42:48.0	Ana4 - 4: T.Fortluft	13.4
2021-03-11 10:42:48.0	Ana5 - 5: T.Raum	9999.9
2021-03-11 10:42:48.0	Ana9 - 9: T.Zuluft WRG warm	16.8
2021-03-11 10:42:58.0	Ana1 - 1: T.Au?en	9.0
2021-03-11 10:42:58.0	Ana2 - 2: T.Zuluft	14.9
2021-03-11 10:42:58.0	Ana3 - 3: T.Abluft	17.7
2021-03-11 10:42:58.0	Ana4 - 4: T.Fortluft	13.4
2021-03-11 10:42:58.0	Ana5 - 5: T.Raum	9999.9
2021-03-11 10:42:58.0	Ana9 - 9: T.Zuluft WRG warm	16.8
2021-03-11 10:43:08.0	Ana1 - 1: T.Au?en	9.0
2021-03-11 10:43:08.0	Ana2 - 2: T.Zuluft	14.9
2021-03-11 10:43:08.0	Ana3 - 3: T.Abluft	17.7
2021-03-11 10:43:08.0	Ana4 - 4: T.Fortluft	13.4
2021-03-11 10:43:08.0	Ana5 - 5: T.Raum	9999.9
2021-03-11 10:43:08.0	Ana9 - 9: T.Zuluft WRG warm	16.8
2021-03-11 10:43:18.0	Ana1 - 1: T.Au?en	9.0
2021-03-11 10:43:18.0	Ana2 - 2: T.Zuluft	15.0
2021-03-11 10:43:18.0	Ana3 - 3: T.Abluft	17.7
2021-03-11 10:43:18.0	Ana4 - 4: T.Fortluft	13.4
2021-03-11 10:43:18.0	Ana5 - 5: T.Raum	9999.9
2021-03-11 10:43:18.0	Ana9 - 9: T.Zuluft WRG warm	16.8
2021-03-11 10:43:28.0	Ana1 - 1: T.Au?en	9.0
2021-03-11 10:43:28.0	Ana2 - 2: T.Zuluft	14.9
2021-03-11 10:43:28.0	Ana3 - 3: T.Abluft	17.7
2021-03-11 10:43:28.0	Ana4 - 4: T.Fortluft	13.4
2021-03-11 10:43:28.0	Ana5 - 5: T.Raum	9999.9
2021-03-11 10:43:28.0	Ana9 - 9: T.Zuluft WRG warm	16.8
2021-03-11 10:43:38.0	Ana1 - 1: T.Au?en	9.0
2021-03-11 10:43:38.0	Ana2 - 2: T.Zuluft	14.9
2021-03-11 10:43:38.0	Ana3 - 3: T.Abluft	17.7
2021-03-11 10:43:38.0	Ana4 - 4: T.Fortluft	13.4
2021-03-11 10:43:38.0	Ana5 - 5: T.Raum	9999.9
2021-03-11 10:43:38.0	Ana9 - 9: T.Zuluft WRG warm	16.8
2021-03-11 10:43:48.0	Ana1 - 1: T.Au?en	9.1
2021-03-11 10:43:48.0	Ana2 - 2: T.Zuluft	14.9
2021-03-11 10:43:48.0	Ana3 - 3: T.Abluft	17.7
2021-03-11 10:43:48.0	Ana4 - 4: T.Fortluft	13.4
2021-03-11 10:43:48.0	Ana5 - 5: T.Raum	9999.9
2021-03-11 10:43:48.0	Ana9 - 9: T.Zuluft WRG warm	16.8
2021-03-11 10:43:58.0	Ana1 - 1: T.Au?en	9.1
2021-03-11 10:43:58.0	Ana2 - 2: T.Zuluft	14.9
2021-03-11 10:43:58.0	Ana3 - 3: T.Abluft	17.7
2021-03-11 10:43:58.0	Ana4 - 4: T.Fortluft	13.4
2021-03-11 10:43:58.0	Ana5 - 5: T.Raum	9999.9
2021-03-11 10:43:58.0	Ana9 - 9: T.Zuluft WRG warm	16.8
2021-03-11 10:44:08.0	Ana1 - 1: T.Au?en	9.2
2021-03-11 10:44:08.0	Ana2 - 2: T.Zuluft	14.9
2021-03-11 10:44:08.0	Ana3 - 3: T.Abluft	17.7
2021-03-11 10:44:08.0	Ana4 - 4: T.Fortluft	13.4
2021-03-11 10:44:08.0	Ana5 - 5: T.Raum	9999.9
2021-03-11 10:44:08.0	Ana9 - 9: T.Zuluft WRG warm	16.8
2021-03-11 10:44:18.0	Ana1 - 1: T.Au?en	9.2
2021-03-11 10:44:18.0	Ana2 - 2: T.Zuluft	14.9
2021-03-11 10:44:18.0	Ana3 - 3: T.Abluft	17.7
2021-03-11 10:44:18.0	Ana4 - 4: T.Fortluft	13.4
2021-03-11 10:44:18.0	Ana5 - 5: T.Raum	9999.9
2021-03-11 10:44:18.0	Ana9 - 9: T.Zuluft WRG warm	16.8
2021-03-11 10:44:28.0	Ana1 - 1: T.Au?en	9.2
2021-03-11 10:44:28.0	Ana2 - 2: T.Zuluft	14.9
2021-03-11 10:44:28.0	Ana3 - 3: T.Abluft	17.6
2021-03-11 10:44:28.0	Ana4 - 4: T.Fortluft	13.4
2021-03-11 10:44:28.0	Ana5 - 5: T.Raum	9999.9
2021-03-11 10:44:28.0	Ana9 - 9: T.Zuluft WRG warm	16.8
2021-03-11 10:44:38.0	Ana1 - 1: T.Au?en	9.3
2021-03-11 10:44:38.0	Ana2 - 2: T.Zuluft	14.9
2021-03-11 10:44:38.0	Ana3 - 3: T.Abluft	17.6
2021-03-11 10:44:38.0	Ana4 - 4: T.Fortluft	13.5
2021-03-11 10:44:38.0	Ana5 - 5: T.Raum	9999.9
2021-03-11 10:44:38.0	Ana9 - 9: T.Zuluft WRG warm	16.8
2021-03-11 10:44:48.0	Ana1 - 1: T.Au?en	9.4
2021-03-11 10:44:48.0	Ana2 - 2: T.Zuluft	14.9
2021-03-11 10:44:48.0	Ana3 - 3: T.Abluft	17.6
2021-03-11 10:44:48.0	Ana4 - 4: T.Fortluft	13.4
2021-03-11 10:44:48.0	Ana5 - 5: T.Raum	9999.9
2021-03-11 10:44:48.0	Ana9 - 9: T.Zuluft WRG warm	16.8
2021-03-11 10:44:58.0	Ana1 - 1: T.Au?en	9.4
2021-03-11 10:44:58.0	Ana2 - 2: T.Zuluft	14.9
2021-03-11 10:44:58.0	Ana3 - 3: T.Abluft	17.6
2021-03-11 10:44:58.0	Ana4 - 4: T.Fortluft	13.4
2021-03-11 10:44:58.0	Ana5 - 5: T.Raum	9999.9
2021-03-11 10:44:58.0	Ana9 - 9: T.Zuluft WRG warm	16.8
2021-03-11 10:45:08.0	Ana1 - 1: T.Au?en	9.4
2021-03-11 10:45:08.0	Ana2 - 2: T.Zuluft	14.9
2021-03-11 10:45:08.0	Ana3 - 3: T.Abluft	17.6
2021-03-11 10:45:08.0	Ana4 - 4: T.Fortluft	13.4
2021-03-11 10:45:08.0	Ana5 - 5: T.Raum	9999.9
2021-03-11 10:45:08.0	Ana9 - 9: T.Zuluft WRG warm	16.8
2021-03-11 10:45:18.0	Ana1 - 1: T.Au?en	9.3
2021-03-11 10:45:18.0	Ana2 - 2: T.Zuluft	14.9
2021-03-11 10:45:18.0	Ana3 - 3: T.Abluft	17.6
2021-03-11 10:45:18.0	Ana4 - 4: T.Fortluft	13.4
2021-03-11 10:45:18.0	Ana5 - 5: T.Raum	9999.9
2021-03-11 10:45:18.0	Ana9 - 9: T.Zuluft WRG warm	16.8
2021-03-11 10:45:28.0	Ana1 - 1: T.Au?en	9.4
2021-03-11 10:45:28.0	Ana2 - 2: T.Zuluft	14.9
2021-03-11 10:45:28.0	Ana3 - 3: T.Abluft	17.6
2021-03-11 10:45:28.0	Ana4 - 4: T.Fortluft	13.4
2021-03-11 10:45:28.0	Ana5 - 5: T.Raum	9999.9
2021-03-11 10:45:28.0	Ana9 - 9: T.Zuluft WRG warm	16.8
2021-03-11 10:45:38.0	Ana1 - 1: T.Au?en	9.4
2021-03-11 10:45:38.0	Ana2 - 2: T.Zuluft	14.9
2021-03-11 10:45:38.0	Ana3 - 3: T.Abluft	17.6
2021-03-11 10:45:38.0	Ana4 - 4: T.Fortluft	13.5
2021-03-11 10:45:38.0	Ana5 - 5: T.Raum	9999.9
2021-03-11 10:45:38.0	Ana9 - 9: T.Zuluft WRG warm	16.8
2021-03-11 10:45:48.0	Ana1 - 1: T.Au?en	9.3
2021-03-11 10:45:48.0	Ana2 - 2: T.Zuluft	14.9
2021-03-11 10:45:48.0	Ana3 - 3: T.Abluft	17.6
2021-03-11 10:45:48.0	Ana4 - 4: T.Fortluft	13.5
2021-03-11 10:45:48.0	Ana5 - 5: T.Raum	9999.9
2021-03-11 10:45:48.0	Ana9 - 9: T.Zuluft WRG warm	16.8
2021-03-11 10:45:58.0	Ana1 - 1: T.Au?en	9.3
2021-03-11 10:45:58.0	Ana2 - 2: T.Zuluft	14.9
2021-03-11 10:45:58.0	Ana3 - 3: T.Abluft	17.6
2021-03-11 10:45:58.0	Ana4 - 4: T.Fortluft	13.4
2021-03-11 10:45:58.0	Ana5 - 5: T.Raum	9999.9
2021-03-11 10:45:58.0	Ana9 - 9: T.Zuluft WRG warm	16.8
2021-03-11 10:46:08.0	Ana1 - 1: T.Au?en	9.4
2021-03-11 10:46:08.0	Ana2 - 2: T.Zuluft	14.9
2021-03-11 10:46:08.0	Ana3 - 3: T.Abluft	17.6
2021-03-11 10:46:08.0	Ana4 - 4: T.Fortluft	13.4
2021-03-11 10:46:08.0	Ana5 - 5: T.Raum	9999.9
2021-03-11 10:46:08.0	Ana9 - 9: T.Zuluft WRG warm	16.8
2021-03-11 10:46:18.0	Ana1 - 1: T.Au?en	9.3
2021-03-11 10:46:18.0	Ana2 - 2: T.Zuluft	14.9
2021-03-11 10:46:18.0	Ana3 - 3: T.Abluft	17.6
2021-03-11 10:46:18.0	Ana4 - 4: T.Fortluft	13.4
2021-03-11 10:46:18.0	Ana5 - 5: T.Raum	9999.9
2021-03-11 10:46:18.0	Ana9 - 9: T.Zuluft WRG warm	16.8
2021-03-11 10:46:28.0	Ana1 - 1: T.Au?en	9.2
2021-03-11 10:46:28.0	Ana2 - 2: T.Zuluft	14.9
2021-03-11 10:46:28.0	Ana3 - 3: T.Abluft	17.6
2021-03-11 10:46:28.0	Ana4 - 4: T.Fortluft	13.5
2021-03-11 10:46:28.0	Ana5 - 5: T.Raum	9999.9
2021-03-11 10:46:28.0	Ana9 - 9: T.Zuluft WRG warm	16.8
2021-03-11 10:46:38.0	Ana1 - 1: T.Au?en	9.1
2021-03-11 10:46:38.0	Ana2 - 2: T.Zuluft	14.9
2021-03-11 10:46:38.0	Ana3 - 3: T.Abluft	17.6
2021-03-11 10:46:38.0	Ana4 - 4: T.Fortluft	13.5
2021-03-11 10:46:38.0	Ana5 - 5: T.Raum	9999.9
2021-03-11 10:46:38.0	Ana9 - 9: T.Zuluft WRG warm	16.8
2021-03-11 10:46:48.0	Ana1 - 1: T.Au?en	9.0
2021-03-11 10:46:48.0	Ana2 - 2: T.Zuluft	14.9
2021-03-11 10:46:48.0	Ana3 - 3: T.Abluft	17.6
2021-03-11 10:46:48.0	Ana4 - 4: T.Fortluft	13.4
2021-03-11 10:46:48.0	Ana5 - 5: T.Raum	9999.9
2021-03-11 10:46:48.0	Ana9 - 9: T.Zuluft WRG warm	16.8
2021-03-11 10:46:58.0	Ana1 - 1: T.Au?en	9.1
2021-03-11 10:46:58.0	Ana2 - 2: T.Zuluft	14.9
2021-03-11 10:46:58.0	Ana3 - 3: T.Abluft	17.6
2021-03-11 10:46:58.0	Ana4 - 4: T.Fortluft	13.4
2021-03-11 10:46:58.0	Ana5 - 5: T.Raum	9999.9
2021-03-11 10:46:58.0	Ana9 - 9: T.Zuluft WRG warm	16.8
2021-03-11 10:47:08.0	Ana1 - 1: T.Au?en	9.2
2021-03-11 10:47:08.0	Ana2 - 2: T.Zuluft	14.9
2021-03-11 10:47:08.0	Ana3 - 3: T.Abluft	17.6
2021-03-11 10:47:08.0	Ana4 - 4: T.Fortluft	13.4
2021-03-11 10:47:08.0	Ana5 - 5: T.Raum	9999.9
2021-03-11 10:47:08.0	Ana9 - 9: T.Zuluft WRG warm	16.7
2021-03-11 10:47:18.0	Ana1 - 1: T.Au?en	9.3
2021-03-11 10:47:18.0	Ana2 - 2: T.Zuluft	14.9
2021-03-11 10:47:18.0	Ana3 - 3: T.Abluft	17.6
2021-03-11 10:47:18.0	Ana4 - 4: T.Fortluft	13.4
2021-03-11 10:47:18.0	Ana5 - 5: T.Raum	9999.9
2021-03-11 10:47:18.0	Ana9 - 9: T.Zuluft WRG warm	16.7
2021-03-11 10:47:28.0	Ana1 - 1: T.Au?en	9.3
2021-03-11 10:47:28.0	Ana2 - 2: T.Zuluft	14.9
2021-03-11 10:47:28.0	Ana3 - 3: T.Abluft	17.6
2021-03-11 10:47:28.0	Ana4 - 4: T.Fortluft	13.4
2021-03-11 10:47:28.0	Ana5 - 5: T.Raum	9999.9
2021-03-11 10:47:28.0	Ana9 - 9: T.Zuluft WRG warm	16.7
2021-03-11 10:47:38.0	Ana1 - 1: T.Au?en	9.3
2021-03-11 10:47:38.0	Ana2 - 2: T.Zuluft	14.9
2021-03-11 10:47:38.0	Ana3 - 3: T.Abluft	17.6
2021-03-11 10:47:38.0	Ana4 - 4: T.Fortluft	13.4
2021-03-11 10:47:38.0	Ana5 - 5: T.Raum	9999.9
2021-03-11 10:47:38.0	Ana9 - 9: T.Zuluft WRG warm	16.7
2021-03-11 10:47:48.0	Ana1 - 1: T.Au?en	9.3
2021-03-11 10:47:48.0	Ana2 - 2: T.Zuluft	14.9
2021-03-11 10:47:48.0	Ana3 - 3: T.Abluft	17.6
2021-03-11 10:47:48.0	Ana4 - 4: T.Fortluft	13.4
2021-03-11 10:47:48.0	Ana5 - 5: T.Raum	9999.9
2021-03-11 10:47:48.0	Ana9 - 9: T.Zuluft WRG warm	16.7
2021-03-11 10:47:58.0	Ana1 - 1: T.Au?en	9.3
2021-03-11 10:47:58.0	Ana2 - 2: T.Zuluft	14.9
2021-03-11 10:47:58.0	Ana3 - 3: T.Abluft	17.5
2021-03-11 10:47:58.0	Ana4 - 4: T.Fortluft	13.4
2021-03-11 10:47:58.0	Ana5 - 5: T.Raum	9999.9
2021-03-11 10:47:58.0	Ana9 - 9: T.Zuluft WRG warm	16.7
2021-03-11 10:48:08.0	Ana1 - 1: T.Au?en	9.3
2021-03-11 10:48:08.0	Ana2 - 2: T.Zuluft	14.9
2021-03-11 10:48:08.0	Ana3 - 3: T.Abluft	17.5
2021-03-11 10:48:08.0	Ana4 - 4: T.Fortluft	13.4
2021-03-11 10:48:08.0	Ana5 - 5: T.Raum	9999.9
2021-03-11 10:48:08.0	Ana9 - 9: T.Zuluft WRG warm	16.7
2021-03-11 10:48:18.0	Ana1 - 1: T.Au?en	9.3
2021-03-11 10:48:18.0	Ana2 - 2: T.Zuluft	14.9
2021-03-11 10:48:18.0	Ana3 - 3: T.Abluft	17.5
2021-03-11 10:48:18.0	Ana4 - 4: T.Fortluft	13.4
2021-03-11 10:48:18.0	Ana5 - 5: T.Raum	9999.9
2021-03-11 10:48:18.0	Ana9 - 9: T.Zuluft WRG warm	16.7
2021-03-11 10:48:28.0	Ana1 - 1: T.Au?en	9.4
2021-03-11 10:48:28.0	Ana2 - 2: T.Zuluft	14.9
2021-03-11 10:48:28.0	Ana3 - 3: T.Abluft	17.5
2021-03-11 10:48:28.0	Ana4 - 4: T.Fortluft	13.4
2021-03-11 10:48:28.0	Ana5 - 5: T.Raum	9999.9
2021-03-11 10:48:28.0	Ana9 - 9: T.Zuluft WRG warm	16.7
2021-03-11 10:48:38.0	Ana1 - 1: T.Au?en	9.4
2021-03-11 10:48:38.0	Ana2 - 2: T.Zuluft	14.9
2021-03-11 10:48:38.0	Ana3 - 3: T.Abluft	17.5
2021-03-11 10:48:38.0	Ana4 - 4: T.Fortluft	13.4
2021-03-11 10:48:38.0	Ana5 - 5: T.Raum	9999.9
2021-03-11 10:48:38.0	Ana9 - 9: T.Zuluft WRG warm	16.7
2021-03-11 10:48:48.0	Ana1 - 1: T.Au?en	9.3
2021-03-11 10:48:48.0	Ana2 - 2: T.Zuluft	14.9
2021-03-11 10:48:48.0	Ana3 - 3: T.Abluft	17.5
2021-03-11 10:48:48.0	Ana4 - 4: T.Fortluft	13.4
2021-03-11 10:48:48.0	Ana5 - 5: T.Raum	9999.9
2021-03-11 10:48:48.0	Ana9 - 9: T.Zuluft WRG warm	16.7
2021-03-11 10:48:58.0	Ana1 - 1: T.Au?en	9.2
2021-03-11 10:48:58.0	Ana2 - 2: T.Zuluft	14.9
2021-03-11 10:48:58.0	Ana3 - 3: T.Abluft	17.5
2021-03-11 10:48:58.0	Ana4 - 4: T.Fortluft	13.4
2021-03-11 10:48:58.0	Ana5 - 5: T.Raum	9999.9
2021-03-11 10:48:58.0	Ana9 - 9: T.Zuluft WRG warm	16.7
2021-03-11 10:49:08.0	Ana1 - 1: T.Au?en	9.3
2021-03-11 10:49:08.0	Ana2 - 2: T.Zuluft	14.9
2021-03-11 10:49:08.0	Ana3 - 3: T.Abluft	17.5
2021-03-11 10:49:08.0	Ana4 - 4: T.Fortluft	13.4
2021-03-11 10:49:08.0	Ana5 - 5: T.Raum	9999.9
2021-03-11 10:49:08.0	Ana9 - 9: T.Zuluft WRG warm	16.7
2021-03-11 10:49:18.0	Ana1 - 1: T.Au?en	9.4
2021-03-11 10:49:18.0	Ana2 - 2: T.Zuluft	14.9
2021-03-11 10:49:18.0	Ana3 - 3: T.Abluft	17.5
2021-03-11 10:49:18.0	Ana4 - 4: T.Fortluft	13.4
2021-03-11 10:49:18.0	Ana5 - 5: T.Raum	9999.9
2021-03-11 10:49:18.0	Ana9 - 9: T.Zuluft WRG warm	16.7
2021-03-11 10:49:28.0	Ana1 - 1: T.Au?en	9.4
2021-03-11 10:49:28.0	Ana2 - 2: T.Zuluft	14.9
2021-03-11 10:49:28.0	Ana3 - 3: T.Abluft	17.5
2021-03-11 10:49:28.0	Ana4 - 4: T.Fortluft	13.4
2021-03-11 10:49:28.0	Ana5 - 5: T.Raum	9999.9
2021-03-11 10:49:28.0	Ana9 - 9: T.Zuluft WRG warm	16.7
2021-03-11 10:49:38.0	Ana1 - 1: T.Au?en	9.4
2021-03-11 10:49:38.0	Ana2 - 2: T.Zuluft	14.9
2021-03-11 10:49:38.0	Ana3 - 3: T.Abluft	17.5
2021-03-11 10:49:38.0	Ana4 - 4: T.Fortluft	13.4
2021-03-11 10:49:38.0	Ana5 - 5: T.Raum	9999.9
2021-03-11 10:49:38.0	Ana9 - 9: T.Zuluft WRG warm	16.7
2021-03-11 10:49:48.0	Ana1 - 1: T.Au?en	9.5
2021-03-11 10:49:48.0	Ana2 - 2: T.Zuluft	14.9
2021-03-11 10:49:48.0	Ana3 - 3: T.Abluft	17.5
2021-03-11 10:49:48.0	Ana4 - 4: T.Fortluft	13.4
2021-03-11 10:49:48.0	Ana5 - 5: T.Raum	9999.9
2021-03-11 10:49:48.0	Ana9 - 9: T.Zuluft WRG warm	16.7
2021-03-11 10:49:58.0	Ana1 - 1: T.Au?en	9.6
2021-03-11 10:49:58.0	Ana2 - 2: T.Zuluft	14.8
2021-03-11 10:49:58.0	Ana3 - 3: T.Abluft	17.5
2021-03-11 10:49:58.0	Ana4 - 4: T.Fortluft	13.4
2021-03-11 10:49:58.0	Ana5 - 5: T.Raum	9999.9
2021-03-11 10:49:58.0	Ana9 - 9: T.Zuluft WRG warm	16.7
2021-03-11 10:50:08.0	Ana1 - 1: T.Au?en	9.6
2021-03-11 10:50:08.0	Ana2 - 2: T.Zuluft	14.9
2021-03-11 10:50:08.0	Ana3 - 3: T.Abluft	17.5
2021-03-11 10:50:08.0	Ana4 - 4: T.Fortluft	13.4
2021-03-11 10:50:08.0	Ana5 - 5: T.Raum	9999.9
2021-03-11 10:50:08.0	Ana9 - 9: T.Zuluft WRG warm	16.7
2021-03-11 10:50:18.0	Ana1 - 1: T.Au?en	9.7
2021-03-11 10:50:18.0	Ana2 - 2: T.Zuluft	14.8
2021-03-11 10:50:18.0	Ana3 - 3: T.Abluft	17.5
2021-03-11 10:50:18.0	Ana4 - 4: T.Fortluft	13.4
2021-03-11 10:50:18.0	Ana5 - 5: T.Raum	9999.9
2021-03-11 10:50:18.0	Ana9 - 9: T.Zuluft WRG warm	16.7
2021-03-11 10:50:28.0	Ana1 - 1: T.Au?en	9.8
2021-03-11 10:50:28.0	Ana2 - 2: T.Zuluft	14.9
2021-03-11 10:50:28.0	Ana3 - 3: T.Abluft	17.5
2021-03-11 10:50:28.0	Ana4 - 4: T.Fortluft	13.4
2021-03-11 10:50:28.0	Ana5 - 5: T.Raum	9999.9
2021-03-11 10:50:28.0	Ana9 - 9: T.Zuluft WRG warm	16.7
2021-03-11 10:50:38.0	Ana1 - 1: T.Au?en	9.7
2021-03-11 10:50:38.0	Ana2 - 2: T.Zuluft	14.9
2021-03-11 10:50:38.0	Ana3 - 3: T.Abluft	17.5
2021-03-11 10:50:38.0	Ana4 - 4: T.Fortluft	13.4
2021-03-11 10:50:38.0	Ana5 - 5: T.Raum	9999.9
2021-03-11 10:50:38.0	Ana9 - 9: T.Zuluft WRG warm	16.7
2021-03-11 10:50:48.0	Ana1 - 1: T.Au?en	9.6
2021-03-11 10:50:48.0	Ana2 - 2: T.Zuluft	14.8
2021-03-11 10:50:48.0	Ana3 - 3: T.Abluft	17.5
2021-03-11 10:50:48.0	Ana4 - 4: T.Fortluft	13.4
2021-03-11 10:50:48.0	Ana5 - 5: T.Raum	9999.9
2021-03-11 10:50:48.0	Ana9 - 9: T.Zuluft WRG warm	16.7
2021-03-11 10:50:58.0	Ana1 - 1: T.Au?en	9.6
2021-03-11 10:50:58.0	Ana2 - 2: T.Zuluft	14.8
2021-03-11 10:50:58.0	Ana3 - 3: T.Abluft	17.5
2021-03-11 10:50:58.0	Ana4 - 4: T.Fortluft	13.4
2021-03-11 10:50:58.0	Ana5 - 5: T.Raum	9999.9
2021-03-11 10:50:58.0	Ana9 - 9: T.Zuluft WRG warm	16.7
2021-03-11 10:51:08.0	Ana1 - 1: T.Au?en	9.6
2021-03-11 10:51:08.0	Ana2 - 2: T.Zuluft	14.8
2021-03-11 10:51:08.0	Ana3 - 3: T.Abluft	17.5
2021-03-11 10:51:08.0	Ana4 - 4: T.Fortluft	13.4
2021-03-11 10:51:08.0	Ana5 - 5: T.Raum	9999.9
2021-03-11 10:51:08.0	Ana9 - 9: T.Zuluft WRG warm	16.7
2021-03-11 10:51:18.0	Ana1 - 1: T.Au?en	9.4
2021-03-11 10:51:18.0	Ana2 - 2: T.Zuluft	14.8
2021-03-11 10:51:18.0	Ana3 - 3: T.Abluft	17.5
2021-03-11 10:51:18.0	Ana4 - 4: T.Fortluft	13.4
2021-03-11 10:51:18.0	Ana5 - 5: T.Raum	9999.9
2021-03-11 10:51:18.0	Ana9 - 9: T.Zuluft WRG warm	16.7
2021-03-11 10:51:28.0	Ana1 - 1: T.Au?en	9.5
2021-03-11 10:51:28.0	Ana2 - 2: T.Zuluft	14.8
2021-03-11 10:51:28.0	Ana3 - 3: T.Abluft	17.5
2021-03-11 10:51:28.0	Ana4 - 4: T.Fortluft	13.4
2021-03-11 10:51:28.0	Ana5 - 5: T.Raum	9999.9
2021-03-11 10:51:28.0	Ana9 - 9: T.Zuluft WRG warm	16.7
2021-03-11 10:51:38.0	Ana1 - 1: T.Au?en	9.6
2021-03-11 10:51:38.0	Ana2 - 2: T.Zuluft	14.8
2021-03-11 10:51:38.0	Ana3 - 3: T.Abluft	17.5
2021-03-11 10:51:38.0	Ana4 - 4: T.Fortluft	13.4
2021-03-11 10:51:38.0	Ana5 - 5: T.Raum	9999.9
2021-03-11 10:51:38.0	Ana9 - 9: T.Zuluft WRG warm	16.7
2021-03-11 10:51:48.0	Ana1 - 1: T.Au?en	9.6
2021-03-11 10:51:48.0	Ana2 - 2: T.Zuluft	14.9
2021-03-11 10:51:48.0	Ana3 - 3: T.Abluft	17.5
2021-03-11 10:51:48.0	Ana4 - 4: T.Fortluft	13.4
2021-03-11 10:51:48.0	Ana5 - 5: T.Raum	9999.9
2021-03-11 10:51:48.0	Ana9 - 9: T.Zuluft WRG warm	16.7
2021-03-11 10:51:58.0	Ana1 - 1: T.Au?en	9.7
2021-03-11 10:51:58.0	Ana2 - 2: T.Zuluft	14.9
2021-03-11 10:51:58.0	Ana3 - 3: T.Abluft	17.5
2021-03-11 10:51:58.0	Ana4 - 4: T.Fortluft	13.4
2021-03-11 10:51:58.0	Ana5 - 5: T.Raum	9999.9
2021-03-11 10:51:58.0	Ana9 - 9: T.Zuluft WRG warm	16.7
2021-03-11 10:52:08.0	Ana1 - 1: T.Au?en	9.8
2021-03-11 10:52:08.0	Ana2 - 2: T.Zuluft	14.8
2021-03-11 10:52:08.0	Ana3 - 3: T.Abluft	17.4
2021-03-11 10:52:08.0	Ana4 - 4: T.Fortluft	13.4
2021-03-11 10:52:08.0	Ana5 - 5: T.Raum	9999.9
2021-03-11 10:52:08.0	Ana9 - 9: T.Zuluft WRG warm	16.7
2021-03-11 10:52:18.0	Ana1 - 1: T.Au?en	9.8
2021-03-11 10:52:18.0	Ana2 - 2: T.Zuluft	14.8
2021-03-11 10:52:18.0	Ana3 - 3: T.Abluft	17.4
2021-03-11 10:52:18.0	Ana4 - 4: T.Fortluft	13.4
2021-03-11 10:52:18.0	Ana5 - 5: T.Raum	9999.9
2021-03-11 10:52:18.0	Ana9 - 9: T.Zuluft WRG warm	16.6
2021-03-11 10:52:28.0	Ana1 - 1: T.Au?en	9.9
2021-03-11 10:52:28.0	Ana2 - 2: T.Zuluft	14.8
2021-03-11 10:52:28.0	Ana3 - 3: T.Abluft	17.4
2021-03-11 10:52:28.0	Ana4 - 4: T.Fortluft	13.4
2021-03-11 10:52:28.0	Ana5 - 5: T.Raum	9999.9
2021-03-11 10:52:28.0	Ana9 - 9: T.Zuluft WRG warm	16.6
2021-03-11 10:52:38.0	Ana1 - 1: T.Au?en	9.9
2021-03-11 10:52:38.0	Ana2 - 2: T.Zuluft	14.8
2021-03-11 10:52:38.0	Ana3 - 3: T.Abluft	17.4
2021-03-11 10:52:38.0	Ana4 - 4: T.Fortluft	13.4
2021-03-11 10:52:38.0	Ana5 - 5: T.Raum	9999.9
2021-03-11 10:52:38.0	Ana9 - 9: T.Zuluft WRG warm	16.6
2021-03-11 10:52:48.0	Ana1 - 1: T.Au?en	9.9
2021-03-11 10:52:48.0	Ana2 - 2: T.Zuluft	14.8
2021-03-11 10:52:48.0	Ana3 - 3: T.Abluft	17.4
2021-03-11 10:52:48.0	Ana4 - 4: T.Fortluft	13.4
2021-03-11 10:52:48.0	Ana5 - 5: T.Raum	9999.9
2021-03-11 10:52:48.0	Ana9 - 9: T.Zuluft WRG warm	16.6
2021-03-11 10:52:58.0	Ana1 - 1: T.Au?en	9.9
2021-03-11 10:52:58.0	Ana2 - 2: T.Zuluft	14.8
2021-03-11 10:52:58.0	Ana3 - 3: T.Abluft	17.4
2021-03-11 10:52:58.0	Ana4 - 4: T.Fortluft	13.4
2021-03-11 10:52:58.0	Ana5 - 5: T.Raum	9999.9
2021-03-11 10:52:58.0	Ana9 - 9: T.Zuluft WRG warm	16.6
2021-03-11 10:53:08.0	Ana1 - 1: T.Au?en	9.9
2021-03-11 10:53:08.0	Ana2 - 2: T.Zuluft	14.8
2021-03-11 10:53:08.0	Ana3 - 3: T.Abluft	17.4
2021-03-11 10:53:08.0	Ana4 - 4: T.Fortluft	13.4
2021-03-11 10:53:08.0	Ana5 - 5: T.Raum	9999.9
2021-03-11 10:53:08.0	Ana9 - 9: T.Zuluft WRG warm	16.6
2021-03-11 10:53:18.0	Ana1 - 1: T.Au?en	9.9
2021-03-11 10:53:18.0	Ana2 - 2: T.Zuluft	14.8
2021-03-11 10:53:18.0	Ana3 - 3: T.Abluft	17.4
2021-03-11 10:53:18.0	Ana4 - 4: T.Fortluft	13.4
2021-03-11 10:53:18.0	Ana5 - 5: T.Raum	9999.9
2021-03-11 10:53:18.0	Ana9 - 9: T.Zuluft WRG warm	16.6
2021-03-11 10:53:28.0	Ana1 - 1: T.Au?en	9.9
2021-03-11 10:53:28.0	Ana2 - 2: T.Zuluft	14.8
2021-03-11 10:53:28.0	Ana3 - 3: T.Abluft	17.4
2021-03-11 10:53:28.0	Ana4 - 4: T.Fortluft	13.4
2021-03-11 10:53:28.0	Ana5 - 5: T.Raum	9999.9
2021-03-11 10:53:28.0	Ana9 - 9: T.Zuluft WRG warm	16.6
2021-03-11 10:53:38.0	Ana1 - 1: T.Au?en	9.9
2021-03-11 10:53:38.0	Ana2 - 2: T.Zuluft	14.8
2021-03-11 10:53:38.0	Ana3 - 3: T.Abluft	17.4
2021-03-11 10:53:38.0	Ana4 - 4: T.Fortluft	13.4
2021-03-11 10:53:38.0	Ana5 - 5: T.Raum	9999.9
2021-03-11 10:53:38.0	Ana9 - 9: T.Zuluft WRG warm	16.6
2021-03-11 10:53:48.0	Ana1 - 1: T.Au?en	9.9
2021-03-11 10:53:48.0	Ana2 - 2: T.Zuluft	14.8
2021-03-11 10:53:48.0	Ana3 - 3: T.Abluft	17.4
2021-03-11 10:53:48.0	Ana4 - 4: T.Fortluft	13.4
2021-03-11 10:53:48.0	Ana5 - 5: T.Raum	9999.9
2021-03-11 10:53:48.0	Ana9 - 9: T.Zuluft WRG warm	16.6
2021-03-11 10:53:58.0	Ana1 - 1: T.Au?en	9.9
2021-03-11 10:53:58.0	Ana2 - 2: T.Zuluft	14.8
2021-03-11 10:53:58.0	Ana3 - 3: T.Abluft	17.4
2021-03-11 10:53:58.0	Ana4 - 4: T.Fortluft	13.4
2021-03-11 10:53:58.0	Ana5 - 5: T.Raum	9999.9
2021-03-11 10:53:58.0	Ana9 - 9: T.Zuluft WRG warm	16.6
2021-03-11 10:54:08.0	Ana1 - 1: T.Au?en	9.7
2021-03-11 10:54:08.0	Ana2 - 2: T.Zuluft	14.8
2021-03-11 10:54:08.0	Ana3 - 3: T.Abluft	17.4
2021-03-11 10:54:08.0	Ana4 - 4: T.Fortluft	13.4
2021-03-11 10:54:08.0	Ana5 - 5: T.Raum	9999.9
2021-03-11 10:54:08.0	Ana9 - 9: T.Zuluft WRG warm	16.6
2021-03-11 10:54:18.0	Ana1 - 1: T.Au?en	9.8
2021-03-11 10:54:18.0	Ana2 - 2: T.Zuluft	14.8
2021-03-11 10:54:18.0	Ana3 - 3: T.Abluft	17.4
2021-03-11 10:54:18.0	Ana4 - 4: T.Fortluft	13.4
2021-03-11 10:54:18.0	Ana5 - 5: T.Raum	9999.9
2021-03-11 10:54:18.0	Ana9 - 9: T.Zuluft WRG warm	16.6
2021-03-11 10:54:28.0	Ana1 - 1: T.Au?en	9.8
2021-03-11 10:54:28.0	Ana2 - 2: T.Zuluft	14.8
2021-03-11 10:54:28.0	Ana3 - 3: T.Abluft	17.4
2021-03-11 10:54:28.0	Ana4 - 4: T.Fortluft	13.4
2021-03-11 10:54:28.0	Ana5 - 5: T.Raum	9999.9
2021-03-11 10:54:28.0	Ana9 - 9: T.Zuluft WRG warm	16.6
2021-03-11 10:54:38.0	Ana1 - 1: T.Au?en	9.8
2021-03-11 10:54:38.0	Ana2 - 2: T.Zuluft	14.8
2021-03-11 10:54:38.0	Ana3 - 3: T.Abluft	17.4
2021-03-11 10:54:38.0	Ana4 - 4: T.Fortluft	13.4
2021-03-11 10:54:38.0	Ana5 - 5: T.Raum	9999.9
2021-03-11 10:54:38.0	Ana9 - 9: T.Zuluft WRG warm	16.6
2021-03-11 10:54:48.0	Ana1 - 1: T.Au?en	9.7
2021-03-11 10:54:48.0	Ana2 - 2: T.Zuluft	14.8
2021-03-11 10:54:48.0	Ana3 - 3: T.Abluft	17.4
2021-03-11 10:54:48.0	Ana4 - 4: T.Fortluft	13.4
2021-03-11 10:54:48.0	Ana5 - 5: T.Raum	9999.9
2021-03-11 10:54:48.0	Ana9 - 9: T.Zuluft WRG warm	16.6
2021-03-11 10:54:58.0	Ana1 - 1: T.Au?en	9.8
2021-03-11 10:54:58.0	Ana2 - 2: T.Zuluft	14.8
2021-03-11 10:54:58.0	Ana3 - 3: T.Abluft	17.4
2021-03-11 10:54:58.0	Ana4 - 4: T.Fortluft	13.4
2021-03-11 10:54:58.0	Ana5 - 5: T.Raum	9999.9
2021-03-11 10:54:58.0	Ana9 - 9: T.Zuluft WRG warm	16.6
2021-03-11 10:55:08.0	Ana1 - 1: T.Au?en	9.7
2021-03-11 10:55:08.0	Ana2 - 2: T.Zuluft	14.8
2021-03-11 10:55:08.0	Ana3 - 3: T.Abluft	17.4
2021-03-11 10:55:08.0	Ana4 - 4: T.Fortluft	13.4
2021-03-11 10:55:08.0	Ana5 - 5: T.Raum	9999.9
2021-03-11 10:55:08.0	Ana9 - 9: T.Zuluft WRG warm	16.6
2021-03-11 10:55:18.0	Ana1 - 1: T.Au?en	9.7
2021-03-11 10:55:18.0	Ana2 - 2: T.Zuluft	14.8
2021-03-11 10:55:18.0	Ana3 - 3: T.Abluft	17.4
2021-03-11 10:55:18.0	Ana4 - 4: T.Fortluft	13.4
2021-03-11 10:55:18.0	Ana5 - 5: T.Raum	9999.9
2021-03-11 10:55:18.0	Ana9 - 9: T.Zuluft WRG warm	16.6
2021-03-11 10:55:28.0	Ana1 - 1: T.Au?en	9.6
2021-03-11 10:55:28.0	Ana2 - 2: T.Zuluft	14.8
2021-03-11 10:55:28.0	Ana3 - 3: T.Abluft	17.5
2021-03-11 10:55:28.0	Ana4 - 4: T.Fortluft	13.4
2021-03-11 10:55:28.0	Ana5 - 5: T.Raum	9999.9
2021-03-11 10:55:28.0	Ana9 - 9: T.Zuluft WRG warm	16.7
2021-03-11 10:55:38.0	Ana1 - 1: T.Au?en	9.6
2021-03-11 10:55:38.0	Ana2 - 2: T.Zuluft	14.8
2021-03-11 10:55:38.0	Ana3 - 3: T.Abluft	17.5
2021-03-11 10:55:38.0	Ana4 - 4: T.Fortluft	13.4
2021-03-11 10:55:38.0	Ana5 - 5: T.Raum	9999.9
2021-03-11 10:55:38.0	Ana9 - 9: T.Zuluft WRG warm	16.7
2021-03-11 10:55:48.0	Ana1 - 1: T.Au?en	9.6
2021-03-11 10:55:48.0	Ana2 - 2: T.Zuluft	14.8
2021-03-11 10:55:48.0	Ana3 - 3: T.Abluft	17.5
2021-03-11 10:55:48.0	Ana4 - 4: T.Fortluft	13.4
2021-03-11 10:55:48.0	Ana5 - 5: T.Raum	9999.9
2021-03-11 10:55:48.0	Ana9 - 9: T.Zuluft WRG warm	16.7
2021-03-11 10:55:58.0	Ana1 - 1: T.Au?en	9.6
2021-03-11 10:55:58.0	Ana2 - 2: T.Zuluft	14.8
2021-03-11 10:55:58.0	Ana3 - 3: T.Abluft	17.5
2021-03-11 10:55:58.0	Ana4 - 4: T.Fortluft	13.4
2021-03-11 10:55:58.0	Ana5 - 5: T.Raum	9999.9
2021-03-11 10:55:58.0	Ana9 - 9: T.Zuluft WRG warm	16.7
2021-03-11 10:56:08.0	Ana1 - 1: T.Au?en	9.7
2021-03-11 10:56:08.0	Ana2 - 2: T.Zuluft	14.8
2021-03-11 10:56:08.0	Ana3 - 3: T.Abluft	17.5
2021-03-11 10:56:08.0	Ana4 - 4: T.Fortluft	13.4
2021-03-11 10:56:08.0	Ana5 - 5: T.Raum	9999.9
2021-03-11 10:56:08.0	Ana9 - 9: T.Zuluft WRG warm	16.7
2021-03-11 10:56:18.0	Ana1 - 1: T.Au?en	9.7
2021-03-11 10:56:18.0	Ana2 - 2: T.Zuluft	14.8
2021-03-11 10:56:18.0	Ana3 - 3: T.Abluft	17.5
2021-03-11 10:56:18.0	Ana4 - 4: T.Fortluft	13.4
2021-03-11 10:56:18.0	Ana5 - 5: T.Raum	9999.9
2021-03-11 10:56:18.0	Ana9 - 9: T.Zuluft WRG warm	16.7
2021-03-11 10:56:28.0	Ana1 - 1: T.Au?en	9.6
2021-03-11 10:56:28.0	Ana2 - 2: T.Zuluft	14.8
2021-03-11 10:56:28.0	Ana3 - 3: T.Abluft	17.5
2021-03-11 10:56:28.0	Ana4 - 4: T.Fortluft	13.4
2021-03-11 10:56:28.0	Ana5 - 5: T.Raum	9999.9
2021-03-11 10:56:28.0	Ana9 - 9: T.Zuluft WRG warm	16.7
2021-03-11 10:56:38.0	Ana1 - 1: T.Au?en	9.5
2021-03-11 10:56:38.0	Ana2 - 2: T.Zuluft	14.8
2021-03-11 10:56:38.0	Ana3 - 3: T.Abluft	17.5
2021-03-11 10:56:38.0	Ana4 - 4: T.Fortluft	13.4
2021-03-11 10:56:38.0	Ana5 - 5: T.Raum	9999.9
2021-03-11 10:56:38.0	Ana9 - 9: T.Zuluft WRG warm	16.7
2021-03-11 10:56:48.0	Ana1 - 1: T.Au?en	9.7
2021-03-11 10:56:48.0	Ana2 - 2: T.Zuluft	14.8
2021-03-11 10:56:48.0	Ana3 - 3: T.Abluft	17.5
2021-03-11 10:56:48.0	Ana4 - 4: T.Fortluft	13.4
2021-03-11 10:56:48.0	Ana5 - 5: T.Raum	9999.9
2021-03-11 10:56:48.0	Ana9 - 9: T.Zuluft WRG warm	16.8
2021-03-11 10:56:58.0	Ana1 - 1: T.Au?en	9.8
2021-03-11 10:56:58.0	Ana2 - 2: T.Zuluft	14.8
2021-03-11 10:56:58.0	Ana3 - 3: T.Abluft	17.5
2021-03-11 10:56:58.0	Ana4 - 4: T.Fortluft	13.4
2021-03-11 10:56:58.0	Ana5 - 5: T.Raum	9999.9
2021-03-11 10:56:58.0	Ana9 - 9: T.Zuluft WRG warm	16.8
2021-03-11 10:57:08.0	Ana1 - 1: T.Au?en	9.9
2021-03-11 10:57:08.0	Ana2 - 2: T.Zuluft	14.8
2021-03-11 10:57:08.0	Ana3 - 3: T.Abluft	17.5
2021-03-11 10:57:08.0	Ana4 - 4: T.Fortluft	13.4
2021-03-11 10:57:08.0	Ana5 - 5: T.Raum	9999.9
2021-03-11 10:57:08.0	Ana9 - 9: T.Zuluft WRG warm	16.8
2021-03-11 10:57:18.0	Ana1 - 1: T.Au?en	10.2
2021-03-11 10:57:18.0	Ana2 - 2: T.Zuluft	14.8
2021-03-11 10:57:18.0	Ana3 - 3: T.Abluft	17.5
2021-03-11 10:57:18.0	Ana4 - 4: T.Fortluft	13.4
2021-03-11 10:57:18.0	Ana5 - 5: T.Raum	9999.9
2021-03-11 10:57:18.0	Ana9 - 9: T.Zuluft WRG warm	16.8
2021-03-11 10:57:28.0	Ana1 - 1: T.Au?en	10.2
2021-03-11 10:57:28.0	Ana2 - 2: T.Zuluft	14.8
2021-03-11 10:57:28.0	Ana3 - 3: T.Abluft	17.5
2021-03-11 10:57:28.0	Ana4 - 4: T.Fortluft	13.4
2021-03-11 10:57:28.0	Ana5 - 5: T.Raum	9999.9
2021-03-11 10:57:28.0	Ana9 - 9: T.Zuluft WRG warm	16.8
2021-03-11 10:57:38.0	Ana1 - 1: T.Au?en	10.2
2021-03-11 10:57:38.0	Ana2 - 2: T.Zuluft	14.8
2021-03-11 10:57:38.0	Ana3 - 3: T.Abluft	17.5
2021-03-11 10:57:38.0	Ana4 - 4: T.Fortluft	13.4
2021-03-11 10:57:38.0	Ana5 - 5: T.Raum	9999.9
2021-03-11 10:57:38.0	Ana9 - 9: T.Zuluft WRG warm	16.8
2021-03-11 10:57:48.0	Ana1 - 1: T.Au?en	10.1
2021-03-11 10:57:48.0	Ana2 - 2: T.Zuluft	14.8
2021-03-11 10:57:48.0	Ana3 - 3: T.Abluft	17.5
2021-03-11 10:57:48.0	Ana4 - 4: T.Fortluft	13.4
2021-03-11 10:57:48.0	Ana5 - 5: T.Raum	9999.9
2021-03-11 10:57:48.0	Ana9 - 9: T.Zuluft WRG warm	16.8
2021-03-11 10:57:58.0	Ana1 - 1: T.Au?en	10.3
2021-03-11 10:57:58.0	Ana2 - 2: T.Zuluft	14.8
2021-03-11 10:57:58.0	Ana3 - 3: T.Abluft	17.5
2021-03-11 10:57:58.0	Ana4 - 4: T.Fortluft	13.4
2021-03-11 10:57:58.0	Ana5 - 5: T.Raum	9999.9
2021-03-11 10:57:58.0	Ana9 - 9: T.Zuluft WRG warm	16.8
2021-03-11 10:58:08.0	Ana1 - 1: T.Au?en	10.3
2021-03-11 10:58:08.0	Ana2 - 2: T.Zuluft	14.8
2021-03-11 10:58:08.0	Ana3 - 3: T.Abluft	17.5
2021-03-11 10:58:08.0	Ana4 - 4: T.Fortluft	13.4
2021-03-11 10:58:08.0	Ana5 - 5: T.Raum	9999.9
2021-03-11 10:58:08.0	Ana9 - 9: T.Zuluft WRG warm	16.8
2021-03-11 10:58:18.0	Ana1 - 1: T.Au?en	10.2
2021-03-11 10:58:18.0	Ana2 - 2: T.Zuluft	14.8
2021-03-11 10:58:18.0	Ana3 - 3: T.Abluft	17.5
2021-03-11 10:58:18.0	Ana4 - 4: T.Fortluft	13.4
2021-03-11 10:58:18.0	Ana5 - 5: T.Raum	9999.9
2021-03-11 10:58:18.0	Ana9 - 9: T.Zuluft WRG warm	16.9
2021-03-11 10:58:28.0	Ana1 - 1: T.Au?en	10.2
2021-03-11 10:58:28.0	Ana2 - 2: T.Zuluft	14.8
2021-03-11 10:58:28.0	Ana3 - 3: T.Abluft	17.5
2021-03-11 10:58:28.0	Ana4 - 4: T.Fortluft	13.4
2021-03-11 10:58:28.0	Ana5 - 5: T.Raum	9999.9
2021-03-11 10:58:28.0	Ana9 - 9: T.Zuluft WRG warm	16.9
2021-03-11 10:58:38.0	Ana1 - 1: T.Au?en	10.1
2021-03-11 10:58:38.0	Ana2 - 2: T.Zuluft	14.8
2021-03-11 10:58:38.0	Ana3 - 3: T.Abluft	17.5
2021-03-11 10:58:38.0	Ana4 - 4: T.Fortluft	13.5
2021-03-11 10:58:38.0	Ana5 - 5: T.Raum	9999.9
2021-03-11 10:58:38.0	Ana9 - 9: T.Zuluft WRG warm	16.9
2021-03-11 10:58:48.0	Ana1 - 1: T.Au?en	10.1
2021-03-11 10:58:48.0	Ana2 - 2: T.Zuluft	14.8
2021-03-11 10:58:48.0	Ana3 - 3: T.Abluft	17.5
2021-03-11 10:58:48.0	Ana4 - 4: T.Fortluft	13.5
2021-03-11 10:58:48.0	Ana5 - 5: T.Raum	9999.9
2021-03-11 10:58:48.0	Ana9 - 9: T.Zuluft WRG warm	16.9
2021-03-11 10:58:58.0	Ana1 - 1: T.Au?en	10.0
2021-03-11 10:58:58.0	Ana2 - 2: T.Zuluft	14.8
2021-03-11 10:58:58.0	Ana3 - 3: T.Abluft	17.5
2021-03-11 10:58:58.0	Ana4 - 4: T.Fortluft	13.5
2021-03-11 10:58:58.0	Ana5 - 5: T.Raum	9999.9
2021-03-11 10:58:58.0	Ana9 - 9: T.Zuluft WRG warm	16.9
2021-03-11 10:59:08.0	Ana1 - 1: T.Au?en	10.0
2021-03-11 10:59:08.0	Ana2 - 2: T.Zuluft	14.8
2021-03-11 10:59:08.0	Ana3 - 3: T.Abluft	17.5
2021-03-11 10:59:08.0	Ana4 - 4: T.Fortluft	13.5
2021-03-11 10:59:08.0	Ana5 - 5: T.Raum	9999.9
2021-03-11 10:59:08.0	Ana9 - 9: T.Zuluft WRG warm	16.9
2021-03-11 10:59:18.0	Ana1 - 1: T.Au?en	10.0
2021-03-11 10:59:18.0	Ana2 - 2: T.Zuluft	14.8
2021-03-11 10:59:18.0	Ana3 - 3: T.Abluft	17.5
2021-03-11 10:59:18.0	Ana4 - 4: T.Fortluft	13.5
2021-03-11 10:59:18.0	Ana5 - 5: T.Raum	9999.9
2021-03-11 10:59:18.0	Ana9 - 9: T.Zuluft WRG warm	16.9
2021-03-11 10:59:28.0	Ana1 - 1: T.Au?en	10.0
2021-03-11 10:59:28.0	Ana2 - 2: T.Zuluft	14.8
2021-03-11 10:59:28.0	Ana3 - 3: T.Abluft	17.5
2021-03-11 10:59:28.0	Ana4 - 4: T.Fortluft	13.5
2021-03-11 10:59:28.0	Ana5 - 5: T.Raum	9999.9
2021-03-11 10:59:28.0	Ana9 - 9: T.Zuluft WRG warm	16.9
2021-03-11 10:59:38.0	Ana1 - 1: T.Au?en	10.0
2021-03-11 10:59:38.0	Ana2 - 2: T.Zuluft	14.8
2021-03-11 10:59:38.0	Ana3 - 3: T.Abluft	17.5
2021-03-11 10:59:38.0	Ana4 - 4: T.Fortluft	13.5
2021-03-11 10:59:38.0	Ana5 - 5: T.Raum	9999.9
2021-03-11 10:59:38.0	Ana9 - 9: T.Zuluft WRG warm	16.9
2021-03-11 10:59:48.0	Ana1 - 1: T.Au?en	10.1
2021-03-11 10:59:48.0	Ana2 - 2: T.Zuluft	14.9
2021-03-11 10:59:48.0	Ana3 - 3: T.Abluft	17.5
2021-03-11 10:59:48.0	Ana4 - 4: T.Fortluft	13.5
2021-03-11 10:59:48.0	Ana5 - 5: T.Raum	9999.9
2021-03-11 10:59:48.0	Ana9 - 9: T.Zuluft WRG warm	16.9
2021-03-11 10:59:58.0	Ana1 - 1: T.Au?en	10.2
2021-03-11 10:59:58.0	Ana2 - 2: T.Zuluft	14.9
2021-03-11 10:59:58.0	Ana3 - 3: T.Abluft	17.6
2021-03-11 10:59:58.0	Ana4 - 4: T.Fortluft	13.5
2021-03-11 10:59:58.0	Ana5 - 5: T.Raum	9999.9
2021-03-11 10:59:58.0	Ana9 - 9: T.Zuluft WRG warm	16.9
2021-03-11 11:00:08.0	Ana1 - 1: T.Au?en	10.1
2021-03-11 11:00:08.0	Ana2 - 2: T.Zuluft	14.9
2021-03-11 11:00:08.0	Ana3 - 3: T.Abluft	17.6
2021-03-11 11:00:08.0	Ana4 - 4: T.Fortluft	13.5
2021-03-11 11:00:08.0	Ana5 - 5: T.Raum	9999.9
2021-03-11 11:00:08.0	Ana9 - 9: T.Zuluft WRG warm	16.9
2021-03-11 11:00:18.0	Ana1 - 1: T.Au?en	10.2
2021-03-11 11:00:18.0	Ana2 - 2: T.Zuluft	14.9
2021-03-11 11:00:18.0	Ana3 - 3: T.Abluft	17.6
2021-03-11 11:00:18.0	Ana4 - 4: T.Fortluft	13.5
2021-03-11 11:00:18.0	Ana5 - 5: T.Raum	9999.9
2021-03-11 11:00:18.0	Ana9 - 9: T.Zuluft WRG warm	16.9
2021-03-11 11:00:28.0	Ana1 - 1: T.Au?en	10.3
2021-03-11 11:00:28.0	Ana2 - 2: T.Zuluft	14.9
2021-03-11 11:00:28.0	Ana3 - 3: T.Abluft	17.6
2021-03-11 11:00:28.0	Ana4 - 4: T.Fortluft	13.5
2021-03-11 11:00:28.0	Ana5 - 5: T.Raum	9999.9
2021-03-11 11:00:28.0	Ana9 - 9: T.Zuluft WRG warm	16.9
2021-03-11 11:00:38.0	Ana1 - 1: T.Au?en	10.3
2021-03-11 11:00:38.0	Ana2 - 2: T.Zuluft	14.9
2021-03-11 11:00:38.0	Ana3 - 3: T.Abluft	17.6
2021-03-11 11:00:38.0	Ana4 - 4: T.Fortluft	13.5
2021-03-11 11:00:38.0	Ana5 - 5: T.Raum	9999.9
2021-03-11 11:00:38.0	Ana9 - 9: T.Zuluft WRG warm	17.0
2021-03-11 11:00:48.0	Ana1 - 1: T.Au?en	10.3
2021-03-11 11:00:48.0	Ana2 - 2: T.Zuluft	14.9
2021-03-11 11:00:48.0	Ana3 - 3: T.Abluft	17.6
2021-03-11 11:00:48.0	Ana4 - 4: T.Fortluft	13.5
2021-03-11 11:00:48.0	Ana5 - 5: T.Raum	9999.9
2021-03-11 11:00:48.0	Ana9 - 9: T.Zuluft WRG warm	17.0
2021-03-11 11:00:58.0	Ana1 - 1: T.Au?en	10.5
2021-03-11 11:00:58.0	Ana2 - 2: T.Zuluft	14.9
2021-03-11 11:00:58.0	Ana3 - 3: T.Abluft	17.6
2021-03-11 11:00:58.0	Ana4 - 4: T.Fortluft	13.5
2021-03-11 11:00:58.0	Ana5 - 5: T.Raum	9999.9
2021-03-11 11:00:58.0	Ana9 - 9: T.Zuluft WRG warm	17.0
2021-03-11 11:01:08.0	Ana1 - 1: T.Au?en	10.6
2021-03-11 11:01:08.0	Ana2 - 2: T.Zuluft	14.9
2021-03-11 11:01:08.0	Ana3 - 3: T.Abluft	17.6
2021-03-11 11:01:08.0	Ana4 - 4: T.Fortluft	13.5
2021-03-11 11:01:08.0	Ana5 - 5: T.Raum	9999.9
2021-03-11 11:01:08.0	Ana9 - 9: T.Zuluft WRG warm	17.0
2021-03-11 11:01:18.0	Ana1 - 1: T.Au?en	10.6
2021-03-11 11:01:18.0	Ana2 - 2: T.Zuluft	14.9
2021-03-11 11:01:18.0	Ana3 - 3: T.Abluft	17.6
2021-03-11 11:01:18.0	Ana4 - 4: T.Fortluft	13.5
2021-03-11 11:01:18.0	Ana5 - 5: T.Raum	9999.9
2021-03-11 11:01:18.0	Ana9 - 9: T.Zuluft WRG warm	17.0
2021-03-11 11:01:28.0	Ana1 - 1: T.Au?en	10.3
2021-03-11 11:01:28.0	Ana2 - 2: T.Zuluft	14.9
2021-03-11 11:01:28.0	Ana3 - 3: T.Abluft	17.6
2021-03-11 11:01:28.0	Ana4 - 4: T.Fortluft	13.5
2021-03-11 11:01:28.0	Ana5 - 5: T.Raum	9999.9
2021-03-11 11:01:28.0	Ana9 - 9: T.Zuluft WRG warm	17.0
2021-03-11 11:01:38.0	Ana1 - 1: T.Au?en	10.2
2021-03-11 11:01:38.0	Ana2 - 2: T.Zuluft	14.9
2021-03-11 11:01:38.0	Ana3 - 3: T.Abluft	17.6
2021-03-11 11:01:38.0	Ana4 - 4: T.Fortluft	13.5
2021-03-11 11:01:38.0	Ana5 - 5: T.Raum	9999.9
2021-03-11 11:01:38.0	Ana9 - 9: T.Zuluft WRG warm	17.0
2021-03-11 11:01:48.0	Ana1 - 1: T.Au?en	10.1
2021-03-11 11:01:48.0	Ana2 - 2: T.Zuluft	14.9
2021-03-11 11:01:48.0	Ana3 - 3: T.Abluft	17.6
2021-03-11 11:01:48.0	Ana4 - 4: T.Fortluft	13.5
2021-03-11 11:01:48.0	Ana5 - 5: T.Raum	9999.9
2021-03-11 11:01:48.0	Ana9 - 9: T.Zuluft WRG warm	17.0
2021-03-11 11:01:58.0	Ana1 - 1: T.Au?en	10.1
2021-03-11 11:01:58.0	Ana2 - 2: T.Zuluft	14.9
2021-03-11 11:01:58.0	Ana3 - 3: T.Abluft	17.6
2021-03-11 11:01:58.0	Ana4 - 4: T.Fortluft	13.5
2021-03-11 11:01:58.0	Ana5 - 5: T.Raum	9999.9
2021-03-11 11:01:58.0	Ana9 - 9: T.Zuluft WRG warm	17.0
2021-03-11 11:02:08.0	Ana1 - 1: T.Au?en	10.3
2021-03-11 11:02:08.0	Ana2 - 2: T.Zuluft	14.9
2021-03-11 11:02:08.0	Ana3 - 3: T.Abluft	17.6
2021-03-11 11:02:08.0	Ana4 - 4: T.Fortluft	13.5
2021-03-11 11:02:08.0	Ana5 - 5: T.Raum	9999.9
2021-03-11 11:02:08.0	Ana9 - 9: T.Zuluft WRG warm	17.0
2021-03-11 11:02:18.0	Ana1 - 1: T.Au?en	10.3
2021-03-11 11:02:18.0	Ana2 - 2: T.Zuluft	14.9
2021-03-11 11:02:18.0	Ana3 - 3: T.Abluft	17.6
2021-03-11 11:02:18.0	Ana4 - 4: T.Fortluft	13.5
2021-03-11 11:02:18.0	Ana5 - 5: T.Raum	9999.9
2021-03-11 11:02:18.0	Ana9 - 9: T.Zuluft WRG warm	17.0
2021-03-11 11:02:28.0	Ana1 - 1: T.Au?en	10.3
2021-03-11 11:02:28.0	Ana2 - 2: T.Zuluft	14.9
2021-03-11 11:02:28.0	Ana3 - 3: T.Abluft	17.6
2021-03-11 11:02:28.0	Ana4 - 4: T.Fortluft	13.5
2021-03-11 11:02:28.0	Ana5 - 5: T.Raum	9999.9
2021-03-11 11:02:28.0	Ana9 - 9: T.Zuluft WRG warm	17.0
2021-03-11 11:02:38.0	Ana1 - 1: T.Au?en	10.4
2021-03-11 11:02:38.0	Ana2 - 2: T.Zuluft	14.9
2021-03-11 11:02:38.0	Ana3 - 3: T.Abluft	17.6
2021-03-11 11:02:38.0	Ana4 - 4: T.Fortluft	13.5
2021-03-11 11:02:38.0	Ana5 - 5: T.Raum	9999.9
2021-03-11 11:02:38.0	Ana9 - 9: T.Zuluft WRG warm	17.0
2021-03-11 11:02:48.0	Ana1 - 1: T.Au?en	10.5
2021-03-11 11:02:48.0	Ana2 - 2: T.Zuluft	14.9
2021-03-11 11:02:48.0	Ana3 - 3: T.Abluft	17.6
2021-03-11 11:02:48.0	Ana4 - 4: T.Fortluft	13.5
2021-03-11 11:02:48.0	Ana5 - 5: T.Raum	9999.9
2021-03-11 11:02:48.0	Ana9 - 9: T.Zuluft WRG warm	17.0
2021-03-11 11:02:58.0	Ana1 - 1: T.Au?en	10.5
2021-03-11 11:02:58.0	Ana2 - 2: T.Zuluft	14.9
2021-03-11 11:02:58.0	Ana3 - 3: T.Abluft	17.6
2021-03-11 11:02:58.0	Ana4 - 4: T.Fortluft	13.5
2021-03-11 11:02:58.0	Ana5 - 5: T.Raum	9999.9
2021-03-11 11:02:58.0	Ana9 - 9: T.Zuluft WRG warm	17.0
2021-03-11 11:03:08.0	Ana1 - 1: T.Au?en	10.4
2021-03-11 11:03:08.0	Ana2 - 2: T.Zuluft	14.9
2021-03-11 11:03:08.0	Ana3 - 3: T.Abluft	17.6
2021-03-11 11:03:08.0	Ana4 - 4: T.Fortluft	13.5
2021-03-11 11:03:08.0	Ana5 - 5: T.Raum	9999.9
2021-03-11 11:03:08.0	Ana9 - 9: T.Zuluft WRG warm	17.0
2021-03-11 11:03:18.0	Ana1 - 1: T.Au?en	10.3
2021-03-11 11:03:18.0	Ana2 - 2: T.Zuluft	14.9
2021-03-11 11:03:18.0	Ana3 - 3: T.Abluft	17.6
2021-03-11 11:03:18.0	Ana4 - 4: T.Fortluft	13.5
2021-03-11 11:03:18.0	Ana5 - 5: T.Raum	9999.9
2021-03-11 11:03:18.0	Ana9 - 9: T.Zuluft WRG warm	17.0
2021-03-11 11:03:28.0	Ana1 - 1: T.Au?en	10.2
2021-03-11 11:03:28.0	Ana2 - 2: T.Zuluft	14.9
2021-03-11 11:03:28.0	Ana3 - 3: T.Abluft	17.6
2021-03-11 11:03:28.0	Ana4 - 4: T.Fortluft	13.5
2021-03-11 11:03:28.0	Ana5 - 5: T.Raum	9999.9
2021-03-11 11:03:28.0	Ana9 - 9: T.Zuluft WRG warm	17.0
2021-03-11 11:03:38.0	Ana1 - 1: T.Au?en	10.3
2021-03-11 11:03:38.0	Ana2 - 2: T.Zuluft	15.0
2021-03-11 11:03:38.0	Ana3 - 3: T.Abluft	17.6
2021-03-11 11:03:38.0	Ana4 - 4: T.Fortluft	13.5
2021-03-11 11:03:38.0	Ana5 - 5: T.Raum	9999.9
2021-03-11 11:03:38.0	Ana9 - 9: T.Zuluft WRG warm	17.0
2021-03-11 11:03:48.0	Ana1 - 1: T.Au?en	10.3
2021-03-11 11:03:48.0	Ana2 - 2: T.Zuluft	14.9
2021-03-11 11:03:48.0	Ana3 - 3: T.Abluft	17.6
2021-03-11 11:03:48.0	Ana4 - 4: T.Fortluft	13.5
2021-03-11 11:03:48.0	Ana5 - 5: T.Raum	9999.9
2021-03-11 11:03:48.0	Ana9 - 9: T.Zuluft WRG warm	17.0
2021-03-11 11:03:58.0	Ana1 - 1: T.Au?en	10.3
2021-03-11 11:03:58.0	Ana2 - 2: T.Zuluft	14.9
2021-03-11 11:03:58.0	Ana3 - 3: T.Abluft	17.6
2021-03-11 11:03:58.0	Ana4 - 4: T.Fortluft	13.5
2021-03-11 11:03:58.0	Ana5 - 5: T.Raum	9999.9
2021-03-11 11:03:58.0	Ana9 - 9: T.Zuluft WRG warm	17.0
2021-03-11 11:04:08.0	Ana1 - 1: T.Au?en	10.3
2021-03-11 11:04:08.0	Ana2 - 2: T.Zuluft	14.9
2021-03-11 11:04:08.0	Ana3 - 3: T.Abluft	17.6
2021-03-11 11:04:08.0	Ana4 - 4: T.Fortluft	13.5
2021-03-11 11:04:08.0	Ana5 - 5: T.Raum	9999.9
2021-03-11 11:04:08.0	Ana9 - 9: T.Zuluft WRG warm	17.0
2021-03-11 11:04:18.0	Ana1 - 1: T.Au?en	10.2
2021-03-11 11:04:18.0	Ana2 - 2: T.Zuluft	15.0
2021-03-11 11:04:18.0	Ana3 - 3: T.Abluft	17.6
2021-03-11 11:04:18.0	Ana4 - 4: T.Fortluft	13.5
2021-03-11 11:04:18.0	Ana5 - 5: T.Raum	9999.9
2021-03-11 11:04:18.0	Ana9 - 9: T.Zuluft WRG warm	17.0
2021-03-11 11:04:28.0	Ana1 - 1: T.Au?en	10.2
2021-03-11 11:04:28.0	Ana2 - 2: T.Zuluft	15.0
2021-03-11 11:04:28.0	Ana3 - 3: T.Abluft	17.6
2021-03-11 11:04:28.0	Ana4 - 4: T.Fortluft	13.5
2021-03-11 11:04:28.0	Ana5 - 5: T.Raum	9999.9
2021-03-11 11:04:28.0	Ana9 - 9: T.Zuluft WRG warm	17.0
2021-03-11 11:04:38.0	Ana1 - 1: T.Au?en	10.2
2021-03-11 11:04:38.0	Ana2 - 2: T.Zuluft	15.0
2021-03-11 11:04:38.0	Ana3 - 3: T.Abluft	17.6
2021-03-11 11:04:38.0	Ana4 - 4: T.Fortluft	13.6
2021-03-11 11:04:38.0	Ana5 - 5: T.Raum	9999.9
2021-03-11 11:04:38.0	Ana9 - 9: T.Zuluft WRG warm	17.0
2021-03-11 11:04:48.0	Ana1 - 1: T.Au?en	10.2
2021-03-11 11:04:48.0	Ana2 - 2: T.Zuluft	15.0
2021-03-11 11:04:48.0	Ana3 - 3: T.Abluft	17.6
2021-03-11 11:04:48.0	Ana4 - 4: T.Fortluft	13.6
2021-03-11 11:04:48.0	Ana5 - 5: T.Raum	9999.9
2021-03-11 11:04:48.0	Ana9 - 9: T.Zuluft WRG warm	17.0
2021-03-11 11:04:58.0	Ana1 - 1: T.Au?en	10.5
2021-03-11 11:04:58.0	Ana2 - 2: T.Zuluft	15.0
2021-03-11 11:04:58.0	Ana3 - 3: T.Abluft	17.6
2021-03-11 11:04:58.0	Ana4 - 4: T.Fortluft	13.6
2021-03-11 11:04:58.0	Ana5 - 5: T.Raum	9999.9
2021-03-11 11:04:58.0	Ana9 - 9: T.Zuluft WRG warm	17.0
2021-03-11 11:05:08.0	Ana1 - 1: T.Au?en	10.7
2021-03-11 11:05:08.0	Ana2 - 2: T.Zuluft	15.0
2021-03-11 11:05:08.0	Ana3 - 3: T.Abluft	17.6
2021-03-11 11:05:08.0	Ana4 - 4: T.Fortluft	13.6
2021-03-11 11:05:08.0	Ana5 - 5: T.Raum	9999.9
2021-03-11 11:05:08.0	Ana9 - 9: T.Zuluft WRG warm	17.0
2021-03-11 11:05:18.0	Ana1 - 1: T.Au?en	10.8
2021-03-11 11:05:18.0	Ana2 - 2: T.Zuluft	15.0
2021-03-11 11:05:18.0	Ana3 - 3: T.Abluft	17.6
2021-03-11 11:05:18.0	Ana4 - 4: T.Fortluft	13.6
2021-03-11 11:05:18.0	Ana5 - 5: T.Raum	9999.9
2021-03-11 11:05:18.0	Ana9 - 9: T.Zuluft WRG warm	17.0
2021-03-11 11:05:28.0	Ana1 - 1: T.Au?en	10.6
2021-03-11 11:05:28.0	Ana2 - 2: T.Zuluft	15.0
2021-03-11 11:05:28.0	Ana3 - 3: T.Abluft	17.6
2021-03-11 11:05:28.0	Ana4 - 4: T.Fortluft	13.6
2021-03-11 11:05:28.0	Ana5 - 5: T.Raum	9999.9
2021-03-11 11:05:28.0	Ana9 - 9: T.Zuluft WRG warm	17.0
2021-03-11 11:05:38.0	Ana1 - 1: T.Au?en	10.7
2021-03-11 11:05:38.0	Ana2 - 2: T.Zuluft	15.0
2021-03-11 11:05:38.0	Ana3 - 3: T.Abluft	17.6
2021-03-11 11:05:38.0	Ana4 - 4: T.Fortluft	13.6
2021-03-11 11:05:38.0	Ana5 - 5: T.Raum	9999.9
2021-03-11 11:05:38.0	Ana9 - 9: T.Zuluft WRG warm	17.0
2021-03-11 11:05:48.0	Ana1 - 1: T.Au?en	10.6
2021-03-11 11:05:48.0	Ana2 - 2: T.Zuluft	15.0
2021-03-11 11:05:48.0	Ana3 - 3: T.Abluft	17.6
2021-03-11 11:05:48.0	Ana4 - 4: T.Fortluft	13.6
2021-03-11 11:05:48.0	Ana5 - 5: T.Raum	9999.9
2021-03-11 11:05:48.0	Ana9 - 9: T.Zuluft WRG warm	17.0
2021-03-11 11:05:58.0	Ana1 - 1: T.Au?en	10.7
2021-03-11 11:05:58.0	Ana2 - 2: T.Zuluft	15.0
2021-03-11 11:05:58.0	Ana3 - 3: T.Abluft	17.6
2021-03-11 11:05:58.0	Ana4 - 4: T.Fortluft	13.6
2021-03-11 11:05:58.0	Ana5 - 5: T.Raum	9999.9
2021-03-11 11:05:58.0	Ana9 - 9: T.Zuluft WRG warm	17.0
2021-03-11 11:06:08.0	Ana1 - 1: T.Au?en	10.8
2021-03-11 11:06:08.0	Ana2 - 2: T.Zuluft	15.0
2021-03-11 11:06:08.0	Ana3 - 3: T.Abluft	17.6
2021-03-11 11:06:08.0	Ana4 - 4: T.Fortluft	13.6
2021-03-11 11:06:08.0	Ana5 - 5: T.Raum	9999.9
2021-03-11 11:06:08.0	Ana9 - 9: T.Zuluft WRG warm	17.0
2021-03-11 11:06:18.0	Ana1 - 1: T.Au?en	10.8
2021-03-11 11:06:18.0	Ana2 - 2: T.Zuluft	15.0
2021-03-11 11:06:18.0	Ana3 - 3: T.Abluft	17.6
2021-03-11 11:06:18.0	Ana4 - 4: T.Fortluft	13.6
2021-03-11 11:06:18.0	Ana5 - 5: T.Raum	9999.9
2021-03-11 11:06:18.0	Ana9 - 9: T.Zuluft WRG warm	17.0
2021-03-11 11:06:28.0	Ana1 - 1: T.Au?en	10.7
2021-03-11 11:06:28.0	Ana2 - 2: T.Zuluft	15.0
2021-03-11 11:06:28.0	Ana3 - 3: T.Abluft	17.6
2021-03-11 11:06:28.0	Ana4 - 4: T.Fortluft	13.6
2021-03-11 11:06:28.0	Ana5 - 5: T.Raum	9999.9
2021-03-11 11:06:28.0	Ana9 - 9: T.Zuluft WRG warm	17.0
2021-03-11 11:06:38.0	Ana1 - 1: T.Au?en	10.8
2021-03-11 11:06:38.0	Ana2 - 2: T.Zuluft	15.0
2021-03-11 11:06:38.0	Ana3 - 3: T.Abluft	17.6
2021-03-11 11:06:38.0	Ana4 - 4: T.Fortluft	13.6
2021-03-11 11:06:38.0	Ana5 - 5: T.Raum	9999.9
2021-03-11 11:06:38.0	Ana9 - 9: T.Zuluft WRG warm	17.0
2021-03-11 11:06:48.0	Ana1 - 1: T.Au?en	10.8
2021-03-11 11:06:48.0	Ana2 - 2: T.Zuluft	15.0
2021-03-11 11:06:48.0	Ana3 - 3: T.Abluft	17.6
2021-03-11 11:06:48.0	Ana4 - 4: T.Fortluft	13.6
2021-03-11 11:06:48.0	Ana5 - 5: T.Raum	9999.9
2021-03-11 11:06:48.0	Ana9 - 9: T.Zuluft WRG warm	17.0
2021-03-11 11:06:58.0	Ana1 - 1: T.Au?en	10.9
2021-03-11 11:06:58.0	Ana2 - 2: T.Zuluft	15.0
2021-03-11 11:06:58.0	Ana3 - 3: T.Abluft	17.6
2021-03-11 11:06:58.0	Ana4 - 4: T.Fortluft	13.6
2021-03-11 11:06:58.0	Ana5 - 5: T.Raum	9999.9
2021-03-11 11:06:58.0	Ana9 - 9: T.Zuluft WRG warm	17.0
2021-03-11 11:07:08.0	Ana1 - 1: T.Au?en	10.9
2021-03-11 11:07:08.0	Ana2 - 2: T.Zuluft	15.0
2021-03-11 11:07:08.0	Ana3 - 3: T.Abluft	17.6
2021-03-11 11:07:08.0	Ana4 - 4: T.Fortluft	13.6
2021-03-11 11:07:08.0	Ana5 - 5: T.Raum	9999.9
2021-03-11 11:07:08.0	Ana9 - 9: T.Zuluft WRG warm	17.0
2021-03-11 11:07:18.0	Ana1 - 1: T.Au?en	10.8
2021-03-11 11:07:18.0	Ana2 - 2: T.Zuluft	15.0
2021-03-11 11:07:18.0	Ana3 - 3: T.Abluft	17.6
2021-03-11 11:07:18.0	Ana4 - 4: T.Fortluft	13.6
2021-03-11 11:07:18.0	Ana5 - 5: T.Raum	9999.9
2021-03-11 11:07:18.0	Ana9 - 9: T.Zuluft WRG warm	17.0
2021-03-11 11:07:28.0	Ana1 - 1: T.Au?en	10.8
2021-03-11 11:07:28.0	Ana2 - 2: T.Zuluft	15.0
2021-03-11 11:07:28.0	Ana3 - 3: T.Abluft	17.6
2021-03-11 11:07:28.0	Ana4 - 4: T.Fortluft	13.6
2021-03-11 11:07:28.0	Ana5 - 5: T.Raum	9999.9
2021-03-11 11:07:28.0	Ana9 - 9: T.Zuluft WRG warm	17.0
2021-03-11 11:07:38.0	Ana1 - 1: T.Au?en	10.8
2021-03-11 11:07:38.0	Ana2 - 2: T.Zuluft	15.0
2021-03-11 11:07:38.0	Ana3 - 3: T.Abluft	17.6
2021-03-11 11:07:38.0	Ana4 - 4: T.Fortluft	13.6
2021-03-11 11:07:38.0	Ana5 - 5: T.Raum	9999.9
2021-03-11 11:07:38.0	Ana9 - 9: T.Zuluft WRG warm	17.0
2021-03-11 11:07:48.0	Ana1 - 1: T.Au?en	11.0
2021-03-11 11:07:48.0	Ana2 - 2: T.Zuluft	15.0
2021-03-11 11:07:48.0	Ana3 - 3: T.Abluft	17.6
2021-03-11 11:07:48.0	Ana4 - 4: T.Fortluft	13.6
2021-03-11 11:07:48.0	Ana5 - 5: T.Raum	9999.9
2021-03-11 11:07:48.0	Ana9 - 9: T.Zuluft WRG warm	17.0
2021-03-11 11:07:58.0	Ana1 - 1: T.Au?en	11.2
2021-03-11 11:07:58.0	Ana2 - 2: T.Zuluft	15.0
2021-03-11 11:07:58.0	Ana3 - 3: T.Abluft	17.6
2021-03-11 11:07:58.0	Ana4 - 4: T.Fortluft	13.6
2021-03-11 11:07:58.0	Ana5 - 5: T.Raum	9999.9
2021-03-11 11:07:58.0	Ana9 - 9: T.Zuluft WRG warm	17.0
2021-03-11 11:08:08.0	Ana1 - 1: T.Au?en	11.3
2021-03-11 11:08:08.0	Ana2 - 2: T.Zuluft	15.0
2021-03-11 11:08:08.0	Ana3 - 3: T.Abluft	17.6
2021-03-11 11:08:08.0	Ana4 - 4: T.Fortluft	13.6
2021-03-11 11:08:08.0	Ana5 - 5: T.Raum	9999.9
2021-03-11 11:08:08.0	Ana9 - 9: T.Zuluft WRG warm	17.0
2021-03-11 11:08:18.0	Ana1 - 1: T.Au?en	11.4
2021-03-11 11:08:18.0	Ana2 - 2: T.Zuluft	15.0
2021-03-11 11:08:18.0	Ana3 - 3: T.Abluft	17.6
2021-03-11 11:08:18.0	Ana4 - 4: T.Fortluft	13.6
2021-03-11 11:08:18.0	Ana5 - 5: T.Raum	9999.9
2021-03-11 11:08:18.0	Ana9 - 9: T.Zuluft WRG warm	17.0
2021-03-11 11:08:28.0	Ana1 - 1: T.Au?en	11.3
2021-03-11 11:08:28.0	Ana2 - 2: T.Zuluft	15.1
2021-03-11 11:08:28.0	Ana3 - 3: T.Abluft	17.6
2021-03-11 11:08:28.0	Ana4 - 4: T.Fortluft	13.6
2021-03-11 11:08:28.0	Ana5 - 5: T.Raum	9999.9
2021-03-11 11:08:28.0	Ana9 - 9: T.Zuluft WRG warm	17.0
2021-03-11 11:08:38.0	Ana1 - 1: T.Au?en	11.3
2021-03-11 11:08:38.0	Ana2 - 2: T.Zuluft	15.1
2021-03-11 11:08:38.0	Ana3 - 3: T.Abluft	17.6
2021-03-11 11:08:38.0	Ana4 - 4: T.Fortluft	13.6
2021-03-11 11:08:38.0	Ana5 - 5: T.Raum	9999.9
2021-03-11 11:08:38.0	Ana9 - 9: T.Zuluft WRG warm	17.0
2021-03-11 11:08:48.0	Ana1 - 1: T.Au?en	11.4
2021-03-11 11:08:48.0	Ana2 - 2: T.Zuluft	15.1
2021-03-11 11:08:48.0	Ana3 - 3: T.Abluft	17.6
2021-03-11 11:08:48.0	Ana4 - 4: T.Fortluft	13.6
2021-03-11 11:08:48.0	Ana5 - 5: T.Raum	9999.9
2021-03-11 11:08:48.0	Ana9 - 9: T.Zuluft WRG warm	17.0
2021-03-11 11:08:58.0	Ana1 - 1: T.Au?en	11.3
2021-03-11 11:08:58.0	Ana2 - 2: T.Zuluft	15.1
2021-03-11 11:08:58.0	Ana3 - 3: T.Abluft	17.6
2021-03-11 11:08:58.0	Ana4 - 4: T.Fortluft	13.6
2021-03-11 11:08:58.0	Ana5 - 5: T.Raum	9999.9
2021-03-11 11:08:58.0	Ana9 - 9: T.Zuluft WRG warm	17.0
2021-03-11 11:09:08.0	Ana1 - 1: T.Au?en	11.2
2021-03-11 11:09:08.0	Ana2 - 2: T.Zuluft	15.1
2021-03-11 11:09:08.0	Ana3 - 3: T.Abluft	17.6
2021-03-11 11:09:08.0	Ana4 - 4: T.Fortluft	13.7
2021-03-11 11:09:08.0	Ana5 - 5: T.Raum	9999.9
2021-03-11 11:09:08.0	Ana9 - 9: T.Zuluft WRG warm	17.0
2021-03-11 11:09:18.0	Ana1 - 1: T.Au?en	11.1
2021-03-11 11:09:18.0	Ana2 - 2: T.Zuluft	15.1
2021-03-11 11:09:18.0	Ana3 - 3: T.Abluft	17.6
2021-03-11 11:09:18.0	Ana4 - 4: T.Fortluft	13.7
2021-03-11 11:09:18.0	Ana5 - 5: T.Raum	9999.9
2021-03-11 11:09:18.0	Ana9 - 9: T.Zuluft WRG warm	17.0
2021-03-11 11:09:28.0	Ana1 - 1: T.Au?en	11.1
2021-03-11 11:09:28.0	Ana2 - 2: T.Zuluft	15.1
2021-03-11 11:09:28.0	Ana3 - 3: T.Abluft	17.6
2021-03-11 11:09:28.0	Ana4 - 4: T.Fortluft	13.7
2021-03-11 11:09:28.0	Ana5 - 5: T.Raum	9999.9
2021-03-11 11:09:28.0	Ana9 - 9: T.Zuluft WRG warm	17.0
2021-03-11 11:09:38.0	Ana1 - 1: T.Au?en	11.0
2021-03-11 11:09:38.0	Ana2 - 2: T.Zuluft	15.1
2021-03-11 11:09:38.0	Ana3 - 3: T.Abluft	17.7
2021-03-11 11:09:38.0	Ana4 - 4: T.Fortluft	13.7
2021-03-11 11:09:38.0	Ana5 - 5: T.Raum	9999.9
2021-03-11 11:09:38.0	Ana9 - 9: T.Zuluft WRG warm	17.0
2021-03-11 11:09:48.0	Ana1 - 1: T.Au?en	10.9
2021-03-11 11:09:48.0	Ana2 - 2: T.Zuluft	15.1
2021-03-11 11:09:48.0	Ana3 - 3: T.Abluft	17.7
2021-03-11 11:09:48.0	Ana4 - 4: T.Fortluft	13.7
2021-03-11 11:09:48.0	Ana5 - 5: T.Raum	9999.9
2021-03-11 11:09:48.0	Ana9 - 9: T.Zuluft WRG warm	17.0
2021-03-11 11:09:58.0	Ana1 - 1: T.Au?en	10.9
2021-03-11 11:09:58.0	Ana2 - 2: T.Zuluft	15.1
2021-03-11 11:09:58.0	Ana3 - 3: T.Abluft	17.7
2021-03-11 11:09:58.0	Ana4 - 4: T.Fortluft	13.7
2021-03-11 11:09:58.0	Ana5 - 5: T.Raum	9999.9
2021-03-11 11:09:58.0	Ana9 - 9: T.Zuluft WRG warm	17.0
2021-03-11 11:10:08.0	Ana1 - 1: T.Au?en	10.8
2021-03-11 11:10:08.0	Ana2 - 2: T.Zuluft	15.1
2021-03-11 11:10:08.0	Ana3 - 3: T.Abluft	17.7
2021-03-11 11:10:08.0	Ana4 - 4: T.Fortluft	13.7
2021-03-11 11:10:08.0	Ana5 - 5: T.Raum	9999.9
2021-03-11 11:10:08.0	Ana9 - 9: T.Zuluft WRG warm	17.0
2021-03-11 11:10:18.0	Ana1 - 1: T.Au?en	10.6
2021-03-11 11:10:18.0	Ana2 - 2: T.Zuluft	15.1
2021-03-11 11:10:18.0	Ana3 - 3: T.Abluft	17.7
2021-03-11 11:10:18.0	Ana4 - 4: T.Fortluft	13.7
2021-03-11 11:10:18.0	Ana5 - 5: T.Raum	9999.9
2021-03-11 11:10:18.0	Ana9 - 9: T.Zuluft WRG warm	17.0
2021-03-11 11:10:28.0	Ana1 - 1: T.Au?en	10.7
2021-03-11 11:10:28.0	Ana2 - 2: T.Zuluft	15.1
2021-03-11 11:10:28.0	Ana3 - 3: T.Abluft	17.7
2021-03-11 11:10:28.0	Ana4 - 4: T.Fortluft	13.7
2021-03-11 11:10:28.0	Ana5 - 5: T.Raum	9999.9
2021-03-11 11:10:28.0	Ana9 - 9: T.Zuluft WRG warm	17.0
2021-03-11 11:10:38.0	Ana1 - 1: T.Au?en	10.6
2021-03-11 11:10:38.0	Ana2 - 2: T.Zuluft	15.1
2021-03-11 11:10:38.0	Ana3 - 3: T.Abluft	17.7
2021-03-11 11:10:38.0	Ana4 - 4: T.Fortluft	13.7
2021-03-11 11:10:38.0	Ana5 - 5: T.Raum	9999.9
2021-03-11 11:10:38.0	Ana9 - 9: T.Zuluft WRG warm	17.0
2021-03-11 11:10:48.0	Ana1 - 1: T.Au?en	10.6
2021-03-11 11:10:48.0	Ana2 - 2: T.Zuluft	15.1
2021-03-11 11:10:48.0	Ana3 - 3: T.Abluft	17.7
2021-03-11 11:10:48.0	Ana4 - 4: T.Fortluft	13.7
2021-03-11 11:10:48.0	Ana5 - 5: T.Raum	9999.9
2021-03-11 11:10:48.0	Ana9 - 9: T.Zuluft WRG warm	17.0
2021-03-11 11:10:58.0	Ana1 - 1: T.Au?en	10.6
2021-03-11 11:10:58.0	Ana2 - 2: T.Zuluft	15.1
2021-03-11 11:10:58.0	Ana3 - 3: T.Abluft	17.7
2021-03-11 11:10:58.0	Ana4 - 4: T.Fortluft	13.7
2021-03-11 11:10:58.0	Ana5 - 5: T.Raum	9999.9
2021-03-11 11:10:58.0	Ana9 - 9: T.Zuluft WRG warm	17.0
2021-03-11 11:11:08.0	Ana1 - 1: T.Au?en	10.5
2021-03-11 11:11:08.0	Ana2 - 2: T.Zuluft	15.1
2021-03-11 11:11:08.0	Ana3 - 3: T.Abluft	17.7
2021-03-11 11:11:08.0	Ana4 - 4: T.Fortluft	13.7
2021-03-11 11:11:08.0	Ana5 - 5: T.Raum	9999.9
2021-03-11 11:11:08.0	Ana9 - 9: T.Zuluft WRG warm	17.0
2021-03-11 11:11:18.0	Ana1 - 1: T.Au?en	10.5
2021-03-11 11:11:18.0	Ana2 - 2: T.Zuluft	15.1
2021-03-11 11:11:18.0	Ana3 - 3: T.Abluft	17.7
2021-03-11 11:11:18.0	Ana4 - 4: T.Fortluft	13.7
2021-03-11 11:11:18.0	Ana5 - 5: T.Raum	9999.9
2021-03-11 11:11:18.0	Ana9 - 9: T.Zuluft WRG warm	17.0
2021-03-11 11:11:28.0	Ana1 - 1: T.Au?en	10.5
2021-03-11 11:11:28.0	Ana2 - 2: T.Zuluft	15.1
2021-03-11 11:11:28.0	Ana3 - 3: T.Abluft	17.7
2021-03-11 11:11:28.0	Ana4 - 4: T.Fortluft	13.7
2021-03-11 11:11:28.0	Ana5 - 5: T.Raum	9999.9
2021-03-11 11:11:28.0	Ana9 - 9: T.Zuluft WRG warm	17.0
2021-03-11 11:11:38.0	Ana1 - 1: T.Au?en	10.5
2021-03-11 11:11:38.0	Ana2 - 2: T.Zuluft	15.1
2021-03-11 11:11:38.0	Ana3 - 3: T.Abluft	17.7
2021-03-11 11:11:38.0	Ana4 - 4: T.Fortluft	13.7
2021-03-11 11:11:38.0	Ana5 - 5: T.Raum	9999.9
2021-03-11 11:11:38.0	Ana9 - 9: T.Zuluft WRG warm	17.0
2021-03-11 11:11:48.0	Ana1 - 1: T.Au?en	10.4
2021-03-11 11:11:48.0	Ana2 - 2: T.Zuluft	15.1
2021-03-11 11:11:48.0	Ana3 - 3: T.Abluft	17.7
2021-03-11 11:11:48.0	Ana4 - 4: T.Fortluft	13.7
2021-03-11 11:11:48.0	Ana5 - 5: T.Raum	9999.9
2021-03-11 11:11:48.0	Ana9 - 9: T.Zuluft WRG warm	17.0
2021-03-11 11:11:58.0	Ana1 - 1: T.Au?en	10.4
2021-03-11 11:11:58.0	Ana2 - 2: T.Zuluft	15.1
2021-03-11 11:11:58.0	Ana3 - 3: T.Abluft	17.7
2021-03-11 11:11:58.0	Ana4 - 4: T.Fortluft	13.7
2021-03-11 11:11:58.0	Ana5 - 5: T.Raum	9999.9
2021-03-11 11:11:58.0	Ana9 - 9: T.Zuluft WRG warm	17.0
2021-03-11 11:12:08.0	Ana1 - 1: T.Au?en	10.4
2021-03-11 11:12:08.0	Ana2 - 2: T.Zuluft	15.1
2021-03-11 11:12:08.0	Ana3 - 3: T.Abluft	17.7
2021-03-11 11:12:08.0	Ana4 - 4: T.Fortluft	13.7
2021-03-11 11:12:08.0	Ana5 - 5: T.Raum	9999.9
2021-03-11 11:12:08.0	Ana9 - 9: T.Zuluft WRG warm	17.0
2021-03-11 11:12:18.0	Ana1 - 1: T.Au?en	10.4
2021-03-11 11:12:18.0	Ana2 - 2: T.Zuluft	15.1
2021-03-11 11:12:18.0	Ana3 - 3: T.Abluft	17.7
2021-03-11 11:12:18.0	Ana4 - 4: T.Fortluft	13.7
2021-03-11 11:12:18.0	Ana5 - 5: T.Raum	9999.9
2021-03-11 11:12:18.0	Ana9 - 9: T.Zuluft WRG warm	17.0
2021-03-11 11:12:28.0	Ana1 - 1: T.Au?en	10.2
2021-03-11 11:12:28.0	Ana2 - 2: T.Zuluft	15.1
2021-03-11 11:12:28.0	Ana3 - 3: T.Abluft	17.7
2021-03-11 11:12:28.0	Ana4 - 4: T.Fortluft	13.7
2021-03-11 11:12:28.0	Ana5 - 5: T.Raum	9999.9
2021-03-11 11:12:28.0	Ana9 - 9: T.Zuluft WRG warm	17.0
2021-03-11 11:12:38.0	Ana1 - 1: T.Au?en	10.2
2021-03-11 11:12:38.0	Ana2 - 2: T.Zuluft	15.1
2021-03-11 11:12:38.0	Ana3 - 3: T.Abluft	17.7
2021-03-11 11:12:38.0	Ana4 - 4: T.Fortluft	13.7
2021-03-11 11:12:38.0	Ana5 - 5: T.Raum	9999.9
2021-03-11 11:12:38.0	Ana9 - 9: T.Zuluft WRG warm	17.0
2021-03-11 11:12:48.0	Ana1 - 1: T.Au?en	10.2
2021-03-11 11:12:48.0	Ana2 - 2: T.Zuluft	15.1
2021-03-11 11:12:48.0	Ana3 - 3: T.Abluft	17.7
2021-03-11 11:12:48.0	Ana4 - 4: T.Fortluft	13.7
2021-03-11 11:12:48.0	Ana5 - 5: T.Raum	9999.9
2021-03-11 11:12:48.0	Ana9 - 9: T.Zuluft WRG warm	17.0
2021-03-11 11:12:58.0	Ana1 - 1: T.Au?en	10.3
2021-03-11 11:12:58.0	Ana2 - 2: T.Zuluft	15.1
2021-03-11 11:12:58.0	Ana3 - 3: T.Abluft	17.7
2021-03-11 11:12:58.0	Ana4 - 4: T.Fortluft	13.8
2021-03-11 11:12:58.0	Ana5 - 5: T.Raum	9999.9
2021-03-11 11:12:58.0	Ana9 - 9: T.Zuluft WRG warm	17.1
2021-03-11 11:13:08.0	Ana1 - 1: T.Au?en	10.2
2021-03-11 11:13:08.0	Ana2 - 2: T.Zuluft	15.1
2021-03-11 11:13:08.0	Ana3 - 3: T.Abluft	17.7
2021-03-11 11:13:08.0	Ana4 - 4: T.Fortluft	13.8
2021-03-11 11:13:08.0	Ana5 - 5: T.Raum	9999.9
2021-03-11 11:13:08.0	Ana9 - 9: T.Zuluft WRG warm	17.1
2021-03-11 11:13:18.0	Ana1 - 1: T.Au?en	10.4
2021-03-11 11:13:18.0	Ana2 - 2: T.Zuluft	15.1
2021-03-11 11:13:18.0	Ana3 - 3: T.Abluft	17.7
2021-03-11 11:13:18.0	Ana4 - 4: T.Fortluft	13.8
2021-03-11 11:13:18.0	Ana5 - 5: T.Raum	9999.9
2021-03-11 11:13:18.0	Ana9 - 9: T.Zuluft WRG warm	17.1
2021-03-11 11:13:28.0	Ana1 - 1: T.Au?en	10.5
2021-03-11 11:13:28.0	Ana2 - 2: T.Zuluft	15.1
2021-03-11 11:13:28.0	Ana3 - 3: T.Abluft	17.7
2021-03-11 11:13:28.0	Ana4 - 4: T.Fortluft	13.8
2021-03-11 11:13:28.0	Ana5 - 5: T.Raum	9999.9
2021-03-11 11:13:28.0	Ana9 - 9: T.Zuluft WRG warm	17.1
2021-03-11 11:13:38.0	Ana1 - 1: T.Au?en	10.4
2021-03-11 11:13:38.0	Ana2 - 2: T.Zuluft	15.2
2021-03-11 11:13:38.0	Ana3 - 3: T.Abluft	17.7
2021-03-11 11:13:38.0	Ana4 - 4: T.Fortluft	13.8
2021-03-11 11:13:38.0	Ana5 - 5: T.Raum	9999.9
2021-03-11 11:13:38.0	Ana9 - 9: T.Zuluft WRG warm	17.1
2021-03-11 11:13:48.0	Ana1 - 1: T.Au?en	10.4
2021-03-11 11:13:48.0	Ana2 - 2: T.Zuluft	15.2
2021-03-11 11:13:48.0	Ana3 - 3: T.Abluft	17.7
2021-03-11 11:13:48.0	Ana4 - 4: T.Fortluft	13.8
2021-03-11 11:13:48.0	Ana5 - 5: T.Raum	9999.9
2021-03-11 11:13:48.0	Ana9 - 9: T.Zuluft WRG warm	17.1
2021-03-11 11:13:58.0	Ana1 - 1: T.Au?en	10.3
2021-03-11 11:13:58.0	Ana2 - 2: T.Zuluft	15.2
2021-03-11 11:13:58.0	Ana3 - 3: T.Abluft	17.7
2021-03-11 11:13:58.0	Ana4 - 4: T.Fortluft	13.8
2021-03-11 11:13:58.0	Ana5 - 5: T.Raum	9999.9
2021-03-11 11:13:58.0	Ana9 - 9: T.Zuluft WRG warm	17.1
2021-03-11 11:14:08.0	Ana1 - 1: T.Au?en	10.3
2021-03-11 11:14:08.0	Ana2 - 2: T.Zuluft	15.2
2021-03-11 11:14:08.0	Ana3 - 3: T.Abluft	17.8
2021-03-11 11:14:08.0	Ana4 - 4: T.Fortluft	13.8
2021-03-11 11:14:08.0	Ana5 - 5: T.Raum	9999.9
2021-03-11 11:14:08.0	Ana9 - 9: T.Zuluft WRG warm	17.1
2021-03-11 11:14:18.0	Ana1 - 1: T.Au?en	10.3
2021-03-11 11:14:18.0	Ana2 - 2: T.Zuluft	15.2
2021-03-11 11:14:18.0	Ana3 - 3: T.Abluft	17.8
2021-03-11 11:14:18.0	Ana4 - 4: T.Fortluft	13.8
2021-03-11 11:14:18.0	Ana5 - 5: T.Raum	9999.9
2021-03-11 11:14:18.0	Ana9 - 9: T.Zuluft WRG warm	17.1
2021-03-11 11:14:28.0	Ana1 - 1: T.Au?en	10.3
2021-03-11 11:14:28.0	Ana2 - 2: T.Zuluft	15.2
2021-03-11 11:14:28.0	Ana3 - 3: T.Abluft	17.8
2021-03-11 11:14:28.0	Ana4 - 4: T.Fortluft	13.8
2021-03-11 11:14:28.0	Ana5 - 5: T.Raum	9999.9
2021-03-11 11:14:28.0	Ana9 - 9: T.Zuluft WRG warm	17.1
2021-03-11 11:14:38.0	Ana1 - 1: T.Au?en	10.3
2021-03-11 11:14:38.0	Ana2 - 2: T.Zuluft	15.2
2021-03-11 11:14:38.0	Ana3 - 3: T.Abluft	17.8
2021-03-11 11:14:38.0	Ana4 - 4: T.Fortluft	13.8
2021-03-11 11:14:38.0	Ana5 - 5: T.Raum	9999.9
2021-03-11 11:14:38.0	Ana9 - 9: T.Zuluft WRG warm	17.1
2021-03-11 11:14:48.0	Ana1 - 1: T.Au?en	10.2
2021-03-11 11:14:48.0	Ana2 - 2: T.Zuluft	15.2
2021-03-11 11:14:48.0	Ana3 - 3: T.Abluft	17.8
2021-03-11 11:14:48.0	Ana4 - 4: T.Fortluft	13.8
2021-03-11 11:14:48.0	Ana5 - 5: T.Raum	9999.9
2021-03-11 11:14:48.0	Ana9 - 9: T.Zuluft WRG warm	17.1
2021-03-11 11:14:58.0	Ana1 - 1: T.Au?en	10.1
2021-03-11 11:14:58.0	Ana2 - 2: T.Zuluft	15.2
2021-03-11 11:14:58.0	Ana3 - 3: T.Abluft	17.8
2021-03-11 11:14:58.0	Ana4 - 4: T.Fortluft	13.8
2021-03-11 11:14:58.0	Ana5 - 5: T.Raum	9999.9
2021-03-11 11:14:58.0	Ana9 - 9: T.Zuluft WRG warm	17.2
2021-03-11 11:15:08.0	Ana1 - 1: T.Au?en	10.1
2021-03-11 11:15:08.0	Ana2 - 2: T.Zuluft	15.2
2021-03-11 11:15:08.0	Ana3 - 3: T.Abluft	17.8
2021-03-11 11:15:08.0	Ana4 - 4: T.Fortluft	13.8
2021-03-11 11:15:08.0	Ana5 - 5: T.Raum	9999.9
2021-03-11 11:15:08.0	Ana9 - 9: T.Zuluft WRG warm	17.2
2021-03-11 11:15:18.0	Ana1 - 1: T.Au?en	10.0
2021-03-11 11:15:18.0	Ana2 - 2: T.Zuluft	15.2
2021-03-11 11:15:18.0	Ana3 - 3: T.Abluft	17.8
2021-03-11 11:15:18.0	Ana4 - 4: T.Fortluft	13.8
2021-03-11 11:15:18.0	Ana5 - 5: T.Raum	9999.9
2021-03-11 11:15:18.0	Ana9 - 9: T.Zuluft WRG warm	17.2
2021-03-11 11:15:28.0	Ana1 - 1: T.Au?en	10.0
2021-03-11 11:15:28.0	Ana2 - 2: T.Zuluft	15.2
2021-03-11 11:15:28.0	Ana3 - 3: T.Abluft	17.8
2021-03-11 11:15:28.0	Ana4 - 4: T.Fortluft	13.8
2021-03-11 11:15:28.0	Ana5 - 5: T.Raum	9999.9
2021-03-11 11:15:28.0	Ana9 - 9: T.Zuluft WRG warm	17.2
2021-03-11 11:15:38.0	Ana1 - 1: T.Au?en	10.1
2021-03-11 11:15:38.0	Ana2 - 2: T.Zuluft	15.2
2021-03-11 11:15:38.0	Ana3 - 3: T.Abluft	17.8
2021-03-11 11:15:38.0	Ana4 - 4: T.Fortluft	13.8
2021-03-11 11:15:38.0	Ana5 - 5: T.Raum	9999.9
2021-03-11 11:15:38.0	Ana9 - 9: T.Zuluft WRG warm	17.2
2021-03-11 11:15:48.0	Ana1 - 1: T.Au?en	10.1
2021-03-11 11:15:48.0	Ana2 - 2: T.Zuluft	15.2
2021-03-11 11:15:48.0	Ana3 - 3: T.Abluft	17.8
2021-03-11 11:15:48.0	Ana4 - 4: T.Fortluft	13.9
2021-03-11 11:15:48.0	Ana5 - 5: T.Raum	9999.9
2021-03-11 11:15:48.0	Ana9 - 9: T.Zuluft WRG warm	17.2
2021-03-11 11:15:58.0	Ana1 - 1: T.Au?en	10.1
2021-03-11 11:15:58.0	Ana2 - 2: T.Zuluft	15.2
2021-03-11 11:15:58.0	Ana3 - 3: T.Abluft	17.8
2021-03-11 11:15:58.0	Ana4 - 4: T.Fortluft	13.9
2021-03-11 11:15:58.0	Ana5 - 5: T.Raum	9999.9
2021-03-11 11:15:58.0	Ana9 - 9: T.Zuluft WRG warm	17.2
2021-03-11 11:16:08.0	Ana1 - 1: T.Au?en	10.0
2021-03-11 11:16:08.0	Ana2 - 2: T.Zuluft	15.2
2021-03-11 11:16:08.0	Ana3 - 3: T.Abluft	17.8
2021-03-11 11:16:08.0	Ana4 - 4: T.Fortluft	13.9
2021-03-11 11:16:08.0	Ana5 - 5: T.Raum	9999.9
2021-03-11 11:16:08.0	Ana9 - 9: T.Zuluft WRG warm	17.2
2021-03-11 11:16:18.0	Ana1 - 1: T.Au?en	10.1
2021-03-11 11:16:18.0	Ana2 - 2: T.Zuluft	15.2
2021-03-11 11:16:18.0	Ana3 - 3: T.Abluft	17.8
2021-03-11 11:16:18.0	Ana4 - 4: T.Fortluft	13.9
2021-03-11 11:16:18.0	Ana5 - 5: T.Raum	9999.9
2021-03-11 11:16:18.0	Ana9 - 9: T.Zuluft WRG warm	17.2
2021-03-11 11:16:28.0	Ana1 - 1: T.Au?en	10.3
2021-03-11 11:16:28.0	Ana2 - 2: T.Zuluft	15.2
2021-03-11 11:16:28.0	Ana3 - 3: T.Abluft	17.8
2021-03-11 11:16:28.0	Ana4 - 4: T.Fortluft	13.9
2021-03-11 11:16:28.0	Ana5 - 5: T.Raum	9999.9
2021-03-11 11:16:28.0	Ana9 - 9: T.Zuluft WRG warm	17.2
2021-03-11 11:16:38.0	Ana1 - 1: T.Au?en	10.5
2021-03-11 11:16:38.0	Ana2 - 2: T.Zuluft	15.2
2021-03-11 11:16:38.0	Ana3 - 3: T.Abluft	17.8
2021-03-11 11:16:38.0	Ana4 - 4: T.Fortluft	13.9
2021-03-11 11:16:38.0	Ana5 - 5: T.Raum	9999.9
2021-03-11 11:16:38.0	Ana9 - 9: T.Zuluft WRG warm	17.2
2021-03-11 11:16:48.0	Ana1 - 1: T.Au?en	10.5
2021-03-11 11:16:48.0	Ana2 - 2: T.Zuluft	15.2
2021-03-11 11:16:48.0	Ana3 - 3: T.Abluft	17.9
2021-03-11 11:16:48.0	Ana4 - 4: T.Fortluft	13.9
2021-03-11 11:16:48.0	Ana5 - 5: T.Raum	9999.9
2021-03-11 11:16:48.0	Ana9 - 9: T.Zuluft WRG warm	17.3
2021-03-11 11:16:58.0	Ana1 - 1: T.Au?en	10.5
2021-03-11 11:16:58.0	Ana2 - 2: T.Zuluft	15.2
2021-03-11 11:16:58.0	Ana3 - 3: T.Abluft	17.9
2021-03-11 11:16:58.0	Ana4 - 4: T.Fortluft	13.9
2021-03-11 11:16:58.0	Ana5 - 5: T.Raum	9999.9
2021-03-11 11:16:58.0	Ana9 - 9: T.Zuluft WRG warm	17.3
2021-03-11 11:17:08.0	Ana1 - 1: T.Au?en	10.6
2021-03-11 11:17:08.0	Ana2 - 2: T.Zuluft	15.3
2021-03-11 11:17:08.0	Ana3 - 3: T.Abluft	17.9
2021-03-11 11:17:08.0	Ana4 - 4: T.Fortluft	13.9
2021-03-11 11:17:08.0	Ana5 - 5: T.Raum	9999.9
2021-03-11 11:17:08.0	Ana9 - 9: T.Zuluft WRG warm	17.3
2021-03-11 11:17:18.0	Ana1 - 1: T.Au?en	10.6
2021-03-11 11:17:18.0	Ana2 - 2: T.Zuluft	15.3
2021-03-11 11:17:18.0	Ana3 - 3: T.Abluft	17.9
2021-03-11 11:17:18.0	Ana4 - 4: T.Fortluft	13.9
2021-03-11 11:17:18.0	Ana5 - 5: T.Raum	9999.9
2021-03-11 11:17:18.0	Ana9 - 9: T.Zuluft WRG warm	17.3
2021-03-11 11:17:28.0	Ana1 - 1: T.Au?en	10.6
2021-03-11 11:17:28.0	Ana2 - 2: T.Zuluft	15.3
2021-03-11 11:17:28.0	Ana3 - 3: T.Abluft	17.9
2021-03-11 11:17:28.0	Ana4 - 4: T.Fortluft	13.9
2021-03-11 11:17:28.0	Ana5 - 5: T.Raum	9999.9
2021-03-11 11:17:28.0	Ana9 - 9: T.Zuluft WRG warm	17.3
2021-03-11 11:17:38.0	Ana1 - 1: T.Au?en	10.6
2021-03-11 11:17:38.0	Ana2 - 2: T.Zuluft	15.3
2021-03-11 11:17:38.0	Ana3 - 3: T.Abluft	17.9
2021-03-11 11:17:38.0	Ana4 - 4: T.Fortluft	13.9
2021-03-11 11:17:38.0	Ana5 - 5: T.Raum	9999.9
2021-03-11 11:17:38.0	Ana9 - 9: T.Zuluft WRG warm	17.3
2021-03-11 11:17:48.0	Ana1 - 1: T.Au?en	10.6
2021-03-11 11:17:48.0	Ana2 - 2: T.Zuluft	15.3
2021-03-11 11:17:48.0	Ana3 - 3: T.Abluft	17.9
2021-03-11 11:17:48.0	Ana4 - 4: T.Fortluft	13.9
2021-03-11 11:17:48.0	Ana5 - 5: T.Raum	9999.9
2021-03-11 11:17:48.0	Ana9 - 9: T.Zuluft WRG warm	17.3
2021-03-11 11:17:58.0	Ana1 - 1: T.Au?en	10.6
2021-03-11 11:17:58.0	Ana2 - 2: T.Zuluft	15.3
2021-03-11 11:17:58.0	Ana3 - 3: T.Abluft	17.9
2021-03-11 11:17:58.0	Ana4 - 4: T.Fortluft	13.9
2021-03-11 11:17:58.0	Ana5 - 5: T.Raum	9999.9
2021-03-11 11:17:58.0	Ana9 - 9: T.Zuluft WRG warm	17.3
2021-03-11 11:18:08.0	Ana1 - 1: T.Au?en	10.8
2021-03-11 11:18:08.0	Ana2 - 2: T.Zuluft	15.3
2021-03-11 11:18:08.0	Ana3 - 3: T.Abluft	17.9
2021-03-11 11:18:08.0	Ana4 - 4: T.Fortluft	13.9
2021-03-11 11:18:08.0	Ana5 - 5: T.Raum	9999.9
2021-03-11 11:18:08.0	Ana9 - 9: T.Zuluft WRG warm	17.3
2021-03-11 11:18:18.0	Ana1 - 1: T.Au?en	10.9
2021-03-11 11:18:18.0	Ana2 - 2: T.Zuluft	15.3
2021-03-11 11:18:18.0	Ana3 - 3: T.Abluft	17.9
2021-03-11 11:18:18.0	Ana4 - 4: T.Fortluft	13.9
2021-03-11 11:18:18.0	Ana5 - 5: T.Raum	9999.9
2021-03-11 11:18:18.0	Ana9 - 9: T.Zuluft WRG warm	17.4
2021-03-11 11:18:28.0	Ana1 - 1: T.Au?en	10.9
2021-03-11 11:18:28.0	Ana2 - 2: T.Zuluft	15.3
2021-03-11 11:18:28.0	Ana3 - 3: T.Abluft	17.9
2021-03-11 11:18:28.0	Ana4 - 4: T.Fortluft	13.9
2021-03-11 11:18:28.0	Ana5 - 5: T.Raum	9999.9
2021-03-11 11:18:28.0	Ana9 - 9: T.Zuluft WRG warm	17.4
2021-03-11 11:18:38.0	Ana1 - 1: T.Au?en	11.0
2021-03-11 11:18:38.0	Ana2 - 2: T.Zuluft	15.3
2021-03-11 11:18:38.0	Ana3 - 3: T.Abluft	17.9
2021-03-11 11:18:38.0	Ana4 - 4: T.Fortluft	13.9
2021-03-11 11:18:38.0	Ana5 - 5: T.Raum	9999.9
2021-03-11 11:18:38.0	Ana9 - 9: T.Zuluft WRG warm	17.4
2021-03-11 11:18:48.0	Ana1 - 1: T.Au?en	11.0
2021-03-11 11:18:48.0	Ana2 - 2: T.Zuluft	15.3
2021-03-11 11:18:48.0	Ana3 - 3: T.Abluft	17.9
2021-03-11 11:18:48.0	Ana4 - 4: T.Fortluft	13.9
2021-03-11 11:18:48.0	Ana5 - 5: T.Raum	9999.9
2021-03-11 11:18:48.0	Ana9 - 9: T.Zuluft WRG warm	17.4
2021-03-11 11:18:58.0	Ana1 - 1: T.Au?en	10.8
2021-03-11 11:18:58.0	Ana2 - 2: T.Zuluft	15.3
2021-03-11 11:18:58.0	Ana3 - 3: T.Abluft	17.9
2021-03-11 11:18:58.0	Ana4 - 4: T.Fortluft	13.9
2021-03-11 11:18:58.0	Ana5 - 5: T.Raum	9999.9
2021-03-11 11:18:58.0	Ana9 - 9: T.Zuluft WRG warm	17.4
2021-03-11 11:19:08.0	Ana1 - 1: T.Au?en	10.7
2021-03-11 11:19:08.0	Ana2 - 2: T.Zuluft	15.3
2021-03-11 11:19:08.0	Ana3 - 3: T.Abluft	17.9
2021-03-11 11:19:08.0	Ana4 - 4: T.Fortluft	13.9
2021-03-11 11:19:08.0	Ana5 - 5: T.Raum	9999.9
2021-03-11 11:19:08.0	Ana9 - 9: T.Zuluft WRG warm	17.4
2021-03-11 11:19:18.0	Ana1 - 1: T.Au?en	10.7
2021-03-11 11:19:18.0	Ana2 - 2: T.Zuluft	15.3
2021-03-11 11:19:18.0	Ana3 - 3: T.Abluft	18.0
2021-03-11 11:19:18.0	Ana4 - 4: T.Fortluft	13.9
2021-03-11 11:19:18.0	Ana5 - 5: T.Raum	9999.9
2021-03-11 11:19:18.0	Ana9 - 9: T.Zuluft WRG warm	17.4
2021-03-11 11:19:28.0	Ana1 - 1: T.Au?en	10.6
2021-03-11 11:19:28.0	Ana2 - 2: T.Zuluft	15.3
2021-03-11 11:19:28.0	Ana3 - 3: T.Abluft	18.0
2021-03-11 11:19:28.0	Ana4 - 4: T.Fortluft	13.9
2021-03-11 11:19:28.0	Ana5 - 5: T.Raum	9999.9
2021-03-11 11:19:28.0	Ana9 - 9: T.Zuluft WRG warm	17.4
2021-03-11 11:19:38.0	Ana1 - 1: T.Au?en	10.6
2021-03-11 11:19:38.0	Ana2 - 2: T.Zuluft	15.3
2021-03-11 11:19:38.0	Ana3 - 3: T.Abluft	18.0
2021-03-11 11:19:38.0	Ana4 - 4: T.Fortluft	13.9
2021-03-11 11:19:38.0	Ana5 - 5: T.Raum	9999.9
2021-03-11 11:19:38.0	Ana9 - 9: T.Zuluft WRG warm	17.4
2021-03-11 11:19:48.0	Ana1 - 1: T.Au?en	10.6
2021-03-11 11:19:48.0	Ana2 - 2: T.Zuluft	15.3
2021-03-11 11:19:48.0	Ana3 - 3: T.Abluft	18.0
2021-03-11 11:19:48.0	Ana4 - 4: T.Fortluft	14.0
2021-03-11 11:19:48.0	Ana5 - 5: T.Raum	9999.9
2021-03-11 11:19:48.0	Ana9 - 9: T.Zuluft WRG warm	17.4
2021-03-11 11:19:58.0	Ana1 - 1: T.Au?en	10.6
2021-03-11 11:19:58.0	Ana2 - 2: T.Zuluft	15.3
2021-03-11 11:19:58.0	Ana3 - 3: T.Abluft	18.0
2021-03-11 11:19:58.0	Ana4 - 4: T.Fortluft	14.0
2021-03-11 11:19:58.0	Ana5 - 5: T.Raum	9999.9
2021-03-11 11:19:58.0	Ana9 - 9: T.Zuluft WRG warm	17.4
2021-03-11 11:20:08.0	Ana1 - 1: T.Au?en	10.6
2021-03-11 11:20:08.0	Ana2 - 2: T.Zuluft	15.3
2021-03-11 11:20:08.0	Ana3 - 3: T.Abluft	18.0
2021-03-11 11:20:08.0	Ana4 - 4: T.Fortluft	14.0
2021-03-11 11:20:08.0	Ana5 - 5: T.Raum	9999.9
2021-03-11 11:20:08.0	Ana9 - 9: T.Zuluft WRG warm	17.4
2021-03-11 11:20:18.0	Ana1 - 1: T.Au?en	10.7
2021-03-11 11:20:18.0	Ana2 - 2: T.Zuluft	15.4
2021-03-11 11:20:18.0	Ana3 - 3: T.Abluft	18.0
2021-03-11 11:20:18.0	Ana4 - 4: T.Fortluft	14.0
2021-03-11 11:20:18.0	Ana5 - 5: T.Raum	9999.9
2021-03-11 11:20:18.0	Ana9 - 9: T.Zuluft WRG warm	17.5
2021-03-11 11:20:28.0	Ana1 - 1: T.Au?en	10.8
2021-03-11 11:20:28.0	Ana2 - 2: T.Zuluft	15.4
2021-03-11 11:20:28.0	Ana3 - 3: T.Abluft	18.0
2021-03-11 11:20:28.0	Ana4 - 4: T.Fortluft	14.0
2021-03-11 11:20:28.0	Ana5 - 5: T.Raum	9999.9
2021-03-11 11:20:28.0	Ana9 - 9: T.Zuluft WRG warm	17.5
2021-03-11 11:20:38.0	Ana1 - 1: T.Au?en	10.7
2021-03-11 11:20:38.0	Ana2 - 2: T.Zuluft	15.4
2021-03-11 11:20:38.0	Ana3 - 3: T.Abluft	18.0
2021-03-11 11:20:38.0	Ana4 - 4: T.Fortluft	14.0
2021-03-11 11:20:38.0	Ana5 - 5: T.Raum	9999.9
2021-03-11 11:20:38.0	Ana9 - 9: T.Zuluft WRG warm	17.5
2021-03-11 11:20:48.0	Ana1 - 1: T.Au?en	10.8
2021-03-11 11:20:48.0	Ana2 - 2: T.Zuluft	15.4
2021-03-11 11:20:48.0	Ana3 - 3: T.Abluft	18.0
2021-03-11 11:20:48.0	Ana4 - 4: T.Fortluft	14.0
2021-03-11 11:20:48.0	Ana5 - 5: T.Raum	9999.9
2021-03-11 11:20:48.0	Ana9 - 9: T.Zuluft WRG warm	17.5
2021-03-11 11:20:58.0	Ana1 - 1: T.Au?en	10.9
2021-03-11 11:20:58.0	Ana2 - 2: T.Zuluft	15.4
2021-03-11 11:20:58.0	Ana3 - 3: T.Abluft	18.0
2021-03-11 11:20:58.0	Ana4 - 4: T.Fortluft	14.0
2021-03-11 11:20:58.0	Ana5 - 5: T.Raum	9999.9
2021-03-11 11:20:58.0	Ana9 - 9: T.Zuluft WRG warm	17.5
2021-03-11 11:21:08.0	Ana1 - 1: T.Au?en	10.8
2021-03-11 11:21:08.0	Ana2 - 2: T.Zuluft	15.4
2021-03-11 11:21:08.0	Ana3 - 3: T.Abluft	18.0
2021-03-11 11:21:08.0	Ana4 - 4: T.Fortluft	14.0
2021-03-11 11:21:08.0	Ana5 - 5: T.Raum	9999.9
2021-03-11 11:21:08.0	Ana9 - 9: T.Zuluft WRG warm	17.5
2021-03-11 11:21:18.0	Ana1 - 1: T.Au?en	10.9
2021-03-11 11:21:18.0	Ana2 - 2: T.Zuluft	15.4
2021-03-11 11:21:18.0	Ana3 - 3: T.Abluft	18.0
2021-03-11 11:21:18.0	Ana4 - 4: T.Fortluft	14.0
2021-03-11 11:21:18.0	Ana5 - 5: T.Raum	9999.9
2021-03-11 11:21:18.0	Ana9 - 9: T.Zuluft WRG warm	17.5
2021-03-11 11:21:28.0	Ana1 - 1: T.Au?en	11.0
2021-03-11 11:21:28.0	Ana2 - 2: T.Zuluft	15.4
2021-03-11 11:21:28.0	Ana3 - 3: T.Abluft	18.1
2021-03-11 11:21:28.0	Ana4 - 4: T.Fortluft	14.0
2021-03-11 11:21:28.0	Ana5 - 5: T.Raum	9999.9
2021-03-11 11:21:28.0	Ana9 - 9: T.Zuluft WRG warm	17.5
2021-03-11 11:21:38.0	Ana1 - 1: T.Au?en	11.2
2021-03-11 11:21:38.0	Ana2 - 2: T.Zuluft	15.4
2021-03-11 11:21:38.0	Ana3 - 3: T.Abluft	18.1
2021-03-11 11:21:38.0	Ana4 - 4: T.Fortluft	14.0
2021-03-11 11:21:38.0	Ana5 - 5: T.Raum	9999.9
2021-03-11 11:21:38.0	Ana9 - 9: T.Zuluft WRG warm	17.5
2021-03-11 11:21:48.0	Ana1 - 1: T.Au?en	11.3
2021-03-11 11:21:48.0	Ana2 - 2: T.Zuluft	15.4
2021-03-11 11:21:48.0	Ana3 - 3: T.Abluft	18.1
2021-03-11 11:21:48.0	Ana4 - 4: T.Fortluft	14.0
2021-03-11 11:21:48.0	Ana5 - 5: T.Raum	9999.9
2021-03-11 11:21:48.0	Ana9 - 9: T.Zuluft WRG warm	17.5
2021-03-11 11:21:58.0	Ana1 - 1: T.Au?en	11.2
2021-03-11 11:21:58.0	Ana2 - 2: T.Zuluft	15.4
2021-03-11 11:21:58.0	Ana3 - 3: T.Abluft	18.1
2021-03-11 11:21:58.0	Ana4 - 4: T.Fortluft	14.0
2021-03-11 11:21:58.0	Ana5 - 5: T.Raum	9999.9
2021-03-11 11:21:58.0	Ana9 - 9: T.Zuluft WRG warm	17.6
2021-03-11 11:22:08.0	Ana1 - 1: T.Au?en	11.2
2021-03-11 11:22:08.0	Ana2 - 2: T.Zuluft	15.4
2021-03-11 11:22:08.0	Ana3 - 3: T.Abluft	18.1
2021-03-11 11:22:08.0	Ana4 - 4: T.Fortluft	14.0
2021-03-11 11:22:08.0	Ana5 - 5: T.Raum	9999.9
2021-03-11 11:22:08.0	Ana9 - 9: T.Zuluft WRG warm	17.6
2021-03-11 11:22:18.0	Ana1 - 1: T.Au?en	11.2
2021-03-11 11:22:18.0	Ana2 - 2: T.Zuluft	15.4
2021-03-11 11:22:18.0	Ana3 - 3: T.Abluft	18.1
2021-03-11 11:22:18.0	Ana4 - 4: T.Fortluft	14.0
2021-03-11 11:22:18.0	Ana5 - 5: T.Raum	9999.9
2021-03-11 11:22:18.0	Ana9 - 9: T.Zuluft WRG warm	17.6
2021-03-11 11:22:28.0	Ana1 - 1: T.Au?en	11.1
2021-03-11 11:22:28.0	Ana2 - 2: T.Zuluft	15.4
2021-03-11 11:22:28.0	Ana3 - 3: T.Abluft	18.1
2021-03-11 11:22:28.0	Ana4 - 4: T.Fortluft	14.0
2021-03-11 11:22:28.0	Ana5 - 5: T.Raum	9999.9
2021-03-11 11:22:28.0	Ana9 - 9: T.Zuluft WRG warm	17.6
2021-03-11 11:22:38.0	Ana1 - 1: T.Au?en	11.1
2021-03-11 11:22:38.0	Ana2 - 2: T.Zuluft	15.4
2021-03-11 11:22:38.0	Ana3 - 3: T.Abluft	18.1
2021-03-11 11:22:38.0	Ana4 - 4: T.Fortluft	14.0
2021-03-11 11:22:38.0	Ana5 - 5: T.Raum	9999.9
2021-03-11 11:22:38.0	Ana9 - 9: T.Zuluft WRG warm	17.6
2021-03-11 11:22:48.0	Ana1 - 1: T.Au?en	11.1
2021-03-11 11:22:48.0	Ana2 - 2: T.Zuluft	15.4
2021-03-11 11:22:48.0	Ana3 - 3: T.Abluft	18.1
2021-03-11 11:22:48.0	Ana4 - 4: T.Fortluft	14.0
2021-03-11 11:22:48.0	Ana5 - 5: T.Raum	9999.9
2021-03-11 11:22:48.0	Ana9 - 9: T.Zuluft WRG warm	17.6
2021-03-11 11:22:58.0	Ana1 - 1: T.Au?en	11.0
2021-03-11 11:22:58.0	Ana2 - 2: T.Zuluft	15.4
2021-03-11 11:22:58.0	Ana3 - 3: T.Abluft	18.1
2021-03-11 11:22:58.0	Ana4 - 4: T.Fortluft	14.0
2021-03-11 11:22:58.0	Ana5 - 5: T.Raum	9999.9
2021-03-11 11:22:58.0	Ana9 - 9: T.Zuluft WRG warm	17.6
2021-03-11 11:23:08.0	Ana1 - 1: T.Au?en	11.0
2021-03-11 11:23:08.0	Ana2 - 2: T.Zuluft	15.4
2021-03-11 11:23:08.0	Ana3 - 3: T.Abluft	18.1
2021-03-11 11:23:08.0	Ana4 - 4: T.Fortluft	14.0
2021-03-11 11:23:08.0	Ana5 - 5: T.Raum	9999.9
2021-03-11 11:23:08.0	Ana9 - 9: T.Zuluft WRG warm	17.6
2021-03-11 11:23:18.0	Ana1 - 1: T.Au?en	11.0
2021-03-11 11:23:18.0	Ana2 - 2: T.Zuluft	15.5
2021-03-11 11:23:18.0	Ana3 - 3: T.Abluft	18.1
2021-03-11 11:23:18.0	Ana4 - 4: T.Fortluft	14.0
2021-03-11 11:23:18.0	Ana5 - 5: T.Raum	9999.9
2021-03-11 11:23:18.0	Ana9 - 9: T.Zuluft WRG warm	17.6
2021-03-11 11:23:28.0	Ana1 - 1: T.Au?en	11.1
2021-03-11 11:23:28.0	Ana2 - 2: T.Zuluft	15.5
2021-03-11 11:23:28.0	Ana3 - 3: T.Abluft	18.1
2021-03-11 11:23:28.0	Ana4 - 4: T.Fortluft	14.0
2021-03-11 11:23:28.0	Ana5 - 5: T.Raum	9999.9
2021-03-11 11:23:28.0	Ana9 - 9: T.Zuluft WRG warm	17.6
2021-03-11 11:23:38.0	Ana1 - 1: T.Au?en	11.1
2021-03-11 11:23:38.0	Ana2 - 2: T.Zuluft	15.5
2021-03-11 11:23:38.0	Ana3 - 3: T.Abluft	18.1
2021-03-11 11:23:38.0	Ana4 - 4: T.Fortluft	14.0
2021-03-11 11:23:38.0	Ana5 - 5: T.Raum	9999.9
2021-03-11 11:23:38.0	Ana9 - 9: T.Zuluft WRG warm	17.6
2021-03-11 11:23:48.0	Ana1 - 1: T.Au?en	11.2
2021-03-11 11:23:48.0	Ana2 - 2: T.Zuluft	15.5
2021-03-11 11:23:48.0	Ana3 - 3: T.Abluft	18.2
2021-03-11 11:23:48.0	Ana4 - 4: T.Fortluft	14.0
2021-03-11 11:23:48.0	Ana5 - 5: T.Raum	9999.9
2021-03-11 11:23:48.0	Ana9 - 9: T.Zuluft WRG warm	17.6
2021-03-11 11:23:58.0	Ana1 - 1: T.Au?en	11.2
2021-03-11 11:23:58.0	Ana2 - 2: T.Zuluft	15.5
2021-03-11 11:23:58.0	Ana3 - 3: T.Abluft	18.2
2021-03-11 11:23:58.0	Ana4 - 4: T.Fortluft	14.0
2021-03-11 11:23:58.0	Ana5 - 5: T.Raum	9999.9
2021-03-11 11:23:58.0	Ana9 - 9: T.Zuluft WRG warm	17.6
2021-03-11 11:24:08.0	Ana1 - 1: T.Au?en	11.0
2021-03-11 11:24:08.0	Ana2 - 2: T.Zuluft	15.5
2021-03-11 11:24:08.0	Ana3 - 3: T.Abluft	18.2
2021-03-11 11:24:08.0	Ana4 - 4: T.Fortluft	14.0
2021-03-11 11:24:08.0	Ana5 - 5: T.Raum	9999.9
2021-03-11 11:24:08.0	Ana9 - 9: T.Zuluft WRG warm	17.6
2021-03-11 11:24:18.0	Ana1 - 1: T.Au?en	11.1
2021-03-11 11:24:18.0	Ana2 - 2: T.Zuluft	15.5
2021-03-11 11:24:18.0	Ana3 - 3: T.Abluft	18.2
2021-03-11 11:24:18.0	Ana4 - 4: T.Fortluft	14.0
2021-03-11 11:24:18.0	Ana5 - 5: T.Raum	9999.9
2021-03-11 11:24:18.0	Ana9 - 9: T.Zuluft WRG warm	17.6
2021-03-11 11:24:28.0	Ana1 - 1: T.Au?en	11.2
2021-03-11 11:24:28.0	Ana2 - 2: T.Zuluft	15.5
2021-03-11 11:24:28.0	Ana3 - 3: T.Abluft	18.2
2021-03-11 11:24:28.0	Ana4 - 4: T.Fortluft	14.0
2021-03-11 11:24:28.0	Ana5 - 5: T.Raum	9999.9
2021-03-11 11:24:28.0	Ana9 - 9: T.Zuluft WRG warm	17.6
2021-03-11 11:24:38.0	Ana1 - 1: T.Au?en	11.2
2021-03-11 11:24:38.0	Ana2 - 2: T.Zuluft	15.5
2021-03-11 11:24:38.0	Ana3 - 3: T.Abluft	18.2
2021-03-11 11:24:38.0	Ana4 - 4: T.Fortluft	14.0
2021-03-11 11:24:38.0	Ana5 - 5: T.Raum	9999.9
2021-03-11 11:24:38.0	Ana9 - 9: T.Zuluft WRG warm	17.6
2021-03-11 11:24:48.0	Ana1 - 1: T.Au?en	11.2
2021-03-11 11:24:48.0	Ana2 - 2: T.Zuluft	15.5
2021-03-11 11:24:48.0	Ana3 - 3: T.Abluft	18.2
2021-03-11 11:24:48.0	Ana4 - 4: T.Fortluft	14.0
2021-03-11 11:24:48.0	Ana5 - 5: T.Raum	9999.9
2021-03-11 11:24:48.0	Ana9 - 9: T.Zuluft WRG warm	17.6
2021-03-11 11:24:58.0	Ana1 - 1: T.Au?en	11.0
2021-03-11 11:24:58.0	Ana2 - 2: T.Zuluft	15.5
2021-03-11 11:24:58.0	Ana3 - 3: T.Abluft	18.2
2021-03-11 11:24:58.0	Ana4 - 4: T.Fortluft	14.0
2021-03-11 11:24:58.0	Ana5 - 5: T.Raum	9999.9
2021-03-11 11:24:58.0	Ana9 - 9: T.Zuluft WRG warm	17.7
2021-03-11 11:25:08.0	Ana1 - 1: T.Au?en	11.0
2021-03-11 11:25:08.0	Ana2 - 2: T.Zuluft	15.5
2021-03-11 11:25:08.0	Ana3 - 3: T.Abluft	18.2
2021-03-11 11:25:08.0	Ana4 - 4: T.Fortluft	14.0
2021-03-11 11:25:08.0	Ana5 - 5: T.Raum	9999.9
2021-03-11 11:25:08.0	Ana9 - 9: T.Zuluft WRG warm	17.7
2021-03-11 11:25:18.0	Ana1 - 1: T.Au?en	10.9
2021-03-11 11:25:18.0	Ana2 - 2: T.Zuluft	15.5
2021-03-11 11:25:18.0	Ana3 - 3: T.Abluft	18.2
2021-03-11 11:25:18.0	Ana4 - 4: T.Fortluft	14.0
2021-03-11 11:25:18.0	Ana5 - 5: T.Raum	9999.9
2021-03-11 11:25:18.0	Ana9 - 9: T.Zuluft WRG warm	17.7
2021-03-11 11:25:28.0	Ana1 - 1: T.Au?en	10.8
2021-03-11 11:25:28.0	Ana2 - 2: T.Zuluft	15.6
2021-03-11 11:25:28.0	Ana3 - 3: T.Abluft	18.2
2021-03-11 11:25:28.0	Ana4 - 4: T.Fortluft	14.1
2021-03-11 11:25:28.0	Ana5 - 5: T.Raum	9999.9
2021-03-11 11:25:28.0	Ana9 - 9: T.Zuluft WRG warm	17.7
2021-03-11 11:25:38.0	Ana1 - 1: T.Au?en	10.7
2021-03-11 11:25:38.0	Ana2 - 2: T.Zuluft	15.6
2021-03-11 11:25:38.0	Ana3 - 3: T.Abluft	18.2
2021-03-11 11:25:38.0	Ana4 - 4: T.Fortluft	14.1
2021-03-11 11:25:38.0	Ana5 - 5: T.Raum	9999.9
2021-03-11 11:25:38.0	Ana9 - 9: T.Zuluft WRG warm	17.7
2021-03-11 11:25:48.0	Ana1 - 1: T.Au?en	10.5
2021-03-11 11:25:48.0	Ana2 - 2: T.Zuluft	15.6
2021-03-11 11:25:48.0	Ana3 - 3: T.Abluft	18.3
2021-03-11 11:25:48.0	Ana4 - 4: T.Fortluft	14.1
2021-03-11 11:25:48.0	Ana5 - 5: T.Raum	9999.9
2021-03-11 11:25:48.0	Ana9 - 9: T.Zuluft WRG warm	17.7
2021-03-11 11:25:58.0	Ana1 - 1: T.Au?en	10.7
2021-03-11 11:25:58.0	Ana2 - 2: T.Zuluft	15.6
2021-03-11 11:25:58.0	Ana3 - 3: T.Abluft	18.3
2021-03-11 11:25:58.0	Ana4 - 4: T.Fortluft	14.1
2021-03-11 11:25:58.0	Ana5 - 5: T.Raum	9999.9
2021-03-11 11:25:58.0	Ana9 - 9: T.Zuluft WRG warm	17.7
2021-03-11 11:26:08.0	Ana1 - 1: T.Au?en	10.6
2021-03-11 11:26:08.0	Ana2 - 2: T.Zuluft	15.6
2021-03-11 11:26:08.0	Ana3 - 3: T.Abluft	18.3
2021-03-11 11:26:08.0	Ana4 - 4: T.Fortluft	14.1
2021-03-11 11:26:08.0	Ana5 - 5: T.Raum	9999.9
2021-03-11 11:26:08.0	Ana9 - 9: T.Zuluft WRG warm	17.7
2021-03-11 11:26:18.0	Ana1 - 1: T.Au?en	10.8
2021-03-11 11:26:18.0	Ana2 - 2: T.Zuluft	15.6
2021-03-11 11:26:18.0	Ana3 - 3: T.Abluft	18.3
2021-03-11 11:26:18.0	Ana4 - 4: T.Fortluft	14.1
2021-03-11 11:26:18.0	Ana5 - 5: T.Raum	9999.9
2021-03-11 11:26:18.0	Ana9 - 9: T.Zuluft WRG warm	17.7
2021-03-11 11:26:28.0	Ana1 - 1: T.Au?en	10.7
2021-03-11 11:26:28.0	Ana2 - 2: T.Zuluft	15.6
2021-03-11 11:26:28.0	Ana3 - 3: T.Abluft	18.3
2021-03-11 11:26:28.0	Ana4 - 4: T.Fortluft	14.1
2021-03-11 11:26:28.0	Ana5 - 5: T.Raum	9999.9
2021-03-11 11:26:28.0	Ana9 - 9: T.Zuluft WRG warm	17.7
2021-03-11 11:26:38.0	Ana1 - 1: T.Au?en	10.6
2021-03-11 11:26:38.0	Ana2 - 2: T.Zuluft	15.6
2021-03-11 11:26:38.0	Ana3 - 3: T.Abluft	18.3
2021-03-11 11:26:38.0	Ana4 - 4: T.Fortluft	14.1
2021-03-11 11:26:38.0	Ana5 - 5: T.Raum	9999.9
2021-03-11 11:26:38.0	Ana9 - 9: T.Zuluft WRG warm	17.7
2021-03-11 11:26:48.0	Ana1 - 1: T.Au?en	10.6
2021-03-11 11:26:48.0	Ana2 - 2: T.Zuluft	15.6
2021-03-11 11:26:48.0	Ana3 - 3: T.Abluft	18.3
2021-03-11 11:26:48.0	Ana4 - 4: T.Fortluft	14.1
2021-03-11 11:26:48.0	Ana5 - 5: T.Raum	9999.9
2021-03-11 11:26:48.0	Ana9 - 9: T.Zuluft WRG warm	17.8
2021-03-11 11:26:58.0	Ana1 - 1: T.Au?en	10.6
2021-03-11 11:26:58.0	Ana2 - 2: T.Zuluft	15.6
2021-03-11 11:26:58.0	Ana3 - 3: T.Abluft	18.3
2021-03-11 11:26:58.0	Ana4 - 4: T.Fortluft	14.1
2021-03-11 11:26:58.0	Ana5 - 5: T.Raum	9999.9
2021-03-11 11:26:58.0	Ana9 - 9: T.Zuluft WRG warm	17.8
2021-03-11 11:27:08.0	Ana1 - 1: T.Au?en	10.7
2021-03-11 11:27:08.0	Ana2 - 2: T.Zuluft	15.6
2021-03-11 11:27:08.0	Ana3 - 3: T.Abluft	18.3
2021-03-11 11:27:08.0	Ana4 - 4: T.Fortluft	14.1
2021-03-11 11:27:08.0	Ana5 - 5: T.Raum	9999.9
2021-03-11 11:27:08.0	Ana9 - 9: T.Zuluft WRG warm	17.8
2021-03-11 11:27:18.0	Ana1 - 1: T.Au?en	10.8
2021-03-11 11:27:18.0	Ana2 - 2: T.Zuluft	15.6
2021-03-11 11:27:18.0	Ana3 - 3: T.Abluft	18.3
2021-03-11 11:27:18.0	Ana4 - 4: T.Fortluft	14.1
2021-03-11 11:27:18.0	Ana5 - 5: T.Raum	9999.9
2021-03-11 11:27:18.0	Ana9 - 9: T.Zuluft WRG warm	17.8
2021-03-11 11:27:28.0	Ana1 - 1: T.Au?en	10.9
2021-03-11 11:27:28.0	Ana2 - 2: T.Zuluft	15.6
2021-03-11 11:27:28.0	Ana3 - 3: T.Abluft	18.3
2021-03-11 11:27:28.0	Ana4 - 4: T.Fortluft	14.1
2021-03-11 11:27:28.0	Ana5 - 5: T.Raum	9999.9
2021-03-11 11:27:28.0	Ana9 - 9: T.Zuluft WRG warm	17.8
2021-03-11 11:27:38.0	Ana1 - 1: T.Au?en	10.9
2021-03-11 11:27:38.0	Ana2 - 2: T.Zuluft	15.6
2021-03-11 11:27:38.0	Ana3 - 3: T.Abluft	18.3
2021-03-11 11:27:38.0	Ana4 - 4: T.Fortluft	14.1
2021-03-11 11:27:38.0	Ana5 - 5: T.Raum	9999.9
2021-03-11 11:27:38.0	Ana9 - 9: T.Zuluft WRG warm	17.8
2021-03-11 11:27:48.0	Ana1 - 1: T.Au?en	10.8
2021-03-11 11:27:48.0	Ana2 - 2: T.Zuluft	15.6
2021-03-11 11:27:48.0	Ana3 - 3: T.Abluft	18.3
2021-03-11 11:27:48.0	Ana4 - 4: T.Fortluft	14.1
2021-03-11 11:27:48.0	Ana5 - 5: T.Raum	9999.9
2021-03-11 11:27:48.0	Ana9 - 9: T.Zuluft WRG warm	17.8
2021-03-11 11:27:58.0	Ana1 - 1: T.Au?en	10.8
2021-03-11 11:27:58.0	Ana2 - 2: T.Zuluft	15.6
2021-03-11 11:27:58.0	Ana3 - 3: T.Abluft	18.4
2021-03-11 11:27:58.0	Ana4 - 4: T.Fortluft	14.1
2021-03-11 11:27:58.0	Ana5 - 5: T.Raum	9999.9
2021-03-11 11:27:58.0	Ana9 - 9: T.Zuluft WRG warm	17.8
2021-03-11 11:28:08.0	Ana1 - 1: T.Au?en	10.8
2021-03-11 11:28:08.0	Ana2 - 2: T.Zuluft	15.6
2021-03-11 11:28:08.0	Ana3 - 3: T.Abluft	18.4
2021-03-11 11:28:08.0	Ana4 - 4: T.Fortluft	14.1
2021-03-11 11:28:08.0	Ana5 - 5: T.Raum	9999.9
2021-03-11 11:28:08.0	Ana9 - 9: T.Zuluft WRG warm	17.8
2021-03-11 11:28:18.0	Ana1 - 1: T.Au?en	10.8
2021-03-11 11:28:18.0	Ana2 - 2: T.Zuluft	15.6
2021-03-11 11:28:18.0	Ana3 - 3: T.Abluft	18.4
2021-03-11 11:28:18.0	Ana4 - 4: T.Fortluft	14.1
2021-03-11 11:28:18.0	Ana5 - 5: T.Raum	9999.9
2021-03-11 11:28:18.0	Ana9 - 9: T.Zuluft WRG warm	17.8
2021-03-11 11:28:28.0	Ana1 - 1: T.Au?en	10.7
2021-03-11 11:28:28.0	Ana2 - 2: T.Zuluft	15.6
2021-03-11 11:28:28.0	Ana3 - 3: T.Abluft	18.4
2021-03-11 11:28:28.0	Ana4 - 4: T.Fortluft	14.1
2021-03-11 11:28:28.0	Ana5 - 5: T.Raum	9999.9
2021-03-11 11:28:28.0	Ana9 - 9: T.Zuluft WRG warm	17.8
2021-03-11 11:28:38.0	Ana1 - 1: T.Au?en	10.8
2021-03-11 11:28:38.0	Ana2 - 2: T.Zuluft	15.7
2021-03-11 11:28:38.0	Ana3 - 3: T.Abluft	18.4
2021-03-11 11:28:38.0	Ana4 - 4: T.Fortluft	14.2
2021-03-11 11:28:38.0	Ana5 - 5: T.Raum	9999.9
2021-03-11 11:28:38.0	Ana9 - 9: T.Zuluft WRG warm	17.9
2021-03-11 11:28:48.0	Ana1 - 1: T.Au?en	10.9
2021-03-11 11:28:48.0	Ana2 - 2: T.Zuluft	15.7
2021-03-11 11:28:48.0	Ana3 - 3: T.Abluft	18.4
2021-03-11 11:28:48.0	Ana4 - 4: T.Fortluft	14.2
2021-03-11 11:28:48.0	Ana5 - 5: T.Raum	9999.9
2021-03-11 11:28:48.0	Ana9 - 9: T.Zuluft WRG warm	17.9
2021-03-11 11:28:58.0	Ana1 - 1: T.Au?en	10.9
2021-03-11 11:28:58.0	Ana2 - 2: T.Zuluft	15.7
2021-03-11 11:28:58.0	Ana3 - 3: T.Abluft	18.4
2021-03-11 11:28:58.0	Ana4 - 4: T.Fortluft	14.1
2021-03-11 11:28:58.0	Ana5 - 5: T.Raum	9999.9
2021-03-11 11:28:58.0	Ana9 - 9: T.Zuluft WRG warm	17.9
2021-03-11 11:29:08.0	Ana1 - 1: T.Au?en	10.8
2021-03-11 11:29:08.0	Ana2 - 2: T.Zuluft	15.7
2021-03-11 11:29:08.0	Ana3 - 3: T.Abluft	18.4
2021-03-11 11:29:08.0	Ana4 - 4: T.Fortluft	14.2
2021-03-11 11:29:08.0	Ana5 - 5: T.Raum	9999.9
2021-03-11 11:29:08.0	Ana9 - 9: T.Zuluft WRG warm	17.9
2021-03-11 11:29:18.0	Ana1 - 1: T.Au?en	11.2
2021-03-11 11:29:18.0	Ana2 - 2: T.Zuluft	15.7
2021-03-11 11:29:18.0	Ana3 - 3: T.Abluft	18.4
2021-03-11 11:29:18.0	Ana4 - 4: T.Fortluft	14.2
2021-03-11 11:29:18.0	Ana5 - 5: T.Raum	9999.9
2021-03-11 11:29:18.0	Ana9 - 9: T.Zuluft WRG warm	17.9
2021-03-11 11:29:28.0	Ana1 - 1: T.Au?en	11.5
2021-03-11 11:29:28.0	Ana2 - 2: T.Zuluft	15.7
2021-03-11 11:29:28.0	Ana3 - 3: T.Abluft	18.4
2021-03-11 11:29:28.0	Ana4 - 4: T.Fortluft	14.2
2021-03-11 11:29:28.0	Ana5 - 5: T.Raum	9999.9
2021-03-11 11:29:28.0	Ana9 - 9: T.Zuluft WRG warm	17.9
2021-03-11 11:29:38.0	Ana1 - 1: T.Au?en	11.4
2021-03-11 11:29:38.0	Ana2 - 2: T.Zuluft	15.7
2021-03-11 11:29:38.0	Ana3 - 3: T.Abluft	18.4
2021-03-11 11:29:38.0	Ana4 - 4: T.Fortluft	14.2
2021-03-11 11:29:38.0	Ana5 - 5: T.Raum	9999.9
2021-03-11 11:29:38.0	Ana9 - 9: T.Zuluft WRG warm	17.9
2021-03-11 11:29:48.0	Ana1 - 1: T.Au?en	11.1
2021-03-11 11:29:48.0	Ana2 - 2: T.Zuluft	15.7
2021-03-11 11:29:48.0	Ana3 - 3: T.Abluft	18.4
2021-03-11 11:29:48.0	Ana4 - 4: T.Fortluft	14.2
2021-03-11 11:29:48.0	Ana5 - 5: T.Raum	9999.9
2021-03-11 11:29:48.0	Ana9 - 9: T.Zuluft WRG warm	17.9
2021-03-11 11:29:58.0	Ana1 - 1: T.Au?en	11.1
2021-03-11 11:29:58.0	Ana2 - 2: T.Zuluft	15.7
2021-03-11 11:29:58.0	Ana3 - 3: T.Abluft	18.5
2021-03-11 11:29:58.0	Ana4 - 4: T.Fortluft	14.2
2021-03-11 11:29:58.0	Ana5 - 5: T.Raum	9999.9
2021-03-11 11:29:58.0	Ana9 - 9: T.Zuluft WRG warm	17.9
2021-03-11 11:30:08.0	Ana1 - 1: T.Au?en	11.3
2021-03-11 11:30:08.0	Ana2 - 2: T.Zuluft	15.7
2021-03-11 11:30:08.0	Ana3 - 3: T.Abluft	18.5
2021-03-11 11:30:08.0	Ana4 - 4: T.Fortluft	14.2
2021-03-11 11:30:08.0	Ana5 - 5: T.Raum	9999.9
2021-03-11 11:30:08.0	Ana9 - 9: T.Zuluft WRG warm	17.9
2021-03-11 11:30:18.0	Ana1 - 1: T.Au?en	11.2
2021-03-11 11:30:18.0	Ana2 - 2: T.Zuluft	15.7
2021-03-11 11:30:18.0	Ana3 - 3: T.Abluft	18.5
2021-03-11 11:30:18.0	Ana4 - 4: T.Fortluft	14.2
2021-03-11 11:30:18.0	Ana5 - 5: T.Raum	9999.9
2021-03-11 11:30:18.0	Ana9 - 9: T.Zuluft WRG warm	18.0
2021-03-11 11:30:28.0	Ana1 - 1: T.Au?en	11.1
2021-03-11 11:30:28.0	Ana2 - 2: T.Zuluft	15.7
2021-03-11 11:30:28.0	Ana3 - 3: T.Abluft	18.5
2021-03-11 11:30:28.0	Ana4 - 4: T.Fortluft	14.2
2021-03-11 11:30:28.0	Ana5 - 5: T.Raum	9999.9
2021-03-11 11:30:28.0	Ana9 - 9: T.Zuluft WRG warm	18.0
2021-03-11 11:30:38.0	Ana1 - 1: T.Au?en	11.0
2021-03-11 11:30:38.0	Ana2 - 2: T.Zuluft	15.8
2021-03-11 11:30:38.0	Ana3 - 3: T.Abluft	18.5
2021-03-11 11:30:38.0	Ana4 - 4: T.Fortluft	14.2
2021-03-11 11:30:38.0	Ana5 - 5: T.Raum	9999.9
2021-03-11 11:30:38.0	Ana9 - 9: T.Zuluft WRG warm	18.0
2021-03-11 11:30:48.0	Ana1 - 1: T.Au?en	10.8
2021-03-11 11:30:48.0	Ana2 - 2: T.Zuluft	15.8
2021-03-11 11:30:48.0	Ana3 - 3: T.Abluft	18.5
2021-03-11 11:30:48.0	Ana4 - 4: T.Fortluft	14.2
2021-03-11 11:30:48.0	Ana5 - 5: T.Raum	9999.9
2021-03-11 11:30:48.0	Ana9 - 9: T.Zuluft WRG warm	18.0
2021-03-11 11:30:58.0	Ana1 - 1: T.Au?en	10.7
2021-03-11 11:30:58.0	Ana2 - 2: T.Zuluft	15.8
2021-03-11 11:30:58.0	Ana3 - 3: T.Abluft	18.5
2021-03-11 11:30:58.0	Ana4 - 4: T.Fortluft	14.2
2021-03-11 11:30:58.0	Ana5 - 5: T.Raum	9999.9
2021-03-11 11:30:58.0	Ana9 - 9: T.Zuluft WRG warm	18.0
2021-03-11 11:31:08.0	Ana1 - 1: T.Au?en	10.7
2021-03-11 11:31:08.0	Ana2 - 2: T.Zuluft	15.8
2021-03-11 11:31:08.0	Ana3 - 3: T.Abluft	18.5
2021-03-11 11:31:08.0	Ana4 - 4: T.Fortluft	14.2
2021-03-11 11:31:08.0	Ana5 - 5: T.Raum	9999.9
2021-03-11 11:31:08.0	Ana9 - 9: T.Zuluft WRG warm	18.0
2021-03-11 11:31:18.0	Ana1 - 1: T.Au?en	10.7
2021-03-11 11:31:18.0	Ana2 - 2: T.Zuluft	15.8
2021-03-11 11:31:18.0	Ana3 - 3: T.Abluft	18.5
2021-03-11 11:31:18.0	Ana4 - 4: T.Fortluft	14.2
2021-03-11 11:31:18.0	Ana5 - 5: T.Raum	9999.9
2021-03-11 11:31:18.0	Ana9 - 9: T.Zuluft WRG warm	18.0
2021-03-11 11:31:28.0	Ana1 - 1: T.Au?en	10.7
2021-03-11 11:31:28.0	Ana2 - 2: T.Zuluft	15.8
2021-03-11 11:31:28.0	Ana3 - 3: T.Abluft	18.5
2021-03-11 11:31:28.0	Ana4 - 4: T.Fortluft	14.2
2021-03-11 11:31:28.0	Ana5 - 5: T.Raum	9999.9
2021-03-11 11:31:28.0	Ana9 - 9: T.Zuluft WRG warm	18.0
2021-03-11 11:31:38.0	Ana1 - 1: T.Au?en	10.6
2021-03-11 11:31:38.0	Ana2 - 2: T.Zuluft	15.8
2021-03-11 11:31:38.0	Ana3 - 3: T.Abluft	18.5
2021-03-11 11:31:38.0	Ana4 - 4: T.Fortluft	14.2
2021-03-11 11:31:38.0	Ana5 - 5: T.Raum	9999.9
2021-03-11 11:31:38.0	Ana9 - 9: T.Zuluft WRG warm	18.0
2021-03-11 11:31:48.0	Ana1 - 1: T.Au?en	10.5
2021-03-11 11:31:48.0	Ana2 - 2: T.Zuluft	15.8
2021-03-11 11:31:48.0	Ana3 - 3: T.Abluft	18.6
2021-03-11 11:31:48.0	Ana4 - 4: T.Fortluft	14.2
2021-03-11 11:31:48.0	Ana5 - 5: T.Raum	9999.9
2021-03-11 11:31:48.0	Ana9 - 9: T.Zuluft WRG warm	18.0
2021-03-11 11:31:58.0	Ana1 - 1: T.Au?en	10.5
2021-03-11 11:31:58.0	Ana2 - 2: T.Zuluft	15.8
2021-03-11 11:31:58.0	Ana3 - 3: T.Abluft	18.6
2021-03-11 11:31:58.0	Ana4 - 4: T.Fortluft	14.2
2021-03-11 11:31:58.0	Ana5 - 5: T.Raum	9999.9
2021-03-11 11:31:58.0	Ana9 - 9: T.Zuluft WRG warm	18.0
2021-03-11 11:32:08.0	Ana1 - 1: T.Au?en	10.5
2021-03-11 11:32:08.0	Ana2 - 2: T.Zuluft	15.8
2021-03-11 11:32:08.0	Ana3 - 3: T.Abluft	18.6
2021-03-11 11:32:08.0	Ana4 - 4: T.Fortluft	14.2
2021-03-11 11:32:08.0	Ana5 - 5: T.Raum	9999.9
2021-03-11 11:32:08.0	Ana9 - 9: T.Zuluft WRG warm	18.0
2021-03-11 11:32:18.0	Ana1 - 1: T.Au?en	10.4
2021-03-11 11:32:18.0	Ana2 - 2: T.Zuluft	15.8
2021-03-11 11:32:18.0	Ana3 - 3: T.Abluft	18.6
2021-03-11 11:32:18.0	Ana4 - 4: T.Fortluft	14.3
2021-03-11 11:32:18.0	Ana5 - 5: T.Raum	9999.9
2021-03-11 11:32:18.0	Ana9 - 9: T.Zuluft WRG warm	18.0
2021-03-11 11:32:28.0	Ana1 - 1: T.Au?en	10.3
2021-03-11 11:32:28.0	Ana2 - 2: T.Zuluft	15.8
2021-03-11 11:32:28.0	Ana3 - 3: T.Abluft	18.6
2021-03-11 11:32:28.0	Ana4 - 4: T.Fortluft	14.3
2021-03-11 11:32:28.0	Ana5 - 5: T.Raum	9999.9
2021-03-11 11:32:28.0	Ana9 - 9: T.Zuluft WRG warm	18.0
2021-03-11 11:32:38.0	Ana1 - 1: T.Au?en	10.2
2021-03-11 11:32:38.0	Ana2 - 2: T.Zuluft	15.8
2021-03-11 11:32:38.0	Ana3 - 3: T.Abluft	18.6
2021-03-11 11:32:38.0	Ana4 - 4: T.Fortluft	14.3
2021-03-11 11:32:38.0	Ana5 - 5: T.Raum	9999.9
2021-03-11 11:32:38.0	Ana9 - 9: T.Zuluft WRG warm	18.0
2021-03-11 11:32:48.0	Ana1 - 1: T.Au?en	10.1
2021-03-11 11:32:48.0	Ana2 - 2: T.Zuluft	15.8
2021-03-11 11:32:48.0	Ana3 - 3: T.Abluft	18.6
2021-03-11 11:32:48.0	Ana4 - 4: T.Fortluft	14.3
2021-03-11 11:32:48.0	Ana5 - 5: T.Raum	9999.9
2021-03-11 11:32:48.0	Ana9 - 9: T.Zuluft WRG warm	18.0
2021-03-11 11:32:58.0	Ana1 - 1: T.Au?en	10.2
2021-03-11 11:32:58.0	Ana2 - 2: T.Zuluft	15.8
2021-03-11 11:32:58.0	Ana3 - 3: T.Abluft	18.6
2021-03-11 11:32:58.0	Ana4 - 4: T.Fortluft	14.3
2021-03-11 11:32:58.0	Ana5 - 5: T.Raum	9999.9
2021-03-11 11:32:58.0	Ana9 - 9: T.Zuluft WRG warm	18.1
2021-03-11 11:33:08.0	Ana1 - 1: T.Au?en	10.3
2021-03-11 11:33:08.0	Ana2 - 2: T.Zuluft	15.8
2021-03-11 11:33:08.0	Ana3 - 3: T.Abluft	18.6
2021-03-11 11:33:08.0	Ana4 - 4: T.Fortluft	14.3
2021-03-11 11:33:08.0	Ana5 - 5: T.Raum	9999.9
2021-03-11 11:33:08.0	Ana9 - 9: T.Zuluft WRG warm	18.1
2021-03-11 11:33:18.0	Ana1 - 1: T.Au?en	10.3
2021-03-11 11:33:18.0	Ana2 - 2: T.Zuluft	15.9
2021-03-11 11:33:18.0	Ana3 - 3: T.Abluft	18.6
2021-03-11 11:33:18.0	Ana4 - 4: T.Fortluft	14.3
2021-03-11 11:33:18.0	Ana5 - 5: T.Raum	9999.9
2021-03-11 11:33:18.0	Ana9 - 9: T.Zuluft WRG warm	18.1
2021-03-11 11:33:28.0	Ana1 - 1: T.Au?en	10.4
2021-03-11 11:33:28.0	Ana2 - 2: T.Zuluft	15.9
2021-03-11 11:33:28.0	Ana3 - 3: T.Abluft	18.6
2021-03-11 11:33:28.0	Ana4 - 4: T.Fortluft	14.3
2021-03-11 11:33:28.0	Ana5 - 5: T.Raum	9999.9
2021-03-11 11:33:28.0	Ana9 - 9: T.Zuluft WRG warm	18.1
2021-03-11 11:33:38.0	Ana1 - 1: T.Au?en	10.4
2021-03-11 11:33:38.0	Ana2 - 2: T.Zuluft	15.9
2021-03-11 11:33:38.0	Ana3 - 3: T.Abluft	18.6
2021-03-11 11:33:38.0	Ana4 - 4: T.Fortluft	14.3
2021-03-11 11:33:38.0	Ana5 - 5: T.Raum	9999.9
2021-03-11 11:33:38.0	Ana9 - 9: T.Zuluft WRG warm	18.1
2021-03-11 11:33:48.0	Ana1 - 1: T.Au?en	10.6
2021-03-11 11:33:48.0	Ana2 - 2: T.Zuluft	15.9
2021-03-11 11:33:48.0	Ana3 - 3: T.Abluft	18.6
2021-03-11 11:33:48.0	Ana4 - 4: T.Fortluft	14.3
2021-03-11 11:33:48.0	Ana5 - 5: T.Raum	9999.9
2021-03-11 11:33:48.0	Ana9 - 9: T.Zuluft WRG warm	18.1
2021-03-11 11:33:58.0	Ana1 - 1: T.Au?en	10.5
2021-03-11 11:33:58.0	Ana2 - 2: T.Zuluft	15.9
2021-03-11 11:33:58.0	Ana3 - 3: T.Abluft	18.6
2021-03-11 11:33:58.0	Ana4 - 4: T.Fortluft	14.3
2021-03-11 11:33:58.0	Ana5 - 5: T.Raum	9999.9
2021-03-11 11:33:58.0	Ana9 - 9: T.Zuluft WRG warm	18.1
2021-03-11 11:34:08.0	Ana1 - 1: T.Au?en	10.4
2021-03-11 11:34:08.0	Ana2 - 2: T.Zuluft	15.9
2021-03-11 11:34:08.0	Ana3 - 3: T.Abluft	18.7
2021-03-11 11:34:08.0	Ana4 - 4: T.Fortluft	14.3
2021-03-11 11:34:08.0	Ana5 - 5: T.Raum	9999.9
2021-03-11 11:34:08.0	Ana9 - 9: T.Zuluft WRG warm	18.1
2021-03-11 11:34:18.0	Ana1 - 1: T.Au?en	10.4
2021-03-11 11:34:18.0	Ana2 - 2: T.Zuluft	15.9
2021-03-11 11:34:18.0	Ana3 - 3: T.Abluft	18.7
2021-03-11 11:34:18.0	Ana4 - 4: T.Fortluft	14.3
2021-03-11 11:34:18.0	Ana5 - 5: T.Raum	9999.9
2021-03-11 11:34:18.0	Ana9 - 9: T.Zuluft WRG warm	18.1
2021-03-11 11:34:28.0	Ana1 - 1: T.Au?en	10.5
2021-03-11 11:34:28.0	Ana2 - 2: T.Zuluft	15.9
2021-03-11 11:34:28.0	Ana3 - 3: T.Abluft	18.7
2021-03-11 11:34:28.0	Ana4 - 4: T.Fortluft	14.3
2021-03-11 11:34:28.0	Ana5 - 5: T.Raum	9999.9
2021-03-11 11:34:28.0	Ana9 - 9: T.Zuluft WRG warm	18.1
2021-03-11 11:34:38.0	Ana1 - 1: T.Au?en	10.5
2021-03-11 11:34:38.0	Ana2 - 2: T.Zuluft	15.9
2021-03-11 11:34:38.0	Ana3 - 3: T.Abluft	18.7
2021-03-11 11:34:38.0	Ana4 - 4: T.Fortluft	14.3
2021-03-11 11:34:38.0	Ana5 - 5: T.Raum	9999.9
2021-03-11 11:34:38.0	Ana9 - 9: T.Zuluft WRG warm	18.1
2021-03-11 11:34:48.0	Ana1 - 1: T.Au?en	10.7
2021-03-11 11:34:48.0	Ana2 - 2: T.Zuluft	15.9
2021-03-11 11:34:48.0	Ana3 - 3: T.Abluft	18.7
2021-03-11 11:34:48.0	Ana4 - 4: T.Fortluft	14.3
2021-03-11 11:34:48.0	Ana5 - 5: T.Raum	9999.9
2021-03-11 11:34:48.0	Ana9 - 9: T.Zuluft WRG warm	18.1
2021-03-11 11:34:58.0	Ana1 - 1: T.Au?en	10.7
2021-03-11 11:34:58.0	Ana2 - 2: T.Zuluft	15.9
2021-03-11 11:34:58.0	Ana3 - 3: T.Abluft	18.7
2021-03-11 11:34:58.0	Ana4 - 4: T.Fortluft	14.3
2021-03-11 11:34:58.0	Ana5 - 5: T.Raum	9999.9
2021-03-11 11:34:58.0	Ana9 - 9: T.Zuluft WRG warm	18.1
2021-03-11 11:35:08.0	Ana1 - 1: T.Au?en	10.8
2021-03-11 11:35:08.0	Ana2 - 2: T.Zuluft	15.9
2021-03-11 11:35:08.0	Ana3 - 3: T.Abluft	18.7
2021-03-11 11:35:08.0	Ana4 - 4: T.Fortluft	14.3
2021-03-11 11:35:08.0	Ana5 - 5: T.Raum	9999.9
2021-03-11 11:35:08.0	Ana9 - 9: T.Zuluft WRG warm	18.1
2021-03-11 11:35:18.0	Ana1 - 1: T.Au?en	10.8
2021-03-11 11:35:18.0	Ana2 - 2: T.Zuluft	15.9
2021-03-11 11:35:18.0	Ana3 - 3: T.Abluft	18.7
2021-03-11 11:35:18.0	Ana4 - 4: T.Fortluft	14.3
2021-03-11 11:35:18.0	Ana5 - 5: T.Raum	9999.9
2021-03-11 11:35:18.0	Ana9 - 9: T.Zuluft WRG warm	18.1
2021-03-11 11:35:28.0	Ana1 - 1: T.Au?en	10.9
2021-03-11 11:35:28.0	Ana2 - 2: T.Zuluft	15.9
2021-03-11 11:35:28.0	Ana3 - 3: T.Abluft	18.7
2021-03-11 11:35:28.0	Ana4 - 4: T.Fortluft	14.3
2021-03-11 11:35:28.0	Ana5 - 5: T.Raum	9999.9
2021-03-11 11:35:28.0	Ana9 - 9: T.Zuluft WRG warm	18.1
2021-03-11 11:35:38.0	Ana1 - 1: T.Au?en	10.9
2021-03-11 11:35:38.0	Ana2 - 2: T.Zuluft	15.9
2021-03-11 11:35:38.0	Ana3 - 3: T.Abluft	18.7
2021-03-11 11:35:38.0	Ana4 - 4: T.Fortluft	14.3
2021-03-11 11:35:38.0	Ana5 - 5: T.Raum	9999.9
2021-03-11 11:35:38.0	Ana9 - 9: T.Zuluft WRG warm	18.1
2021-03-11 11:35:48.0	Ana1 - 1: T.Au?en	11.0
2021-03-11 11:35:48.0	Ana2 - 2: T.Zuluft	15.9
2021-03-11 11:35:48.0	Ana3 - 3: T.Abluft	18.7
2021-03-11 11:35:48.0	Ana4 - 4: T.Fortluft	14.3
2021-03-11 11:35:48.0	Ana5 - 5: T.Raum	9999.9
2021-03-11 11:35:48.0	Ana9 - 9: T.Zuluft WRG warm	18.1
2021-03-11 11:35:58.0	Ana1 - 1: T.Au?en	11.1
2021-03-11 11:35:58.0	Ana2 - 2: T.Zuluft	15.9
2021-03-11 11:35:58.0	Ana3 - 3: T.Abluft	18.7
2021-03-11 11:35:58.0	Ana4 - 4: T.Fortluft	14.3
2021-03-11 11:35:58.0	Ana5 - 5: T.Raum	9999.9
2021-03-11 11:35:58.0	Ana9 - 9: T.Zuluft WRG warm	18.1
2021-03-11 11:36:08.0	Ana1 - 1: T.Au?en	11.2
2021-03-11 11:36:08.0	Ana2 - 2: T.Zuluft	16.0
2021-03-11 11:36:08.0	Ana3 - 3: T.Abluft	18.7
2021-03-11 11:36:08.0	Ana4 - 4: T.Fortluft	14.4
2021-03-11 11:36:08.0	Ana5 - 5: T.Raum	9999.9
2021-03-11 11:36:08.0	Ana9 - 9: T.Zuluft WRG warm	18.1
2021-03-11 11:36:18.0	Ana1 - 1: T.Au?en	11.3
2021-03-11 11:36:18.0	Ana2 - 2: T.Zuluft	16.0
2021-03-11 11:36:18.0	Ana3 - 3: T.Abluft	18.7
2021-03-11 11:36:18.0	Ana4 - 4: T.Fortluft	14.4
2021-03-11 11:36:18.0	Ana5 - 5: T.Raum	9999.9
2021-03-11 11:36:18.0	Ana9 - 9: T.Zuluft WRG warm	18.1
2021-03-11 11:36:28.0	Ana1 - 1: T.Au?en	11.4
2021-03-11 11:36:28.0	Ana2 - 2: T.Zuluft	16.0
2021-03-11 11:36:28.0	Ana3 - 3: T.Abluft	18.7
2021-03-11 11:36:28.0	Ana4 - 4: T.Fortluft	14.4
2021-03-11 11:36:28.0	Ana5 - 5: T.Raum	9999.9
2021-03-11 11:36:28.0	Ana9 - 9: T.Zuluft WRG warm	18.1
2021-03-11 11:36:38.0	Ana1 - 1: T.Au?en	11.5
2021-03-11 11:36:38.0	Ana2 - 2: T.Zuluft	16.0
2021-03-11 11:36:38.0	Ana3 - 3: T.Abluft	18.7
2021-03-11 11:36:38.0	Ana4 - 4: T.Fortluft	14.4
2021-03-11 11:36:38.0	Ana5 - 5: T.Raum	9999.9
2021-03-11 11:36:38.0	Ana9 - 9: T.Zuluft WRG warm	18.1
2021-03-11 11:36:48.0	Ana1 - 1: T.Au?en	11.7
2021-03-11 11:36:48.0	Ana2 - 2: T.Zuluft	16.0
2021-03-11 11:36:48.0	Ana3 - 3: T.Abluft	18.7
2021-03-11 11:36:48.0	Ana4 - 4: T.Fortluft	14.4
2021-03-11 11:36:48.0	Ana5 - 5: T.Raum	9999.9
2021-03-11 11:36:48.0	Ana9 - 9: T.Zuluft WRG warm	18.2
2021-03-11 11:36:58.0	Ana1 - 1: T.Au?en	11.9
2021-03-11 11:36:58.0	Ana2 - 2: T.Zuluft	16.0
2021-03-11 11:36:58.0	Ana3 - 3: T.Abluft	18.8
2021-03-11 11:36:58.0	Ana4 - 4: T.Fortluft	14.4
2021-03-11 11:36:58.0	Ana5 - 5: T.Raum	9999.9
2021-03-11 11:36:58.0	Ana9 - 9: T.Zuluft WRG warm	18.2
2021-03-11 11:37:08.0	Ana1 - 1: T.Au?en	12.0
2021-03-11 11:37:08.0	Ana2 - 2: T.Zuluft	16.0
2021-03-11 11:37:08.0	Ana3 - 3: T.Abluft	18.8
2021-03-11 11:37:08.0	Ana4 - 4: T.Fortluft	14.4
2021-03-11 11:37:08.0	Ana5 - 5: T.Raum	9999.9
2021-03-11 11:37:08.0	Ana9 - 9: T.Zuluft WRG warm	18.2
2021-03-11 11:37:18.0	Ana1 - 1: T.Au?en	12.0
2021-03-11 11:37:18.0	Ana2 - 2: T.Zuluft	16.0
2021-03-11 11:37:18.0	Ana3 - 3: T.Abluft	18.8
2021-03-11 11:37:18.0	Ana4 - 4: T.Fortluft	14.4
2021-03-11 11:37:18.0	Ana5 - 5: T.Raum	9999.9
2021-03-11 11:37:18.0	Ana9 - 9: T.Zuluft WRG warm	18.2
2021-03-11 11:37:28.0	Ana1 - 1: T.Au?en	11.8
2021-03-11 11:37:28.0	Ana2 - 2: T.Zuluft	16.0
2021-03-11 11:37:28.0	Ana3 - 3: T.Abluft	18.8
2021-03-11 11:37:28.0	Ana4 - 4: T.Fortluft	14.4
2021-03-11 11:37:28.0	Ana5 - 5: T.Raum	9999.9
2021-03-11 11:37:28.0	Ana9 - 9: T.Zuluft WRG warm	18.2
2021-03-11 11:37:38.0	Ana1 - 1: T.Au?en	11.5
2021-03-11 11:37:38.0	Ana2 - 2: T.Zuluft	16.0
2021-03-11 11:37:38.0	Ana3 - 3: T.Abluft	18.8
2021-03-11 11:37:38.0	Ana4 - 4: T.Fortluft	14.4
2021-03-11 11:37:38.0	Ana5 - 5: T.Raum	9999.9
2021-03-11 11:37:38.0	Ana9 - 9: T.Zuluft WRG warm	18.2
2021-03-11 11:37:48.0	Ana1 - 1: T.Au?en	11.2
2021-03-11 11:37:48.0	Ana2 - 2: T.Zuluft	16.0
2021-03-11 11:37:48.0	Ana3 - 3: T.Abluft	18.8
2021-03-11 11:37:48.0	Ana4 - 4: T.Fortluft	14.4
2021-03-11 11:37:48.0	Ana5 - 5: T.Raum	9999.9
2021-03-11 11:37:48.0	Ana9 - 9: T.Zuluft WRG warm	18.2
2021-03-11 11:37:58.0	Ana1 - 1: T.Au?en	11.2
2021-03-11 11:37:58.0	Ana2 - 2: T.Zuluft	16.0
2021-03-11 11:37:58.0	Ana3 - 3: T.Abluft	18.8
2021-03-11 11:37:58.0	Ana4 - 4: T.Fortluft	14.4
2021-03-11 11:37:58.0	Ana5 - 5: T.Raum	9999.9
2021-03-11 11:37:58.0	Ana9 - 9: T.Zuluft WRG warm	18.2
2021-03-11 11:38:08.0	Ana1 - 1: T.Au?en	11.2
2021-03-11 11:38:08.0	Ana2 - 2: T.Zuluft	16.0
2021-03-11 11:38:08.0	Ana3 - 3: T.Abluft	18.8
2021-03-11 11:38:08.0	Ana4 - 4: T.Fortluft	14.4
2021-03-11 11:38:08.0	Ana5 - 5: T.Raum	9999.9
2021-03-11 11:38:08.0	Ana9 - 9: T.Zuluft WRG warm	18.2
2021-03-11 11:38:18.0	Ana1 - 1: T.Au?en	11.3
2021-03-11 11:38:18.0	Ana2 - 2: T.Zuluft	16.0
2021-03-11 11:38:18.0	Ana3 - 3: T.Abluft	18.8
2021-03-11 11:38:18.0	Ana4 - 4: T.Fortluft	14.4
2021-03-11 11:38:18.0	Ana5 - 5: T.Raum	9999.9
2021-03-11 11:38:18.0	Ana9 - 9: T.Zuluft WRG warm	18.2
2021-03-11 11:38:28.0	Ana1 - 1: T.Au?en	11.3
2021-03-11 11:38:28.0	Ana2 - 2: T.Zuluft	16.0
2021-03-11 11:38:28.0	Ana3 - 3: T.Abluft	18.8
2021-03-11 11:38:28.0	Ana4 - 4: T.Fortluft	14.4
2021-03-11 11:38:28.0	Ana5 - 5: T.Raum	9999.9
2021-03-11 11:38:28.0	Ana9 - 9: T.Zuluft WRG warm	18.2
2021-03-11 11:38:38.0	Ana1 - 1: T.Au?en	11.2
2021-03-11 11:38:38.0	Ana2 - 2: T.Zuluft	16.0
2021-03-11 11:38:38.0	Ana3 - 3: T.Abluft	18.8
2021-03-11 11:38:38.0	Ana4 - 4: T.Fortluft	14.4
2021-03-11 11:38:38.0	Ana5 - 5: T.Raum	9999.9
2021-03-11 11:38:38.0	Ana9 - 9: T.Zuluft WRG warm	18.2
2021-03-11 11:38:48.0	Ana1 - 1: T.Au?en	11.2
2021-03-11 11:38:48.0	Ana2 - 2: T.Zuluft	16.0
2021-03-11 11:38:48.0	Ana3 - 3: T.Abluft	18.8
2021-03-11 11:38:48.0	Ana4 - 4: T.Fortluft	14.4
2021-03-11 11:38:48.0	Ana5 - 5: T.Raum	9999.9
2021-03-11 11:38:48.0	Ana9 - 9: T.Zuluft WRG warm	18.2
2021-03-11 11:38:58.0	Ana1 - 1: T.Au?en	11.2
2021-03-11 11:38:58.0	Ana2 - 2: T.Zuluft	16.0
2021-03-11 11:38:58.0	Ana3 - 3: T.Abluft	18.8
2021-03-11 11:38:58.0	Ana4 - 4: T.Fortluft	14.4
2021-03-11 11:38:58.0	Ana5 - 5: T.Raum	9999.9
2021-03-11 11:38:58.0	Ana9 - 9: T.Zuluft WRG warm	18.2
2021-03-11 11:39:08.0	Ana1 - 1: T.Au?en	11.2
2021-03-11 11:39:08.0	Ana2 - 2: T.Zuluft	16.1
2021-03-11 11:39:08.0	Ana3 - 3: T.Abluft	18.8
2021-03-11 11:39:08.0	Ana4 - 4: T.Fortluft	14.4
2021-03-11 11:39:08.0	Ana5 - 5: T.Raum	9999.9
2021-03-11 11:39:08.0	Ana9 - 9: T.Zuluft WRG warm	18.2
2021-03-11 11:39:18.0	Ana1 - 1: T.Au?en	11.4
2021-03-11 11:39:18.0	Ana2 - 2: T.Zuluft	16.1
2021-03-11 11:39:18.0	Ana3 - 3: T.Abluft	18.8
2021-03-11 11:39:18.0	Ana4 - 4: T.Fortluft	14.4
2021-03-11 11:39:18.0	Ana5 - 5: T.Raum	9999.9
2021-03-11 11:39:18.0	Ana9 - 9: T.Zuluft WRG warm	18.2
2021-03-11 11:39:28.0	Ana1 - 1: T.Au?en	11.4
2021-03-11 11:39:28.0	Ana2 - 2: T.Zuluft	16.1
2021-03-11 11:39:28.0	Ana3 - 3: T.Abluft	18.8
2021-03-11 11:39:28.0	Ana4 - 4: T.Fortluft	14.4
2021-03-11 11:39:28.0	Ana5 - 5: T.Raum	9999.9
2021-03-11 11:39:28.0	Ana9 - 9: T.Zuluft WRG warm	18.2
2021-03-11 11:39:38.0	Ana1 - 1: T.Au?en	11.5
2021-03-11 11:39:38.0	Ana2 - 2: T.Zuluft	16.1
2021-03-11 11:39:38.0	Ana3 - 3: T.Abluft	18.8
2021-03-11 11:39:38.0	Ana4 - 4: T.Fortluft	14.4
2021-03-11 11:39:38.0	Ana5 - 5: T.Raum	9999.9
2021-03-11 11:39:38.0	Ana9 - 9: T.Zuluft WRG warm	18.2
2021-03-11 11:39:48.0	Ana1 - 1: T.Au?en	11.7
2021-03-11 11:39:48.0	Ana2 - 2: T.Zuluft	16.1
2021-03-11 11:39:48.0	Ana3 - 3: T.Abluft	18.8
2021-03-11 11:39:48.0	Ana4 - 4: T.Fortluft	14.4
2021-03-11 11:39:48.0	Ana5 - 5: T.Raum	9999.9
2021-03-11 11:39:48.0	Ana9 - 9: T.Zuluft WRG warm	18.2
2021-03-11 11:39:58.0	Ana1 - 1: T.Au?en	11.8
2021-03-11 11:39:58.0	Ana2 - 2: T.Zuluft	16.1
2021-03-11 11:39:58.0	Ana3 - 3: T.Abluft	18.8
2021-03-11 11:39:58.0	Ana4 - 4: T.Fortluft	14.4
2021-03-11 11:39:58.0	Ana5 - 5: T.Raum	9999.9
2021-03-11 11:39:58.0	Ana9 - 9: T.Zuluft WRG warm	18.2
2021-03-11 11:40:08.0	Ana1 - 1: T.Au?en	11.8
2021-03-11 11:40:08.0	Ana2 - 2: T.Zuluft	16.1
2021-03-11 11:40:08.0	Ana3 - 3: T.Abluft	18.8
2021-03-11 11:40:08.0	Ana4 - 4: T.Fortluft	14.4
2021-03-11 11:40:08.0	Ana5 - 5: T.Raum	9999.9
2021-03-11 11:40:08.0	Ana9 - 9: T.Zuluft WRG warm	18.2
2021-03-11 11:40:18.0	Ana1 - 1: T.Au?en	11.6
2021-03-11 11:40:18.0	Ana2 - 2: T.Zuluft	16.1
2021-03-11 11:40:18.0	Ana3 - 3: T.Abluft	18.8
2021-03-11 11:40:18.0	Ana4 - 4: T.Fortluft	14.4
2021-03-11 11:40:18.0	Ana5 - 5: T.Raum	9999.9
2021-03-11 11:40:18.0	Ana9 - 9: T.Zuluft WRG warm	18.2
2021-03-11 11:40:28.0	Ana1 - 1: T.Au?en	11.5
2021-03-11 11:40:28.0	Ana2 - 2: T.Zuluft	16.1
2021-03-11 11:40:28.0	Ana3 - 3: T.Abluft	18.9
2021-03-11 11:40:28.0	Ana4 - 4: T.Fortluft	14.4
2021-03-11 11:40:28.0	Ana5 - 5: T.Raum	9999.9
2021-03-11 11:40:28.0	Ana9 - 9: T.Zuluft WRG warm	18.2
2021-03-11 11:40:38.0	Ana1 - 1: T.Au?en	11.6
2021-03-11 11:40:38.0	Ana2 - 2: T.Zuluft	16.1
2021-03-11 11:40:38.0	Ana3 - 3: T.Abluft	18.9
2021-03-11 11:40:38.0	Ana4 - 4: T.Fortluft	14.4
2021-03-11 11:40:38.0	Ana5 - 5: T.Raum	9999.9
2021-03-11 11:40:38.0	Ana9 - 9: T.Zuluft WRG warm	18.2
2021-03-11 11:40:48.0	Ana1 - 1: T.Au?en	11.6
2021-03-11 11:40:48.0	Ana2 - 2: T.Zuluft	16.1
2021-03-11 11:40:48.0	Ana3 - 3: T.Abluft	18.9
2021-03-11 11:40:48.0	Ana4 - 4: T.Fortluft	14.5
2021-03-11 11:40:48.0	Ana5 - 5: T.Raum	9999.9
2021-03-11 11:40:48.0	Ana9 - 9: T.Zuluft WRG warm	18.2
2021-03-11 11:40:58.0	Ana1 - 1: T.Au?en	11.5
2021-03-11 11:40:58.0	Ana2 - 2: T.Zuluft	16.1
2021-03-11 11:40:58.0	Ana3 - 3: T.Abluft	18.9
2021-03-11 11:40:58.0	Ana4 - 4: T.Fortluft	14.5
2021-03-11 11:40:58.0	Ana5 - 5: T.Raum	9999.9
2021-03-11 11:40:58.0	Ana9 - 9: T.Zuluft WRG warm	18.2
2021-03-11 11:41:08.0	Ana1 - 1: T.Au?en	11.5
2021-03-11 11:41:08.0	Ana2 - 2: T.Zuluft	16.1
2021-03-11 11:41:08.0	Ana3 - 3: T.Abluft	18.9
2021-03-11 11:41:08.0	Ana4 - 4: T.Fortluft	14.5
2021-03-11 11:41:08.0	Ana5 - 5: T.Raum	9999.9
2021-03-11 11:41:08.0	Ana9 - 9: T.Zuluft WRG warm	18.2
2021-03-11 11:41:18.0	Ana1 - 1: T.Au?en	11.5
2021-03-11 11:41:18.0	Ana2 - 2: T.Zuluft	16.1
2021-03-11 11:41:18.0	Ana3 - 3: T.Abluft	18.9
2021-03-11 11:41:18.0	Ana4 - 4: T.Fortluft	14.5
2021-03-11 11:41:18.0	Ana5 - 5: T.Raum	9999.9
2021-03-11 11:41:18.0	Ana9 - 9: T.Zuluft WRG warm	18.2
2021-03-11 11:41:28.0	Ana1 - 1: T.Au?en	11.4
2021-03-11 11:41:28.0	Ana2 - 2: T.Zuluft	16.1
2021-03-11 11:41:28.0	Ana3 - 3: T.Abluft	18.9
2021-03-11 11:41:28.0	Ana4 - 4: T.Fortluft	14.5
2021-03-11 11:41:28.0	Ana5 - 5: T.Raum	9999.9
2021-03-11 11:41:28.0	Ana9 - 9: T.Zuluft WRG warm	18.2
2021-03-11 11:41:38.0	Ana1 - 1: T.Au?en	11.4
2021-03-11 11:41:38.0	Ana2 - 2: T.Zuluft	16.1
2021-03-11 11:41:38.0	Ana3 - 3: T.Abluft	18.9
2021-03-11 11:41:38.0	Ana4 - 4: T.Fortluft	14.5
2021-03-11 11:41:38.0	Ana5 - 5: T.Raum	9999.9
2021-03-11 11:41:38.0	Ana9 - 9: T.Zuluft WRG warm	18.2
2021-03-11 11:41:48.0	Ana1 - 1: T.Au?en	11.3
2021-03-11 11:41:48.0	Ana2 - 2: T.Zuluft	16.1
2021-03-11 11:41:48.0	Ana3 - 3: T.Abluft	18.9
2021-03-11 11:41:48.0	Ana4 - 4: T.Fortluft	14.5
2021-03-11 11:41:48.0	Ana5 - 5: T.Raum	9999.9
2021-03-11 11:41:48.0	Ana9 - 9: T.Zuluft WRG warm	18.2
2021-03-11 11:41:58.0	Ana1 - 1: T.Au?en	11.3
2021-03-11 11:41:58.0	Ana2 - 2: T.Zuluft	16.1
2021-03-11 11:41:58.0	Ana3 - 3: T.Abluft	18.9
2021-03-11 11:41:58.0	Ana4 - 4: T.Fortluft	14.5
2021-03-11 11:41:58.0	Ana5 - 5: T.Raum	9999.9
2021-03-11 11:41:58.0	Ana9 - 9: T.Zuluft WRG warm	18.2
2021-03-11 11:42:08.0	Ana1 - 1: T.Au?en	11.4
2021-03-11 11:42:08.0	Ana2 - 2: T.Zuluft	16.2
2021-03-11 11:42:08.0	Ana3 - 3: T.Abluft	18.9
2021-03-11 11:42:08.0	Ana4 - 4: T.Fortluft	14.5
2021-03-11 11:42:08.0	Ana5 - 5: T.Raum	9999.9
2021-03-11 11:42:08.0	Ana9 - 9: T.Zuluft WRG warm	18.2
2021-03-11 11:42:18.0	Ana1 - 1: T.Au?en	11.3
2021-03-11 11:42:18.0	Ana2 - 2: T.Zuluft	16.2
2021-03-11 11:42:18.0	Ana3 - 3: T.Abluft	18.9
2021-03-11 11:42:18.0	Ana4 - 4: T.Fortluft	14.5
2021-03-11 11:42:18.0	Ana5 - 5: T.Raum	9999.9
2021-03-11 11:42:18.0	Ana9 - 9: T.Zuluft WRG warm	18.2
2021-03-11 11:42:28.0	Ana1 - 1: T.Au?en	11.3
2021-03-11 11:42:28.0	Ana2 - 2: T.Zuluft	16.2
2021-03-11 11:42:28.0	Ana3 - 3: T.Abluft	18.9
2021-03-11 11:42:28.0	Ana4 - 4: T.Fortluft	14.5
2021-03-11 11:42:28.0	Ana5 - 5: T.Raum	9999.9
2021-03-11 11:42:28.0	Ana9 - 9: T.Zuluft WRG warm	18.2
2021-03-11 11:42:38.0	Ana1 - 1: T.Au?en	11.3
2021-03-11 11:42:38.0	Ana2 - 2: T.Zuluft	16.2
2021-03-11 11:42:38.0	Ana3 - 3: T.Abluft	18.9
2021-03-11 11:42:38.0	Ana4 - 4: T.Fortluft	14.5
2021-03-11 11:42:38.0	Ana5 - 5: T.Raum	9999.9
2021-03-11 11:42:38.0	Ana9 - 9: T.Zuluft WRG warm	18.2
2021-03-11 11:42:48.0	Ana1 - 1: T.Au?en	11.3
2021-03-11 11:42:48.0	Ana2 - 2: T.Zuluft	16.2
2021-03-11 11:42:48.0	Ana3 - 3: T.Abluft	18.9
2021-03-11 11:42:48.0	Ana4 - 4: T.Fortluft	14.5
2021-03-11 11:42:48.0	Ana5 - 5: T.Raum	9999.9
2021-03-11 11:42:48.0	Ana9 - 9: T.Zuluft WRG warm	18.2
2021-03-11 11:42:58.0	Ana1 - 1: T.Au?en	11.4
2021-03-11 11:42:58.0	Ana2 - 2: T.Zuluft	16.2
2021-03-11 11:42:58.0	Ana3 - 3: T.Abluft	18.9
2021-03-11 11:42:58.0	Ana4 - 4: T.Fortluft	14.5
2021-03-11 11:42:58.0	Ana5 - 5: T.Raum	9999.9
2021-03-11 11:42:58.0	Ana9 - 9: T.Zuluft WRG warm	18.2
2021-03-11 11:43:08.0	Ana1 - 1: T.Au?en	11.4
2021-03-11 11:43:08.0	Ana2 - 2: T.Zuluft	16.2
2021-03-11 11:43:08.0	Ana3 - 3: T.Abluft	18.9
2021-03-11 11:43:08.0	Ana4 - 4: T.Fortluft	14.5
2021-03-11 11:43:08.0	Ana5 - 5: T.Raum	9999.9
2021-03-11 11:43:08.0	Ana9 - 9: T.Zuluft WRG warm	18.3
2021-03-11 11:43:18.0	Ana1 - 1: T.Au?en	11.5
2021-03-11 11:43:18.0	Ana2 - 2: T.Zuluft	16.2
2021-03-11 11:43:18.0	Ana3 - 3: T.Abluft	18.9
2021-03-11 11:43:18.0	Ana4 - 4: T.Fortluft	14.5
2021-03-11 11:43:18.0	Ana5 - 5: T.Raum	9999.9
2021-03-11 11:43:18.0	Ana9 - 9: T.Zuluft WRG warm	18.3
2021-03-11 11:43:28.0	Ana1 - 1: T.Au?en	11.6
2021-03-11 11:43:28.0	Ana2 - 2: T.Zuluft	16.2
2021-03-11 11:43:28.0	Ana3 - 3: T.Abluft	18.9
2021-03-11 11:43:28.0	Ana4 - 4: T.Fortluft	14.5
2021-03-11 11:43:28.0	Ana5 - 5: T.Raum	9999.9
2021-03-11 11:43:28.0	Ana9 - 9: T.Zuluft WRG warm	18.3
2021-03-11 11:43:38.0	Ana1 - 1: T.Au?en	11.6
2021-03-11 11:43:38.0	Ana2 - 2: T.Zuluft	16.2
2021-03-11 11:43:38.0	Ana3 - 3: T.Abluft	18.9
2021-03-11 11:43:38.0	Ana4 - 4: T.Fortluft	14.5
2021-03-11 11:43:38.0	Ana5 - 5: T.Raum	9999.9
2021-03-11 11:43:38.0	Ana9 - 9: T.Zuluft WRG warm	18.3
2021-03-11 11:43:48.0	Ana1 - 1: T.Au?en	11.6
2021-03-11 11:43:48.0	Ana2 - 2: T.Zuluft	16.2
2021-03-11 11:43:48.0	Ana3 - 3: T.Abluft	18.9
2021-03-11 11:43:48.0	Ana4 - 4: T.Fortluft	14.5
2021-03-11 11:43:48.0	Ana5 - 5: T.Raum	9999.9
2021-03-11 11:43:48.0	Ana9 - 9: T.Zuluft WRG warm	18.3
2021-03-11 11:43:58.0	Ana1 - 1: T.Au?en	11.5
2021-03-11 11:43:58.0	Ana2 - 2: T.Zuluft	16.2
2021-03-11 11:43:58.0	Ana3 - 3: T.Abluft	18.9
2021-03-11 11:43:58.0	Ana4 - 4: T.Fortluft	14.5
2021-03-11 11:43:58.0	Ana5 - 5: T.Raum	9999.9
2021-03-11 11:43:58.0	Ana9 - 9: T.Zuluft WRG warm	18.3
2021-03-11 11:44:08.0	Ana1 - 1: T.Au?en	11.4
2021-03-11 11:44:08.0	Ana2 - 2: T.Zuluft	16.2
2021-03-11 11:44:08.0	Ana3 - 3: T.Abluft	18.9
2021-03-11 11:44:08.0	Ana4 - 4: T.Fortluft	14.5
2021-03-11 11:44:08.0	Ana5 - 5: T.Raum	9999.9
2021-03-11 11:44:08.0	Ana9 - 9: T.Zuluft WRG warm	18.3
2021-03-11 11:44:18.0	Ana1 - 1: T.Au?en	11.6
2021-03-11 11:44:18.0	Ana2 - 2: T.Zuluft	16.2
2021-03-11 11:44:18.0	Ana3 - 3: T.Abluft	18.9
2021-03-11 11:44:18.0	Ana4 - 4: T.Fortluft	14.5
2021-03-11 11:44:18.0	Ana5 - 5: T.Raum	9999.9
2021-03-11 11:44:18.0	Ana9 - 9: T.Zuluft WRG warm	18.3
2021-03-11 11:44:28.0	Ana1 - 1: T.Au?en	11.8
2021-03-11 11:44:28.0	Ana2 - 2: T.Zuluft	16.2
2021-03-11 11:44:28.0	Ana3 - 3: T.Abluft	18.9
2021-03-11 11:44:28.0	Ana4 - 4: T.Fortluft	14.6
2021-03-11 11:44:28.0	Ana5 - 5: T.Raum	9999.9
2021-03-11 11:44:28.0	Ana9 - 9: T.Zuluft WRG warm	18.3
2021-03-11 11:44:38.0	Ana1 - 1: T.Au?en	11.7
2021-03-11 11:44:38.0	Ana2 - 2: T.Zuluft	16.2
2021-03-11 11:44:38.0	Ana3 - 3: T.Abluft	18.9
2021-03-11 11:44:38.0	Ana4 - 4: T.Fortluft	14.6
2021-03-11 11:44:38.0	Ana5 - 5: T.Raum	9999.9
2021-03-11 11:44:38.0	Ana9 - 9: T.Zuluft WRG warm	18.3
2021-03-11 11:44:48.0	Ana1 - 1: T.Au?en	11.6
2021-03-11 11:44:48.0	Ana2 - 2: T.Zuluft	16.2
2021-03-11 11:44:48.0	Ana3 - 3: T.Abluft	18.9
2021-03-11 11:44:48.0	Ana4 - 4: T.Fortluft	14.6
2021-03-11 11:44:48.0	Ana5 - 5: T.Raum	9999.9
2021-03-11 11:44:48.0	Ana9 - 9: T.Zuluft WRG warm	18.3
2021-03-11 11:44:58.0	Ana1 - 1: T.Au?en	11.6
2021-03-11 11:44:58.0	Ana2 - 2: T.Zuluft	16.2
2021-03-11 11:44:58.0	Ana3 - 3: T.Abluft	18.9
2021-03-11 11:44:58.0	Ana4 - 4: T.Fortluft	14.6
2021-03-11 11:44:58.0	Ana5 - 5: T.Raum	9999.9
2021-03-11 11:44:58.0	Ana9 - 9: T.Zuluft WRG warm	18.3
2021-03-11 11:45:08.0	Ana1 - 1: T.Au?en	11.7
2021-03-11 11:45:08.0	Ana2 - 2: T.Zuluft	16.2
2021-03-11 11:45:08.0	Ana3 - 3: T.Abluft	18.9
2021-03-11 11:45:08.0	Ana4 - 4: T.Fortluft	14.6
2021-03-11 11:45:08.0	Ana5 - 5: T.Raum	9999.9
2021-03-11 11:45:08.0	Ana9 - 9: T.Zuluft WRG warm	18.3
2021-03-11 11:45:18.0	Ana1 - 1: T.Au?en	11.6
2021-03-11 11:45:18.0	Ana2 - 2: T.Zuluft	16.2
2021-03-11 11:45:18.0	Ana3 - 3: T.Abluft	18.9
2021-03-11 11:45:18.0	Ana4 - 4: T.Fortluft	14.6
2021-03-11 11:45:18.0	Ana5 - 5: T.Raum	9999.9
2021-03-11 11:45:18.0	Ana9 - 9: T.Zuluft WRG warm	18.3
2021-03-11 11:45:28.0	Ana1 - 1: T.Au?en	11.5
2021-03-11 11:45:28.0	Ana2 - 2: T.Zuluft	16.2
2021-03-11 11:45:28.0	Ana3 - 3: T.Abluft	18.9
2021-03-11 11:45:28.0	Ana4 - 4: T.Fortluft	14.6
2021-03-11 11:45:28.0	Ana5 - 5: T.Raum	9999.9
2021-03-11 11:45:28.0	Ana9 - 9: T.Zuluft WRG warm	18.3
2021-03-11 11:45:38.0	Ana1 - 1: T.Au?en	11.4
2021-03-11 11:45:38.0	Ana2 - 2: T.Zuluft	16.2
2021-03-11 11:45:38.0	Ana3 - 3: T.Abluft	19.0
2021-03-11 11:45:38.0	Ana4 - 4: T.Fortluft	14.6
2021-03-11 11:45:38.0	Ana5 - 5: T.Raum	9999.9
2021-03-11 11:45:38.0	Ana9 - 9: T.Zuluft WRG warm	18.3
2021-03-11 11:45:48.0	Ana1 - 1: T.Au?en	11.3
2021-03-11 11:45:48.0	Ana2 - 2: T.Zuluft	16.3
2021-03-11 11:45:48.0	Ana3 - 3: T.Abluft	18.9
2021-03-11 11:45:48.0	Ana4 - 4: T.Fortluft	14.6
2021-03-11 11:45:48.0	Ana5 - 5: T.Raum	9999.9
2021-03-11 11:45:48.0	Ana9 - 9: T.Zuluft WRG warm	18.3
2021-03-11 11:45:58.0	Ana1 - 1: T.Au?en	11.3
2021-03-11 11:45:58.0	Ana2 - 2: T.Zuluft	16.3
2021-03-11 11:45:58.0	Ana3 - 3: T.Abluft	19.0
2021-03-11 11:45:58.0	Ana4 - 4: T.Fortluft	14.6
2021-03-11 11:45:58.0	Ana5 - 5: T.Raum	9999.9
2021-03-11 11:45:58.0	Ana9 - 9: T.Zuluft WRG warm	18.3
2021-03-11 11:46:08.0	Ana1 - 1: T.Au?en	11.2
2021-03-11 11:46:08.0	Ana2 - 2: T.Zuluft	16.3
2021-03-11 11:46:08.0	Ana3 - 3: T.Abluft	19.0
2021-03-11 11:46:08.0	Ana4 - 4: T.Fortluft	14.6
2021-03-11 11:46:08.0	Ana5 - 5: T.Raum	9999.9
2021-03-11 11:46:08.0	Ana9 - 9: T.Zuluft WRG warm	18.3
2021-03-11 11:46:18.0	Ana1 - 1: T.Au?en	11.4
2021-03-11 11:46:18.0	Ana2 - 2: T.Zuluft	16.3
2021-03-11 11:46:18.0	Ana3 - 3: T.Abluft	19.0
2021-03-11 11:46:18.0	Ana4 - 4: T.Fortluft	14.6
2021-03-11 11:46:18.0	Ana5 - 5: T.Raum	9999.9
2021-03-11 11:46:18.0	Ana9 - 9: T.Zuluft WRG warm	18.3
2021-03-11 11:46:28.0	Ana1 - 1: T.Au?en	11.5
2021-03-11 11:46:28.0	Ana2 - 2: T.Zuluft	16.3
2021-03-11 11:46:28.0	Ana3 - 3: T.Abluft	19.0
2021-03-11 11:46:28.0	Ana4 - 4: T.Fortluft	14.6
2021-03-11 11:46:28.0	Ana5 - 5: T.Raum	9999.9
2021-03-11 11:46:28.0	Ana9 - 9: T.Zuluft WRG warm	18.3
2021-03-11 11:46:38.0	Ana1 - 1: T.Au?en	11.5
2021-03-11 11:46:38.0	Ana2 - 2: T.Zuluft	16.3
2021-03-11 11:46:38.0	Ana3 - 3: T.Abluft	19.0
2021-03-11 11:46:38.0	Ana4 - 4: T.Fortluft	14.6
2021-03-11 11:46:38.0	Ana5 - 5: T.Raum	9999.9
2021-03-11 11:46:38.0	Ana9 - 9: T.Zuluft WRG warm	18.3
2021-03-11 11:46:48.0	Ana1 - 1: T.Au?en	11.4
2021-03-11 11:46:48.0	Ana2 - 2: T.Zuluft	16.3
2021-03-11 11:46:48.0	Ana3 - 3: T.Abluft	19.0
2021-03-11 11:46:48.0	Ana4 - 4: T.Fortluft	14.6
2021-03-11 11:46:48.0	Ana5 - 5: T.Raum	9999.9
2021-03-11 11:46:48.0	Ana9 - 9: T.Zuluft WRG warm	18.3
2021-03-11 11:46:58.0	Ana1 - 1: T.Au?en	11.4
2021-03-11 11:46:58.0	Ana2 - 2: T.Zuluft	16.3
2021-03-11 11:46:58.0	Ana3 - 3: T.Abluft	19.0
2021-03-11 11:46:58.0	Ana4 - 4: T.Fortluft	14.6
2021-03-11 11:46:58.0	Ana5 - 5: T.Raum	9999.9
2021-03-11 11:46:58.0	Ana9 - 9: T.Zuluft WRG warm	18.3
2021-03-11 11:47:08.0	Ana1 - 1: T.Au?en	11.4
2021-03-11 11:47:08.0	Ana2 - 2: T.Zuluft	16.3
2021-03-11 11:47:08.0	Ana3 - 3: T.Abluft	19.0
2021-03-11 11:47:08.0	Ana4 - 4: T.Fortluft	14.6
2021-03-11 11:47:08.0	Ana5 - 5: T.Raum	9999.9
2021-03-11 11:47:08.0	Ana9 - 9: T.Zuluft WRG warm	18.3
2021-03-11 11:47:18.0	Ana1 - 1: T.Au?en	11.5
2021-03-11 11:47:18.0	Ana2 - 2: T.Zuluft	16.3
2021-03-11 11:47:18.0	Ana3 - 3: T.Abluft	19.0
2021-03-11 11:47:18.0	Ana4 - 4: T.Fortluft	14.6
2021-03-11 11:47:18.0	Ana5 - 5: T.Raum	9999.9
2021-03-11 11:47:18.0	Ana9 - 9: T.Zuluft WRG warm	18.3
2021-03-11 11:47:28.0	Ana1 - 1: T.Au?en	11.6
2021-03-11 11:47:28.0	Ana2 - 2: T.Zuluft	16.3
2021-03-11 11:47:28.0	Ana3 - 3: T.Abluft	19.0
2021-03-11 11:47:28.0	Ana4 - 4: T.Fortluft	14.7
2021-03-11 11:47:28.0	Ana5 - 5: T.Raum	9999.9
2021-03-11 11:47:28.0	Ana9 - 9: T.Zuluft WRG warm	18.3
2021-03-11 11:47:38.0	Ana1 - 1: T.Au?en	11.5
2021-03-11 11:47:38.0	Ana2 - 2: T.Zuluft	16.3
2021-03-11 11:47:38.0	Ana3 - 3: T.Abluft	19.0
2021-03-11 11:47:38.0	Ana4 - 4: T.Fortluft	14.7
2021-03-11 11:47:38.0	Ana5 - 5: T.Raum	9999.9
2021-03-11 11:47:38.0	Ana9 - 9: T.Zuluft WRG warm	18.3
2021-03-11 11:47:48.0	Ana1 - 1: T.Au?en	11.5
2021-03-11 11:47:48.0	Ana2 - 2: T.Zuluft	16.3
2021-03-11 11:47:48.0	Ana3 - 3: T.Abluft	19.0
2021-03-11 11:47:48.0	Ana4 - 4: T.Fortluft	14.7
2021-03-11 11:47:48.0	Ana5 - 5: T.Raum	9999.9
2021-03-11 11:47:48.0	Ana9 - 9: T.Zuluft WRG warm	18.3
2021-03-11 11:47:58.0	Ana1 - 1: T.Au?en	11.6
2021-03-11 11:47:58.0	Ana2 - 2: T.Zuluft	16.3
2021-03-11 11:47:58.0	Ana3 - 3: T.Abluft	19.0
2021-03-11 11:47:58.0	Ana4 - 4: T.Fortluft	14.7
2021-03-11 11:47:58.0	Ana5 - 5: T.Raum	9999.9
2021-03-11 11:47:58.0	Ana9 - 9: T.Zuluft WRG warm	18.3
2021-03-11 11:48:08.0	Ana1 - 1: T.Au?en	11.5
2021-03-11 11:48:08.0	Ana2 - 2: T.Zuluft	16.3
2021-03-11 11:48:08.0	Ana3 - 3: T.Abluft	19.0
2021-03-11 11:48:08.0	Ana4 - 4: T.Fortluft	14.7
2021-03-11 11:48:08.0	Ana5 - 5: T.Raum	9999.9
2021-03-11 11:48:08.0	Ana9 - 9: T.Zuluft WRG warm	18.3
2021-03-11 11:48:18.0	Ana1 - 1: T.Au?en	11.5
2021-03-11 11:48:18.0	Ana2 - 2: T.Zuluft	16.3
2021-03-11 11:48:18.0	Ana3 - 3: T.Abluft	19.0
2021-03-11 11:48:18.0	Ana4 - 4: T.Fortluft	14.7
2021-03-11 11:48:18.0	Ana5 - 5: T.Raum	9999.9
2021-03-11 11:48:18.0	Ana9 - 9: T.Zuluft WRG warm	18.3
2021-03-11 11:48:28.0	Ana1 - 1: T.Au?en	11.6
2021-03-11 11:48:28.0	Ana2 - 2: T.Zuluft	16.3
2021-03-11 11:48:28.0	Ana3 - 3: T.Abluft	19.0
2021-03-11 11:48:28.0	Ana4 - 4: T.Fortluft	14.7
2021-03-11 11:48:28.0	Ana5 - 5: T.Raum	9999.9
2021-03-11 11:48:28.0	Ana9 - 9: T.Zuluft WRG warm	18.3
2021-03-11 11:48:38.0	Ana1 - 1: T.Au?en	11.6
2021-03-11 11:48:38.0	Ana2 - 2: T.Zuluft	16.3
2021-03-11 11:48:38.0	Ana3 - 3: T.Abluft	19.0
2021-03-11 11:48:38.0	Ana4 - 4: T.Fortluft	14.7
2021-03-11 11:48:38.0	Ana5 - 5: T.Raum	9999.9
2021-03-11 11:48:38.0	Ana9 - 9: T.Zuluft WRG warm	18.3
2021-03-11 11:48:48.0	Ana1 - 1: T.Au?en	11.5
2021-03-11 11:48:48.0	Ana2 - 2: T.Zuluft	16.3
2021-03-11 11:48:48.0	Ana3 - 3: T.Abluft	19.0
2021-03-11 11:48:48.0	Ana4 - 4: T.Fortluft	14.7
2021-03-11 11:48:48.0	Ana5 - 5: T.Raum	9999.9
2021-03-11 11:48:48.0	Ana9 - 9: T.Zuluft WRG warm	18.3
2021-03-11 11:48:58.0	Ana1 - 1: T.Au?en	11.4
2021-03-11 11:48:58.0	Ana2 - 2: T.Zuluft	16.3
2021-03-11 11:48:58.0	Ana3 - 3: T.Abluft	19.0
2021-03-11 11:48:58.0	Ana4 - 4: T.Fortluft	14.7
2021-03-11 11:48:58.0	Ana5 - 5: T.Raum	9999.9
2021-03-11 11:48:58.0	Ana9 - 9: T.Zuluft WRG warm	18.3
2021-03-11 11:49:08.0	Ana1 - 1: T.Au?en	11.3
2021-03-11 11:49:08.0	Ana2 - 2: T.Zuluft	16.3
2021-03-11 11:49:08.0	Ana3 - 3: T.Abluft	19.0
2021-03-11 11:49:08.0	Ana4 - 4: T.Fortluft	14.7
2021-03-11 11:49:08.0	Ana5 - 5: T.Raum	9999.9
2021-03-11 11:49:08.0	Ana9 - 9: T.Zuluft WRG warm	18.4
2021-03-11 11:49:18.0	Ana1 - 1: T.Au?en	11.2
2021-03-11 11:49:18.0	Ana2 - 2: T.Zuluft	16.4
2021-03-11 11:49:18.0	Ana3 - 3: T.Abluft	19.0
2021-03-11 11:49:18.0	Ana4 - 4: T.Fortluft	14.7
2021-03-11 11:49:18.0	Ana5 - 5: T.Raum	9999.9
2021-03-11 11:49:18.0	Ana9 - 9: T.Zuluft WRG warm	18.4
2021-03-11 11:49:28.0	Ana1 - 1: T.Au?en	11.2
2021-03-11 11:49:28.0	Ana2 - 2: T.Zuluft	16.4
2021-03-11 11:49:28.0	Ana3 - 3: T.Abluft	19.0
2021-03-11 11:49:28.0	Ana4 - 4: T.Fortluft	14.7
2021-03-11 11:49:28.0	Ana5 - 5: T.Raum	9999.9
2021-03-11 11:49:28.0	Ana9 - 9: T.Zuluft WRG warm	18.4
2021-03-11 11:49:38.0	Ana1 - 1: T.Au?en	11.2
2021-03-11 11:49:38.0	Ana2 - 2: T.Zuluft	16.4
2021-03-11 11:49:38.0	Ana3 - 3: T.Abluft	19.0
2021-03-11 11:49:38.0	Ana4 - 4: T.Fortluft	14.7
2021-03-11 11:49:38.0	Ana5 - 5: T.Raum	9999.9
2021-03-11 11:49:38.0	Ana9 - 9: T.Zuluft WRG warm	18.4
2021-03-11 11:49:48.0	Ana1 - 1: T.Au?en	11.2
2021-03-11 11:49:48.0	Ana2 - 2: T.Zuluft	16.4
2021-03-11 11:49:48.0	Ana3 - 3: T.Abluft	19.0
2021-03-11 11:49:48.0	Ana4 - 4: T.Fortluft	14.7
2021-03-11 11:49:48.0	Ana5 - 5: T.Raum	9999.9
2021-03-11 11:49:48.0	Ana9 - 9: T.Zuluft WRG warm	18.4
2021-03-11 11:49:58.0	Ana1 - 1: T.Au?en	11.1
2021-03-11 11:49:58.0	Ana2 - 2: T.Zuluft	16.4
2021-03-11 11:49:58.0	Ana3 - 3: T.Abluft	19.0
2021-03-11 11:49:58.0	Ana4 - 4: T.Fortluft	14.7
2021-03-11 11:49:58.0	Ana5 - 5: T.Raum	9999.9
2021-03-11 11:49:58.0	Ana9 - 9: T.Zuluft WRG warm	18.4
2021-03-11 11:50:08.0	Ana1 - 1: T.Au?en	11.1
2021-03-11 11:50:08.0	Ana2 - 2: T.Zuluft	16.4
2021-03-11 11:50:08.0	Ana3 - 3: T.Abluft	19.0
2021-03-11 11:50:08.0	Ana4 - 4: T.Fortluft	14.7
2021-03-11 11:50:08.0	Ana5 - 5: T.Raum	9999.9
2021-03-11 11:50:08.0	Ana9 - 9: T.Zuluft WRG warm	18.4
2021-03-11 11:50:18.0	Ana1 - 1: T.Au?en	11.4
2021-03-11 11:50:18.0	Ana2 - 2: T.Zuluft	16.4
2021-03-11 11:50:18.0	Ana3 - 3: T.Abluft	19.0
2021-03-11 11:50:18.0	Ana4 - 4: T.Fortluft	14.7
2021-03-11 11:50:18.0	Ana5 - 5: T.Raum	9999.9
2021-03-11 11:50:18.0	Ana9 - 9: T.Zuluft WRG warm	18.4
2021-03-11 11:50:28.0	Ana1 - 1: T.Au?en	11.5
2021-03-11 11:50:28.0	Ana2 - 2: T.Zuluft	16.4
2021-03-11 11:50:28.0	Ana3 - 3: T.Abluft	19.0
2021-03-11 11:50:28.0	Ana4 - 4: T.Fortluft	14.7
2021-03-11 11:50:28.0	Ana5 - 5: T.Raum	9999.9
2021-03-11 11:50:28.0	Ana9 - 9: T.Zuluft WRG warm	18.4
2021-03-11 11:50:38.0	Ana1 - 1: T.Au?en	11.5
2021-03-11 11:50:38.0	Ana2 - 2: T.Zuluft	16.4
2021-03-11 11:50:38.0	Ana3 - 3: T.Abluft	19.0
2021-03-11 11:50:38.0	Ana4 - 4: T.Fortluft	14.7
2021-03-11 11:50:38.0	Ana5 - 5: T.Raum	9999.9
2021-03-11 11:50:38.0	Ana9 - 9: T.Zuluft WRG warm	18.4
2021-03-11 11:50:48.0	Ana1 - 1: T.Au?en	11.7
2021-03-11 11:50:48.0	Ana2 - 2: T.Zuluft	16.4
2021-03-11 11:50:48.0	Ana3 - 3: T.Abluft	19.0
2021-03-11 11:50:48.0	Ana4 - 4: T.Fortluft	14.7
2021-03-11 11:50:48.0	Ana5 - 5: T.Raum	9999.9
2021-03-11 11:50:48.0	Ana9 - 9: T.Zuluft WRG warm	18.4
2021-03-11 11:50:58.0	Ana1 - 1: T.Au?en	11.8
2021-03-11 11:50:58.0	Ana2 - 2: T.Zuluft	16.4
2021-03-11 11:50:58.0	Ana3 - 3: T.Abluft	19.0
2021-03-11 11:50:58.0	Ana4 - 4: T.Fortluft	14.7
2021-03-11 11:50:58.0	Ana5 - 5: T.Raum	9999.9
2021-03-11 11:50:58.0	Ana9 - 9: T.Zuluft WRG warm	18.4
2021-03-11 11:51:08.0	Ana1 - 1: T.Au?en	11.7
2021-03-11 11:51:08.0	Ana2 - 2: T.Zuluft	16.4
2021-03-11 11:51:08.0	Ana3 - 3: T.Abluft	19.0
2021-03-11 11:51:08.0	Ana4 - 4: T.Fortluft	14.7
2021-03-11 11:51:08.0	Ana5 - 5: T.Raum	9999.9
2021-03-11 11:51:08.0	Ana9 - 9: T.Zuluft WRG warm	18.4
2021-03-11 11:51:18.0	Ana1 - 1: T.Au?en	11.7
2021-03-11 11:51:18.0	Ana2 - 2: T.Zuluft	16.4
2021-03-11 11:51:18.0	Ana3 - 3: T.Abluft	19.0
2021-03-11 11:51:18.0	Ana4 - 4: T.Fortluft	14.8
2021-03-11 11:51:18.0	Ana5 - 5: T.Raum	9999.9
2021-03-11 11:51:18.0	Ana9 - 9: T.Zuluft WRG warm	18.4
2021-03-11 11:51:28.0	Ana1 - 1: T.Au?en	11.6
2021-03-11 11:51:28.0	Ana2 - 2: T.Zuluft	16.4
2021-03-11 11:51:28.0	Ana3 - 3: T.Abluft	19.0
2021-03-11 11:51:28.0	Ana4 - 4: T.Fortluft	14.8
2021-03-11 11:51:28.0	Ana5 - 5: T.Raum	9999.9
2021-03-11 11:51:28.0	Ana9 - 9: T.Zuluft WRG warm	18.4
2021-03-11 11:51:38.0	Ana1 - 1: T.Au?en	11.8
2021-03-11 11:51:38.0	Ana2 - 2: T.Zuluft	16.4
2021-03-11 11:51:38.0	Ana3 - 3: T.Abluft	19.0
2021-03-11 11:51:38.0	Ana4 - 4: T.Fortluft	14.8
2021-03-11 11:51:38.0	Ana5 - 5: T.Raum	9999.9
2021-03-11 11:51:38.0	Ana9 - 9: T.Zuluft WRG warm	18.4
2021-03-11 11:51:48.0	Ana1 - 1: T.Au?en	11.7
2021-03-11 11:51:48.0	Ana2 - 2: T.Zuluft	16.4
2021-03-11 11:51:48.0	Ana3 - 3: T.Abluft	19.0
2021-03-11 11:51:48.0	Ana4 - 4: T.Fortluft	14.8
2021-03-11 11:51:48.0	Ana5 - 5: T.Raum	9999.9
2021-03-11 11:51:48.0	Ana9 - 9: T.Zuluft WRG warm	18.4
2021-03-11 11:51:58.0	Ana1 - 1: T.Au?en	11.7
2021-03-11 11:51:58.0	Ana2 - 2: T.Zuluft	16.4
2021-03-11 11:51:58.0	Ana3 - 3: T.Abluft	19.0
2021-03-11 11:51:58.0	Ana4 - 4: T.Fortluft	14.8
2021-03-11 11:51:58.0	Ana5 - 5: T.Raum	9999.9
2021-03-11 11:51:58.0	Ana9 - 9: T.Zuluft WRG warm	18.4
2021-03-11 11:52:08.0	Ana1 - 1: T.Au?en	11.7
2021-03-11 11:52:08.0	Ana2 - 2: T.Zuluft	16.4
2021-03-11 11:52:08.0	Ana3 - 3: T.Abluft	19.0
2021-03-11 11:52:08.0	Ana4 - 4: T.Fortluft	14.8
2021-03-11 11:52:08.0	Ana5 - 5: T.Raum	9999.9
2021-03-11 11:52:08.0	Ana9 - 9: T.Zuluft WRG warm	18.4
2021-03-11 11:52:18.0	Ana1 - 1: T.Au?en	11.7
2021-03-11 11:52:18.0	Ana2 - 2: T.Zuluft	16.4
2021-03-11 11:52:18.0	Ana3 - 3: T.Abluft	19.1
2021-03-11 11:52:18.0	Ana4 - 4: T.Fortluft	14.8
2021-03-11 11:52:18.0	Ana5 - 5: T.Raum	9999.9
2021-03-11 11:52:18.0	Ana9 - 9: T.Zuluft WRG warm	18.4
2021-03-11 11:52:28.0	Ana1 - 1: T.Au?en	11.7
2021-03-11 11:52:28.0	Ana2 - 2: T.Zuluft	16.4
2021-03-11 11:52:28.0	Ana3 - 3: T.Abluft	19.1
2021-03-11 11:52:28.0	Ana4 - 4: T.Fortluft	14.8
2021-03-11 11:52:28.0	Ana5 - 5: T.Raum	9999.9
2021-03-11 11:52:28.0	Ana9 - 9: T.Zuluft WRG warm	18.4
2021-03-11 11:52:38.0	Ana1 - 1: T.Au?en	11.8
2021-03-11 11:52:38.0	Ana2 - 2: T.Zuluft	16.4
2021-03-11 11:52:38.0	Ana3 - 3: T.Abluft	19.1
2021-03-11 11:52:38.0	Ana4 - 4: T.Fortluft	14.8
2021-03-11 11:52:38.0	Ana5 - 5: T.Raum	9999.9
2021-03-11 11:52:38.0	Ana9 - 9: T.Zuluft WRG warm	18.4
2021-03-11 11:52:48.0	Ana1 - 1: T.Au?en	11.8
2021-03-11 11:52:48.0	Ana2 - 2: T.Zuluft	16.4
2021-03-11 11:52:48.0	Ana3 - 3: T.Abluft	19.1
2021-03-11 11:52:48.0	Ana4 - 4: T.Fortluft	14.8
2021-03-11 11:52:48.0	Ana5 - 5: T.Raum	9999.9
2021-03-11 11:52:48.0	Ana9 - 9: T.Zuluft WRG warm	18.4
2021-03-11 11:52:58.0	Ana1 - 1: T.Au?en	11.7
2021-03-11 11:52:58.0	Ana2 - 2: T.Zuluft	16.4
2021-03-11 11:52:58.0	Ana3 - 3: T.Abluft	19.1
2021-03-11 11:52:58.0	Ana4 - 4: T.Fortluft	14.8
2021-03-11 11:52:58.0	Ana5 - 5: T.Raum	9999.9
2021-03-11 11:52:58.0	Ana9 - 9: T.Zuluft WRG warm	18.4
2021-03-11 11:53:08.0	Ana1 - 1: T.Au?en	11.7
2021-03-11 11:53:08.0	Ana2 - 2: T.Zuluft	16.4
2021-03-11 11:53:08.0	Ana3 - 3: T.Abluft	19.1
2021-03-11 11:53:08.0	Ana4 - 4: T.Fortluft	14.8
2021-03-11 11:53:08.0	Ana5 - 5: T.Raum	9999.9
2021-03-11 11:53:08.0	Ana9 - 9: T.Zuluft WRG warm	18.4
2021-03-11 11:53:18.0	Ana1 - 1: T.Au?en	11.8
2021-03-11 11:53:18.0	Ana2 - 2: T.Zuluft	16.4
2021-03-11 11:53:18.0	Ana3 - 3: T.Abluft	19.1
2021-03-11 11:53:18.0	Ana4 - 4: T.Fortluft	14.8
2021-03-11 11:53:18.0	Ana5 - 5: T.Raum	9999.9
2021-03-11 11:53:18.0	Ana9 - 9: T.Zuluft WRG warm	18.4
2021-03-11 11:53:28.0	Ana1 - 1: T.Au?en	11.7
2021-03-11 11:53:28.0	Ana2 - 2: T.Zuluft	16.5
2021-03-11 11:53:28.0	Ana3 - 3: T.Abluft	19.1
2021-03-11 11:53:28.0	Ana4 - 4: T.Fortluft	14.8
2021-03-11 11:53:28.0	Ana5 - 5: T.Raum	9999.9
2021-03-11 11:53:28.0	Ana9 - 9: T.Zuluft WRG warm	18.4
2021-03-11 11:53:38.0	Ana1 - 1: T.Au?en	11.7
2021-03-11 11:53:38.0	Ana2 - 2: T.Zuluft	16.5
2021-03-11 11:53:38.0	Ana3 - 3: T.Abluft	19.1
2021-03-11 11:53:38.0	Ana4 - 4: T.Fortluft	14.8
2021-03-11 11:53:38.0	Ana5 - 5: T.Raum	9999.9
2021-03-11 11:53:38.0	Ana9 - 9: T.Zuluft WRG warm	18.4
2021-03-11 11:53:48.0	Ana1 - 1: T.Au?en	11.8
2021-03-11 11:53:48.0	Ana2 - 2: T.Zuluft	16.5
2021-03-11 11:53:48.0	Ana3 - 3: T.Abluft	19.1
2021-03-11 11:53:48.0	Ana4 - 4: T.Fortluft	14.8
2021-03-11 11:53:48.0	Ana5 - 5: T.Raum	9999.9
2021-03-11 11:53:48.0	Ana9 - 9: T.Zuluft WRG warm	18.4
2021-03-11 11:53:58.0	Ana1 - 1: T.Au?en	11.8
2021-03-11 11:53:58.0	Ana2 - 2: T.Zuluft	16.5
2021-03-11 11:53:58.0	Ana3 - 3: T.Abluft	19.1
2021-03-11 11:53:58.0	Ana4 - 4: T.Fortluft	14.8
2021-03-11 11:53:58.0	Ana5 - 5: T.Raum	9999.9
2021-03-11 11:53:58.0	Ana9 - 9: T.Zuluft WRG warm	18.4
2021-03-11 11:54:08.0	Ana1 - 1: T.Au?en	11.7
2021-03-11 11:54:08.0	Ana2 - 2: T.Zuluft	16.5
2021-03-11 11:54:08.0	Ana3 - 3: T.Abluft	19.1
2021-03-11 11:54:08.0	Ana4 - 4: T.Fortluft	14.8
2021-03-11 11:54:08.0	Ana5 - 5: T.Raum	9999.9
2021-03-11 11:54:08.0	Ana9 - 9: T.Zuluft WRG warm	18.4
2021-03-11 11:54:18.0	Ana1 - 1: T.Au?en	11.7
2021-03-11 11:54:18.0	Ana2 - 2: T.Zuluft	16.5
2021-03-11 11:54:18.0	Ana3 - 3: T.Abluft	19.1
2021-03-11 11:54:18.0	Ana4 - 4: T.Fortluft	14.9
2021-03-11 11:54:18.0	Ana5 - 5: T.Raum	9999.9
2021-03-11 11:54:18.0	Ana9 - 9: T.Zuluft WRG warm	18.4
2021-03-11 11:54:28.0	Ana1 - 1: T.Au?en	11.7
2021-03-11 11:54:28.0	Ana2 - 2: T.Zuluft	16.5
2021-03-11 11:54:28.0	Ana3 - 3: T.Abluft	19.1
2021-03-11 11:54:28.0	Ana4 - 4: T.Fortluft	14.9
2021-03-11 11:54:28.0	Ana5 - 5: T.Raum	9999.9
2021-03-11 11:54:28.0	Ana9 - 9: T.Zuluft WRG warm	18.4
2021-03-11 11:54:38.0	Ana1 - 1: T.Au?en	11.7
2021-03-11 11:54:38.0	Ana2 - 2: T.Zuluft	16.5
2021-03-11 11:54:38.0	Ana3 - 3: T.Abluft	19.1
2021-03-11 11:54:38.0	Ana4 - 4: T.Fortluft	14.9
2021-03-11 11:54:38.0	Ana5 - 5: T.Raum	9999.9
2021-03-11 11:54:38.0	Ana9 - 9: T.Zuluft WRG warm	18.4
2021-03-11 11:54:48.0	Ana1 - 1: T.Au?en	11.6
2021-03-11 11:54:48.0	Ana2 - 2: T.Zuluft	16.5
2021-03-11 11:54:48.0	Ana3 - 3: T.Abluft	19.1
2021-03-11 11:54:48.0	Ana4 - 4: T.Fortluft	14.8
2021-03-11 11:54:48.0	Ana5 - 5: T.Raum	9999.9
2021-03-11 11:54:48.0	Ana9 - 9: T.Zuluft WRG warm	18.4
2021-03-11 11:54:58.0	Ana1 - 1: T.Au?en	11.6
2021-03-11 11:54:58.0	Ana2 - 2: T.Zuluft	16.5
2021-03-11 11:54:58.0	Ana3 - 3: T.Abluft	19.1
2021-03-11 11:54:58.0	Ana4 - 4: T.Fortluft	14.9
2021-03-11 11:54:58.0	Ana5 - 5: T.Raum	9999.9
2021-03-11 11:54:58.0	Ana9 - 9: T.Zuluft WRG warm	18.4
2021-03-11 11:55:08.0	Ana1 - 1: T.Au?en	11.6
2021-03-11 11:55:08.0	Ana2 - 2: T.Zuluft	16.5
2021-03-11 11:55:08.0	Ana3 - 3: T.Abluft	19.1
2021-03-11 11:55:08.0	Ana4 - 4: T.Fortluft	14.9
2021-03-11 11:55:08.0	Ana5 - 5: T.Raum	9999.9
2021-03-11 11:55:08.0	Ana9 - 9: T.Zuluft WRG warm	18.4
2021-03-11 11:55:18.0	Ana1 - 1: T.Au?en	11.6
2021-03-11 11:55:18.0	Ana2 - 2: T.Zuluft	16.5
2021-03-11 11:55:18.0	Ana3 - 3: T.Abluft	19.1
2021-03-11 11:55:18.0	Ana4 - 4: T.Fortluft	14.8
2021-03-11 11:55:18.0	Ana5 - 5: T.Raum	9999.9
2021-03-11 11:55:18.0	Ana9 - 9: T.Zuluft WRG warm	18.4
2021-03-11 11:55:28.0	Ana1 - 1: T.Au?en	11.6
2021-03-11 11:55:28.0	Ana2 - 2: T.Zuluft	16.5
2021-03-11 11:55:28.0	Ana3 - 3: T.Abluft	19.1
2021-03-11 11:55:28.0	Ana4 - 4: T.Fortluft	14.9
2021-03-11 11:55:28.0	Ana5 - 5: T.Raum	9999.9
2021-03-11 11:55:28.0	Ana9 - 9: T.Zuluft WRG warm	18.5
2021-03-11 11:55:38.0	Ana1 - 1: T.Au?en	11.6
2021-03-11 11:55:38.0	Ana2 - 2: T.Zuluft	16.5
2021-03-11 11:55:38.0	Ana3 - 3: T.Abluft	19.1
2021-03-11 11:55:38.0	Ana4 - 4: T.Fortluft	14.9
2021-03-11 11:55:38.0	Ana5 - 5: T.Raum	9999.9
2021-03-11 11:55:38.0	Ana9 - 9: T.Zuluft WRG warm	18.5
2021-03-11 11:55:48.0	Ana1 - 1: T.Au?en	11.6
2021-03-11 11:55:48.0	Ana2 - 2: T.Zuluft	16.5
2021-03-11 11:55:48.0	Ana3 - 3: T.Abluft	19.1
2021-03-11 11:55:48.0	Ana4 - 4: T.Fortluft	14.9
2021-03-11 11:55:48.0	Ana5 - 5: T.Raum	9999.9
2021-03-11 11:55:48.0	Ana9 - 9: T.Zuluft WRG warm	18.5
2021-03-11 11:55:58.0	Ana1 - 1: T.Au?en	11.6
2021-03-11 11:55:58.0	Ana2 - 2: T.Zuluft	16.5
2021-03-11 11:55:58.0	Ana3 - 3: T.Abluft	19.1
2021-03-11 11:55:58.0	Ana4 - 4: T.Fortluft	14.9
2021-03-11 11:55:58.0	Ana5 - 5: T.Raum	9999.9
2021-03-11 11:55:58.0	Ana9 - 9: T.Zuluft WRG warm	18.5
2021-03-11 11:56:08.0	Ana1 - 1: T.Au?en	11.6
2021-03-11 11:56:08.0	Ana2 - 2: T.Zuluft	16.5
2021-03-11 11:56:08.0	Ana3 - 3: T.Abluft	19.1
2021-03-11 11:56:08.0	Ana4 - 4: T.Fortluft	14.9
2021-03-11 11:56:08.0	Ana5 - 5: T.Raum	9999.9
2021-03-11 11:56:08.0	Ana9 - 9: T.Zuluft WRG warm	18.5
2021-03-11 11:56:18.0	Ana1 - 1: T.Au?en	11.6
2021-03-11 11:56:18.0	Ana2 - 2: T.Zuluft	16.5
2021-03-11 11:56:18.0	Ana3 - 3: T.Abluft	19.1
2021-03-11 11:56:18.0	Ana4 - 4: T.Fortluft	14.9
2021-03-11 11:56:18.0	Ana5 - 5: T.Raum	9999.9
2021-03-11 11:56:18.0	Ana9 - 9: T.Zuluft WRG warm	18.5
2021-03-11 11:56:28.0	Ana1 - 1: T.Au?en	11.6
2021-03-11 11:56:28.0	Ana2 - 2: T.Zuluft	16.5
2021-03-11 11:56:28.0	Ana3 - 3: T.Abluft	19.1
2021-03-11 11:56:28.0	Ana4 - 4: T.Fortluft	14.9
2021-03-11 11:56:28.0	Ana5 - 5: T.Raum	9999.9
2021-03-11 11:56:28.0	Ana9 - 9: T.Zuluft WRG warm	18.5
2021-03-11 11:56:38.0	Ana1 - 1: T.Au?en	11.6
2021-03-11 11:56:38.0	Ana2 - 2: T.Zuluft	16.5
2021-03-11 11:56:38.0	Ana3 - 3: T.Abluft	19.1
2021-03-11 11:56:38.0	Ana4 - 4: T.Fortluft	14.9
2021-03-11 11:56:38.0	Ana5 - 5: T.Raum	9999.9
2021-03-11 11:56:38.0	Ana9 - 9: T.Zuluft WRG warm	18.5
2021-03-11 11:56:48.0	Ana1 - 1: T.Au?en	11.6
2021-03-11 11:56:48.0	Ana2 - 2: T.Zuluft	16.5
2021-03-11 11:56:48.0	Ana3 - 3: T.Abluft	19.1
2021-03-11 11:56:48.0	Ana4 - 4: T.Fortluft	14.9
2021-03-11 11:56:48.0	Ana5 - 5: T.Raum	9999.9
2021-03-11 11:56:48.0	Ana9 - 9: T.Zuluft WRG warm	18.5
2021-03-11 11:56:58.0	Ana1 - 1: T.Au?en	11.7
2021-03-11 11:56:58.0	Ana2 - 2: T.Zuluft	16.5
2021-03-11 11:56:58.0	Ana3 - 3: T.Abluft	19.1
2021-03-11 11:56:58.0	Ana4 - 4: T.Fortluft	14.9
2021-03-11 11:56:58.0	Ana5 - 5: T.Raum	9999.9
2021-03-11 11:56:58.0	Ana9 - 9: T.Zuluft WRG warm	18.5
2021-03-11 11:57:08.0	Ana1 - 1: T.Au?en	11.7
2021-03-11 11:57:08.0	Ana2 - 2: T.Zuluft	16.5
2021-03-11 11:57:08.0	Ana3 - 3: T.Abluft	19.1
2021-03-11 11:57:08.0	Ana4 - 4: T.Fortluft	14.9
2021-03-11 11:57:08.0	Ana5 - 5: T.Raum	9999.9
2021-03-11 11:57:08.0	Ana9 - 9: T.Zuluft WRG warm	18.5
2021-03-11 11:57:18.0	Ana1 - 1: T.Au?en	11.7
2021-03-11 11:57:18.0	Ana2 - 2: T.Zuluft	16.5
2021-03-11 11:57:18.0	Ana3 - 3: T.Abluft	19.1
2021-03-11 11:57:18.0	Ana4 - 4: T.Fortluft	14.9
2021-03-11 11:57:18.0	Ana5 - 5: T.Raum	9999.9
2021-03-11 11:57:18.0	Ana9 - 9: T.Zuluft WRG warm	18.5
2021-03-11 11:57:28.0	Ana1 - 1: T.Au?en	11.7
2021-03-11 11:57:28.0	Ana2 - 2: T.Zuluft	16.5
2021-03-11 11:57:28.0	Ana3 - 3: T.Abluft	19.1
2021-03-11 11:57:28.0	Ana4 - 4: T.Fortluft	14.9
2021-03-11 11:57:28.0	Ana5 - 5: T.Raum	9999.9
2021-03-11 11:57:28.0	Ana9 - 9: T.Zuluft WRG warm	18.5
2021-03-11 11:57:38.0	Ana1 - 1: T.Au?en	11.8
2021-03-11 11:57:38.0	Ana2 - 2: T.Zuluft	16.5
2021-03-11 11:57:38.0	Ana3 - 3: T.Abluft	19.1
2021-03-11 11:57:38.0	Ana4 - 4: T.Fortluft	14.9
2021-03-11 11:57:38.0	Ana5 - 5: T.Raum	9999.9
2021-03-11 11:57:38.0	Ana9 - 9: T.Zuluft WRG warm	18.5
2021-03-11 11:57:48.0	Ana1 - 1: T.Au?en	11.7
2021-03-11 11:57:48.0	Ana2 - 2: T.Zuluft	16.6
2021-03-11 11:57:48.0	Ana3 - 3: T.Abluft	19.1
2021-03-11 11:57:48.0	Ana4 - 4: T.Fortluft	14.9
2021-03-11 11:57:48.0	Ana5 - 5: T.Raum	9999.9
2021-03-11 11:57:48.0	Ana9 - 9: T.Zuluft WRG warm	18.5
2021-03-11 11:57:58.0	Ana1 - 1: T.Au?en	11.7
2021-03-11 11:57:58.0	Ana2 - 2: T.Zuluft	16.5
2021-03-11 11:57:58.0	Ana3 - 3: T.Abluft	19.1
2021-03-11 11:57:58.0	Ana4 - 4: T.Fortluft	14.9
2021-03-11 11:57:58.0	Ana5 - 5: T.Raum	9999.9
2021-03-11 11:57:58.0	Ana9 - 9: T.Zuluft WRG warm	18.5
2021-03-11 11:58:08.0	Ana1 - 1: T.Au?en	11.7
2021-03-11 11:58:08.0	Ana2 - 2: T.Zuluft	16.5
2021-03-11 11:58:08.0	Ana3 - 3: T.Abluft	19.1
2021-03-11 11:58:08.0	Ana4 - 4: T.Fortluft	14.9
2021-03-11 11:58:08.0	Ana5 - 5: T.Raum	9999.9
2021-03-11 11:58:08.0	Ana9 - 9: T.Zuluft WRG warm	18.5
2021-03-11 11:58:18.0	Ana1 - 1: T.Au?en	11.7
2021-03-11 11:58:18.0	Ana2 - 2: T.Zuluft	16.6
2021-03-11 11:58:18.0	Ana3 - 3: T.Abluft	19.1
2021-03-11 11:58:18.0	Ana4 - 4: T.Fortluft	14.9
2021-03-11 11:58:18.0	Ana5 - 5: T.Raum	9999.9
2021-03-11 11:58:18.0	Ana9 - 9: T.Zuluft WRG warm	18.5
2021-03-11 11:58:28.0	Ana1 - 1: T.Au?en	11.6
2021-03-11 11:58:28.0	Ana2 - 2: T.Zuluft	16.6
2021-03-11 11:58:28.0	Ana3 - 3: T.Abluft	19.1
2021-03-11 11:58:28.0	Ana4 - 4: T.Fortluft	14.9
2021-03-11 11:58:28.0	Ana5 - 5: T.Raum	9999.9
2021-03-11 11:58:28.0	Ana9 - 9: T.Zuluft WRG warm	18.5
2021-03-11 11:58:38.0	Ana1 - 1: T.Au?en	11.6
2021-03-11 11:58:38.0	Ana2 - 2: T.Zuluft	16.5
2021-03-11 11:58:38.0	Ana3 - 3: T.Abluft	19.1
2021-03-11 11:58:38.0	Ana4 - 4: T.Fortluft	14.9
2021-03-11 11:58:38.0	Ana5 - 5: T.Raum	9999.9
2021-03-11 11:58:38.0	Ana9 - 9: T.Zuluft WRG warm	18.5
2021-03-11 11:58:48.0	Ana1 - 1: T.Au?en	11.7
2021-03-11 11:58:48.0	Ana2 - 2: T.Zuluft	16.6
2021-03-11 11:58:48.0	Ana3 - 3: T.Abluft	19.1
2021-03-11 11:58:48.0	Ana4 - 4: T.Fortluft	14.9
2021-03-11 11:58:48.0	Ana5 - 5: T.Raum	9999.9
2021-03-11 11:58:48.0	Ana9 - 9: T.Zuluft WRG warm	18.5
2021-03-11 11:58:58.0	Ana1 - 1: T.Au?en	11.7
2021-03-11 11:58:58.0	Ana2 - 2: T.Zuluft	16.6
2021-03-11 11:58:58.0	Ana3 - 3: T.Abluft	19.1
2021-03-11 11:58:58.0	Ana4 - 4: T.Fortluft	14.9
2021-03-11 11:58:58.0	Ana5 - 5: T.Raum	9999.9
2021-03-11 11:58:58.0	Ana9 - 9: T.Zuluft WRG warm	18.5
2021-03-11 11:59:08.0	Ana1 - 1: T.Au?en	11.7
2021-03-11 11:59:08.0	Ana2 - 2: T.Zuluft	16.6
2021-03-11 11:59:08.0	Ana3 - 3: T.Abluft	19.2
2021-03-11 11:59:08.0	Ana4 - 4: T.Fortluft	14.9
2021-03-11 11:59:08.0	Ana5 - 5: T.Raum	9999.9
2021-03-11 11:59:08.0	Ana9 - 9: T.Zuluft WRG warm	18.5
2021-03-11 11:59:18.0	Ana1 - 1: T.Au?en	11.7
2021-03-11 11:59:18.0	Ana2 - 2: T.Zuluft	16.6
2021-03-11 11:59:18.0	Ana3 - 3: T.Abluft	19.2
2021-03-11 11:59:18.0	Ana4 - 4: T.Fortluft	14.9
2021-03-11 11:59:18.0	Ana5 - 5: T.Raum	9999.9
2021-03-11 11:59:18.0	Ana9 - 9: T.Zuluft WRG warm	18.5
2021-03-11 11:59:28.0	Ana1 - 1: T.Au?en	11.7
2021-03-11 11:59:28.0	Ana2 - 2: T.Zuluft	16.6
2021-03-11 11:59:28.0	Ana3 - 3: T.Abluft	19.2
2021-03-11 11:59:28.0	Ana4 - 4: T.Fortluft	14.9
2021-03-11 11:59:28.0	Ana5 - 5: T.Raum	9999.9
2021-03-11 11:59:28.0	Ana9 - 9: T.Zuluft WRG warm	18.5
2021-03-11 11:59:38.0	Ana1 - 1: T.Au?en	11.6
2021-03-11 11:59:38.0	Ana2 - 2: T.Zuluft	16.6
2021-03-11 11:59:38.0	Ana3 - 3: T.Abluft	19.2
2021-03-11 11:59:38.0	Ana4 - 4: T.Fortluft	14.9
2021-03-11 11:59:38.0	Ana5 - 5: T.Raum	9999.9
2021-03-11 11:59:38.0	Ana9 - 9: T.Zuluft WRG warm	18.5
2021-03-11 11:59:48.0	Ana1 - 1: T.Au?en	11.6
2021-03-11 11:59:48.0	Ana2 - 2: T.Zuluft	16.6
2021-03-11 11:59:48.0	Ana3 - 3: T.Abluft	19.2
2021-03-11 11:59:48.0	Ana4 - 4: T.Fortluft	14.9
2021-03-11 11:59:48.0	Ana5 - 5: T.Raum	9999.9
2021-03-11 11:59:48.0	Ana9 - 9: T.Zuluft WRG warm	18.5
2021-03-11 11:59:58.0	Ana1 - 1: T.Au?en	11.6
2021-03-11 11:59:58.0	Ana2 - 2: T.Zuluft	16.6
2021-03-11 11:59:58.0	Ana3 - 3: T.Abluft	19.2
2021-03-11 11:59:58.0	Ana4 - 4: T.Fortluft	14.9
2021-03-11 11:59:58.0	Ana5 - 5: T.Raum	9999.9
2021-03-11 11:59:58.0	Ana9 - 9: T.Zuluft WRG warm	18.5
2021-03-11 12:00:08.0	Ana1 - 1: T.Au?en	11.6
2021-03-11 12:00:08.0	Ana2 - 2: T.Zuluft	16.6
2021-03-11 12:00:08.0	Ana3 - 3: T.Abluft	19.2
2021-03-11 12:00:08.0	Ana4 - 4: T.Fortluft	14.9
2021-03-11 12:00:08.0	Ana5 - 5: T.Raum	9999.9
2021-03-11 12:00:08.0	Ana9 - 9: T.Zuluft WRG warm	18.5
2021-03-11 12:00:18.0	Ana1 - 1: T.Au?en	11.5
2021-03-11 12:00:18.0	Ana2 - 2: T.Zuluft	16.6
2021-03-11 12:00:18.0	Ana3 - 3: T.Abluft	19.2
2021-03-11 12:00:18.0	Ana4 - 4: T.Fortluft	14.9
2021-03-11 12:00:18.0	Ana5 - 5: T.Raum	9999.9
2021-03-11 12:00:18.0	Ana9 - 9: T.Zuluft WRG warm	18.5
2021-03-11 12:00:28.0	Ana1 - 1: T.Au?en	11.6
2021-03-11 12:00:28.0	Ana2 - 2: T.Zuluft	16.6
2021-03-11 12:00:28.0	Ana3 - 3: T.Abluft	19.2
2021-03-11 12:00:28.0	Ana4 - 4: T.Fortluft	14.9
2021-03-11 12:00:28.0	Ana5 - 5: T.Raum	9999.9
2021-03-11 12:00:28.0	Ana9 - 9: T.Zuluft WRG warm	18.5
2021-03-11 12:00:38.0	Ana1 - 1: T.Au?en	11.6
2021-03-11 12:00:38.0	Ana2 - 2: T.Zuluft	16.6
2021-03-11 12:00:38.0	Ana3 - 3: T.Abluft	19.2
2021-03-11 12:00:38.0	Ana4 - 4: T.Fortluft	14.9
2021-03-11 12:00:38.0	Ana5 - 5: T.Raum	9999.9
2021-03-11 12:00:38.0	Ana9 - 9: T.Zuluft WRG warm	18.5
2021-03-11 12:00:48.0	Ana1 - 1: T.Au?en	11.6
2021-03-11 12:00:48.0	Ana2 - 2: T.Zuluft	16.6
2021-03-11 12:00:48.0	Ana3 - 3: T.Abluft	19.2
2021-03-11 12:00:48.0	Ana4 - 4: T.Fortluft	14.9
2021-03-11 12:00:48.0	Ana5 - 5: T.Raum	9999.9
2021-03-11 12:00:48.0	Ana9 - 9: T.Zuluft WRG warm	18.5
2021-03-11 12:00:58.0	Ana1 - 1: T.Au?en	11.6
2021-03-11 12:00:58.0	Ana2 - 2: T.Zuluft	16.6
2021-03-11 12:00:58.0	Ana3 - 3: T.Abluft	19.2
2021-03-11 12:00:58.0	Ana4 - 4: T.Fortluft	14.9
2021-03-11 12:00:58.0	Ana5 - 5: T.Raum	9999.9
2021-03-11 12:00:58.0	Ana9 - 9: T.Zuluft WRG warm	18.5
2021-03-11 12:01:08.0	Ana1 - 1: T.Au?en	11.6
2021-03-11 12:01:08.0	Ana2 - 2: T.Zuluft	16.6
2021-03-11 12:01:08.0	Ana3 - 3: T.Abluft	19.2
2021-03-11 12:01:08.0	Ana4 - 4: T.Fortluft	15.0
2021-03-11 12:01:08.0	Ana5 - 5: T.Raum	9999.9
2021-03-11 12:01:08.0	Ana9 - 9: T.Zuluft WRG warm	18.5
2021-03-11 12:01:18.0	Ana1 - 1: T.Au?en	11.6
2021-03-11 12:01:18.0	Ana2 - 2: T.Zuluft	16.6
2021-03-11 12:01:18.0	Ana3 - 3: T.Abluft	19.2
2021-03-11 12:01:18.0	Ana4 - 4: T.Fortluft	14.9
2021-03-11 12:01:18.0	Ana5 - 5: T.Raum	9999.9
2021-03-11 12:01:18.0	Ana9 - 9: T.Zuluft WRG warm	18.5
2021-03-11 12:01:28.0	Ana1 - 1: T.Au?en	11.6
2021-03-11 12:01:28.0	Ana2 - 2: T.Zuluft	16.6
2021-03-11 12:01:28.0	Ana3 - 3: T.Abluft	19.2
2021-03-11 12:01:28.0	Ana4 - 4: T.Fortluft	15.0
2021-03-11 12:01:28.0	Ana5 - 5: T.Raum	9999.9
2021-03-11 12:01:28.0	Ana9 - 9: T.Zuluft WRG warm	18.5
2021-03-11 12:01:38.0	Ana1 - 1: T.Au?en	11.6
2021-03-11 12:01:38.0	Ana2 - 2: T.Zuluft	16.6
2021-03-11 12:01:38.0	Ana3 - 3: T.Abluft	19.2
2021-03-11 12:01:38.0	Ana4 - 4: T.Fortluft	15.0
2021-03-11 12:01:38.0	Ana5 - 5: T.Raum	9999.9
2021-03-11 12:01:38.0	Ana9 - 9: T.Zuluft WRG warm	18.5
2021-03-11 12:01:48.0	Ana1 - 1: T.Au?en	11.5
2021-03-11 12:01:48.0	Ana2 - 2: T.Zuluft	16.6
2021-03-11 12:01:48.0	Ana3 - 3: T.Abluft	19.2
2021-03-11 12:01:48.0	Ana4 - 4: T.Fortluft	15.0
2021-03-11 12:01:48.0	Ana5 - 5: T.Raum	9999.9
2021-03-11 12:01:48.0	Ana9 - 9: T.Zuluft WRG warm	18.5
2021-03-11 12:01:58.0	Ana1 - 1: T.Au?en	11.6
2021-03-11 12:01:58.0	Ana2 - 2: T.Zuluft	16.6
2021-03-11 12:01:58.0	Ana3 - 3: T.Abluft	19.2
2021-03-11 12:01:58.0	Ana4 - 4: T.Fortluft	15.0
2021-03-11 12:01:58.0	Ana5 - 5: T.Raum	9999.9
2021-03-11 12:01:58.0	Ana9 - 9: T.Zuluft WRG warm	18.5
2021-03-11 12:02:08.0	Ana1 - 1: T.Au?en	11.6
2021-03-11 12:02:08.0	Ana2 - 2: T.Zuluft	16.6
2021-03-11 12:02:08.0	Ana3 - 3: T.Abluft	19.2
2021-03-11 12:02:08.0	Ana4 - 4: T.Fortluft	15.0
2021-03-11 12:02:08.0	Ana5 - 5: T.Raum	9999.9
2021-03-11 12:02:08.0	Ana9 - 9: T.Zuluft WRG warm	18.5
2021-03-11 12:02:18.0	Ana1 - 1: T.Au?en	11.6
2021-03-11 12:02:18.0	Ana2 - 2: T.Zuluft	16.6
2021-03-11 12:02:18.0	Ana3 - 3: T.Abluft	19.2
2021-03-11 12:02:18.0	Ana4 - 4: T.Fortluft	15.0
2021-03-11 12:02:18.0	Ana5 - 5: T.Raum	9999.9
2021-03-11 12:02:18.0	Ana9 - 9: T.Zuluft WRG warm	18.5
2021-03-11 12:02:28.0	Ana1 - 1: T.Au?en	11.6
2021-03-11 12:02:28.0	Ana2 - 2: T.Zuluft	16.6
2021-03-11 12:02:28.0	Ana3 - 3: T.Abluft	19.2
2021-03-11 12:02:28.0	Ana4 - 4: T.Fortluft	15.0
2021-03-11 12:02:28.0	Ana5 - 5: T.Raum	9999.9
2021-03-11 12:02:28.0	Ana9 - 9: T.Zuluft WRG warm	18.6
2021-03-11 12:02:38.0	Ana1 - 1: T.Au?en	11.6
2021-03-11 12:02:38.0	Ana2 - 2: T.Zuluft	16.6
2021-03-11 12:02:38.0	Ana3 - 3: T.Abluft	19.2
2021-03-11 12:02:38.0	Ana4 - 4: T.Fortluft	15.0
2021-03-11 12:02:38.0	Ana5 - 5: T.Raum	9999.9
2021-03-11 12:02:38.0	Ana9 - 9: T.Zuluft WRG warm	18.5
2021-03-11 12:02:48.0	Ana1 - 1: T.Au?en	11.7
2021-03-11 12:02:48.0	Ana2 - 2: T.Zuluft	16.6
2021-03-11 12:02:48.0	Ana3 - 3: T.Abluft	19.2
2021-03-11 12:02:48.0	Ana4 - 4: T.Fortluft	15.0
2021-03-11 12:02:48.0	Ana5 - 5: T.Raum	9999.9
2021-03-11 12:02:48.0	Ana9 - 9: T.Zuluft WRG warm	18.5
2021-03-11 12:02:58.0	Ana1 - 1: T.Au?en	11.7
2021-03-11 12:02:58.0	Ana2 - 2: T.Zuluft	16.6
2021-03-11 12:02:58.0	Ana3 - 3: T.Abluft	19.2
2021-03-11 12:02:58.0	Ana4 - 4: T.Fortluft	15.0
2021-03-11 12:02:58.0	Ana5 - 5: T.Raum	9999.9
2021-03-11 12:02:58.0	Ana9 - 9: T.Zuluft WRG warm	18.6
2021-03-11 12:03:08.0	Ana1 - 1: T.Au?en	11.7
2021-03-11 12:03:08.0	Ana2 - 2: T.Zuluft	16.6
2021-03-11 12:03:08.0	Ana3 - 3: T.Abluft	19.2
2021-03-11 12:03:08.0	Ana4 - 4: T.Fortluft	15.0
2021-03-11 12:03:08.0	Ana5 - 5: T.Raum	9999.9
2021-03-11 12:03:08.0	Ana9 - 9: T.Zuluft WRG warm	18.6
2021-03-11 12:03:18.0	Ana1 - 1: T.Au?en	11.7
2021-03-11 12:03:18.0	Ana2 - 2: T.Zuluft	16.6
2021-03-11 12:03:18.0	Ana3 - 3: T.Abluft	19.2
2021-03-11 12:03:18.0	Ana4 - 4: T.Fortluft	15.0
2021-03-11 12:03:18.0	Ana5 - 5: T.Raum	9999.9
2021-03-11 12:03:18.0	Ana9 - 9: T.Zuluft WRG warm	18.6
2021-03-11 12:03:28.0	Ana1 - 1: T.Au?en	11.8
2021-03-11 12:03:28.0	Ana2 - 2: T.Zuluft	16.6
2021-03-11 12:03:28.0	Ana3 - 3: T.Abluft	19.2
2021-03-11 12:03:28.0	Ana4 - 4: T.Fortluft	15.0
2021-03-11 12:03:28.0	Ana5 - 5: T.Raum	9999.9
2021-03-11 12:03:28.0	Ana9 - 9: T.Zuluft WRG warm	18.6
2021-03-11 12:03:38.0	Ana1 - 1: T.Au?en	11.8
2021-03-11 12:03:38.0	Ana2 - 2: T.Zuluft	16.6
2021-03-11 12:03:38.0	Ana3 - 3: T.Abluft	19.2
2021-03-11 12:03:38.0	Ana4 - 4: T.Fortluft	15.0
2021-03-11 12:03:38.0	Ana5 - 5: T.Raum	9999.9
2021-03-11 12:03:38.0	Ana9 - 9: T.Zuluft WRG warm	18.6
2021-03-11 12:03:48.0	Ana1 - 1: T.Au?en	11.8
2021-03-11 12:03:48.0	Ana2 - 2: T.Zuluft	16.6
2021-03-11 12:03:48.0	Ana3 - 3: T.Abluft	19.2
2021-03-11 12:03:48.0	Ana4 - 4: T.Fortluft	15.0
2021-03-11 12:03:48.0	Ana5 - 5: T.Raum	9999.9
2021-03-11 12:03:48.0	Ana9 - 9: T.Zuluft WRG warm	18.6
2021-03-11 12:03:58.0	Ana1 - 1: T.Au?en	11.8
2021-03-11 12:03:58.0	Ana2 - 2: T.Zuluft	16.6
2021-03-11 12:03:58.0	Ana3 - 3: T.Abluft	19.2
2021-03-11 12:03:58.0	Ana4 - 4: T.Fortluft	15.0
2021-03-11 12:03:58.0	Ana5 - 5: T.Raum	9999.9
2021-03-11 12:03:58.0	Ana9 - 9: T.Zuluft WRG warm	18.6
2021-03-11 12:04:08.0	Ana1 - 1: T.Au?en	11.8
2021-03-11 12:04:08.0	Ana2 - 2: T.Zuluft	16.6
2021-03-11 12:04:08.0	Ana3 - 3: T.Abluft	19.2
2021-03-11 12:04:08.0	Ana4 - 4: T.Fortluft	15.0
2021-03-11 12:04:08.0	Ana5 - 5: T.Raum	9999.9
2021-03-11 12:04:08.0	Ana9 - 9: T.Zuluft WRG warm	18.6
2021-03-11 12:04:18.0	Ana1 - 1: T.Au?en	11.8
2021-03-11 12:04:18.0	Ana2 - 2: T.Zuluft	16.6
2021-03-11 12:04:18.0	Ana3 - 3: T.Abluft	19.2
2021-03-11 12:04:18.0	Ana4 - 4: T.Fortluft	15.0
2021-03-11 12:04:18.0	Ana5 - 5: T.Raum	9999.9
2021-03-11 12:04:18.0	Ana9 - 9: T.Zuluft WRG warm	18.6
2021-03-11 12:04:28.0	Ana1 - 1: T.Au?en	11.8
2021-03-11 12:04:28.0	Ana2 - 2: T.Zuluft	16.6
2021-03-11 12:04:28.0	Ana3 - 3: T.Abluft	19.2
2021-03-11 12:04:28.0	Ana4 - 4: T.Fortluft	15.0
2021-03-11 12:04:28.0	Ana5 - 5: T.Raum	9999.9
2021-03-11 12:04:28.0	Ana9 - 9: T.Zuluft WRG warm	18.6
2021-03-11 12:04:38.0	Ana1 - 1: T.Au?en	11.7
2021-03-11 12:04:38.0	Ana2 - 2: T.Zuluft	16.6
2021-03-11 12:04:38.0	Ana3 - 3: T.Abluft	19.2
2021-03-11 12:04:38.0	Ana4 - 4: T.Fortluft	15.0
2021-03-11 12:04:38.0	Ana5 - 5: T.Raum	9999.9
2021-03-11 12:04:38.0	Ana9 - 9: T.Zuluft WRG warm	18.6
2021-03-11 12:04:48.0	Ana1 - 1: T.Au?en	11.7
2021-03-11 12:04:48.0	Ana2 - 2: T.Zuluft	16.6
2021-03-11 12:04:48.0	Ana3 - 3: T.Abluft	19.2
2021-03-11 12:04:48.0	Ana4 - 4: T.Fortluft	15.0
2021-03-11 12:04:48.0	Ana5 - 5: T.Raum	9999.9
2021-03-11 12:04:48.0	Ana9 - 9: T.Zuluft WRG warm	18.6
2021-03-11 12:04:58.0	Ana1 - 1: T.Au?en	11.7
2021-03-11 12:04:58.0	Ana2 - 2: T.Zuluft	16.7
2021-03-11 12:04:58.0	Ana3 - 3: T.Abluft	19.2
2021-03-11 12:04:58.0	Ana4 - 4: T.Fortluft	15.0
2021-03-11 12:04:58.0	Ana5 - 5: T.Raum	9999.9
2021-03-11 12:04:58.0	Ana9 - 9: T.Zuluft WRG warm	18.6
2021-03-11 12:05:08.0	Ana1 - 1: T.Au?en	11.7
2021-03-11 12:05:08.0	Ana2 - 2: T.Zuluft	16.6
2021-03-11 12:05:08.0	Ana3 - 3: T.Abluft	19.2
2021-03-11 12:05:08.0	Ana4 - 4: T.Fortluft	15.0
2021-03-11 12:05:08.0	Ana5 - 5: T.Raum	9999.9
2021-03-11 12:05:08.0	Ana9 - 9: T.Zuluft WRG warm	18.6
2021-03-11 12:05:18.0	Ana1 - 1: T.Au?en	11.7
2021-03-11 12:05:18.0	Ana2 - 2: T.Zuluft	16.6
2021-03-11 12:05:18.0	Ana3 - 3: T.Abluft	19.2
2021-03-11 12:05:18.0	Ana4 - 4: T.Fortluft	15.0
2021-03-11 12:05:18.0	Ana5 - 5: T.Raum	9999.9
2021-03-11 12:05:18.0	Ana9 - 9: T.Zuluft WRG warm	18.6
2021-03-11 12:05:28.0	Ana1 - 1: T.Au?en	11.7
2021-03-11 12:05:28.0	Ana2 - 2: T.Zuluft	16.6
2021-03-11 12:05:28.0	Ana3 - 3: T.Abluft	19.2
2021-03-11 12:05:28.0	Ana4 - 4: T.Fortluft	15.0
2021-03-11 12:05:28.0	Ana5 - 5: T.Raum	9999.9
2021-03-11 12:05:28.0	Ana9 - 9: T.Zuluft WRG warm	18.6
2021-03-11 12:05:38.0	Ana1 - 1: T.Au?en	11.7
2021-03-11 12:05:38.0	Ana2 - 2: T.Zuluft	16.7
2021-03-11 12:05:38.0	Ana3 - 3: T.Abluft	19.2
2021-03-11 12:05:38.0	Ana4 - 4: T.Fortluft	15.0
2021-03-11 12:05:38.0	Ana5 - 5: T.Raum	9999.9
2021-03-11 12:05:38.0	Ana9 - 9: T.Zuluft WRG warm	18.6
2021-03-11 12:05:48.0	Ana1 - 1: T.Au?en	11.7
2021-03-11 12:05:48.0	Ana2 - 2: T.Zuluft	16.7
2021-03-11 12:05:48.0	Ana3 - 3: T.Abluft	19.2
2021-03-11 12:05:48.0	Ana4 - 4: T.Fortluft	15.0
2021-03-11 12:05:48.0	Ana5 - 5: T.Raum	9999.9
2021-03-11 12:05:48.0	Ana9 - 9: T.Zuluft WRG warm	18.6
2021-03-11 12:05:58.0	Ana1 - 1: T.Au?en	11.6
2021-03-11 12:05:58.0	Ana2 - 2: T.Zuluft	16.7
2021-03-11 12:05:58.0	Ana3 - 3: T.Abluft	19.2
2021-03-11 12:05:58.0	Ana4 - 4: T.Fortluft	15.0
2021-03-11 12:05:58.0	Ana5 - 5: T.Raum	9999.9
2021-03-11 12:05:58.0	Ana9 - 9: T.Zuluft WRG warm	18.6
2021-03-11 12:06:08.0	Ana1 - 1: T.Au?en	11.6
2021-03-11 12:06:08.0	Ana2 - 2: T.Zuluft	16.7
2021-03-11 12:06:08.0	Ana3 - 3: T.Abluft	19.2
2021-03-11 12:06:08.0	Ana4 - 4: T.Fortluft	15.0
2021-03-11 12:06:08.0	Ana5 - 5: T.Raum	9999.9
2021-03-11 12:06:08.0	Ana9 - 9: T.Zuluft WRG warm	18.6
2021-03-11 12:06:18.0	Ana1 - 1: T.Au?en	11.6
2021-03-11 12:06:18.0	Ana2 - 2: T.Zuluft	16.7
2021-03-11 12:06:18.0	Ana3 - 3: T.Abluft	19.2
2021-03-11 12:06:18.0	Ana4 - 4: T.Fortluft	15.0
2021-03-11 12:06:18.0	Ana5 - 5: T.Raum	9999.9
2021-03-11 12:06:18.0	Ana9 - 9: T.Zuluft WRG warm	18.6
2021-03-11 12:06:28.0	Ana1 - 1: T.Au?en	11.6
2021-03-11 12:06:28.0	Ana2 - 2: T.Zuluft	16.7
2021-03-11 12:06:28.0	Ana3 - 3: T.Abluft	19.2
2021-03-11 12:06:28.0	Ana4 - 4: T.Fortluft	15.0
2021-03-11 12:06:28.0	Ana5 - 5: T.Raum	9999.9
2021-03-11 12:06:28.0	Ana9 - 9: T.Zuluft WRG warm	18.6
2021-03-11 12:06:38.0	Ana1 - 1: T.Au?en	11.6
2021-03-11 12:06:38.0	Ana2 - 2: T.Zuluft	16.7
2021-03-11 12:06:38.0	Ana3 - 3: T.Abluft	19.2
2021-03-11 12:06:38.0	Ana4 - 4: T.Fortluft	15.0
2021-03-11 12:06:38.0	Ana5 - 5: T.Raum	9999.9
2021-03-11 12:06:38.0	Ana9 - 9: T.Zuluft WRG warm	18.6
2021-03-11 12:06:48.0	Ana1 - 1: T.Au?en	11.6
2021-03-11 12:06:48.0	Ana2 - 2: T.Zuluft	16.7
2021-03-11 12:06:48.0	Ana3 - 3: T.Abluft	19.2
2021-03-11 12:06:48.0	Ana4 - 4: T.Fortluft	15.0
2021-03-11 12:06:48.0	Ana5 - 5: T.Raum	9999.9
2021-03-11 12:06:48.0	Ana9 - 9: T.Zuluft WRG warm	18.6
2021-03-11 12:06:58.0	Ana1 - 1: T.Au?en	11.5
2021-03-11 12:06:58.0	Ana2 - 2: T.Zuluft	16.7
2021-03-11 12:06:58.0	Ana3 - 3: T.Abluft	19.2
2021-03-11 12:06:58.0	Ana4 - 4: T.Fortluft	15.0
2021-03-11 12:06:58.0	Ana5 - 5: T.Raum	9999.9
2021-03-11 12:06:58.0	Ana9 - 9: T.Zuluft WRG warm	18.6
2021-03-11 12:07:08.0	Ana1 - 1: T.Au?en	11.5
2021-03-11 12:07:08.0	Ana2 - 2: T.Zuluft	16.7
2021-03-11 12:07:08.0	Ana3 - 3: T.Abluft	19.2
2021-03-11 12:07:08.0	Ana4 - 4: T.Fortluft	15.0
2021-03-11 12:07:08.0	Ana5 - 5: T.Raum	9999.9
2021-03-11 12:07:08.0	Ana9 - 9: T.Zuluft WRG warm	18.6
2021-03-11 12:07:18.0	Ana1 - 1: T.Au?en	11.5
2021-03-11 12:07:18.0	Ana2 - 2: T.Zuluft	16.7
2021-03-11 12:07:18.0	Ana3 - 3: T.Abluft	19.2
2021-03-11 12:07:18.0	Ana4 - 4: T.Fortluft	15.0
2021-03-11 12:07:18.0	Ana5 - 5: T.Raum	9999.9
2021-03-11 12:07:18.0	Ana9 - 9: T.Zuluft WRG warm	18.6
2021-03-11 12:07:28.0	Ana1 - 1: T.Au?en	11.6
2021-03-11 12:07:28.0	Ana2 - 2: T.Zuluft	16.7
2021-03-11 12:07:28.0	Ana3 - 3: T.Abluft	19.2
2021-03-11 12:07:28.0	Ana4 - 4: T.Fortluft	15.0
2021-03-11 12:07:28.0	Ana5 - 5: T.Raum	9999.9
2021-03-11 12:07:28.0	Ana9 - 9: T.Zuluft WRG warm	18.6
2021-03-11 12:07:38.0	Ana1 - 1: T.Au?en	11.6
2021-03-11 12:07:38.0	Ana2 - 2: T.Zuluft	16.7
2021-03-11 12:07:38.0	Ana3 - 3: T.Abluft	19.2
2021-03-11 12:07:38.0	Ana4 - 4: T.Fortluft	15.0
2021-03-11 12:07:38.0	Ana5 - 5: T.Raum	9999.9
2021-03-11 12:07:38.0	Ana9 - 9: T.Zuluft WRG warm	18.6
2021-03-11 12:07:48.0	Ana1 - 1: T.Au?en	11.8
2021-03-11 12:07:48.0	Ana2 - 2: T.Zuluft	16.7
2021-03-11 12:07:48.0	Ana3 - 3: T.Abluft	19.2
2021-03-11 12:07:48.0	Ana4 - 4: T.Fortluft	15.0
2021-03-11 12:07:48.0	Ana5 - 5: T.Raum	9999.9
2021-03-11 12:07:48.0	Ana9 - 9: T.Zuluft WRG warm	18.6
2021-03-11 12:07:58.0	Ana1 - 1: T.Au?en	11.8
2021-03-11 12:07:58.0	Ana2 - 2: T.Zuluft	16.7
2021-03-11 12:07:58.0	Ana3 - 3: T.Abluft	19.3
2021-03-11 12:07:58.0	Ana4 - 4: T.Fortluft	15.0
2021-03-11 12:07:58.0	Ana5 - 5: T.Raum	9999.9
2021-03-11 12:07:58.0	Ana9 - 9: T.Zuluft WRG warm	18.6
2021-03-11 12:08:08.0	Ana1 - 1: T.Au?en	11.9
2021-03-11 12:08:08.0	Ana2 - 2: T.Zuluft	16.7
2021-03-11 12:08:08.0	Ana3 - 3: T.Abluft	19.3
2021-03-11 12:08:08.0	Ana4 - 4: T.Fortluft	15.0
2021-03-11 12:08:08.0	Ana5 - 5: T.Raum	9999.9
2021-03-11 12:08:08.0	Ana9 - 9: T.Zuluft WRG warm	18.6
2021-03-11 12:08:18.0	Ana1 - 1: T.Au?en	12.0
2021-03-11 12:08:18.0	Ana2 - 2: T.Zuluft	16.7
2021-03-11 12:08:18.0	Ana3 - 3: T.Abluft	19.3
2021-03-11 12:08:18.0	Ana4 - 4: T.Fortluft	15.0
2021-03-11 12:08:18.0	Ana5 - 5: T.Raum	9999.9
2021-03-11 12:08:18.0	Ana9 - 9: T.Zuluft WRG warm	18.6
2021-03-11 12:08:28.0	Ana1 - 1: T.Au?en	12.0
2021-03-11 12:08:28.0	Ana2 - 2: T.Zuluft	16.7
2021-03-11 12:08:28.0	Ana3 - 3: T.Abluft	19.3
2021-03-11 12:08:28.0	Ana4 - 4: T.Fortluft	15.0
2021-03-11 12:08:28.0	Ana5 - 5: T.Raum	9999.9
2021-03-11 12:08:28.0	Ana9 - 9: T.Zuluft WRG warm	18.6
2021-03-11 12:08:38.0	Ana1 - 1: T.Au?en	12.0
2021-03-11 12:08:38.0	Ana2 - 2: T.Zuluft	16.7
2021-03-11 12:08:38.0	Ana3 - 3: T.Abluft	19.3
2021-03-11 12:08:38.0	Ana4 - 4: T.Fortluft	15.0
2021-03-11 12:08:38.0	Ana5 - 5: T.Raum	9999.9
2021-03-11 12:08:38.0	Ana9 - 9: T.Zuluft WRG warm	18.6
2021-03-11 12:08:48.0	Ana1 - 1: T.Au?en	11.9
2021-03-11 12:08:48.0	Ana2 - 2: T.Zuluft	16.7
2021-03-11 12:08:48.0	Ana3 - 3: T.Abluft	19.3
2021-03-11 12:08:48.0	Ana4 - 4: T.Fortluft	15.0
2021-03-11 12:08:48.0	Ana5 - 5: T.Raum	9999.9
2021-03-11 12:08:48.0	Ana9 - 9: T.Zuluft WRG warm	18.6
2021-03-11 12:08:58.0	Ana1 - 1: T.Au?en	11.9
2021-03-11 12:08:58.0	Ana2 - 2: T.Zuluft	16.7
2021-03-11 12:08:58.0	Ana3 - 3: T.Abluft	19.3
2021-03-11 12:08:58.0	Ana4 - 4: T.Fortluft	15.0
2021-03-11 12:08:58.0	Ana5 - 5: T.Raum	9999.9
2021-03-11 12:08:58.0	Ana9 - 9: T.Zuluft WRG warm	18.6
2021-03-11 12:09:08.0	Ana1 - 1: T.Au?en	11.9
2021-03-11 12:09:08.0	Ana2 - 2: T.Zuluft	16.7
2021-03-11 12:09:08.0	Ana3 - 3: T.Abluft	19.3
2021-03-11 12:09:08.0	Ana4 - 4: T.Fortluft	15.0
2021-03-11 12:09:08.0	Ana5 - 5: T.Raum	9999.9
2021-03-11 12:09:08.0	Ana9 - 9: T.Zuluft WRG warm	18.6
2021-03-11 12:09:18.0	Ana1 - 1: T.Au?en	12.0
2021-03-11 12:09:18.0	Ana2 - 2: T.Zuluft	16.7
2021-03-11 12:09:18.0	Ana3 - 3: T.Abluft	19.3
2021-03-11 12:09:18.0	Ana4 - 4: T.Fortluft	15.0
2021-03-11 12:09:18.0	Ana5 - 5: T.Raum	9999.9
2021-03-11 12:09:18.0	Ana9 - 9: T.Zuluft WRG warm	18.6
2021-03-11 12:09:28.0	Ana1 - 1: T.Au?en	12.0
2021-03-11 12:09:28.0	Ana2 - 2: T.Zuluft	16.7
2021-03-11 12:09:28.0	Ana3 - 3: T.Abluft	19.3
2021-03-11 12:09:28.0	Ana4 - 4: T.Fortluft	15.0
2021-03-11 12:09:28.0	Ana5 - 5: T.Raum	9999.9
2021-03-11 12:09:28.0	Ana9 - 9: T.Zuluft WRG warm	18.6
2021-03-11 12:09:38.0	Ana1 - 1: T.Au?en	12.1
2021-03-11 12:09:38.0	Ana2 - 2: T.Zuluft	16.7
2021-03-11 12:09:38.0	Ana3 - 3: T.Abluft	19.3
2021-03-11 12:09:38.0	Ana4 - 4: T.Fortluft	15.0
2021-03-11 12:09:38.0	Ana5 - 5: T.Raum	9999.9
2021-03-11 12:09:38.0	Ana9 - 9: T.Zuluft WRG warm	18.6
2021-03-11 12:09:48.0	Ana1 - 1: T.Au?en	12.1
2021-03-11 12:09:48.0	Ana2 - 2: T.Zuluft	16.7
2021-03-11 12:09:48.0	Ana3 - 3: T.Abluft	19.3
2021-03-11 12:09:48.0	Ana4 - 4: T.Fortluft	15.0
2021-03-11 12:09:48.0	Ana5 - 5: T.Raum	9999.9
2021-03-11 12:09:48.0	Ana9 - 9: T.Zuluft WRG warm	18.6
2021-03-11 12:09:58.0	Ana1 - 1: T.Au?en	12.1
2021-03-11 12:09:58.0	Ana2 - 2: T.Zuluft	16.7
2021-03-11 12:09:58.0	Ana3 - 3: T.Abluft	19.3
2021-03-11 12:09:58.0	Ana4 - 4: T.Fortluft	15.0
2021-03-11 12:09:58.0	Ana5 - 5: T.Raum	9999.9
2021-03-11 12:09:58.0	Ana9 - 9: T.Zuluft WRG warm	18.6
2021-03-11 12:10:08.0	Ana1 - 1: T.Au?en	12.1
2021-03-11 12:10:08.0	Ana2 - 2: T.Zuluft	16.7
2021-03-11 12:10:08.0	Ana3 - 3: T.Abluft	19.3
2021-03-11 12:10:08.0	Ana4 - 4: T.Fortluft	15.0
2021-03-11 12:10:08.0	Ana5 - 5: T.Raum	9999.9
2021-03-11 12:10:08.0	Ana9 - 9: T.Zuluft WRG warm	18.6
2021-03-11 12:10:18.0	Ana1 - 1: T.Au?en	12.1
2021-03-11 12:10:18.0	Ana2 - 2: T.Zuluft	16.7
2021-03-11 12:10:18.0	Ana3 - 3: T.Abluft	19.3
2021-03-11 12:10:18.0	Ana4 - 4: T.Fortluft	15.0
2021-03-11 12:10:18.0	Ana5 - 5: T.Raum	9999.9
2021-03-11 12:10:18.0	Ana9 - 9: T.Zuluft WRG warm	18.6
2021-03-11 12:10:28.0	Ana1 - 1: T.Au?en	12.1
2021-03-11 12:10:28.0	Ana2 - 2: T.Zuluft	16.7
2021-03-11 12:10:28.0	Ana3 - 3: T.Abluft	19.3
2021-03-11 12:10:28.0	Ana4 - 4: T.Fortluft	15.0
2021-03-11 12:10:28.0	Ana5 - 5: T.Raum	9999.9
2021-03-11 12:10:28.0	Ana9 - 9: T.Zuluft WRG warm	18.6
2021-03-11 12:10:38.0	Ana1 - 1: T.Au?en	12.1
2021-03-11 12:10:38.0	Ana2 - 2: T.Zuluft	16.7
2021-03-11 12:10:38.0	Ana3 - 3: T.Abluft	19.3
2021-03-11 12:10:38.0	Ana4 - 4: T.Fortluft	15.0
2021-03-11 12:10:38.0	Ana5 - 5: T.Raum	9999.9
2021-03-11 12:10:38.0	Ana9 - 9: T.Zuluft WRG warm	18.6
2021-03-11 12:10:48.0	Ana1 - 1: T.Au?en	12.1
2021-03-11 12:10:48.0	Ana2 - 2: T.Zuluft	16.7
2021-03-11 12:10:48.0	Ana3 - 3: T.Abluft	19.3
2021-03-11 12:10:48.0	Ana4 - 4: T.Fortluft	15.0
2021-03-11 12:10:48.0	Ana5 - 5: T.Raum	9999.9
2021-03-11 12:10:48.0	Ana9 - 9: T.Zuluft WRG warm	18.6
2021-03-11 12:10:58.0	Ana1 - 1: T.Au?en	12.0
2021-03-11 12:10:58.0	Ana2 - 2: T.Zuluft	16.7
2021-03-11 12:10:58.0	Ana3 - 3: T.Abluft	19.3
2021-03-11 12:10:58.0	Ana4 - 4: T.Fortluft	15.0
2021-03-11 12:10:58.0	Ana5 - 5: T.Raum	9999.9
2021-03-11 12:10:58.0	Ana9 - 9: T.Zuluft WRG warm	18.6
2021-03-11 12:11:08.0	Ana1 - 1: T.Au?en	12.0
2021-03-11 12:11:08.0	Ana2 - 2: T.Zuluft	16.7
2021-03-11 12:11:08.0	Ana3 - 3: T.Abluft	19.3
2021-03-11 12:11:08.0	Ana4 - 4: T.Fortluft	15.0
2021-03-11 12:11:08.0	Ana5 - 5: T.Raum	9999.9
2021-03-11 12:11:08.0	Ana9 - 9: T.Zuluft WRG warm	18.6
2021-03-11 12:11:18.0	Ana1 - 1: T.Au?en	12.0
2021-03-11 12:11:18.0	Ana2 - 2: T.Zuluft	16.7
2021-03-11 12:11:18.0	Ana3 - 3: T.Abluft	19.3
2021-03-11 12:11:18.0	Ana4 - 4: T.Fortluft	15.0
2021-03-11 12:11:18.0	Ana5 - 5: T.Raum	9999.9
2021-03-11 12:11:18.0	Ana9 - 9: T.Zuluft WRG warm	18.6
2021-03-11 12:11:28.0	Ana1 - 1: T.Au?en	11.9
2021-03-11 12:11:28.0	Ana2 - 2: T.Zuluft	16.7
2021-03-11 12:11:28.0	Ana3 - 3: T.Abluft	19.3
2021-03-11 12:11:28.0	Ana4 - 4: T.Fortluft	15.0
2021-03-11 12:11:28.0	Ana5 - 5: T.Raum	9999.9
2021-03-11 12:11:28.0	Ana9 - 9: T.Zuluft WRG warm	18.6
2021-03-11 12:11:38.0	Ana1 - 1: T.Au?en	11.9
2021-03-11 12:11:38.0	Ana2 - 2: T.Zuluft	16.7
2021-03-11 12:11:38.0	Ana3 - 3: T.Abluft	19.3
2021-03-11 12:11:38.0	Ana4 - 4: T.Fortluft	15.0
2021-03-11 12:11:38.0	Ana5 - 5: T.Raum	9999.9
2021-03-11 12:11:38.0	Ana9 - 9: T.Zuluft WRG warm	18.6
2021-03-11 12:11:48.0	Ana1 - 1: T.Au?en	11.9
2021-03-11 12:11:48.0	Ana2 - 2: T.Zuluft	16.7
2021-03-11 12:11:48.0	Ana3 - 3: T.Abluft	19.3
2021-03-11 12:11:48.0	Ana4 - 4: T.Fortluft	15.0
2021-03-11 12:11:48.0	Ana5 - 5: T.Raum	9999.9
2021-03-11 12:11:48.0	Ana9 - 9: T.Zuluft WRG warm	18.6
2021-03-11 12:11:58.0	Ana1 - 1: T.Au?en	11.9
2021-03-11 12:11:58.0	Ana2 - 2: T.Zuluft	16.7
2021-03-11 12:11:58.0	Ana3 - 3: T.Abluft	19.3
2021-03-11 12:11:58.0	Ana4 - 4: T.Fortluft	15.0
2021-03-11 12:11:58.0	Ana5 - 5: T.Raum	9999.9
2021-03-11 12:11:58.0	Ana9 - 9: T.Zuluft WRG warm	18.6
2021-03-11 12:12:08.0	Ana1 - 1: T.Au?en	11.9
2021-03-11 12:12:08.0	Ana2 - 2: T.Zuluft	16.7
2021-03-11 12:12:08.0	Ana3 - 3: T.Abluft	19.3
2021-03-11 12:12:08.0	Ana4 - 4: T.Fortluft	15.0
2021-03-11 12:12:08.0	Ana5 - 5: T.Raum	9999.9
2021-03-11 12:12:08.0	Ana9 - 9: T.Zuluft WRG warm	18.6
2021-03-11 12:12:18.0	Ana1 - 1: T.Au?en	11.8
2021-03-11 12:12:18.0	Ana2 - 2: T.Zuluft	16.7
2021-03-11 12:12:18.0	Ana3 - 3: T.Abluft	19.3
2021-03-11 12:12:18.0	Ana4 - 4: T.Fortluft	15.0
2021-03-11 12:12:18.0	Ana5 - 5: T.Raum	9999.9
2021-03-11 12:12:18.0	Ana9 - 9: T.Zuluft WRG warm	18.6
2021-03-11 12:12:28.0	Ana1 - 1: T.Au?en	11.8
2021-03-11 12:12:28.0	Ana2 - 2: T.Zuluft	16.7
2021-03-11 12:12:28.0	Ana3 - 3: T.Abluft	19.3
2021-03-11 12:12:28.0	Ana4 - 4: T.Fortluft	15.0
2021-03-11 12:12:28.0	Ana5 - 5: T.Raum	9999.9
2021-03-11 12:12:28.0	Ana9 - 9: T.Zuluft WRG warm	18.6
2021-03-11 12:12:38.0	Ana1 - 1: T.Au?en	11.8
2021-03-11 12:12:38.0	Ana2 - 2: T.Zuluft	16.7
2021-03-11 12:12:38.0	Ana3 - 3: T.Abluft	19.3
2021-03-11 12:12:38.0	Ana4 - 4: T.Fortluft	15.0
2021-03-11 12:12:38.0	Ana5 - 5: T.Raum	9999.9
2021-03-11 12:12:38.0	Ana9 - 9: T.Zuluft WRG warm	18.6
2021-03-11 12:12:48.0	Ana1 - 1: T.Au?en	12.0
2021-03-11 12:12:48.0	Ana2 - 2: T.Zuluft	16.7
2021-03-11 12:12:48.0	Ana3 - 3: T.Abluft	19.3
2021-03-11 12:12:48.0	Ana4 - 4: T.Fortluft	15.0
2021-03-11 12:12:48.0	Ana5 - 5: T.Raum	9999.9
2021-03-11 12:12:48.0	Ana9 - 9: T.Zuluft WRG warm	18.6
2021-03-11 12:12:58.0	Ana1 - 1: T.Au?en	12.0
2021-03-11 12:12:58.0	Ana2 - 2: T.Zuluft	16.7
2021-03-11 12:12:58.0	Ana3 - 3: T.Abluft	19.3
2021-03-11 12:12:58.0	Ana4 - 4: T.Fortluft	15.0
2021-03-11 12:12:58.0	Ana5 - 5: T.Raum	9999.9
2021-03-11 12:12:58.0	Ana9 - 9: T.Zuluft WRG warm	18.6
2021-03-11 12:13:08.0	Ana1 - 1: T.Au?en	12.0
2021-03-11 12:13:08.0	Ana2 - 2: T.Zuluft	16.7
2021-03-11 12:13:08.0	Ana3 - 3: T.Abluft	19.3
2021-03-11 12:13:08.0	Ana4 - 4: T.Fortluft	15.0
2021-03-11 12:13:08.0	Ana5 - 5: T.Raum	9999.9
2021-03-11 12:13:08.0	Ana9 - 9: T.Zuluft WRG warm	18.7
2021-03-11 12:13:18.0	Ana1 - 1: T.Au?en	12.1
2021-03-11 12:13:18.0	Ana2 - 2: T.Zuluft	16.7
2021-03-11 12:13:18.0	Ana3 - 3: T.Abluft	19.3
2021-03-11 12:13:18.0	Ana4 - 4: T.Fortluft	15.0
2021-03-11 12:13:18.0	Ana5 - 5: T.Raum	9999.9
2021-03-11 12:13:18.0	Ana9 - 9: T.Zuluft WRG warm	18.7
2021-03-11 12:13:28.0	Ana1 - 1: T.Au?en	12.1
2021-03-11 12:13:28.0	Ana2 - 2: T.Zuluft	16.7
2021-03-11 12:13:28.0	Ana3 - 3: T.Abluft	19.3
2021-03-11 12:13:28.0	Ana4 - 4: T.Fortluft	15.0
2021-03-11 12:13:28.0	Ana5 - 5: T.Raum	9999.9
2021-03-11 12:13:28.0	Ana9 - 9: T.Zuluft WRG warm	18.6
2021-03-11 12:13:38.0	Ana1 - 1: T.Au?en	12.1
2021-03-11 12:13:38.0	Ana2 - 2: T.Zuluft	16.7
2021-03-11 12:13:38.0	Ana3 - 3: T.Abluft	19.3
2021-03-11 12:13:38.0	Ana4 - 4: T.Fortluft	15.0
2021-03-11 12:13:38.0	Ana5 - 5: T.Raum	9999.9
2021-03-11 12:13:38.0	Ana9 - 9: T.Zuluft WRG warm	18.6
2021-03-11 12:13:48.0	Ana1 - 1: T.Au?en	12.1
2021-03-11 12:13:48.0	Ana2 - 2: T.Zuluft	16.7
2021-03-11 12:13:48.0	Ana3 - 3: T.Abluft	19.3
2021-03-11 12:13:48.0	Ana4 - 4: T.Fortluft	15.0
2021-03-11 12:13:48.0	Ana5 - 5: T.Raum	9999.9
2021-03-11 12:13:48.0	Ana9 - 9: T.Zuluft WRG warm	18.7
2021-03-11 12:13:58.0	Ana1 - 1: T.Au?en	12.1
2021-03-11 12:13:58.0	Ana2 - 2: T.Zuluft	16.7
2021-03-11 12:13:58.0	Ana3 - 3: T.Abluft	19.3
2021-03-11 12:13:58.0	Ana4 - 4: T.Fortluft	15.0
2021-03-11 12:13:58.0	Ana5 - 5: T.Raum	9999.9
2021-03-11 12:13:58.0	Ana9 - 9: T.Zuluft WRG warm	18.7
2021-03-11 12:14:08.0	Ana1 - 1: T.Au?en	12.0
2021-03-11 12:14:08.0	Ana2 - 2: T.Zuluft	16.7
2021-03-11 12:14:08.0	Ana3 - 3: T.Abluft	19.3
2021-03-11 12:14:08.0	Ana4 - 4: T.Fortluft	15.0
2021-03-11 12:14:08.0	Ana5 - 5: T.Raum	9999.9
2021-03-11 12:14:08.0	Ana9 - 9: T.Zuluft WRG warm	18.6
2021-03-11 12:14:18.0	Ana1 - 1: T.Au?en	12.1
2021-03-11 12:14:18.0	Ana2 - 2: T.Zuluft	16.7
2021-03-11 12:14:18.0	Ana3 - 3: T.Abluft	19.3
2021-03-11 12:14:18.0	Ana4 - 4: T.Fortluft	15.0
2021-03-11 12:14:18.0	Ana5 - 5: T.Raum	9999.9
2021-03-11 12:14:18.0	Ana9 - 9: T.Zuluft WRG warm	18.6
2021-03-11 12:14:28.0	Ana1 - 1: T.Au?en	12.1
2021-03-11 12:14:28.0	Ana2 - 2: T.Zuluft	16.8
2021-03-11 12:14:28.0	Ana3 - 3: T.Abluft	19.3
2021-03-11 12:14:28.0	Ana4 - 4: T.Fortluft	15.0
2021-03-11 12:14:28.0	Ana5 - 5: T.Raum	9999.9
2021-03-11 12:14:28.0	Ana9 - 9: T.Zuluft WRG warm	18.6
2021-03-11 12:14:38.0	Ana1 - 1: T.Au?en	12.1
2021-03-11 12:14:38.0	Ana2 - 2: T.Zuluft	16.7
2021-03-11 12:14:38.0	Ana3 - 3: T.Abluft	19.3
2021-03-11 12:14:38.0	Ana4 - 4: T.Fortluft	15.0
2021-03-11 12:14:38.0	Ana5 - 5: T.Raum	9999.9
2021-03-11 12:14:38.0	Ana9 - 9: T.Zuluft WRG warm	18.6
2021-03-11 12:14:48.0	Ana1 - 1: T.Au?en	12.1
2021-03-11 12:14:48.0	Ana2 - 2: T.Zuluft	16.8
2021-03-11 12:14:48.0	Ana3 - 3: T.Abluft	19.3
2021-03-11 12:14:48.0	Ana4 - 4: T.Fortluft	15.0
2021-03-11 12:14:48.0	Ana5 - 5: T.Raum	9999.9
2021-03-11 12:14:48.0	Ana9 - 9: T.Zuluft WRG warm	18.7
2021-03-11 12:14:58.0	Ana1 - 1: T.Au?en	12.1
2021-03-11 12:14:58.0	Ana2 - 2: T.Zuluft	16.8
2021-03-11 12:14:58.0	Ana3 - 3: T.Abluft	19.3
2021-03-11 12:14:58.0	Ana4 - 4: T.Fortluft	15.0
2021-03-11 12:14:58.0	Ana5 - 5: T.Raum	9999.9
2021-03-11 12:14:58.0	Ana9 - 9: T.Zuluft WRG warm	18.7
2021-03-11 12:15:08.0	Ana1 - 1: T.Au?en	12.1
2021-03-11 12:15:08.0	Ana2 - 2: T.Zuluft	16.8
2021-03-11 12:15:08.0	Ana3 - 3: T.Abluft	19.3
2021-03-11 12:15:08.0	Ana4 - 4: T.Fortluft	15.0
2021-03-11 12:15:08.0	Ana5 - 5: T.Raum	9999.9
2021-03-11 12:15:08.0	Ana9 - 9: T.Zuluft WRG warm	18.7
2021-03-11 12:15:18.0	Ana1 - 1: T.Au?en	12.2
2021-03-11 12:15:18.0	Ana2 - 2: T.Zuluft	16.8
2021-03-11 12:15:18.0	Ana3 - 3: T.Abluft	19.4
2021-03-11 12:15:18.0	Ana4 - 4: T.Fortluft	15.0
2021-03-11 12:15:18.0	Ana5 - 5: T.Raum	9999.9
2021-03-11 12:15:18.0	Ana9 - 9: T.Zuluft WRG warm	18.7
2021-03-11 12:15:28.0	Ana1 - 1: T.Au?en	12.2
2021-03-11 12:15:28.0	Ana2 - 2: T.Zuluft	16.7
2021-03-11 12:15:28.0	Ana3 - 3: T.Abluft	19.3
2021-03-11 12:15:28.0	Ana4 - 4: T.Fortluft	15.0
2021-03-11 12:15:28.0	Ana5 - 5: T.Raum	9999.9
2021-03-11 12:15:28.0	Ana9 - 9: T.Zuluft WRG warm	18.7
2021-03-11 12:15:38.0	Ana1 - 1: T.Au?en	12.1
2021-03-11 12:15:38.0	Ana2 - 2: T.Zuluft	16.8
2021-03-11 12:15:38.0	Ana3 - 3: T.Abluft	19.4
2021-03-11 12:15:38.0	Ana4 - 4: T.Fortluft	15.0
2021-03-11 12:15:38.0	Ana5 - 5: T.Raum	9999.9
2021-03-11 12:15:38.0	Ana9 - 9: T.Zuluft WRG warm	18.7
2021-03-11 12:15:48.0	Ana1 - 1: T.Au?en	12.1
2021-03-11 12:15:48.0	Ana2 - 2: T.Zuluft	16.8
2021-03-11 12:15:48.0	Ana3 - 3: T.Abluft	19.4
2021-03-11 12:15:48.0	Ana4 - 4: T.Fortluft	15.0
2021-03-11 12:15:48.0	Ana5 - 5: T.Raum	9999.9
2021-03-11 12:15:48.0	Ana9 - 9: T.Zuluft WRG warm	18.7
2021-03-11 12:15:58.0	Ana1 - 1: T.Au?en	12.2
2021-03-11 12:15:58.0	Ana2 - 2: T.Zuluft	16.8
2021-03-11 12:15:58.0	Ana3 - 3: T.Abluft	19.4
2021-03-11 12:15:58.0	Ana4 - 4: T.Fortluft	15.0
2021-03-11 12:15:58.0	Ana5 - 5: T.Raum	9999.9
2021-03-11 12:15:58.0	Ana9 - 9: T.Zuluft WRG warm	18.7
2021-03-11 12:16:08.0	Ana1 - 1: T.Au?en	12.1
2021-03-11 12:16:08.0	Ana2 - 2: T.Zuluft	16.8
2021-03-11 12:16:08.0	Ana3 - 3: T.Abluft	19.4
2021-03-11 12:16:08.0	Ana4 - 4: T.Fortluft	15.1
2021-03-11 12:16:08.0	Ana5 - 5: T.Raum	9999.9
2021-03-11 12:16:08.0	Ana9 - 9: T.Zuluft WRG warm	18.7
2021-03-11 12:16:18.0	Ana1 - 1: T.Au?en	12.1
2021-03-11 12:16:18.0	Ana2 - 2: T.Zuluft	16.8
2021-03-11 12:16:18.0	Ana3 - 3: T.Abluft	19.4
2021-03-11 12:16:18.0	Ana4 - 4: T.Fortluft	15.1
2021-03-11 12:16:18.0	Ana5 - 5: T.Raum	9999.9
2021-03-11 12:16:18.0	Ana9 - 9: T.Zuluft WRG warm	18.7
2021-03-11 12:16:28.0	Ana1 - 1: T.Au?en	12.1
2021-03-11 12:16:28.0	Ana2 - 2: T.Zuluft	16.8
2021-03-11 12:16:28.0	Ana3 - 3: T.Abluft	19.4
2021-03-11 12:16:28.0	Ana4 - 4: T.Fortluft	15.1
2021-03-11 12:16:28.0	Ana5 - 5: T.Raum	9999.9
2021-03-11 12:16:28.0	Ana9 - 9: T.Zuluft WRG warm	18.7
2021-03-11 12:16:38.0	Ana1 - 1: T.Au?en	12.1
2021-03-11 12:16:38.0	Ana2 - 2: T.Zuluft	16.8
2021-03-11 12:16:38.0	Ana3 - 3: T.Abluft	19.4
2021-03-11 12:16:38.0	Ana4 - 4: T.Fortluft	15.1
2021-03-11 12:16:38.0	Ana5 - 5: T.Raum	9999.9
2021-03-11 12:16:38.0	Ana9 - 9: T.Zuluft WRG warm	18.7
2021-03-11 12:16:48.0	Ana1 - 1: T.Au?en	12.1
2021-03-11 12:16:48.0	Ana2 - 2: T.Zuluft	16.8
2021-03-11 12:16:48.0	Ana3 - 3: T.Abluft	19.4
2021-03-11 12:16:48.0	Ana4 - 4: T.Fortluft	15.1
2021-03-11 12:16:48.0	Ana5 - 5: T.Raum	9999.9
2021-03-11 12:16:48.0	Ana9 - 9: T.Zuluft WRG warm	18.7
2021-03-11 12:16:58.0	Ana1 - 1: T.Au?en	12.1
2021-03-11 12:16:58.0	Ana2 - 2: T.Zuluft	16.8
2021-03-11 12:16:58.0	Ana3 - 3: T.Abluft	19.4
2021-03-11 12:16:58.0	Ana4 - 4: T.Fortluft	15.1
2021-03-11 12:16:58.0	Ana5 - 5: T.Raum	9999.9
2021-03-11 12:16:58.0	Ana9 - 9: T.Zuluft WRG warm	18.7
2021-03-11 12:17:08.0	Ana1 - 1: T.Au?en	12.1
2021-03-11 12:17:08.0	Ana2 - 2: T.Zuluft	16.8
2021-03-11 12:17:08.0	Ana3 - 3: T.Abluft	19.4
2021-03-11 12:17:08.0	Ana4 - 4: T.Fortluft	15.1
2021-03-11 12:17:08.0	Ana5 - 5: T.Raum	9999.9
2021-03-11 12:17:08.0	Ana9 - 9: T.Zuluft WRG warm	18.7
2021-03-11 12:17:18.0	Ana1 - 1: T.Au?en	12.2
2021-03-11 12:17:18.0	Ana2 - 2: T.Zuluft	16.8
2021-03-11 12:17:18.0	Ana3 - 3: T.Abluft	19.4
2021-03-11 12:17:18.0	Ana4 - 4: T.Fortluft	15.1
2021-03-11 12:17:18.0	Ana5 - 5: T.Raum	9999.9
2021-03-11 12:17:18.0	Ana9 - 9: T.Zuluft WRG warm	18.7
2021-03-11 12:17:28.0	Ana1 - 1: T.Au?en	12.2
2021-03-11 12:17:28.0	Ana2 - 2: T.Zuluft	16.8
2021-03-11 12:17:28.0	Ana3 - 3: T.Abluft	19.4
2021-03-11 12:17:28.0	Ana4 - 4: T.Fortluft	15.1
2021-03-11 12:17:28.0	Ana5 - 5: T.Raum	9999.9
2021-03-11 12:17:28.0	Ana9 - 9: T.Zuluft WRG warm	18.7
2021-03-11 12:17:38.0	Ana1 - 1: T.Au?en	12.2
2021-03-11 12:17:38.0	Ana2 - 2: T.Zuluft	16.8
2021-03-11 12:17:38.0	Ana3 - 3: T.Abluft	19.4
2021-03-11 12:17:38.0	Ana4 - 4: T.Fortluft	15.1
2021-03-11 12:17:38.0	Ana5 - 5: T.Raum	9999.9
2021-03-11 12:17:38.0	Ana9 - 9: T.Zuluft WRG warm	18.7
2021-03-11 12:17:48.0	Ana1 - 1: T.Au?en	12.2
2021-03-11 12:17:48.0	Ana2 - 2: T.Zuluft	16.8
2021-03-11 12:17:48.0	Ana3 - 3: T.Abluft	19.4
2021-03-11 12:17:48.0	Ana4 - 4: T.Fortluft	15.1
2021-03-11 12:17:48.0	Ana5 - 5: T.Raum	9999.9
2021-03-11 12:17:48.0	Ana9 - 9: T.Zuluft WRG warm	18.7
2021-03-11 12:17:58.0	Ana1 - 1: T.Au?en	12.1
2021-03-11 12:17:58.0	Ana2 - 2: T.Zuluft	16.8
2021-03-11 12:17:58.0	Ana3 - 3: T.Abluft	19.4
2021-03-11 12:17:58.0	Ana4 - 4: T.Fortluft	15.1
2021-03-11 12:17:58.0	Ana5 - 5: T.Raum	9999.9
2021-03-11 12:17:58.0	Ana9 - 9: T.Zuluft WRG warm	18.7
2021-03-11 12:18:08.0	Ana1 - 1: T.Au?en	12.1
2021-03-11 12:18:08.0	Ana2 - 2: T.Zuluft	16.8
2021-03-11 12:18:08.0	Ana3 - 3: T.Abluft	19.4
2021-03-11 12:18:08.0	Ana4 - 4: T.Fortluft	15.1
2021-03-11 12:18:08.0	Ana5 - 5: T.Raum	9999.9
2021-03-11 12:18:08.0	Ana9 - 9: T.Zuluft WRG warm	18.7
2021-03-11 12:18:18.0	Ana1 - 1: T.Au?en	12.2
2021-03-11 12:18:18.0	Ana2 - 2: T.Zuluft	16.8
2021-03-11 12:18:18.0	Ana3 - 3: T.Abluft	19.4
2021-03-11 12:18:18.0	Ana4 - 4: T.Fortluft	15.1
2021-03-11 12:18:18.0	Ana5 - 5: T.Raum	9999.9
2021-03-11 12:18:18.0	Ana9 - 9: T.Zuluft WRG warm	18.7
2021-03-11 12:18:28.0	Ana1 - 1: T.Au?en	12.2
2021-03-11 12:18:28.0	Ana2 - 2: T.Zuluft	16.8
2021-03-11 12:18:28.0	Ana3 - 3: T.Abluft	19.4
2021-03-11 12:18:28.0	Ana4 - 4: T.Fortluft	15.1
2021-03-11 12:18:28.0	Ana5 - 5: T.Raum	9999.9
2021-03-11 12:18:28.0	Ana9 - 9: T.Zuluft WRG warm	18.7
2021-03-11 12:18:38.0	Ana1 - 1: T.Au?en	12.2
2021-03-11 12:18:38.0	Ana2 - 2: T.Zuluft	16.8
2021-03-11 12:18:38.0	Ana3 - 3: T.Abluft	19.4
2021-03-11 12:18:38.0	Ana4 - 4: T.Fortluft	15.1
2021-03-11 12:18:38.0	Ana5 - 5: T.Raum	9999.9
2021-03-11 12:18:38.0	Ana9 - 9: T.Zuluft WRG warm	18.7
2021-03-11 12:18:48.0	Ana1 - 1: T.Au?en	12.2
2021-03-11 12:18:48.0	Ana2 - 2: T.Zuluft	16.8
2021-03-11 12:18:48.0	Ana3 - 3: T.Abluft	19.4
2021-03-11 12:18:48.0	Ana4 - 4: T.Fortluft	15.1
2021-03-11 12:18:48.0	Ana5 - 5: T.Raum	9999.9
2021-03-11 12:18:48.0	Ana9 - 9: T.Zuluft WRG warm	18.7
2021-03-11 12:18:58.0	Ana1 - 1: T.Au?en	12.3
2021-03-11 12:18:58.0	Ana2 - 2: T.Zuluft	16.8
2021-03-11 12:18:58.0	Ana3 - 3: T.Abluft	19.4
2021-03-11 12:18:58.0	Ana4 - 4: T.Fortluft	15.1
2021-03-11 12:18:58.0	Ana5 - 5: T.Raum	9999.9
2021-03-11 12:18:58.0	Ana9 - 9: T.Zuluft WRG warm	18.7
2021-03-11 12:19:08.0	Ana1 - 1: T.Au?en	12.3
2021-03-11 12:19:08.0	Ana2 - 2: T.Zuluft	16.8
2021-03-11 12:19:08.0	Ana3 - 3: T.Abluft	19.4
2021-03-11 12:19:08.0	Ana4 - 4: T.Fortluft	15.1
2021-03-11 12:19:08.0	Ana5 - 5: T.Raum	9999.9
2021-03-11 12:19:08.0	Ana9 - 9: T.Zuluft WRG warm	18.7
2021-03-11 12:19:18.0	Ana1 - 1: T.Au?en	12.2
2021-03-11 12:19:18.0	Ana2 - 2: T.Zuluft	16.8
2021-03-11 12:19:18.0	Ana3 - 3: T.Abluft	19.4
2021-03-11 12:19:18.0	Ana4 - 4: T.Fortluft	15.1
2021-03-11 12:19:18.0	Ana5 - 5: T.Raum	9999.9
2021-03-11 12:19:18.0	Ana9 - 9: T.Zuluft WRG warm	18.7
2021-03-11 12:19:28.0	Ana1 - 1: T.Au?en	12.3
2021-03-11 12:19:28.0	Ana2 - 2: T.Zuluft	16.8
2021-03-11 12:19:28.0	Ana3 - 3: T.Abluft	19.4
2021-03-11 12:19:28.0	Ana4 - 4: T.Fortluft	15.1
2021-03-11 12:19:28.0	Ana5 - 5: T.Raum	9999.9
2021-03-11 12:19:28.0	Ana9 - 9: T.Zuluft WRG warm	18.7
2021-03-11 12:19:38.0	Ana1 - 1: T.Au?en	12.3
2021-03-11 12:19:38.0	Ana2 - 2: T.Zuluft	16.8
2021-03-11 12:19:38.0	Ana3 - 3: T.Abluft	19.4
2021-03-11 12:19:38.0	Ana4 - 4: T.Fortluft	15.1
2021-03-11 12:19:38.0	Ana5 - 5: T.Raum	9999.9
2021-03-11 12:19:38.0	Ana9 - 9: T.Zuluft WRG warm	18.7
2021-03-11 12:19:48.0	Ana1 - 1: T.Au?en	12.3
2021-03-11 12:19:48.0	Ana2 - 2: T.Zuluft	16.8
2021-03-11 12:19:48.0	Ana3 - 3: T.Abluft	19.4
2021-03-11 12:19:48.0	Ana4 - 4: T.Fortluft	15.1
2021-03-11 12:19:48.0	Ana5 - 5: T.Raum	9999.9
2021-03-11 12:19:48.0	Ana9 - 9: T.Zuluft WRG warm	18.7
2021-03-11 12:19:58.0	Ana1 - 1: T.Au?en	12.4
2021-03-11 12:19:58.0	Ana2 - 2: T.Zuluft	16.8
2021-03-11 12:19:58.0	Ana3 - 3: T.Abluft	19.4
2021-03-11 12:19:58.0	Ana4 - 4: T.Fortluft	15.1
2021-03-11 12:19:58.0	Ana5 - 5: T.Raum	9999.9
2021-03-11 12:19:58.0	Ana9 - 9: T.Zuluft WRG warm	18.7
2021-03-11 12:20:08.0	Ana1 - 1: T.Au?en	12.4
2021-03-11 12:20:08.0	Ana2 - 2: T.Zuluft	16.8
2021-03-11 12:20:08.0	Ana3 - 3: T.Abluft	19.4
2021-03-11 12:20:08.0	Ana4 - 4: T.Fortluft	15.1
2021-03-11 12:20:08.0	Ana5 - 5: T.Raum	9999.9
2021-03-11 12:20:08.0	Ana9 - 9: T.Zuluft WRG warm	18.7
2021-03-11 12:20:18.0	Ana1 - 1: T.Au?en	12.4
2021-03-11 12:20:18.0	Ana2 - 2: T.Zuluft	16.8
2021-03-11 12:20:18.0	Ana3 - 3: T.Abluft	19.4
2021-03-11 12:20:18.0	Ana4 - 4: T.Fortluft	15.1
2021-03-11 12:20:18.0	Ana5 - 5: T.Raum	9999.9
2021-03-11 12:20:18.0	Ana9 - 9: T.Zuluft WRG warm	18.7
2021-03-11 12:20:28.0	Ana1 - 1: T.Au?en	12.4
2021-03-11 12:20:28.0	Ana2 - 2: T.Zuluft	16.8
2021-03-11 12:20:28.0	Ana3 - 3: T.Abluft	19.4
2021-03-11 12:20:28.0	Ana4 - 4: T.Fortluft	15.1
2021-03-11 12:20:28.0	Ana5 - 5: T.Raum	9999.9
2021-03-11 12:20:28.0	Ana9 - 9: T.Zuluft WRG warm	18.7
2021-03-11 12:20:38.0	Ana1 - 1: T.Au?en	12.4
2021-03-11 12:20:38.0	Ana2 - 2: T.Zuluft	16.8
2021-03-11 12:20:38.0	Ana3 - 3: T.Abluft	19.4
2021-03-11 12:20:38.0	Ana4 - 4: T.Fortluft	15.1
2021-03-11 12:20:38.0	Ana5 - 5: T.Raum	9999.9
2021-03-11 12:20:38.0	Ana9 - 9: T.Zuluft WRG warm	18.7
2021-03-11 12:20:48.0	Ana1 - 1: T.Au?en	12.4
2021-03-11 12:20:48.0	Ana2 - 2: T.Zuluft	16.8
2021-03-11 12:20:48.0	Ana3 - 3: T.Abluft	19.4
2021-03-11 12:20:48.0	Ana4 - 4: T.Fortluft	15.1
2021-03-11 12:20:48.0	Ana5 - 5: T.Raum	9999.9
2021-03-11 12:20:48.0	Ana9 - 9: T.Zuluft WRG warm	18.7
2021-03-11 12:20:58.0	Ana1 - 1: T.Au?en	12.4
2021-03-11 12:20:58.0	Ana2 - 2: T.Zuluft	16.8
2021-03-11 12:20:58.0	Ana3 - 3: T.Abluft	19.4
2021-03-11 12:20:58.0	Ana4 - 4: T.Fortluft	15.1
2021-03-11 12:20:58.0	Ana5 - 5: T.Raum	9999.9
2021-03-11 12:20:58.0	Ana9 - 9: T.Zuluft WRG warm	18.7
2021-03-11 12:21:08.0	Ana1 - 1: T.Au?en	12.5
2021-03-11 12:21:08.0	Ana2 - 2: T.Zuluft	16.8
2021-03-11 12:21:08.0	Ana3 - 3: T.Abluft	19.4
2021-03-11 12:21:08.0	Ana4 - 4: T.Fortluft	15.1
2021-03-11 12:21:08.0	Ana5 - 5: T.Raum	9999.9
2021-03-11 12:21:08.0	Ana9 - 9: T.Zuluft WRG warm	18.7
2021-03-11 12:21:18.0	Ana1 - 1: T.Au?en	12.5
2021-03-11 12:21:18.0	Ana2 - 2: T.Zuluft	16.8
2021-03-11 12:21:18.0	Ana3 - 3: T.Abluft	19.4
2021-03-11 12:21:18.0	Ana4 - 4: T.Fortluft	15.1
2021-03-11 12:21:18.0	Ana5 - 5: T.Raum	9999.9
2021-03-11 12:21:18.0	Ana9 - 9: T.Zuluft WRG warm	18.7
2021-03-11 12:21:28.0	Ana1 - 1: T.Au?en	12.5
2021-03-11 12:21:28.0	Ana2 - 2: T.Zuluft	16.8
2021-03-11 12:21:28.0	Ana3 - 3: T.Abluft	19.4
2021-03-11 12:21:28.0	Ana4 - 4: T.Fortluft	15.1
2021-03-11 12:21:28.0	Ana5 - 5: T.Raum	9999.9
2021-03-11 12:21:28.0	Ana9 - 9: T.Zuluft WRG warm	18.7
2021-03-11 12:21:38.0	Ana1 - 1: T.Au?en	12.6
2021-03-11 12:21:38.0	Ana2 - 2: T.Zuluft	16.8
2021-03-11 12:21:38.0	Ana3 - 3: T.Abluft	19.4
2021-03-11 12:21:38.0	Ana4 - 4: T.Fortluft	15.1
2021-03-11 12:21:38.0	Ana5 - 5: T.Raum	9999.9
2021-03-11 12:21:38.0	Ana9 - 9: T.Zuluft WRG warm	18.7
2021-03-11 12:21:48.0	Ana1 - 1: T.Au?en	12.6
2021-03-11 12:21:48.0	Ana2 - 2: T.Zuluft	16.8
2021-03-11 12:21:48.0	Ana3 - 3: T.Abluft	19.4
2021-03-11 12:21:48.0	Ana4 - 4: T.Fortluft	15.2
2021-03-11 12:21:48.0	Ana5 - 5: T.Raum	9999.9
2021-03-11 12:21:48.0	Ana9 - 9: T.Zuluft WRG warm	18.7
2021-03-11 12:21:58.0	Ana1 - 1: T.Au?en	12.6
2021-03-11 12:21:58.0	Ana2 - 2: T.Zuluft	16.9
2021-03-11 12:21:58.0	Ana3 - 3: T.Abluft	19.4
2021-03-11 12:21:58.0	Ana4 - 4: T.Fortluft	15.1
2021-03-11 12:21:58.0	Ana5 - 5: T.Raum	9999.9
2021-03-11 12:21:58.0	Ana9 - 9: T.Zuluft WRG warm	18.7
2021-03-11 12:22:08.0	Ana1 - 1: T.Au?en	12.7
2021-03-11 12:22:08.0	Ana2 - 2: T.Zuluft	16.9
2021-03-11 12:22:08.0	Ana3 - 3: T.Abluft	19.4
2021-03-11 12:22:08.0	Ana4 - 4: T.Fortluft	15.2
2021-03-11 12:22:08.0	Ana5 - 5: T.Raum	9999.9
2021-03-11 12:22:08.0	Ana9 - 9: T.Zuluft WRG warm	18.7
2021-03-11 12:22:18.0	Ana1 - 1: T.Au?en	12.7
2021-03-11 12:22:18.0	Ana2 - 2: T.Zuluft	16.9
2021-03-11 12:22:18.0	Ana3 - 3: T.Abluft	19.4
2021-03-11 12:22:18.0	Ana4 - 4: T.Fortluft	15.2
2021-03-11 12:22:18.0	Ana5 - 5: T.Raum	9999.9
2021-03-11 12:22:18.0	Ana9 - 9: T.Zuluft WRG warm	18.7
2021-03-11 12:22:28.0	Ana1 - 1: T.Au?en	12.7
2021-03-11 12:22:28.0	Ana2 - 2: T.Zuluft	16.9
2021-03-11 12:22:28.0	Ana3 - 3: T.Abluft	19.4
2021-03-11 12:22:28.0	Ana4 - 4: T.Fortluft	15.2
2021-03-11 12:22:28.0	Ana5 - 5: T.Raum	9999.9
2021-03-11 12:22:28.0	Ana9 - 9: T.Zuluft WRG warm	18.7
2021-03-11 12:22:38.0	Ana1 - 1: T.Au?en	12.7
2021-03-11 12:22:38.0	Ana2 - 2: T.Zuluft	16.8
2021-03-11 12:22:38.0	Ana3 - 3: T.Abluft	19.4
2021-03-11 12:22:38.0	Ana4 - 4: T.Fortluft	15.2
2021-03-11 12:22:38.0	Ana5 - 5: T.Raum	9999.9
2021-03-11 12:22:38.0	Ana9 - 9: T.Zuluft WRG warm	18.7
2021-03-11 12:22:48.0	Ana1 - 1: T.Au?en	12.6
2021-03-11 12:22:48.0	Ana2 - 2: T.Zuluft	16.9
2021-03-11 12:22:48.0	Ana3 - 3: T.Abluft	19.4
2021-03-11 12:22:48.0	Ana4 - 4: T.Fortluft	15.2
2021-03-11 12:22:48.0	Ana5 - 5: T.Raum	9999.9
2021-03-11 12:22:48.0	Ana9 - 9: T.Zuluft WRG warm	18.7
2021-03-11 12:22:58.0	Ana1 - 1: T.Au?en	12.6
2021-03-11 12:22:58.0	Ana2 - 2: T.Zuluft	16.9
2021-03-11 12:22:58.0	Ana3 - 3: T.Abluft	19.4
2021-03-11 12:22:58.0	Ana4 - 4: T.Fortluft	15.2
2021-03-11 12:22:58.0	Ana5 - 5: T.Raum	9999.9
2021-03-11 12:22:58.0	Ana9 - 9: T.Zuluft WRG warm	18.7
2021-03-11 12:23:08.0	Ana1 - 1: T.Au?en	12.5
2021-03-11 12:23:08.0	Ana2 - 2: T.Zuluft	16.9
2021-03-11 12:23:08.0	Ana3 - 3: T.Abluft	19.4
2021-03-11 12:23:08.0	Ana4 - 4: T.Fortluft	15.2
2021-03-11 12:23:08.0	Ana5 - 5: T.Raum	9999.9
2021-03-11 12:23:08.0	Ana9 - 9: T.Zuluft WRG warm	18.7
2021-03-11 12:23:18.0	Ana1 - 1: T.Au?en	12.5
2021-03-11 12:23:18.0	Ana2 - 2: T.Zuluft	16.9
2021-03-11 12:23:18.0	Ana3 - 3: T.Abluft	19.4
2021-03-11 12:23:18.0	Ana4 - 4: T.Fortluft	15.2
2021-03-11 12:23:18.0	Ana5 - 5: T.Raum	9999.9
2021-03-11 12:23:18.0	Ana9 - 9: T.Zuluft WRG warm	18.7
2021-03-11 12:23:28.0	Ana1 - 1: T.Au?en	12.5
2021-03-11 12:23:28.0	Ana2 - 2: T.Zuluft	16.9
2021-03-11 12:23:28.0	Ana3 - 3: T.Abluft	19.5
2021-03-11 12:23:28.0	Ana4 - 4: T.Fortluft	15.2
2021-03-11 12:23:28.0	Ana5 - 5: T.Raum	9999.9
2021-03-11 12:23:28.0	Ana9 - 9: T.Zuluft WRG warm	18.7
2021-03-11 12:23:38.0	Ana1 - 1: T.Au?en	12.5
2021-03-11 12:23:38.0	Ana2 - 2: T.Zuluft	16.9
2021-03-11 12:23:38.0	Ana3 - 3: T.Abluft	19.5
2021-03-11 12:23:38.0	Ana4 - 4: T.Fortluft	15.2
2021-03-11 12:23:38.0	Ana5 - 5: T.Raum	9999.9
2021-03-11 12:23:38.0	Ana9 - 9: T.Zuluft WRG warm	18.7
2021-03-11 12:23:48.0	Ana1 - 1: T.Au?en	12.4
2021-03-11 12:23:48.0	Ana2 - 2: T.Zuluft	16.9
2021-03-11 12:23:48.0	Ana3 - 3: T.Abluft	19.5
2021-03-11 12:23:48.0	Ana4 - 4: T.Fortluft	15.2
2021-03-11 12:23:48.0	Ana5 - 5: T.Raum	9999.9
2021-03-11 12:23:48.0	Ana9 - 9: T.Zuluft WRG warm	18.7
2021-03-11 12:23:58.0	Ana1 - 1: T.Au?en	12.4
2021-03-11 12:23:58.0	Ana2 - 2: T.Zuluft	16.9
2021-03-11 12:23:58.0	Ana3 - 3: T.Abluft	19.5
2021-03-11 12:23:58.0	Ana4 - 4: T.Fortluft	15.2
2021-03-11 12:23:58.0	Ana5 - 5: T.Raum	9999.9
2021-03-11 12:23:58.0	Ana9 - 9: T.Zuluft WRG warm	18.7
2021-03-11 12:24:08.0	Ana1 - 1: T.Au?en	12.4
2021-03-11 12:24:08.0	Ana2 - 2: T.Zuluft	16.9
2021-03-11 12:24:08.0	Ana3 - 3: T.Abluft	19.5
2021-03-11 12:24:08.0	Ana4 - 4: T.Fortluft	15.2
2021-03-11 12:24:08.0	Ana5 - 5: T.Raum	9999.9
2021-03-11 12:24:08.0	Ana9 - 9: T.Zuluft WRG warm	18.7
2021-03-11 12:24:18.0	Ana1 - 1: T.Au?en	12.4
2021-03-11 12:24:18.0	Ana2 - 2: T.Zuluft	16.9
2021-03-11 12:24:18.0	Ana3 - 3: T.Abluft	19.5
2021-03-11 12:24:18.0	Ana4 - 4: T.Fortluft	15.2
2021-03-11 12:24:18.0	Ana5 - 5: T.Raum	9999.9
2021-03-11 12:24:18.0	Ana9 - 9: T.Zuluft WRG warm	18.7
2021-03-11 12:24:28.0	Ana1 - 1: T.Au?en	12.4
2021-03-11 12:24:28.0	Ana2 - 2: T.Zuluft	16.9
2021-03-11 12:24:28.0	Ana3 - 3: T.Abluft	19.5
2021-03-11 12:24:28.0	Ana4 - 4: T.Fortluft	15.2
2021-03-11 12:24:28.0	Ana5 - 5: T.Raum	9999.9
2021-03-11 12:24:28.0	Ana9 - 9: T.Zuluft WRG warm	18.7
2021-03-11 12:24:38.0	Ana1 - 1: T.Au?en	12.4
2021-03-11 12:24:38.0	Ana2 - 2: T.Zuluft	16.9
2021-03-11 12:24:38.0	Ana3 - 3: T.Abluft	19.5
2021-03-11 12:24:38.0	Ana4 - 4: T.Fortluft	15.2
2021-03-11 12:24:38.0	Ana5 - 5: T.Raum	9999.9
2021-03-11 12:24:38.0	Ana9 - 9: T.Zuluft WRG warm	18.7
2021-03-11 12:24:48.0	Ana1 - 1: T.Au?en	12.5
2021-03-11 12:24:48.0	Ana2 - 2: T.Zuluft	16.9
2021-03-11 12:24:48.0	Ana3 - 3: T.Abluft	19.5
2021-03-11 12:24:48.0	Ana4 - 4: T.Fortluft	15.2
2021-03-11 12:24:48.0	Ana5 - 5: T.Raum	9999.9
2021-03-11 12:24:48.0	Ana9 - 9: T.Zuluft WRG warm	18.7
2021-03-11 12:24:58.0	Ana1 - 1: T.Au?en	12.5
2021-03-11 12:24:58.0	Ana2 - 2: T.Zuluft	16.9
2021-03-11 12:24:58.0	Ana3 - 3: T.Abluft	19.5
2021-03-11 12:24:58.0	Ana4 - 4: T.Fortluft	15.2
2021-03-11 12:24:58.0	Ana5 - 5: T.Raum	9999.9
2021-03-11 12:24:58.0	Ana9 - 9: T.Zuluft WRG warm	18.7
2021-03-11 12:25:08.0	Ana1 - 1: T.Au?en	12.5
2021-03-11 12:25:08.0	Ana2 - 2: T.Zuluft	16.9
2021-03-11 12:25:08.0	Ana3 - 3: T.Abluft	19.5
2021-03-11 12:25:08.0	Ana4 - 4: T.Fortluft	15.2
2021-03-11 12:25:08.0	Ana5 - 5: T.Raum	9999.9
2021-03-11 12:25:08.0	Ana9 - 9: T.Zuluft WRG warm	18.7
2021-03-11 12:25:18.0	Ana1 - 1: T.Au?en	12.5
2021-03-11 12:25:18.0	Ana2 - 2: T.Zuluft	16.9
2021-03-11 12:25:18.0	Ana3 - 3: T.Abluft	19.5
2021-03-11 12:25:18.0	Ana4 - 4: T.Fortluft	15.2
2021-03-11 12:25:18.0	Ana5 - 5: T.Raum	9999.9
2021-03-11 12:25:18.0	Ana9 - 9: T.Zuluft WRG warm	18.8
2021-03-11 12:25:28.0	Ana1 - 1: T.Au?en	12.6
2021-03-11 12:25:28.0	Ana2 - 2: T.Zuluft	16.9
2021-03-11 12:25:28.0	Ana3 - 3: T.Abluft	19.5
2021-03-11 12:25:28.0	Ana4 - 4: T.Fortluft	15.2
2021-03-11 12:25:28.0	Ana5 - 5: T.Raum	9999.9
2021-03-11 12:25:28.0	Ana9 - 9: T.Zuluft WRG warm	18.8
2021-03-11 12:25:38.0	Ana1 - 1: T.Au?en	12.7
2021-03-11 12:25:38.0	Ana2 - 2: T.Zuluft	16.9
2021-03-11 12:25:38.0	Ana3 - 3: T.Abluft	19.5
2021-03-11 12:25:38.0	Ana4 - 4: T.Fortluft	15.2
2021-03-11 12:25:38.0	Ana5 - 5: T.Raum	9999.9
2021-03-11 12:25:38.0	Ana9 - 9: T.Zuluft WRG warm	18.8
2021-03-11 12:25:48.0	Ana1 - 1: T.Au?en	12.7
2021-03-11 12:25:48.0	Ana2 - 2: T.Zuluft	16.9
2021-03-11 12:25:48.0	Ana3 - 3: T.Abluft	19.5
2021-03-11 12:25:48.0	Ana4 - 4: T.Fortluft	15.2
2021-03-11 12:25:48.0	Ana5 - 5: T.Raum	9999.9
2021-03-11 12:25:48.0	Ana9 - 9: T.Zuluft WRG warm	18.8
2021-03-11 12:25:58.0	Ana1 - 1: T.Au?en	12.7
2021-03-11 12:25:58.0	Ana2 - 2: T.Zuluft	16.9
2021-03-11 12:25:58.0	Ana3 - 3: T.Abluft	19.5
2021-03-11 12:25:58.0	Ana4 - 4: T.Fortluft	15.2
2021-03-11 12:25:58.0	Ana5 - 5: T.Raum	9999.9
2021-03-11 12:25:58.0	Ana9 - 9: T.Zuluft WRG warm	18.8
2021-03-11 12:26:08.0	Ana1 - 1: T.Au?en	12.7
2021-03-11 12:26:08.0	Ana2 - 2: T.Zuluft	16.9
2021-03-11 12:26:08.0	Ana3 - 3: T.Abluft	19.5
2021-03-11 12:26:08.0	Ana4 - 4: T.Fortluft	15.3
2021-03-11 12:26:08.0	Ana5 - 5: T.Raum	9999.9
2021-03-11 12:26:08.0	Ana9 - 9: T.Zuluft WRG warm	18.8
2021-03-11 12:26:18.0	Ana1 - 1: T.Au?en	12.7
2021-03-11 12:26:18.0	Ana2 - 2: T.Zuluft	16.9
2021-03-11 12:26:18.0	Ana3 - 3: T.Abluft	19.5
2021-03-11 12:26:18.0	Ana4 - 4: T.Fortluft	15.3
2021-03-11 12:26:18.0	Ana5 - 5: T.Raum	9999.9
2021-03-11 12:26:18.0	Ana9 - 9: T.Zuluft WRG warm	18.8
2021-03-11 12:26:28.0	Ana1 - 1: T.Au?en	12.7
2021-03-11 12:26:28.0	Ana2 - 2: T.Zuluft	16.9
2021-03-11 12:26:28.0	Ana3 - 3: T.Abluft	19.5
2021-03-11 12:26:28.0	Ana4 - 4: T.Fortluft	15.2
2021-03-11 12:26:28.0	Ana5 - 5: T.Raum	9999.9
2021-03-11 12:26:28.0	Ana9 - 9: T.Zuluft WRG warm	18.8
2021-03-11 12:26:38.0	Ana1 - 1: T.Au?en	12.7
2021-03-11 12:26:38.0	Ana2 - 2: T.Zuluft	16.9
2021-03-11 12:26:38.0	Ana3 - 3: T.Abluft	19.5
2021-03-11 12:26:38.0	Ana4 - 4: T.Fortluft	15.3
2021-03-11 12:26:38.0	Ana5 - 5: T.Raum	9999.9
2021-03-11 12:26:38.0	Ana9 - 9: T.Zuluft WRG warm	18.8
2021-03-11 12:26:48.0	Ana1 - 1: T.Au?en	12.8
2021-03-11 12:26:48.0	Ana2 - 2: T.Zuluft	16.9
2021-03-11 12:26:48.0	Ana3 - 3: T.Abluft	19.5
2021-03-11 12:26:48.0	Ana4 - 4: T.Fortluft	15.3
2021-03-11 12:26:48.0	Ana5 - 5: T.Raum	9999.9
2021-03-11 12:26:48.0	Ana9 - 9: T.Zuluft WRG warm	18.8
2021-03-11 12:26:58.0	Ana1 - 1: T.Au?en	12.8
2021-03-11 12:26:58.0	Ana2 - 2: T.Zuluft	16.9
2021-03-11 12:26:58.0	Ana3 - 3: T.Abluft	19.5
2021-03-11 12:26:58.0	Ana4 - 4: T.Fortluft	15.3
2021-03-11 12:26:58.0	Ana5 - 5: T.Raum	9999.9
2021-03-11 12:26:58.0	Ana9 - 9: T.Zuluft WRG warm	18.8
2021-03-11 12:27:08.0	Ana1 - 1: T.Au?en	12.7
2021-03-11 12:27:08.0	Ana2 - 2: T.Zuluft	16.9
2021-03-11 12:27:08.0	Ana3 - 3: T.Abluft	19.5
2021-03-11 12:27:08.0	Ana4 - 4: T.Fortluft	15.3
2021-03-11 12:27:08.0	Ana5 - 5: T.Raum	9999.9
2021-03-11 12:27:08.0	Ana9 - 9: T.Zuluft WRG warm	18.8
2021-03-11 12:27:18.0	Ana1 - 1: T.Au?en	12.8
2021-03-11 12:27:18.0	Ana2 - 2: T.Zuluft	16.9
2021-03-11 12:27:18.0	Ana3 - 3: T.Abluft	19.5
2021-03-11 12:27:18.0	Ana4 - 4: T.Fortluft	15.3
2021-03-11 12:27:18.0	Ana5 - 5: T.Raum	9999.9
2021-03-11 12:27:18.0	Ana9 - 9: T.Zuluft WRG warm	18.8
2021-03-11 12:27:28.0	Ana1 - 1: T.Au?en	12.8
2021-03-11 12:27:28.0	Ana2 - 2: T.Zuluft	16.9
2021-03-11 12:27:28.0	Ana3 - 3: T.Abluft	19.5
2021-03-11 12:27:28.0	Ana4 - 4: T.Fortluft	15.3
2021-03-11 12:27:28.0	Ana5 - 5: T.Raum	9999.9
2021-03-11 12:27:28.0	Ana9 - 9: T.Zuluft WRG warm	18.8
2021-03-11 12:27:38.0	Ana1 - 1: T.Au?en	12.8
2021-03-11 12:27:38.0	Ana2 - 2: T.Zuluft	16.9
2021-03-11 12:27:38.0	Ana3 - 3: T.Abluft	19.5
2021-03-11 12:27:38.0	Ana4 - 4: T.Fortluft	15.3
2021-03-11 12:27:38.0	Ana5 - 5: T.Raum	9999.9
2021-03-11 12:27:38.0	Ana9 - 9: T.Zuluft WRG warm	18.8
2021-03-11 12:27:48.0	Ana1 - 1: T.Au?en	12.8
2021-03-11 12:27:48.0	Ana2 - 2: T.Zuluft	16.9
2021-03-11 12:27:48.0	Ana3 - 3: T.Abluft	19.5
2021-03-11 12:27:48.0	Ana4 - 4: T.Fortluft	15.3
2021-03-11 12:27:48.0	Ana5 - 5: T.Raum	9999.9
2021-03-11 12:27:48.0	Ana9 - 9: T.Zuluft WRG warm	18.8
2021-03-11 12:27:58.0	Ana1 - 1: T.Au?en	12.8
2021-03-11 12:27:58.0	Ana2 - 2: T.Zuluft	16.9
2021-03-11 12:27:58.0	Ana3 - 3: T.Abluft	19.5
2021-03-11 12:27:58.0	Ana4 - 4: T.Fortluft	15.3
2021-03-11 12:27:58.0	Ana5 - 5: T.Raum	9999.9
2021-03-11 12:27:58.0	Ana9 - 9: T.Zuluft WRG warm	18.8
2021-03-11 12:28:08.0	Ana1 - 1: T.Au?en	12.7
2021-03-11 12:28:08.0	Ana2 - 2: T.Zuluft	16.9
2021-03-11 12:28:08.0	Ana3 - 3: T.Abluft	19.5
2021-03-11 12:28:08.0	Ana4 - 4: T.Fortluft	15.3
2021-03-11 12:28:08.0	Ana5 - 5: T.Raum	9999.9
2021-03-11 12:28:08.0	Ana9 - 9: T.Zuluft WRG warm	18.8
2021-03-11 12:28:18.0	Ana1 - 1: T.Au?en	12.7
2021-03-11 12:28:18.0	Ana2 - 2: T.Zuluft	17.0
2021-03-11 12:28:18.0	Ana3 - 3: T.Abluft	19.5
2021-03-11 12:28:18.0	Ana4 - 4: T.Fortluft	15.3
2021-03-11 12:28:18.0	Ana5 - 5: T.Raum	9999.9
2021-03-11 12:28:18.0	Ana9 - 9: T.Zuluft WRG warm	18.8
2021-03-11 12:28:28.0	Ana1 - 1: T.Au?en	12.8
2021-03-11 12:28:28.0	Ana2 - 2: T.Zuluft	17.0
2021-03-11 12:28:28.0	Ana3 - 3: T.Abluft	19.5
2021-03-11 12:28:28.0	Ana4 - 4: T.Fortluft	15.3
2021-03-11 12:28:28.0	Ana5 - 5: T.Raum	9999.9
2021-03-11 12:28:28.0	Ana9 - 9: T.Zuluft WRG warm	18.8
2021-03-11 12:28:38.0	Ana1 - 1: T.Au?en	12.8
2021-03-11 12:28:38.0	Ana2 - 2: T.Zuluft	17.0
2021-03-11 12:28:38.0	Ana3 - 3: T.Abluft	19.5
2021-03-11 12:28:38.0	Ana4 - 4: T.Fortluft	15.3
2021-03-11 12:28:38.0	Ana5 - 5: T.Raum	9999.9
2021-03-11 12:28:38.0	Ana9 - 9: T.Zuluft WRG warm	18.8
2021-03-11 12:28:48.0	Ana1 - 1: T.Au?en	12.8
2021-03-11 12:28:48.0	Ana2 - 2: T.Zuluft	17.0
2021-03-11 12:28:48.0	Ana3 - 3: T.Abluft	19.5
2021-03-11 12:28:48.0	Ana4 - 4: T.Fortluft	15.3
2021-03-11 12:28:48.0	Ana5 - 5: T.Raum	9999.9
2021-03-11 12:28:48.0	Ana9 - 9: T.Zuluft WRG warm	18.8
2021-03-11 12:28:58.0	Ana1 - 1: T.Au?en	12.8
2021-03-11 12:28:58.0	Ana2 - 2: T.Zuluft	17.0
2021-03-11 12:28:58.0	Ana3 - 3: T.Abluft	19.5
2021-03-11 12:28:58.0	Ana4 - 4: T.Fortluft	15.3
2021-03-11 12:28:58.0	Ana5 - 5: T.Raum	9999.9
2021-03-11 12:28:58.0	Ana9 - 9: T.Zuluft WRG warm	18.8
2021-03-11 12:29:08.0	Ana1 - 1: T.Au?en	12.8
2021-03-11 12:29:08.0	Ana2 - 2: T.Zuluft	17.0
2021-03-11 12:29:08.0	Ana3 - 3: T.Abluft	19.5
2021-03-11 12:29:08.0	Ana4 - 4: T.Fortluft	15.3
2021-03-11 12:29:08.0	Ana5 - 5: T.Raum	9999.9
2021-03-11 12:29:08.0	Ana9 - 9: T.Zuluft WRG warm	18.8
2021-03-11 12:29:18.0	Ana1 - 1: T.Au?en	12.8
2021-03-11 12:29:18.0	Ana2 - 2: T.Zuluft	17.0
2021-03-11 12:29:18.0	Ana3 - 3: T.Abluft	19.5
2021-03-11 12:29:18.0	Ana4 - 4: T.Fortluft	15.3
2021-03-11 12:29:18.0	Ana5 - 5: T.Raum	9999.9
2021-03-11 12:29:18.0	Ana9 - 9: T.Zuluft WRG warm	18.8
2021-03-11 12:29:28.0	Ana1 - 1: T.Au?en	12.8
2021-03-11 12:29:28.0	Ana2 - 2: T.Zuluft	17.0
2021-03-11 12:29:28.0	Ana3 - 3: T.Abluft	19.5
2021-03-11 12:29:28.0	Ana4 - 4: T.Fortluft	15.3
2021-03-11 12:29:28.0	Ana5 - 5: T.Raum	9999.9
2021-03-11 12:29:28.0	Ana9 - 9: T.Zuluft WRG warm	18.8
2021-03-11 12:29:38.0	Ana1 - 1: T.Au?en	12.7
2021-03-11 12:29:38.0	Ana2 - 2: T.Zuluft	17.0
2021-03-11 12:29:38.0	Ana3 - 3: T.Abluft	19.5
2021-03-11 12:29:38.0	Ana4 - 4: T.Fortluft	15.3
2021-03-11 12:29:38.0	Ana5 - 5: T.Raum	9999.9
2021-03-11 12:29:38.0	Ana9 - 9: T.Zuluft WRG warm	18.8
2021-03-11 12:29:48.0	Ana1 - 1: T.Au?en	12.7
2021-03-11 12:29:48.0	Ana2 - 2: T.Zuluft	17.0
2021-03-11 12:29:48.0	Ana3 - 3: T.Abluft	19.5
2021-03-11 12:29:48.0	Ana4 - 4: T.Fortluft	15.3
2021-03-11 12:29:48.0	Ana5 - 5: T.Raum	9999.9
2021-03-11 12:29:48.0	Ana9 - 9: T.Zuluft WRG warm	18.8
2021-03-11 12:29:58.0	Ana1 - 1: T.Au?en	12.7
2021-03-11 12:29:58.0	Ana2 - 2: T.Zuluft	17.0
2021-03-11 12:29:58.0	Ana3 - 3: T.Abluft	19.5
2021-03-11 12:29:58.0	Ana4 - 4: T.Fortluft	15.3
2021-03-11 12:29:58.0	Ana5 - 5: T.Raum	9999.9
2021-03-11 12:29:58.0	Ana9 - 9: T.Zuluft WRG warm	18.8
2021-03-11 12:30:08.0	Ana1 - 1: T.Au?en	12.6
2021-03-11 12:30:08.0	Ana2 - 2: T.Zuluft	17.0
2021-03-11 12:30:08.0	Ana3 - 3: T.Abluft	19.5
2021-03-11 12:30:08.0	Ana4 - 4: T.Fortluft	15.3
2021-03-11 12:30:08.0	Ana5 - 5: T.Raum	9999.9
2021-03-11 12:30:08.0	Ana9 - 9: T.Zuluft WRG warm	18.8
2021-03-11 12:30:18.0	Ana1 - 1: T.Au?en	12.6
2021-03-11 12:30:18.0	Ana2 - 2: T.Zuluft	17.0
2021-03-11 12:30:18.0	Ana3 - 3: T.Abluft	19.5
2021-03-11 12:30:18.0	Ana4 - 4: T.Fortluft	15.3
2021-03-11 12:30:18.0	Ana5 - 5: T.Raum	9999.9
2021-03-11 12:30:18.0	Ana9 - 9: T.Zuluft WRG warm	18.8
2021-03-11 12:30:28.0	Ana1 - 1: T.Au?en	12.6
2021-03-11 12:30:28.0	Ana2 - 2: T.Zuluft	17.0
2021-03-11 12:30:28.0	Ana3 - 3: T.Abluft	19.5
2021-03-11 12:30:28.0	Ana4 - 4: T.Fortluft	15.3
2021-03-11 12:30:28.0	Ana5 - 5: T.Raum	9999.9
2021-03-11 12:30:28.0	Ana9 - 9: T.Zuluft WRG warm	18.8
2021-03-11 12:30:38.0	Ana1 - 1: T.Au?en	12.6
2021-03-11 12:30:38.0	Ana2 - 2: T.Zuluft	17.0
2021-03-11 12:30:38.0	Ana3 - 3: T.Abluft	19.5
2021-03-11 12:30:38.0	Ana4 - 4: T.Fortluft	15.4
2021-03-11 12:30:38.0	Ana5 - 5: T.Raum	9999.9
2021-03-11 12:30:38.0	Ana9 - 9: T.Zuluft WRG warm	18.8
2021-03-11 12:30:48.0	Ana1 - 1: T.Au?en	12.7
2021-03-11 12:30:48.0	Ana2 - 2: T.Zuluft	17.0
2021-03-11 12:30:48.0	Ana3 - 3: T.Abluft	19.5
2021-03-11 12:30:48.0	Ana4 - 4: T.Fortluft	15.4
2021-03-11 12:30:48.0	Ana5 - 5: T.Raum	9999.9
2021-03-11 12:30:48.0	Ana9 - 9: T.Zuluft WRG warm	18.8
2021-03-11 12:30:58.0	Ana1 - 1: T.Au?en	12.7
2021-03-11 12:30:58.0	Ana2 - 2: T.Zuluft	17.0
2021-03-11 12:30:58.0	Ana3 - 3: T.Abluft	19.5
2021-03-11 12:30:58.0	Ana4 - 4: T.Fortluft	15.4
2021-03-11 12:30:58.0	Ana5 - 5: T.Raum	9999.9
2021-03-11 12:30:58.0	Ana9 - 9: T.Zuluft WRG warm	18.8
2021-03-11 12:31:08.0	Ana1 - 1: T.Au?en	12.7
2021-03-11 12:31:08.0	Ana2 - 2: T.Zuluft	17.0
2021-03-11 12:31:08.0	Ana3 - 3: T.Abluft	19.5
2021-03-11 12:31:08.0	Ana4 - 4: T.Fortluft	15.4
2021-03-11 12:31:08.0	Ana5 - 5: T.Raum	9999.9
2021-03-11 12:31:08.0	Ana9 - 9: T.Zuluft WRG warm	18.8
2021-03-11 12:31:18.0	Ana1 - 1: T.Au?en	12.8
2021-03-11 12:31:18.0	Ana2 - 2: T.Zuluft	17.0
2021-03-11 12:31:18.0	Ana3 - 3: T.Abluft	19.5
2021-03-11 12:31:18.0	Ana4 - 4: T.Fortluft	15.4
2021-03-11 12:31:18.0	Ana5 - 5: T.Raum	9999.9
2021-03-11 12:31:18.0	Ana9 - 9: T.Zuluft WRG warm	18.8
2021-03-11 12:31:28.0	Ana1 - 1: T.Au?en	12.8
2021-03-11 12:31:28.0	Ana2 - 2: T.Zuluft	17.0
2021-03-11 12:31:28.0	Ana3 - 3: T.Abluft	19.5
2021-03-11 12:31:28.0	Ana4 - 4: T.Fortluft	15.4
2021-03-11 12:31:28.0	Ana5 - 5: T.Raum	9999.9
2021-03-11 12:31:28.0	Ana9 - 9: T.Zuluft WRG warm	18.8
2021-03-11 12:31:38.0	Ana1 - 1: T.Au?en	12.7
2021-03-11 12:31:38.0	Ana2 - 2: T.Zuluft	17.0
2021-03-11 12:31:38.0	Ana3 - 3: T.Abluft	19.5
2021-03-11 12:31:38.0	Ana4 - 4: T.Fortluft	15.4
2021-03-11 12:31:38.0	Ana5 - 5: T.Raum	9999.9
2021-03-11 12:31:38.0	Ana9 - 9: T.Zuluft WRG warm	18.8
2021-03-11 12:31:48.0	Ana1 - 1: T.Au?en	12.8
2021-03-11 12:31:48.0	Ana2 - 2: T.Zuluft	17.0
2021-03-11 12:31:48.0	Ana3 - 3: T.Abluft	19.5
2021-03-11 12:31:48.0	Ana4 - 4: T.Fortluft	15.4
2021-03-11 12:31:48.0	Ana5 - 5: T.Raum	9999.9
2021-03-11 12:31:48.0	Ana9 - 9: T.Zuluft WRG warm	18.8
2021-03-11 12:31:58.0	Ana1 - 1: T.Au?en	12.9
2021-03-11 12:31:58.0	Ana2 - 2: T.Zuluft	17.0
2021-03-11 12:31:58.0	Ana3 - 3: T.Abluft	19.5
2021-03-11 12:31:58.0	Ana4 - 4: T.Fortluft	15.4
2021-03-11 12:31:58.0	Ana5 - 5: T.Raum	9999.9
2021-03-11 12:31:58.0	Ana9 - 9: T.Zuluft WRG warm	18.8
2021-03-11 12:32:08.0	Ana1 - 1: T.Au?en	13.0
2021-03-11 12:32:08.0	Ana2 - 2: T.Zuluft	17.0
2021-03-11 12:32:08.0	Ana3 - 3: T.Abluft	19.5
2021-03-11 12:32:08.0	Ana4 - 4: T.Fortluft	15.4
2021-03-11 12:32:08.0	Ana5 - 5: T.Raum	9999.9
2021-03-11 12:32:08.0	Ana9 - 9: T.Zuluft WRG warm	18.8
2021-03-11 12:32:18.0	Ana1 - 1: T.Au?en	13.0
2021-03-11 12:32:18.0	Ana2 - 2: T.Zuluft	17.0
2021-03-11 12:32:18.0	Ana3 - 3: T.Abluft	19.5
2021-03-11 12:32:18.0	Ana4 - 4: T.Fortluft	15.4
2021-03-11 12:32:18.0	Ana5 - 5: T.Raum	9999.9
2021-03-11 12:32:18.0	Ana9 - 9: T.Zuluft WRG warm	18.8
2021-03-11 12:32:28.0	Ana1 - 1: T.Au?en	13.0
2021-03-11 12:32:28.0	Ana2 - 2: T.Zuluft	17.0
2021-03-11 12:32:28.0	Ana3 - 3: T.Abluft	19.5
2021-03-11 12:32:28.0	Ana4 - 4: T.Fortluft	15.4
2021-03-11 12:32:28.0	Ana5 - 5: T.Raum	9999.9
2021-03-11 12:32:28.0	Ana9 - 9: T.Zuluft WRG warm	18.8
2021-03-11 12:32:38.0	Ana1 - 1: T.Au?en	13.0
2021-03-11 12:32:38.0	Ana2 - 2: T.Zuluft	17.0
2021-03-11 12:32:38.0	Ana3 - 3: T.Abluft	19.5
2021-03-11 12:32:38.0	Ana4 - 4: T.Fortluft	15.4
2021-03-11 12:32:38.0	Ana5 - 5: T.Raum	9999.9
2021-03-11 12:32:38.0	Ana9 - 9: T.Zuluft WRG warm	18.8
2021-03-11 12:32:48.0	Ana1 - 1: T.Au?en	13.1
2021-03-11 12:32:48.0	Ana2 - 2: T.Zuluft	17.0
2021-03-11 12:32:48.0	Ana3 - 3: T.Abluft	19.5
2021-03-11 12:32:48.0	Ana4 - 4: T.Fortluft	15.4
2021-03-11 12:32:48.0	Ana5 - 5: T.Raum	9999.9
2021-03-11 12:32:48.0	Ana9 - 9: T.Zuluft WRG warm	18.8
2021-03-11 12:32:58.0	Ana1 - 1: T.Au?en	13.1
2021-03-11 12:32:58.0	Ana2 - 2: T.Zuluft	17.1
2021-03-11 12:32:58.0	Ana3 - 3: T.Abluft	19.6
2021-03-11 12:32:58.0	Ana4 - 4: T.Fortluft	15.4
2021-03-11 12:32:58.0	Ana5 - 5: T.Raum	9999.9
2021-03-11 12:32:58.0	Ana9 - 9: T.Zuluft WRG warm	18.8
2021-03-11 12:33:08.0	Ana1 - 1: T.Au?en	13.1
2021-03-11 12:33:08.0	Ana2 - 2: T.Zuluft	17.1
2021-03-11 12:33:08.0	Ana3 - 3: T.Abluft	19.6
2021-03-11 12:33:08.0	Ana4 - 4: T.Fortluft	15.4
2021-03-11 12:33:08.0	Ana5 - 5: T.Raum	9999.9
2021-03-11 12:33:08.0	Ana9 - 9: T.Zuluft WRG warm	18.8
2021-03-11 12:33:18.0	Ana1 - 1: T.Au?en	13.2
2021-03-11 12:33:18.0	Ana2 - 2: T.Zuluft	17.1
2021-03-11 12:33:18.0	Ana3 - 3: T.Abluft	19.6
2021-03-11 12:33:18.0	Ana4 - 4: T.Fortluft	15.4
2021-03-11 12:33:18.0	Ana5 - 5: T.Raum	9999.9
2021-03-11 12:33:18.0	Ana9 - 9: T.Zuluft WRG warm	18.8
2021-03-11 12:33:28.0	Ana1 - 1: T.Au?en	13.2
2021-03-11 12:33:28.0	Ana2 - 2: T.Zuluft	17.1
2021-03-11 12:33:28.0	Ana3 - 3: T.Abluft	19.6
2021-03-11 12:33:28.0	Ana4 - 4: T.Fortluft	15.4
2021-03-11 12:33:28.0	Ana5 - 5: T.Raum	9999.9
2021-03-11 12:33:28.0	Ana9 - 9: T.Zuluft WRG warm	18.8
2021-03-11 12:33:38.0	Ana1 - 1: T.Au?en	13.1
2021-03-11 12:33:38.0	Ana2 - 2: T.Zuluft	17.1
2021-03-11 12:33:38.0	Ana3 - 3: T.Abluft	19.6
2021-03-11 12:33:38.0	Ana4 - 4: T.Fortluft	15.4
2021-03-11 12:33:38.0	Ana5 - 5: T.Raum	9999.9
2021-03-11 12:33:38.0	Ana9 - 9: T.Zuluft WRG warm	18.8
2021-03-11 12:33:48.0	Ana1 - 1: T.Au?en	13.1
2021-03-11 12:33:48.0	Ana2 - 2: T.Zuluft	17.1
2021-03-11 12:33:48.0	Ana3 - 3: T.Abluft	19.6
2021-03-11 12:33:48.0	Ana4 - 4: T.Fortluft	15.4
2021-03-11 12:33:48.0	Ana5 - 5: T.Raum	9999.9
2021-03-11 12:33:48.0	Ana9 - 9: T.Zuluft WRG warm	18.8
2021-03-11 12:33:58.0	Ana1 - 1: T.Au?en	13.2
2021-03-11 12:33:58.0	Ana2 - 2: T.Zuluft	17.1
2021-03-11 12:33:58.0	Ana3 - 3: T.Abluft	19.6
2021-03-11 12:33:58.0	Ana4 - 4: T.Fortluft	15.5
2021-03-11 12:33:58.0	Ana5 - 5: T.Raum	9999.9
2021-03-11 12:33:58.0	Ana9 - 9: T.Zuluft WRG warm	18.8
2021-03-11 12:34:08.0	Ana1 - 1: T.Au?en	13.1
2021-03-11 12:34:08.0	Ana2 - 2: T.Zuluft	17.1
2021-03-11 12:34:08.0	Ana3 - 3: T.Abluft	19.6
2021-03-11 12:34:08.0	Ana4 - 4: T.Fortluft	15.5
2021-03-11 12:34:08.0	Ana5 - 5: T.Raum	9999.9
2021-03-11 12:34:08.0	Ana9 - 9: T.Zuluft WRG warm	18.8
2021-03-11 12:34:18.0	Ana1 - 1: T.Au?en	13.1
2021-03-11 12:34:18.0	Ana2 - 2: T.Zuluft	17.1
2021-03-11 12:34:18.0	Ana3 - 3: T.Abluft	19.6
2021-03-11 12:34:18.0	Ana4 - 4: T.Fortluft	15.4
2021-03-11 12:34:18.0	Ana5 - 5: T.Raum	9999.9
2021-03-11 12:34:18.0	Ana9 - 9: T.Zuluft WRG warm	18.8
2021-03-11 12:34:28.0	Ana1 - 1: T.Au?en	13.1
2021-03-11 12:34:28.0	Ana2 - 2: T.Zuluft	17.1
2021-03-11 12:34:28.0	Ana3 - 3: T.Abluft	19.6
2021-03-11 12:34:28.0	Ana4 - 4: T.Fortluft	15.5
2021-03-11 12:34:28.0	Ana5 - 5: T.Raum	9999.9
2021-03-11 12:34:28.0	Ana9 - 9: T.Zuluft WRG warm	18.8
2021-03-11 12:34:38.0	Ana1 - 1: T.Au?en	13.0
2021-03-11 12:34:38.0	Ana2 - 2: T.Zuluft	17.1
2021-03-11 12:34:38.0	Ana3 - 3: T.Abluft	19.6
2021-03-11 12:34:38.0	Ana4 - 4: T.Fortluft	15.5
2021-03-11 12:34:38.0	Ana5 - 5: T.Raum	9999.9
2021-03-11 12:34:38.0	Ana9 - 9: T.Zuluft WRG warm	18.8
2021-03-11 12:34:48.0	Ana1 - 1: T.Au?en	13.1
2021-03-11 12:34:48.0	Ana2 - 2: T.Zuluft	17.1
2021-03-11 12:34:48.0	Ana3 - 3: T.Abluft	19.6
2021-03-11 12:34:48.0	Ana4 - 4: T.Fortluft	15.5
2021-03-11 12:34:48.0	Ana5 - 5: T.Raum	9999.9
2021-03-11 12:34:48.0	Ana9 - 9: T.Zuluft WRG warm	18.8
2021-03-11 12:34:58.0	Ana1 - 1: T.Au?en	13.1
2021-03-11 12:34:58.0	Ana2 - 2: T.Zuluft	17.1
2021-03-11 12:34:58.0	Ana3 - 3: T.Abluft	19.6
2021-03-11 12:34:58.0	Ana4 - 4: T.Fortluft	15.5
2021-03-11 12:34:58.0	Ana5 - 5: T.Raum	9999.9
2021-03-11 12:34:58.0	Ana9 - 9: T.Zuluft WRG warm	18.8
2021-03-11 12:35:08.0	Ana1 - 1: T.Au?en	13.0
2021-03-11 12:35:08.0	Ana2 - 2: T.Zuluft	17.1
2021-03-11 12:35:08.0	Ana3 - 3: T.Abluft	19.6
2021-03-11 12:35:08.0	Ana4 - 4: T.Fortluft	15.5
2021-03-11 12:35:08.0	Ana5 - 5: T.Raum	9999.9
2021-03-11 12:35:08.0	Ana9 - 9: T.Zuluft WRG warm	18.8
2021-03-11 12:35:18.0	Ana1 - 1: T.Au?en	13.0
2021-03-11 12:35:18.0	Ana2 - 2: T.Zuluft	17.1
2021-03-11 12:35:18.0	Ana3 - 3: T.Abluft	19.6
2021-03-11 12:35:18.0	Ana4 - 4: T.Fortluft	15.5
2021-03-11 12:35:18.0	Ana5 - 5: T.Raum	9999.9
2021-03-11 12:35:18.0	Ana9 - 9: T.Zuluft WRG warm	18.8
2021-03-11 12:35:28.0	Ana1 - 1: T.Au?en	13.0
2021-03-11 12:35:28.0	Ana2 - 2: T.Zuluft	17.1
2021-03-11 12:35:28.0	Ana3 - 3: T.Abluft	19.6
2021-03-11 12:35:28.0	Ana4 - 4: T.Fortluft	15.5
2021-03-11 12:35:28.0	Ana5 - 5: T.Raum	9999.9
2021-03-11 12:35:28.0	Ana9 - 9: T.Zuluft WRG warm	18.8
2021-03-11 12:35:38.0	Ana1 - 1: T.Au?en	13.1
2021-03-11 12:35:38.0	Ana2 - 2: T.Zuluft	17.1
2021-03-11 12:35:38.0	Ana3 - 3: T.Abluft	19.6
2021-03-11 12:35:38.0	Ana4 - 4: T.Fortluft	15.5
2021-03-11 12:35:38.0	Ana5 - 5: T.Raum	9999.9
2021-03-11 12:35:38.0	Ana9 - 9: T.Zuluft WRG warm	18.8
2021-03-11 12:35:48.0	Ana1 - 1: T.Au?en	13.1
2021-03-11 12:35:48.0	Ana2 - 2: T.Zuluft	17.1
2021-03-11 12:35:48.0	Ana3 - 3: T.Abluft	19.6
2021-03-11 12:35:48.0	Ana4 - 4: T.Fortluft	15.5
2021-03-11 12:35:48.0	Ana5 - 5: T.Raum	9999.9
2021-03-11 12:35:48.0	Ana9 - 9: T.Zuluft WRG warm	18.9
2021-03-11 12:35:58.0	Ana1 - 1: T.Au?en	13.0
2021-03-11 12:35:58.0	Ana2 - 2: T.Zuluft	17.1
2021-03-11 12:35:58.0	Ana3 - 3: T.Abluft	19.6
2021-03-11 12:35:58.0	Ana4 - 4: T.Fortluft	15.5
2021-03-11 12:35:58.0	Ana5 - 5: T.Raum	9999.9
2021-03-11 12:35:58.0	Ana9 - 9: T.Zuluft WRG warm	18.9
2021-03-11 12:36:08.0	Ana1 - 1: T.Au?en	13.0
2021-03-11 12:36:08.0	Ana2 - 2: T.Zuluft	17.1
2021-03-11 12:36:08.0	Ana3 - 3: T.Abluft	19.6
2021-03-11 12:36:08.0	Ana4 - 4: T.Fortluft	15.5
2021-03-11 12:36:08.0	Ana5 - 5: T.Raum	9999.9
2021-03-11 12:36:08.0	Ana9 - 9: T.Zuluft WRG warm	18.9
2021-03-11 12:36:18.0	Ana1 - 1: T.Au?en	13.0
2021-03-11 12:36:18.0	Ana2 - 2: T.Zuluft	17.1
2021-03-11 12:36:18.0	Ana3 - 3: T.Abluft	19.6
2021-03-11 12:36:18.0	Ana4 - 4: T.Fortluft	15.5
2021-03-11 12:36:18.0	Ana5 - 5: T.Raum	9999.9
2021-03-11 12:36:18.0	Ana9 - 9: T.Zuluft WRG warm	18.9
2021-03-11 12:36:28.0	Ana1 - 1: T.Au?en	13.0
2021-03-11 12:36:28.0	Ana2 - 2: T.Zuluft	17.1
2021-03-11 12:36:28.0	Ana3 - 3: T.Abluft	19.6
2021-03-11 12:36:28.0	Ana4 - 4: T.Fortluft	15.5
2021-03-11 12:36:28.0	Ana5 - 5: T.Raum	9999.9
2021-03-11 12:36:28.0	Ana9 - 9: T.Zuluft WRG warm	18.9
2021-03-11 12:36:38.0	Ana1 - 1: T.Au?en	13.0
2021-03-11 12:36:38.0	Ana2 - 2: T.Zuluft	17.1
2021-03-11 12:36:38.0	Ana3 - 3: T.Abluft	19.6
2021-03-11 12:36:38.0	Ana4 - 4: T.Fortluft	15.5
2021-03-11 12:36:38.0	Ana5 - 5: T.Raum	9999.9
2021-03-11 12:36:38.0	Ana9 - 9: T.Zuluft WRG warm	18.9
2021-03-11 12:36:48.0	Ana1 - 1: T.Au?en	13.0
2021-03-11 12:36:48.0	Ana2 - 2: T.Zuluft	17.1
2021-03-11 12:36:48.0	Ana3 - 3: T.Abluft	19.6
2021-03-11 12:36:48.0	Ana4 - 4: T.Fortluft	15.5
2021-03-11 12:36:48.0	Ana5 - 5: T.Raum	9999.9
2021-03-11 12:36:48.0	Ana9 - 9: T.Zuluft WRG warm	18.9
2021-03-11 12:36:58.0	Ana1 - 1: T.Au?en	12.9
2021-03-11 12:36:58.0	Ana2 - 2: T.Zuluft	17.1
2021-03-11 12:36:58.0	Ana3 - 3: T.Abluft	19.6
2021-03-11 12:36:58.0	Ana4 - 4: T.Fortluft	15.5
2021-03-11 12:36:58.0	Ana5 - 5: T.Raum	9999.9
2021-03-11 12:36:58.0	Ana9 - 9: T.Zuluft WRG warm	18.9
2021-03-11 12:37:08.0	Ana1 - 1: T.Au?en	12.9
2021-03-11 12:37:08.0	Ana2 - 2: T.Zuluft	17.1
2021-03-11 12:37:08.0	Ana3 - 3: T.Abluft	19.6
2021-03-11 12:37:08.0	Ana4 - 4: T.Fortluft	15.5
2021-03-11 12:37:08.0	Ana5 - 5: T.Raum	9999.9
2021-03-11 12:37:08.0	Ana9 - 9: T.Zuluft WRG warm	18.9
2021-03-11 12:37:18.0	Ana1 - 1: T.Au?en	12.9
2021-03-11 12:37:18.0	Ana2 - 2: T.Zuluft	17.1
2021-03-11 12:37:18.0	Ana3 - 3: T.Abluft	19.6
2021-03-11 12:37:18.0	Ana4 - 4: T.Fortluft	15.5
2021-03-11 12:37:18.0	Ana5 - 5: T.Raum	9999.9
2021-03-11 12:37:18.0	Ana9 - 9: T.Zuluft WRG warm	18.9
2021-03-11 12:37:28.0	Ana1 - 1: T.Au?en	12.9
2021-03-11 12:37:28.0	Ana2 - 2: T.Zuluft	17.1
2021-03-11 12:37:28.0	Ana3 - 3: T.Abluft	19.6
2021-03-11 12:37:28.0	Ana4 - 4: T.Fortluft	15.5
2021-03-11 12:37:28.0	Ana5 - 5: T.Raum	9999.9
2021-03-11 12:37:28.0	Ana9 - 9: T.Zuluft WRG warm	18.9
2021-03-11 12:37:38.0	Ana1 - 1: T.Au?en	12.9
2021-03-11 12:37:38.0	Ana2 - 2: T.Zuluft	17.1
2021-03-11 12:37:38.0	Ana3 - 3: T.Abluft	19.6
2021-03-11 12:37:38.0	Ana4 - 4: T.Fortluft	15.5
2021-03-11 12:37:38.0	Ana5 - 5: T.Raum	9999.9
2021-03-11 12:37:38.0	Ana9 - 9: T.Zuluft WRG warm	18.9
2021-03-11 12:37:48.0	Ana1 - 1: T.Au?en	12.9
2021-03-11 12:37:48.0	Ana2 - 2: T.Zuluft	17.1
2021-03-11 12:37:48.0	Ana3 - 3: T.Abluft	19.6
2021-03-11 12:37:48.0	Ana4 - 4: T.Fortluft	15.6
2021-03-11 12:37:48.0	Ana5 - 5: T.Raum	9999.9
2021-03-11 12:37:48.0	Ana9 - 9: T.Zuluft WRG warm	18.9
2021-03-11 12:37:58.0	Ana1 - 1: T.Au?en	12.9
2021-03-11 12:37:58.0	Ana2 - 2: T.Zuluft	17.1
2021-03-11 12:37:58.0	Ana3 - 3: T.Abluft	19.6
2021-03-11 12:37:58.0	Ana4 - 4: T.Fortluft	15.5
2021-03-11 12:37:58.0	Ana5 - 5: T.Raum	9999.9
2021-03-11 12:37:58.0	Ana9 - 9: T.Zuluft WRG warm	18.9
2021-03-11 12:38:08.0	Ana1 - 1: T.Au?en	12.8
2021-03-11 12:38:08.0	Ana2 - 2: T.Zuluft	17.2
2021-03-11 12:38:08.0	Ana3 - 3: T.Abluft	19.6
2021-03-11 12:38:08.0	Ana4 - 4: T.Fortluft	15.6
2021-03-11 12:38:08.0	Ana5 - 5: T.Raum	9999.9
2021-03-11 12:38:08.0	Ana9 - 9: T.Zuluft WRG warm	18.9
2021-03-11 12:38:18.0	Ana1 - 1: T.Au?en	12.8
2021-03-11 12:38:18.0	Ana2 - 2: T.Zuluft	17.2
2021-03-11 12:38:18.0	Ana3 - 3: T.Abluft	19.6
2021-03-11 12:38:18.0	Ana4 - 4: T.Fortluft	15.6
2021-03-11 12:38:18.0	Ana5 - 5: T.Raum	9999.9
2021-03-11 12:38:18.0	Ana9 - 9: T.Zuluft WRG warm	18.9
2021-03-11 12:38:28.0	Ana1 - 1: T.Au?en	12.8
2021-03-11 12:38:28.0	Ana2 - 2: T.Zuluft	17.2
2021-03-11 12:38:28.0	Ana3 - 3: T.Abluft	19.6
2021-03-11 12:38:28.0	Ana4 - 4: T.Fortluft	15.6
2021-03-11 12:38:28.0	Ana5 - 5: T.Raum	9999.9
2021-03-11 12:38:28.0	Ana9 - 9: T.Zuluft WRG warm	18.9
2021-03-11 12:38:38.0	Ana1 - 1: T.Au?en	12.8
2021-03-11 12:38:38.0	Ana2 - 2: T.Zuluft	17.2
2021-03-11 12:38:38.0	Ana3 - 3: T.Abluft	19.6
2021-03-11 12:38:38.0	Ana4 - 4: T.Fortluft	15.6
2021-03-11 12:38:38.0	Ana5 - 5: T.Raum	9999.9
2021-03-11 12:38:38.0	Ana9 - 9: T.Zuluft WRG warm	18.9
2021-03-11 12:38:48.0	Ana1 - 1: T.Au?en	12.7
2021-03-11 12:38:48.0	Ana2 - 2: T.Zuluft	17.2
2021-03-11 12:38:48.0	Ana3 - 3: T.Abluft	19.6
2021-03-11 12:38:48.0	Ana4 - 4: T.Fortluft	15.6
2021-03-11 12:38:48.0	Ana5 - 5: T.Raum	9999.9
2021-03-11 12:38:48.0	Ana9 - 9: T.Zuluft WRG warm	18.9
2021-03-11 12:38:58.0	Ana1 - 1: T.Au?en	12.7
2021-03-11 12:38:58.0	Ana2 - 2: T.Zuluft	17.2
2021-03-11 12:38:58.0	Ana3 - 3: T.Abluft	19.6
2021-03-11 12:38:58.0	Ana4 - 4: T.Fortluft	15.6
2021-03-11 12:38:58.0	Ana5 - 5: T.Raum	9999.9
2021-03-11 12:38:58.0	Ana9 - 9: T.Zuluft WRG warm	18.9
2021-03-11 12:39:08.0	Ana1 - 1: T.Au?en	12.7
2021-03-11 12:39:08.0	Ana2 - 2: T.Zuluft	17.2
2021-03-11 12:39:08.0	Ana3 - 3: T.Abluft	19.6
2021-03-11 12:39:08.0	Ana4 - 4: T.Fortluft	15.6
2021-03-11 12:39:08.0	Ana5 - 5: T.Raum	9999.9
2021-03-11 12:39:08.0	Ana9 - 9: T.Zuluft WRG warm	18.9
2021-03-11 12:39:18.0	Ana1 - 1: T.Au?en	12.6
2021-03-11 12:39:18.0	Ana2 - 2: T.Zuluft	17.2
2021-03-11 12:39:18.0	Ana3 - 3: T.Abluft	19.6
2021-03-11 12:39:18.0	Ana4 - 4: T.Fortluft	15.6
2021-03-11 12:39:18.0	Ana5 - 5: T.Raum	9999.9
2021-03-11 12:39:18.0	Ana9 - 9: T.Zuluft WRG warm	18.9
2021-03-11 12:39:28.0	Ana1 - 1: T.Au?en	12.5
2021-03-11 12:39:28.0	Ana2 - 2: T.Zuluft	17.2
2021-03-11 12:39:28.0	Ana3 - 3: T.Abluft	19.6
2021-03-11 12:39:28.0	Ana4 - 4: T.Fortluft	15.6
2021-03-11 12:39:28.0	Ana5 - 5: T.Raum	9999.9
2021-03-11 12:39:28.0	Ana9 - 9: T.Zuluft WRG warm	18.9
2021-03-11 12:39:38.0	Ana1 - 1: T.Au?en	12.5
2021-03-11 12:39:38.0	Ana2 - 2: T.Zuluft	17.2
2021-03-11 12:39:38.0	Ana3 - 3: T.Abluft	19.6
2021-03-11 12:39:38.0	Ana4 - 4: T.Fortluft	15.6
2021-03-11 12:39:38.0	Ana5 - 5: T.Raum	9999.9
2021-03-11 12:39:38.0	Ana9 - 9: T.Zuluft WRG warm	18.9
2021-03-11 12:39:48.0	Ana1 - 1: T.Au?en	12.5
2021-03-11 12:39:48.0	Ana2 - 2: T.Zuluft	17.2
2021-03-11 12:39:48.0	Ana3 - 3: T.Abluft	19.6
2021-03-11 12:39:48.0	Ana4 - 4: T.Fortluft	15.6
2021-03-11 12:39:48.0	Ana5 - 5: T.Raum	9999.9
2021-03-11 12:39:48.0	Ana9 - 9: T.Zuluft WRG warm	18.9
2021-03-11 12:39:58.0	Ana1 - 1: T.Au?en	12.5
2021-03-11 12:39:58.0	Ana2 - 2: T.Zuluft	17.2
2021-03-11 12:39:58.0	Ana3 - 3: T.Abluft	19.6
2021-03-11 12:39:58.0	Ana4 - 4: T.Fortluft	15.6
2021-03-11 12:39:58.0	Ana5 - 5: T.Raum	9999.9
2021-03-11 12:39:58.0	Ana9 - 9: T.Zuluft WRG warm	18.9
2021-03-11 12:40:08.0	Ana1 - 1: T.Au?en	12.5
2021-03-11 12:40:08.0	Ana2 - 2: T.Zuluft	17.2
2021-03-11 12:40:08.0	Ana3 - 3: T.Abluft	19.6
2021-03-11 12:40:08.0	Ana4 - 4: T.Fortluft	15.6
2021-03-11 12:40:08.0	Ana5 - 5: T.Raum	9999.9
2021-03-11 12:40:08.0	Ana9 - 9: T.Zuluft WRG warm	18.9
2021-03-11 12:40:18.0	Ana1 - 1: T.Au?en	12.5
2021-03-11 12:40:18.0	Ana2 - 2: T.Zuluft	17.2
2021-03-11 12:40:18.0	Ana3 - 3: T.Abluft	19.6
2021-03-11 12:40:18.0	Ana4 - 4: T.Fortluft	15.6
2021-03-11 12:40:18.0	Ana5 - 5: T.Raum	9999.9
2021-03-11 12:40:18.0	Ana9 - 9: T.Zuluft WRG warm	18.9
2021-03-11 12:40:28.0	Ana1 - 1: T.Au?en	12.5
2021-03-11 12:40:28.0	Ana2 - 2: T.Zuluft	17.2
2021-03-11 12:40:28.0	Ana3 - 3: T.Abluft	19.6
2021-03-11 12:40:28.0	Ana4 - 4: T.Fortluft	15.6
2021-03-11 12:40:28.0	Ana5 - 5: T.Raum	9999.9
2021-03-11 12:40:28.0	Ana9 - 9: T.Zuluft WRG warm	18.9
2021-03-11 12:40:38.0	Ana1 - 1: T.Au?en	12.5
2021-03-11 12:40:38.0	Ana2 - 2: T.Zuluft	17.2
2021-03-11 12:40:38.0	Ana3 - 3: T.Abluft	19.6
2021-03-11 12:40:38.0	Ana4 - 4: T.Fortluft	15.6
2021-03-11 12:40:38.0	Ana5 - 5: T.Raum	9999.9
2021-03-11 12:40:38.0	Ana9 - 9: T.Zuluft WRG warm	18.9
2021-03-11 12:40:48.0	Ana1 - 1: T.Au?en	12.5
2021-03-11 12:40:48.0	Ana2 - 2: T.Zuluft	17.2
2021-03-11 12:40:48.0	Ana3 - 3: T.Abluft	19.6
2021-03-11 12:40:48.0	Ana4 - 4: T.Fortluft	15.6
2021-03-11 12:40:48.0	Ana5 - 5: T.Raum	9999.9
2021-03-11 12:40:48.0	Ana9 - 9: T.Zuluft WRG warm	18.9
2021-03-11 12:40:58.0	Ana1 - 1: T.Au?en	12.5
2021-03-11 12:40:58.0	Ana2 - 2: T.Zuluft	17.2
2021-03-11 12:40:58.0	Ana3 - 3: T.Abluft	19.6
2021-03-11 12:40:58.0	Ana4 - 4: T.Fortluft	15.6
2021-03-11 12:40:58.0	Ana5 - 5: T.Raum	9999.9
2021-03-11 12:40:58.0	Ana9 - 9: T.Zuluft WRG warm	18.9
2021-03-11 12:41:08.0	Ana1 - 1: T.Au?en	12.5
2021-03-11 12:41:08.0	Ana2 - 2: T.Zuluft	17.2
2021-03-11 12:41:08.0	Ana3 - 3: T.Abluft	19.6
2021-03-11 12:41:08.0	Ana4 - 4: T.Fortluft	15.6
2021-03-11 12:41:08.0	Ana5 - 5: T.Raum	9999.9
2021-03-11 12:41:08.0	Ana9 - 9: T.Zuluft WRG warm	18.9
2021-03-11 12:41:18.0	Ana1 - 1: T.Au?en	12.4
2021-03-11 12:41:18.0	Ana2 - 2: T.Zuluft	17.2
2021-03-11 12:41:18.0	Ana3 - 3: T.Abluft	19.6
2021-03-11 12:41:18.0	Ana4 - 4: T.Fortluft	15.6
2021-03-11 12:41:18.0	Ana5 - 5: T.Raum	9999.9
2021-03-11 12:41:18.0	Ana9 - 9: T.Zuluft WRG warm	18.9
2021-03-11 12:41:28.0	Ana1 - 1: T.Au?en	12.4
2021-03-11 12:41:28.0	Ana2 - 2: T.Zuluft	17.2
2021-03-11 12:41:28.0	Ana3 - 3: T.Abluft	19.6
2021-03-11 12:41:28.0	Ana4 - 4: T.Fortluft	15.6
2021-03-11 12:41:28.0	Ana5 - 5: T.Raum	9999.9
2021-03-11 12:41:28.0	Ana9 - 9: T.Zuluft WRG warm	18.9
2021-03-11 12:41:38.0	Ana1 - 1: T.Au?en	12.4
2021-03-11 12:41:38.0	Ana2 - 2: T.Zuluft	17.2
2021-03-11 12:41:38.0	Ana3 - 3: T.Abluft	19.6
2021-03-11 12:41:38.0	Ana4 - 4: T.Fortluft	15.6
2021-03-11 12:41:38.0	Ana5 - 5: T.Raum	9999.9
2021-03-11 12:41:38.0	Ana9 - 9: T.Zuluft WRG warm	18.9
2021-03-11 12:41:48.0	Ana1 - 1: T.Au?en	12.4
2021-03-11 12:41:48.0	Ana2 - 2: T.Zuluft	17.2
2021-03-11 12:41:48.0	Ana3 - 3: T.Abluft	19.6
2021-03-11 12:41:48.0	Ana4 - 4: T.Fortluft	15.6
2021-03-11 12:41:48.0	Ana5 - 5: T.Raum	9999.9
2021-03-11 12:41:48.0	Ana9 - 9: T.Zuluft WRG warm	18.9
2021-03-11 12:41:58.0	Ana1 - 1: T.Au?en	12.4
2021-03-11 12:41:58.0	Ana2 - 2: T.Zuluft	17.2
2021-03-11 12:41:58.0	Ana3 - 3: T.Abluft	19.6
2021-03-11 12:41:58.0	Ana4 - 4: T.Fortluft	15.7
2021-03-11 12:41:58.0	Ana5 - 5: T.Raum	9999.9
2021-03-11 12:41:58.0	Ana9 - 9: T.Zuluft WRG warm	18.9
2021-03-11 12:42:08.0	Ana1 - 1: T.Au?en	12.4
2021-03-11 12:42:08.0	Ana2 - 2: T.Zuluft	17.2
2021-03-11 12:42:08.0	Ana3 - 3: T.Abluft	19.6
2021-03-11 12:42:08.0	Ana4 - 4: T.Fortluft	15.7
2021-03-11 12:42:08.0	Ana5 - 5: T.Raum	9999.9
2021-03-11 12:42:08.0	Ana9 - 9: T.Zuluft WRG warm	18.9
2021-03-11 12:42:18.0	Ana1 - 1: T.Au?en	12.3
2021-03-11 12:42:18.0	Ana2 - 2: T.Zuluft	17.2
2021-03-11 12:42:18.0	Ana3 - 3: T.Abluft	19.6
2021-03-11 12:42:18.0	Ana4 - 4: T.Fortluft	15.7
2021-03-11 12:42:18.0	Ana5 - 5: T.Raum	9999.9
2021-03-11 12:42:18.0	Ana9 - 9: T.Zuluft WRG warm	18.9
2021-03-11 12:42:28.0	Ana1 - 1: T.Au?en	12.3
2021-03-11 12:42:28.0	Ana2 - 2: T.Zuluft	17.2
2021-03-11 12:42:28.0	Ana3 - 3: T.Abluft	19.6
2021-03-11 12:42:28.0	Ana4 - 4: T.Fortluft	15.7
2021-03-11 12:42:28.0	Ana5 - 5: T.Raum	9999.9
2021-03-11 12:42:28.0	Ana9 - 9: T.Zuluft WRG warm	18.9
2021-03-11 12:42:38.0	Ana1 - 1: T.Au?en	12.3
2021-03-11 12:42:38.0	Ana2 - 2: T.Zuluft	17.2
2021-03-11 12:42:38.0	Ana3 - 3: T.Abluft	19.6
2021-03-11 12:42:38.0	Ana4 - 4: T.Fortluft	15.7
2021-03-11 12:42:38.0	Ana5 - 5: T.Raum	9999.9
2021-03-11 12:42:38.0	Ana9 - 9: T.Zuluft WRG warm	18.9
2021-03-11 12:42:48.0	Ana1 - 1: T.Au?en	12.3
2021-03-11 12:42:48.0	Ana2 - 2: T.Zuluft	17.2
2021-03-11 12:42:48.0	Ana3 - 3: T.Abluft	19.6
2021-03-11 12:42:48.0	Ana4 - 4: T.Fortluft	15.7
2021-03-11 12:42:48.0	Ana5 - 5: T.Raum	9999.9
2021-03-11 12:42:48.0	Ana9 - 9: T.Zuluft WRG warm	18.9
2021-03-11 12:42:58.0	Ana1 - 1: T.Au?en	12.4
2021-03-11 12:42:58.0	Ana2 - 2: T.Zuluft	17.2
2021-03-11 12:42:58.0	Ana3 - 3: T.Abluft	19.6
2021-03-11 12:42:58.0	Ana4 - 4: T.Fortluft	15.7
2021-03-11 12:42:58.0	Ana5 - 5: T.Raum	9999.9
2021-03-11 12:42:58.0	Ana9 - 9: T.Zuluft WRG warm	18.9
2021-03-11 12:43:08.0	Ana1 - 1: T.Au?en	12.4
2021-03-11 12:43:08.0	Ana2 - 2: T.Zuluft	17.2
2021-03-11 12:43:08.0	Ana3 - 3: T.Abluft	19.6
2021-03-11 12:43:08.0	Ana4 - 4: T.Fortluft	15.7
2021-03-11 12:43:08.0	Ana5 - 5: T.Raum	9999.9
2021-03-11 12:43:08.0	Ana9 - 9: T.Zuluft WRG warm	18.9
2021-03-11 12:43:18.0	Ana1 - 1: T.Au?en	12.4
2021-03-11 12:43:18.0	Ana2 - 2: T.Zuluft	17.2
2021-03-11 12:43:18.0	Ana3 - 3: T.Abluft	19.6
2021-03-11 12:43:18.0	Ana4 - 4: T.Fortluft	15.7
2021-03-11 12:43:18.0	Ana5 - 5: T.Raum	9999.9
2021-03-11 12:43:18.0	Ana9 - 9: T.Zuluft WRG warm	18.9
2021-03-11 12:43:28.0	Ana1 - 1: T.Au?en	12.4
2021-03-11 12:43:28.0	Ana2 - 2: T.Zuluft	17.2
2021-03-11 12:43:28.0	Ana3 - 3: T.Abluft	19.6
2021-03-11 12:43:28.0	Ana4 - 4: T.Fortluft	15.7
2021-03-11 12:43:28.0	Ana5 - 5: T.Raum	9999.9
2021-03-11 12:43:28.0	Ana9 - 9: T.Zuluft WRG warm	18.9
2021-03-11 12:43:38.0	Ana1 - 1: T.Au?en	12.4
2021-03-11 12:43:38.0	Ana2 - 2: T.Zuluft	17.2
2021-03-11 12:43:38.0	Ana3 - 3: T.Abluft	19.6
2021-03-11 12:43:38.0	Ana4 - 4: T.Fortluft	15.7
2021-03-11 12:43:38.0	Ana5 - 5: T.Raum	9999.9
2021-03-11 12:43:38.0	Ana9 - 9: T.Zuluft WRG warm	18.9
2021-03-11 12:43:48.0	Ana1 - 1: T.Au?en	12.5
2021-03-11 12:43:48.0	Ana2 - 2: T.Zuluft	17.2
2021-03-11 12:43:48.0	Ana3 - 3: T.Abluft	19.6
2021-03-11 12:43:48.0	Ana4 - 4: T.Fortluft	15.7
2021-03-11 12:43:48.0	Ana5 - 5: T.Raum	9999.9
2021-03-11 12:43:48.0	Ana9 - 9: T.Zuluft WRG warm	18.9
2021-03-11 12:43:58.0	Ana1 - 1: T.Au?en	12.5
2021-03-11 12:43:58.0	Ana2 - 2: T.Zuluft	17.2
2021-03-11 12:43:58.0	Ana3 - 3: T.Abluft	19.6
2021-03-11 12:43:58.0	Ana4 - 4: T.Fortluft	15.7
2021-03-11 12:43:58.0	Ana5 - 5: T.Raum	9999.9
2021-03-11 12:43:58.0	Ana9 - 9: T.Zuluft WRG warm	18.9
2021-03-11 12:44:08.0	Ana1 - 1: T.Au?en	12.5
2021-03-11 12:44:08.0	Ana2 - 2: T.Zuluft	17.3
2021-03-11 12:44:08.0	Ana3 - 3: T.Abluft	19.6
2021-03-11 12:44:08.0	Ana4 - 4: T.Fortluft	15.7
2021-03-11 12:44:08.0	Ana5 - 5: T.Raum	9999.9
2021-03-11 12:44:08.0	Ana9 - 9: T.Zuluft WRG warm	18.9
2021-03-11 12:44:18.0	Ana1 - 1: T.Au?en	12.5
2021-03-11 12:44:18.0	Ana2 - 2: T.Zuluft	17.3
2021-03-11 12:44:18.0	Ana3 - 3: T.Abluft	19.6
2021-03-11 12:44:18.0	Ana4 - 4: T.Fortluft	15.7
2021-03-11 12:44:18.0	Ana5 - 5: T.Raum	9999.9
2021-03-11 12:44:18.0	Ana9 - 9: T.Zuluft WRG warm	18.9
2021-03-11 12:44:28.0	Ana1 - 1: T.Au?en	12.5
2021-03-11 12:44:28.0	Ana2 - 2: T.Zuluft	17.3
2021-03-11 12:44:28.0	Ana3 - 3: T.Abluft	19.6
2021-03-11 12:44:28.0	Ana4 - 4: T.Fortluft	15.7
2021-03-11 12:44:28.0	Ana5 - 5: T.Raum	9999.9
2021-03-11 12:44:28.0	Ana9 - 9: T.Zuluft WRG warm	18.9
2021-03-11 12:44:38.0	Ana1 - 1: T.Au?en	12.5
2021-03-11 12:44:38.0	Ana2 - 2: T.Zuluft	17.2
2021-03-11 12:44:38.0	Ana3 - 3: T.Abluft	19.7
2021-03-11 12:44:38.0	Ana4 - 4: T.Fortluft	15.7
2021-03-11 12:44:38.0	Ana5 - 5: T.Raum	9999.9
2021-03-11 12:44:38.0	Ana9 - 9: T.Zuluft WRG warm	18.9
2021-03-11 12:44:48.0	Ana1 - 1: T.Au?en	12.5
2021-03-11 12:44:48.0	Ana2 - 2: T.Zuluft	17.3
2021-03-11 12:44:48.0	Ana3 - 3: T.Abluft	19.7
2021-03-11 12:44:48.0	Ana4 - 4: T.Fortluft	15.7
2021-03-11 12:44:48.0	Ana5 - 5: T.Raum	9999.9
2021-03-11 12:44:48.0	Ana9 - 9: T.Zuluft WRG warm	18.9
2021-03-11 12:44:58.0	Ana1 - 1: T.Au?en	12.5
2021-03-11 12:44:58.0	Ana2 - 2: T.Zuluft	17.3
2021-03-11 12:44:58.0	Ana3 - 3: T.Abluft	19.7
2021-03-11 12:44:58.0	Ana4 - 4: T.Fortluft	15.7
2021-03-11 12:44:58.0	Ana5 - 5: T.Raum	9999.9
2021-03-11 12:44:58.0	Ana9 - 9: T.Zuluft WRG warm	18.9
2021-03-11 12:45:08.0	Ana1 - 1: T.Au?en	12.5
2021-03-11 12:45:08.0	Ana2 - 2: T.Zuluft	17.3
2021-03-11 12:45:08.0	Ana3 - 3: T.Abluft	19.7
2021-03-11 12:45:08.0	Ana4 - 4: T.Fortluft	15.7
2021-03-11 12:45:08.0	Ana5 - 5: T.Raum	9999.9
2021-03-11 12:45:08.0	Ana9 - 9: T.Zuluft WRG warm	18.9
2021-03-11 12:45:18.0	Ana1 - 1: T.Au?en	12.5
2021-03-11 12:45:18.0	Ana2 - 2: T.Zuluft	17.3
2021-03-11 12:45:18.0	Ana3 - 3: T.Abluft	19.7
2021-03-11 12:45:18.0	Ana4 - 4: T.Fortluft	15.7
2021-03-11 12:45:18.0	Ana5 - 5: T.Raum	9999.9
2021-03-11 12:45:18.0	Ana9 - 9: T.Zuluft WRG warm	18.9
2021-03-11 12:45:28.0	Ana1 - 1: T.Au?en	12.5
2021-03-11 12:45:28.0	Ana2 - 2: T.Zuluft	17.3
2021-03-11 12:45:28.0	Ana3 - 3: T.Abluft	19.7
2021-03-11 12:45:28.0	Ana4 - 4: T.Fortluft	15.7
2021-03-11 12:45:28.0	Ana5 - 5: T.Raum	9999.9
2021-03-11 12:45:28.0	Ana9 - 9: T.Zuluft WRG warm	18.9
2021-03-11 12:45:38.0	Ana1 - 1: T.Au?en	12.5
2021-03-11 12:45:38.0	Ana2 - 2: T.Zuluft	17.3
2021-03-11 12:45:38.0	Ana3 - 3: T.Abluft	19.7
2021-03-11 12:45:38.0	Ana4 - 4: T.Fortluft	15.7
2021-03-11 12:45:38.0	Ana5 - 5: T.Raum	9999.9
2021-03-11 12:45:38.0	Ana9 - 9: T.Zuluft WRG warm	18.9
2021-03-11 12:45:48.0	Ana1 - 1: T.Au?en	12.5
2021-03-11 12:45:48.0	Ana2 - 2: T.Zuluft	17.3
2021-03-11 12:45:48.0	Ana3 - 3: T.Abluft	19.7
2021-03-11 12:45:48.0	Ana4 - 4: T.Fortluft	15.7
2021-03-11 12:45:48.0	Ana5 - 5: T.Raum	9999.9
2021-03-11 12:45:48.0	Ana9 - 9: T.Zuluft WRG warm	18.9
2021-03-11 12:45:58.0	Ana1 - 1: T.Au?en	12.5
2021-03-11 12:45:58.0	Ana2 - 2: T.Zuluft	17.3
2021-03-11 12:45:58.0	Ana3 - 3: T.Abluft	19.7
2021-03-11 12:45:58.0	Ana4 - 4: T.Fortluft	15.7
2021-03-11 12:45:58.0	Ana5 - 5: T.Raum	9999.9
2021-03-11 12:45:58.0	Ana9 - 9: T.Zuluft WRG warm	18.9
2021-03-11 12:46:08.0	Ana1 - 1: T.Au?en	12.5
2021-03-11 12:46:08.0	Ana2 - 2: T.Zuluft	17.3
2021-03-11 12:46:08.0	Ana3 - 3: T.Abluft	19.7
2021-03-11 12:46:08.0	Ana4 - 4: T.Fortluft	15.7
2021-03-11 12:46:08.0	Ana5 - 5: T.Raum	9999.9
2021-03-11 12:46:08.0	Ana9 - 9: T.Zuluft WRG warm	18.9
2021-03-11 12:46:18.0	Ana1 - 1: T.Au?en	12.6
2021-03-11 12:46:18.0	Ana2 - 2: T.Zuluft	17.3
2021-03-11 12:46:18.0	Ana3 - 3: T.Abluft	19.7
2021-03-11 12:46:18.0	Ana4 - 4: T.Fortluft	15.7
2021-03-11 12:46:18.0	Ana5 - 5: T.Raum	9999.9
2021-03-11 12:46:18.0	Ana9 - 9: T.Zuluft WRG warm	19.0
2021-03-11 12:46:28.0	Ana1 - 1: T.Au?en	12.6
2021-03-11 12:46:28.0	Ana2 - 2: T.Zuluft	17.3
2021-03-11 12:46:28.0	Ana3 - 3: T.Abluft	19.7
2021-03-11 12:46:28.0	Ana4 - 4: T.Fortluft	15.7
2021-03-11 12:46:28.0	Ana5 - 5: T.Raum	9999.9
2021-03-11 12:46:28.0	Ana9 - 9: T.Zuluft WRG warm	18.9
2021-03-11 12:46:38.0	Ana1 - 1: T.Au?en	12.5
2021-03-11 12:46:38.0	Ana2 - 2: T.Zuluft	17.3
2021-03-11 12:46:38.0	Ana3 - 3: T.Abluft	19.7
2021-03-11 12:46:38.0	Ana4 - 4: T.Fortluft	15.7
2021-03-11 12:46:38.0	Ana5 - 5: T.Raum	9999.9
2021-03-11 12:46:38.0	Ana9 - 9: T.Zuluft WRG warm	18.9
2021-03-11 12:46:48.0	Ana1 - 1: T.Au?en	12.5
2021-03-11 12:46:48.0	Ana2 - 2: T.Zuluft	17.3
2021-03-11 12:46:48.0	Ana3 - 3: T.Abluft	19.7
2021-03-11 12:46:48.0	Ana4 - 4: T.Fortluft	15.7
2021-03-11 12:46:48.0	Ana5 - 5: T.Raum	9999.9
2021-03-11 12:46:48.0	Ana9 - 9: T.Zuluft WRG warm	19.0
2021-03-11 12:46:58.0	Ana1 - 1: T.Au?en	12.5
2021-03-11 12:46:58.0	Ana2 - 2: T.Zuluft	17.3
2021-03-11 12:46:58.0	Ana3 - 3: T.Abluft	19.7
2021-03-11 12:46:58.0	Ana4 - 4: T.Fortluft	15.7
2021-03-11 12:46:58.0	Ana5 - 5: T.Raum	9999.9
2021-03-11 12:46:58.0	Ana9 - 9: T.Zuluft WRG warm	19.0
2021-03-11 12:47:08.0	Ana1 - 1: T.Au?en	12.6
2021-03-11 12:47:08.0	Ana2 - 2: T.Zuluft	17.3
2021-03-11 12:47:08.0	Ana3 - 3: T.Abluft	19.7
2021-03-11 12:47:08.0	Ana4 - 4: T.Fortluft	15.7
2021-03-11 12:47:08.0	Ana5 - 5: T.Raum	9999.9
2021-03-11 12:47:08.0	Ana9 - 9: T.Zuluft WRG warm	19.0
2021-03-11 12:47:18.0	Ana1 - 1: T.Au?en	12.6
2021-03-11 12:47:18.0	Ana2 - 2: T.Zuluft	17.3
2021-03-11 12:47:18.0	Ana3 - 3: T.Abluft	19.7
2021-03-11 12:47:18.0	Ana4 - 4: T.Fortluft	15.7
2021-03-11 12:47:18.0	Ana5 - 5: T.Raum	9999.9
2021-03-11 12:47:18.0	Ana9 - 9: T.Zuluft WRG warm	19.0
2021-03-11 12:47:28.0	Ana1 - 1: T.Au?en	12.6
2021-03-11 12:47:28.0	Ana2 - 2: T.Zuluft	17.3
2021-03-11 12:47:28.0	Ana3 - 3: T.Abluft	19.7
2021-03-11 12:47:28.0	Ana4 - 4: T.Fortluft	15.7
2021-03-11 12:47:28.0	Ana5 - 5: T.Raum	9999.9
2021-03-11 12:47:28.0	Ana9 - 9: T.Zuluft WRG warm	19.0
2021-03-11 12:47:38.0	Ana1 - 1: T.Au?en	12.7
2021-03-11 12:47:38.0	Ana2 - 2: T.Zuluft	17.3
2021-03-11 12:47:38.0	Ana3 - 3: T.Abluft	19.7
2021-03-11 12:47:38.0	Ana4 - 4: T.Fortluft	15.7
2021-03-11 12:47:38.0	Ana5 - 5: T.Raum	9999.9
2021-03-11 12:47:38.0	Ana9 - 9: T.Zuluft WRG warm	19.0
2021-03-11 12:47:48.0	Ana1 - 1: T.Au?en	12.7
2021-03-11 12:47:48.0	Ana2 - 2: T.Zuluft	17.3
2021-03-11 12:47:48.0	Ana3 - 3: T.Abluft	19.7
2021-03-11 12:47:48.0	Ana4 - 4: T.Fortluft	15.7
2021-03-11 12:47:48.0	Ana5 - 5: T.Raum	9999.9
2021-03-11 12:47:48.0	Ana9 - 9: T.Zuluft WRG warm	19.0
2021-03-11 12:47:58.0	Ana1 - 1: T.Au?en	12.7
2021-03-11 12:47:58.0	Ana2 - 2: T.Zuluft	17.3
2021-03-11 12:47:58.0	Ana3 - 3: T.Abluft	19.7
2021-03-11 12:47:58.0	Ana4 - 4: T.Fortluft	15.7
2021-03-11 12:47:58.0	Ana5 - 5: T.Raum	9999.9
2021-03-11 12:47:58.0	Ana9 - 9: T.Zuluft WRG warm	19.0
2021-03-11 12:48:08.0	Ana1 - 1: T.Au?en	12.8
2021-03-11 12:48:08.0	Ana2 - 2: T.Zuluft	17.3
2021-03-11 12:48:08.0	Ana3 - 3: T.Abluft	19.7
2021-03-11 12:48:08.0	Ana4 - 4: T.Fortluft	15.7
2021-03-11 12:48:08.0	Ana5 - 5: T.Raum	9999.9
2021-03-11 12:48:08.0	Ana9 - 9: T.Zuluft WRG warm	19.0
2021-03-11 12:48:18.0	Ana1 - 1: T.Au?en	12.8
2021-03-11 12:48:18.0	Ana2 - 2: T.Zuluft	17.3
2021-03-11 12:48:18.0	Ana3 - 3: T.Abluft	19.7
2021-03-11 12:48:18.0	Ana4 - 4: T.Fortluft	15.7
2021-03-11 12:48:18.0	Ana5 - 5: T.Raum	9999.9
2021-03-11 12:48:18.0	Ana9 - 9: T.Zuluft WRG warm	19.0
2021-03-11 12:48:28.0	Ana1 - 1: T.Au?en	12.9
2021-03-11 12:48:28.0	Ana2 - 2: T.Zuluft	17.3
2021-03-11 12:48:28.0	Ana3 - 3: T.Abluft	19.7
2021-03-11 12:48:28.0	Ana4 - 4: T.Fortluft	15.7
2021-03-11 12:48:28.0	Ana5 - 5: T.Raum	9999.9
2021-03-11 12:48:28.0	Ana9 - 9: T.Zuluft WRG warm	19.0
2021-03-11 12:48:38.0	Ana1 - 1: T.Au?en	13.0
2021-03-11 12:48:38.0	Ana2 - 2: T.Zuluft	17.3
2021-03-11 12:48:38.0	Ana3 - 3: T.Abluft	19.7
2021-03-11 12:48:38.0	Ana4 - 4: T.Fortluft	15.7
2021-03-11 12:48:38.0	Ana5 - 5: T.Raum	9999.9
2021-03-11 12:48:38.0	Ana9 - 9: T.Zuluft WRG warm	19.0
2021-03-11 12:48:48.0	Ana1 - 1: T.Au?en	13.0
2021-03-11 12:48:48.0	Ana2 - 2: T.Zuluft	17.3
2021-03-11 12:48:48.0	Ana3 - 3: T.Abluft	19.7
2021-03-11 12:48:48.0	Ana4 - 4: T.Fortluft	15.7
2021-03-11 12:48:48.0	Ana5 - 5: T.Raum	9999.9
2021-03-11 12:48:48.0	Ana9 - 9: T.Zuluft WRG warm	19.0
2021-03-11 12:48:58.0	Ana1 - 1: T.Au?en	13.1
2021-03-11 12:48:58.0	Ana2 - 2: T.Zuluft	17.3
2021-03-11 12:48:58.0	Ana3 - 3: T.Abluft	19.7
2021-03-11 12:48:58.0	Ana4 - 4: T.Fortluft	15.7
2021-03-11 12:48:58.0	Ana5 - 5: T.Raum	9999.9
2021-03-11 12:48:58.0	Ana9 - 9: T.Zuluft WRG warm	19.0
2021-03-11 12:49:08.0	Ana1 - 1: T.Au?en	13.1
2021-03-11 12:49:08.0	Ana2 - 2: T.Zuluft	17.3
2021-03-11 12:49:08.0	Ana3 - 3: T.Abluft	19.7
2021-03-11 12:49:08.0	Ana4 - 4: T.Fortluft	15.7
2021-03-11 12:49:08.0	Ana5 - 5: T.Raum	9999.9
2021-03-11 12:49:08.0	Ana9 - 9: T.Zuluft WRG warm	19.0
2021-03-11 12:49:18.0	Ana1 - 1: T.Au?en	13.1
2021-03-11 12:49:18.0	Ana2 - 2: T.Zuluft	17.3
2021-03-11 12:49:18.0	Ana3 - 3: T.Abluft	19.7
2021-03-11 12:49:18.0	Ana4 - 4: T.Fortluft	15.7
2021-03-11 12:49:18.0	Ana5 - 5: T.Raum	9999.9
2021-03-11 12:49:18.0	Ana9 - 9: T.Zuluft WRG warm	19.0
2021-03-11 12:49:28.0	Ana1 - 1: T.Au?en	13.1
2021-03-11 12:49:28.0	Ana2 - 2: T.Zuluft	17.3
2021-03-11 12:49:28.0	Ana3 - 3: T.Abluft	19.7
2021-03-11 12:49:28.0	Ana4 - 4: T.Fortluft	15.7
2021-03-11 12:49:28.0	Ana5 - 5: T.Raum	9999.9
2021-03-11 12:49:28.0	Ana9 - 9: T.Zuluft WRG warm	19.0
2021-03-11 12:49:38.0	Ana1 - 1: T.Au?en	13.1
2021-03-11 12:49:38.0	Ana2 - 2: T.Zuluft	17.3
2021-03-11 12:49:38.0	Ana3 - 3: T.Abluft	19.7
2021-03-11 12:49:38.0	Ana4 - 4: T.Fortluft	15.7
2021-03-11 12:49:38.0	Ana5 - 5: T.Raum	9999.9
2021-03-11 12:49:38.0	Ana9 - 9: T.Zuluft WRG warm	19.0
2021-03-11 12:49:48.0	Ana1 - 1: T.Au?en	13.1
2021-03-11 12:49:48.0	Ana2 - 2: T.Zuluft	17.3
2021-03-11 12:49:48.0	Ana3 - 3: T.Abluft	19.7
2021-03-11 12:49:48.0	Ana4 - 4: T.Fortluft	15.7
2021-03-11 12:49:48.0	Ana5 - 5: T.Raum	9999.9
2021-03-11 12:49:48.0	Ana9 - 9: T.Zuluft WRG warm	19.0
2021-03-11 12:49:58.0	Ana1 - 1: T.Au?en	13.1
2021-03-11 12:49:58.0	Ana2 - 2: T.Zuluft	17.3
2021-03-11 12:49:58.0	Ana3 - 3: T.Abluft	19.7
2021-03-11 12:49:58.0	Ana4 - 4: T.Fortluft	15.7
2021-03-11 12:49:58.0	Ana5 - 5: T.Raum	9999.9
2021-03-11 12:49:58.0	Ana9 - 9: T.Zuluft WRG warm	19.0
2021-03-11 12:50:08.0	Ana1 - 1: T.Au?en	13.1
2021-03-11 12:50:08.0	Ana2 - 2: T.Zuluft	17.3
2021-03-11 12:50:08.0	Ana3 - 3: T.Abluft	19.7
2021-03-11 12:50:08.0	Ana4 - 4: T.Fortluft	15.7
2021-03-11 12:50:08.0	Ana5 - 5: T.Raum	9999.9
2021-03-11 12:50:08.0	Ana9 - 9: T.Zuluft WRG warm	19.0
2021-03-11 12:50:18.0	Ana1 - 1: T.Au?en	13.0
2021-03-11 12:50:18.0	Ana2 - 2: T.Zuluft	17.3
2021-03-11 12:50:18.0	Ana3 - 3: T.Abluft	19.7
2021-03-11 12:50:18.0	Ana4 - 4: T.Fortluft	15.7
2021-03-11 12:50:18.0	Ana5 - 5: T.Raum	9999.9
2021-03-11 12:50:18.0	Ana9 - 9: T.Zuluft WRG warm	19.0
2021-03-11 12:50:28.0	Ana1 - 1: T.Au?en	13.0
2021-03-11 12:50:28.0	Ana2 - 2: T.Zuluft	17.3
2021-03-11 12:50:28.0	Ana3 - 3: T.Abluft	19.7
2021-03-11 12:50:28.0	Ana4 - 4: T.Fortluft	15.7
2021-03-11 12:50:28.0	Ana5 - 5: T.Raum	9999.9
2021-03-11 12:50:28.0	Ana9 - 9: T.Zuluft WRG warm	19.0
2021-03-11 12:50:38.0	Ana1 - 1: T.Au?en	13.0
2021-03-11 12:50:38.0	Ana2 - 2: T.Zuluft	17.3
2021-03-11 12:50:38.0	Ana3 - 3: T.Abluft	19.7
2021-03-11 12:50:38.0	Ana4 - 4: T.Fortluft	15.7
2021-03-11 12:50:38.0	Ana5 - 5: T.Raum	9999.9
2021-03-11 12:50:38.0	Ana9 - 9: T.Zuluft WRG warm	19.0
2021-03-11 12:50:48.0	Ana1 - 1: T.Au?en	13.0
2021-03-11 12:50:48.0	Ana2 - 2: T.Zuluft	17.3
2021-03-11 12:50:48.0	Ana3 - 3: T.Abluft	19.7
2021-03-11 12:50:48.0	Ana4 - 4: T.Fortluft	15.7
2021-03-11 12:50:48.0	Ana5 - 5: T.Raum	9999.9
2021-03-11 12:50:48.0	Ana9 - 9: T.Zuluft WRG warm	19.0
2021-03-11 12:50:58.0	Ana1 - 1: T.Au?en	13.0
2021-03-11 12:50:58.0	Ana2 - 2: T.Zuluft	17.3
2021-03-11 12:50:58.0	Ana3 - 3: T.Abluft	19.7
2021-03-11 12:50:58.0	Ana4 - 4: T.Fortluft	15.7
2021-03-11 12:50:58.0	Ana5 - 5: T.Raum	9999.9
2021-03-11 12:50:58.0	Ana9 - 9: T.Zuluft WRG warm	19.0
2021-03-11 12:51:08.0	Ana1 - 1: T.Au?en	13.0
2021-03-11 12:51:08.0	Ana2 - 2: T.Zuluft	17.3
2021-03-11 12:51:08.0	Ana3 - 3: T.Abluft	19.7
2021-03-11 12:51:08.0	Ana4 - 4: T.Fortluft	15.7
2021-03-11 12:51:08.0	Ana5 - 5: T.Raum	9999.9
2021-03-11 12:51:08.0	Ana9 - 9: T.Zuluft WRG warm	19.0
2021-03-11 12:51:18.0	Ana1 - 1: T.Au?en	13.0
2021-03-11 12:51:18.0	Ana2 - 2: T.Zuluft	17.3
2021-03-11 12:51:18.0	Ana3 - 3: T.Abluft	19.7
2021-03-11 12:51:18.0	Ana4 - 4: T.Fortluft	15.7
2021-03-11 12:51:18.0	Ana5 - 5: T.Raum	9999.9
2021-03-11 12:51:18.0	Ana9 - 9: T.Zuluft WRG warm	19.0
2021-03-11 12:51:28.0	Ana1 - 1: T.Au?en	13.0
2021-03-11 12:51:28.0	Ana2 - 2: T.Zuluft	17.3
2021-03-11 12:51:28.0	Ana3 - 3: T.Abluft	19.7
2021-03-11 12:51:28.0	Ana4 - 4: T.Fortluft	15.7
2021-03-11 12:51:28.0	Ana5 - 5: T.Raum	9999.9
2021-03-11 12:51:28.0	Ana9 - 9: T.Zuluft WRG warm	19.0
2021-03-11 12:51:38.0	Ana1 - 1: T.Au?en	13.0
2021-03-11 12:51:38.0	Ana2 - 2: T.Zuluft	17.3
2021-03-11 12:51:38.0	Ana3 - 3: T.Abluft	19.7
2021-03-11 12:51:38.0	Ana4 - 4: T.Fortluft	15.7
2021-03-11 12:51:38.0	Ana5 - 5: T.Raum	9999.9
2021-03-11 12:51:38.0	Ana9 - 9: T.Zuluft WRG warm	19.0
2021-03-11 12:51:48.0	Ana1 - 1: T.Au?en	13.0
2021-03-11 12:51:48.0	Ana2 - 2: T.Zuluft	17.3
2021-03-11 12:51:48.0	Ana3 - 3: T.Abluft	19.7
2021-03-11 12:51:48.0	Ana4 - 4: T.Fortluft	15.7
2021-03-11 12:51:48.0	Ana5 - 5: T.Raum	9999.9
2021-03-11 12:51:48.0	Ana9 - 9: T.Zuluft WRG warm	19.0
2021-03-11 12:51:58.0	Ana1 - 1: T.Au?en	13.0
2021-03-11 12:51:58.0	Ana2 - 2: T.Zuluft	17.3
2021-03-11 12:51:58.0	Ana3 - 3: T.Abluft	19.7
2021-03-11 12:51:58.0	Ana4 - 4: T.Fortluft	15.7
2021-03-11 12:51:58.0	Ana5 - 5: T.Raum	9999.9
2021-03-11 12:51:58.0	Ana9 - 9: T.Zuluft WRG warm	19.0
2021-03-11 12:52:08.0	Ana1 - 1: T.Au?en	12.9
2021-03-11 12:52:08.0	Ana2 - 2: T.Zuluft	17.3
2021-03-11 12:52:08.0	Ana3 - 3: T.Abluft	19.7
2021-03-11 12:52:08.0	Ana4 - 4: T.Fortluft	15.7
2021-03-11 12:52:08.0	Ana5 - 5: T.Raum	9999.9
2021-03-11 12:52:08.0	Ana9 - 9: T.Zuluft WRG warm	19.0
2021-03-11 12:52:18.0	Ana1 - 1: T.Au?en	12.9
2021-03-11 12:52:18.0	Ana2 - 2: T.Zuluft	17.3
2021-03-11 12:52:18.0	Ana3 - 3: T.Abluft	19.7
2021-03-11 12:52:18.0	Ana4 - 4: T.Fortluft	15.7
2021-03-11 12:52:18.0	Ana5 - 5: T.Raum	9999.9
2021-03-11 12:52:18.0	Ana9 - 9: T.Zuluft WRG warm	19.0
2021-03-11 12:52:28.0	Ana1 - 1: T.Au?en	12.9
2021-03-11 12:52:28.0	Ana2 - 2: T.Zuluft	17.3
2021-03-11 12:52:28.0	Ana3 - 3: T.Abluft	19.7
2021-03-11 12:52:28.0	Ana4 - 4: T.Fortluft	15.7
2021-03-11 12:52:28.0	Ana5 - 5: T.Raum	9999.9
2021-03-11 12:52:28.0	Ana9 - 9: T.Zuluft WRG warm	19.0
2021-03-11 12:52:38.0	Ana1 - 1: T.Au?en	12.8
2021-03-11 12:52:38.0	Ana2 - 2: T.Zuluft	17.3
2021-03-11 12:52:38.0	Ana3 - 3: T.Abluft	19.7
2021-03-11 12:52:38.0	Ana4 - 4: T.Fortluft	15.7
2021-03-11 12:52:38.0	Ana5 - 5: T.Raum	9999.9
2021-03-11 12:52:38.0	Ana9 - 9: T.Zuluft WRG warm	19.0
2021-03-11 12:52:48.0	Ana1 - 1: T.Au?en	12.8
2021-03-11 12:52:48.0	Ana2 - 2: T.Zuluft	17.3
2021-03-11 12:52:48.0	Ana3 - 3: T.Abluft	19.7
2021-03-11 12:52:48.0	Ana4 - 4: T.Fortluft	15.7
2021-03-11 12:52:48.0	Ana5 - 5: T.Raum	9999.9
2021-03-11 12:52:48.0	Ana9 - 9: T.Zuluft WRG warm	19.0
2021-03-11 12:52:58.0	Ana1 - 1: T.Au?en	12.7
2021-03-11 12:52:58.0	Ana2 - 2: T.Zuluft	17.4
2021-03-11 12:52:58.0	Ana3 - 3: T.Abluft	19.7
2021-03-11 12:52:58.0	Ana4 - 4: T.Fortluft	15.7
2021-03-11 12:52:58.0	Ana5 - 5: T.Raum	9999.9
2021-03-11 12:52:58.0	Ana9 - 9: T.Zuluft WRG warm	19.0
2021-03-11 12:53:08.0	Ana1 - 1: T.Au?en	12.7
2021-03-11 12:53:08.0	Ana2 - 2: T.Zuluft	17.3
2021-03-11 12:53:08.0	Ana3 - 3: T.Abluft	19.7
2021-03-11 12:53:08.0	Ana4 - 4: T.Fortluft	15.7
2021-03-11 12:53:08.0	Ana5 - 5: T.Raum	9999.9
2021-03-11 12:53:08.0	Ana9 - 9: T.Zuluft WRG warm	19.0
2021-03-11 12:53:18.0	Ana1 - 1: T.Au?en	12.7
2021-03-11 12:53:18.0	Ana2 - 2: T.Zuluft	17.4
2021-03-11 12:53:18.0	Ana3 - 3: T.Abluft	19.7
2021-03-11 12:53:18.0	Ana4 - 4: T.Fortluft	15.7
2021-03-11 12:53:18.0	Ana5 - 5: T.Raum	9999.9
2021-03-11 12:53:18.0	Ana9 - 9: T.Zuluft WRG warm	19.0
2021-03-11 12:53:28.0	Ana1 - 1: T.Au?en	12.7
2021-03-11 12:53:28.0	Ana2 - 2: T.Zuluft	17.3
2021-03-11 12:53:28.0	Ana3 - 3: T.Abluft	19.7
2021-03-11 12:53:28.0	Ana4 - 4: T.Fortluft	15.7
2021-03-11 12:53:28.0	Ana5 - 5: T.Raum	9999.9
2021-03-11 12:53:28.0	Ana9 - 9: T.Zuluft WRG warm	19.0
2021-03-11 12:53:38.0	Ana1 - 1: T.Au?en	12.7
2021-03-11 12:53:38.0	Ana2 - 2: T.Zuluft	17.3
2021-03-11 12:53:38.0	Ana3 - 3: T.Abluft	19.7
2021-03-11 12:53:38.0	Ana4 - 4: T.Fortluft	15.7
2021-03-11 12:53:38.0	Ana5 - 5: T.Raum	9999.9
2021-03-11 12:53:38.0	Ana9 - 9: T.Zuluft WRG warm	19.0
2021-03-11 12:53:48.0	Ana1 - 1: T.Au?en	12.7
2021-03-11 12:53:48.0	Ana2 - 2: T.Zuluft	17.3
2021-03-11 12:53:48.0	Ana3 - 3: T.Abluft	19.7
2021-03-11 12:53:48.0	Ana4 - 4: T.Fortluft	15.7
2021-03-11 12:53:48.0	Ana5 - 5: T.Raum	9999.9
2021-03-11 12:53:48.0	Ana9 - 9: T.Zuluft WRG warm	19.0
2021-03-11 12:53:58.0	Ana1 - 1: T.Au?en	12.7
2021-03-11 12:53:58.0	Ana2 - 2: T.Zuluft	17.3
2021-03-11 12:53:58.0	Ana3 - 3: T.Abluft	19.7
2021-03-11 12:53:58.0	Ana4 - 4: T.Fortluft	15.7
2021-03-11 12:53:58.0	Ana5 - 5: T.Raum	9999.9
2021-03-11 12:53:58.0	Ana9 - 9: T.Zuluft WRG warm	19.0
2021-03-11 12:54:08.0	Ana1 - 1: T.Au?en	12.7
2021-03-11 12:54:08.0	Ana2 - 2: T.Zuluft	17.3
2021-03-11 12:54:08.0	Ana3 - 3: T.Abluft	19.7
2021-03-11 12:54:08.0	Ana4 - 4: T.Fortluft	15.7
2021-03-11 12:54:08.0	Ana5 - 5: T.Raum	9999.9
2021-03-11 12:54:08.0	Ana9 - 9: T.Zuluft WRG warm	19.0
2021-03-11 12:54:18.0	Ana1 - 1: T.Au?en	12.7
2021-03-11 12:54:18.0	Ana2 - 2: T.Zuluft	17.3
2021-03-11 12:54:18.0	Ana3 - 3: T.Abluft	19.7
2021-03-11 12:54:18.0	Ana4 - 4: T.Fortluft	15.7
2021-03-11 12:54:18.0	Ana5 - 5: T.Raum	9999.9
2021-03-11 12:54:18.0	Ana9 - 9: T.Zuluft WRG warm	19.0
2021-03-11 12:54:28.0	Ana1 - 1: T.Au?en	12.7
2021-03-11 12:54:28.0	Ana2 - 2: T.Zuluft	17.4
2021-03-11 12:54:28.0	Ana3 - 3: T.Abluft	19.7
2021-03-11 12:54:28.0	Ana4 - 4: T.Fortluft	15.7
2021-03-11 12:54:28.0	Ana5 - 5: T.Raum	9999.9
2021-03-11 12:54:28.0	Ana9 - 9: T.Zuluft WRG warm	19.0
2021-03-11 12:54:38.0	Ana1 - 1: T.Au?en	12.7
2021-03-11 12:54:38.0	Ana2 - 2: T.Zuluft	17.4
2021-03-11 12:54:38.0	Ana3 - 3: T.Abluft	19.7
2021-03-11 12:54:38.0	Ana4 - 4: T.Fortluft	15.7
2021-03-11 12:54:38.0	Ana5 - 5: T.Raum	9999.9
2021-03-11 12:54:38.0	Ana9 - 9: T.Zuluft WRG warm	19.0
2021-03-11 12:54:48.0	Ana1 - 1: T.Au?en	12.7
2021-03-11 12:54:48.0	Ana2 - 2: T.Zuluft	17.4
2021-03-11 12:54:48.0	Ana3 - 3: T.Abluft	19.7
2021-03-11 12:54:48.0	Ana4 - 4: T.Fortluft	15.7
2021-03-11 12:54:48.0	Ana5 - 5: T.Raum	9999.9
2021-03-11 12:54:48.0	Ana9 - 9: T.Zuluft WRG warm	19.0
2021-03-11 12:54:58.0	Ana1 - 1: T.Au?en	12.8
2021-03-11 12:54:58.0	Ana2 - 2: T.Zuluft	17.4
2021-03-11 12:54:58.0	Ana3 - 3: T.Abluft	19.7
2021-03-11 12:54:58.0	Ana4 - 4: T.Fortluft	15.7
2021-03-11 12:54:58.0	Ana5 - 5: T.Raum	9999.9
2021-03-11 12:54:58.0	Ana9 - 9: T.Zuluft WRG warm	19.0
2021-03-11 12:55:08.0	Ana1 - 1: T.Au?en	12.8
2021-03-11 12:55:08.0	Ana2 - 2: T.Zuluft	17.4
2021-03-11 12:55:08.0	Ana3 - 3: T.Abluft	19.7
2021-03-11 12:55:08.0	Ana4 - 4: T.Fortluft	15.7
2021-03-11 12:55:08.0	Ana5 - 5: T.Raum	9999.9
2021-03-11 12:55:08.0	Ana9 - 9: T.Zuluft WRG warm	19.0
2021-03-11 12:55:18.0	Ana1 - 1: T.Au?en	12.9
2021-03-11 12:55:18.0	Ana2 - 2: T.Zuluft	17.4
2021-03-11 12:55:18.0	Ana3 - 3: T.Abluft	19.7
2021-03-11 12:55:18.0	Ana4 - 4: T.Fortluft	15.7
2021-03-11 12:55:18.0	Ana5 - 5: T.Raum	9999.9
2021-03-11 12:55:18.0	Ana9 - 9: T.Zuluft WRG warm	19.0
2021-03-11 12:55:28.0	Ana1 - 1: T.Au?en	12.9
2021-03-11 12:55:28.0	Ana2 - 2: T.Zuluft	17.4
2021-03-11 12:55:28.0	Ana3 - 3: T.Abluft	19.8
2021-03-11 12:55:28.0	Ana4 - 4: T.Fortluft	15.7
2021-03-11 12:55:28.0	Ana5 - 5: T.Raum	9999.9
2021-03-11 12:55:28.0	Ana9 - 9: T.Zuluft WRG warm	19.0
2021-03-11 12:55:38.0	Ana1 - 1: T.Au?en	12.9
2021-03-11 12:55:38.0	Ana2 - 2: T.Zuluft	17.4
2021-03-11 12:55:38.0	Ana3 - 3: T.Abluft	19.7
2021-03-11 12:55:38.0	Ana4 - 4: T.Fortluft	15.7
2021-03-11 12:55:38.0	Ana5 - 5: T.Raum	9999.9
2021-03-11 12:55:38.0	Ana9 - 9: T.Zuluft WRG warm	19.0
2021-03-11 12:55:48.0	Ana1 - 1: T.Au?en	12.8
2021-03-11 12:55:48.0	Ana2 - 2: T.Zuluft	17.4
2021-03-11 12:55:48.0	Ana3 - 3: T.Abluft	19.8
2021-03-11 12:55:48.0	Ana4 - 4: T.Fortluft	15.7
2021-03-11 12:55:48.0	Ana5 - 5: T.Raum	9999.9
2021-03-11 12:55:48.0	Ana9 - 9: T.Zuluft WRG warm	19.0
2021-03-11 12:55:58.0	Ana1 - 1: T.Au?en	12.8
2021-03-11 12:55:58.0	Ana2 - 2: T.Zuluft	17.4
2021-03-11 12:55:58.0	Ana3 - 3: T.Abluft	19.7
2021-03-11 12:55:58.0	Ana4 - 4: T.Fortluft	15.7
2021-03-11 12:55:58.0	Ana5 - 5: T.Raum	9999.9
2021-03-11 12:55:58.0	Ana9 - 9: T.Zuluft WRG warm	19.0
2021-03-11 12:56:08.0	Ana1 - 1: T.Au?en	12.8
2021-03-11 12:56:08.0	Ana2 - 2: T.Zuluft	17.4
2021-03-11 12:56:08.0	Ana3 - 3: T.Abluft	19.7
2021-03-11 12:56:08.0	Ana4 - 4: T.Fortluft	15.7
2021-03-11 12:56:08.0	Ana5 - 5: T.Raum	9999.9
2021-03-11 12:56:08.0	Ana9 - 9: T.Zuluft WRG warm	19.0
2021-03-11 12:56:18.0	Ana1 - 1: T.Au?en	12.8
2021-03-11 12:56:18.0	Ana2 - 2: T.Zuluft	17.4
2021-03-11 12:56:18.0	Ana3 - 3: T.Abluft	19.8
2021-03-11 12:56:18.0	Ana4 - 4: T.Fortluft	15.7
2021-03-11 12:56:18.0	Ana5 - 5: T.Raum	9999.9
2021-03-11 12:56:18.0	Ana9 - 9: T.Zuluft WRG warm	19.0
2021-03-11 12:56:28.0	Ana1 - 1: T.Au?en	12.8
2021-03-11 12:56:28.0	Ana2 - 2: T.Zuluft	17.4
2021-03-11 12:56:28.0	Ana3 - 3: T.Abluft	19.8
2021-03-11 12:56:28.0	Ana4 - 4: T.Fortluft	15.7
2021-03-11 12:56:28.0	Ana5 - 5: T.Raum	9999.9
2021-03-11 12:56:28.0	Ana9 - 9: T.Zuluft WRG warm	19.0
2021-03-11 12:56:38.0	Ana1 - 1: T.Au?en	12.8
2021-03-11 12:56:38.0	Ana2 - 2: T.Zuluft	17.4
2021-03-11 12:56:38.0	Ana3 - 3: T.Abluft	19.8
2021-03-11 12:56:38.0	Ana4 - 4: T.Fortluft	15.7
2021-03-11 12:56:38.0	Ana5 - 5: T.Raum	9999.9
2021-03-11 12:56:38.0	Ana9 - 9: T.Zuluft WRG warm	19.0
2021-03-11 12:56:48.0	Ana1 - 1: T.Au?en	12.8
2021-03-11 12:56:48.0	Ana2 - 2: T.Zuluft	17.4
2021-03-11 12:56:48.0	Ana3 - 3: T.Abluft	19.8
2021-03-11 12:56:48.0	Ana4 - 4: T.Fortluft	15.7
2021-03-11 12:56:48.0	Ana5 - 5: T.Raum	9999.9
2021-03-11 12:56:48.0	Ana9 - 9: T.Zuluft WRG warm	19.0
2021-03-11 12:56:58.0	Ana1 - 1: T.Au?en	12.8
2021-03-11 12:56:58.0	Ana2 - 2: T.Zuluft	17.4
2021-03-11 12:56:58.0	Ana3 - 3: T.Abluft	19.8
2021-03-11 12:56:58.0	Ana4 - 4: T.Fortluft	15.8
2021-03-11 12:56:58.0	Ana5 - 5: T.Raum	9999.9
2021-03-11 12:56:58.0	Ana9 - 9: T.Zuluft WRG warm	19.0
2021-03-11 12:57:08.0	Ana1 - 1: T.Au?en	12.8
2021-03-11 12:57:08.0	Ana2 - 2: T.Zuluft	17.4
2021-03-11 12:57:08.0	Ana3 - 3: T.Abluft	19.8
2021-03-11 12:57:08.0	Ana4 - 4: T.Fortluft	15.8
2021-03-11 12:57:08.0	Ana5 - 5: T.Raum	9999.9
2021-03-11 12:57:08.0	Ana9 - 9: T.Zuluft WRG warm	19.0
2021-03-11 12:57:18.0	Ana1 - 1: T.Au?en	12.8
2021-03-11 12:57:18.0	Ana2 - 2: T.Zuluft	17.4
2021-03-11 12:57:18.0	Ana3 - 3: T.Abluft	19.8
2021-03-11 12:57:18.0	Ana4 - 4: T.Fortluft	15.8
2021-03-11 12:57:18.0	Ana5 - 5: T.Raum	9999.9
2021-03-11 12:57:18.0	Ana9 - 9: T.Zuluft WRG warm	19.0
2021-03-11 12:57:28.0	Ana1 - 1: T.Au?en	12.8
2021-03-11 12:57:28.0	Ana2 - 2: T.Zuluft	17.4
2021-03-11 12:57:28.0	Ana3 - 3: T.Abluft	19.8
2021-03-11 12:57:28.0	Ana4 - 4: T.Fortluft	15.8
2021-03-11 12:57:28.0	Ana5 - 5: T.Raum	9999.9
2021-03-11 12:57:28.0	Ana9 - 9: T.Zuluft WRG warm	19.0
2021-03-11 12:57:38.0	Ana1 - 1: T.Au?en	12.8
2021-03-11 12:57:38.0	Ana2 - 2: T.Zuluft	17.4
2021-03-11 12:57:38.0	Ana3 - 3: T.Abluft	19.8
2021-03-11 12:57:38.0	Ana4 - 4: T.Fortluft	15.8
2021-03-11 12:57:38.0	Ana5 - 5: T.Raum	9999.9
2021-03-11 12:57:38.0	Ana9 - 9: T.Zuluft WRG warm	19.0
2021-03-11 12:57:48.0	Ana1 - 1: T.Au?en	12.8
2021-03-11 12:57:48.0	Ana2 - 2: T.Zuluft	17.4
2021-03-11 12:57:48.0	Ana3 - 3: T.Abluft	19.8
2021-03-11 12:57:48.0	Ana4 - 4: T.Fortluft	15.8
2021-03-11 12:57:48.0	Ana5 - 5: T.Raum	9999.9
2021-03-11 12:57:48.0	Ana9 - 9: T.Zuluft WRG warm	19.0
2021-03-11 12:57:58.0	Ana1 - 1: T.Au?en	12.8
2021-03-11 12:57:58.0	Ana2 - 2: T.Zuluft	17.4
2021-03-11 12:57:58.0	Ana3 - 3: T.Abluft	19.8
2021-03-11 12:57:58.0	Ana4 - 4: T.Fortluft	15.8
2021-03-11 12:57:58.0	Ana5 - 5: T.Raum	9999.9
2021-03-11 12:57:58.0	Ana9 - 9: T.Zuluft WRG warm	19.0
2021-03-11 12:58:08.0	Ana1 - 1: T.Au?en	12.8
2021-03-11 12:58:08.0	Ana2 - 2: T.Zuluft	17.4
2021-03-11 12:58:08.0	Ana3 - 3: T.Abluft	19.8
2021-03-11 12:58:08.0	Ana4 - 4: T.Fortluft	15.8
2021-03-11 12:58:08.0	Ana5 - 5: T.Raum	9999.9
2021-03-11 12:58:08.0	Ana9 - 9: T.Zuluft WRG warm	19.0
2021-03-11 12:58:18.0	Ana1 - 1: T.Au?en	12.8
2021-03-11 12:58:18.0	Ana2 - 2: T.Zuluft	17.4
2021-03-11 12:58:18.0	Ana3 - 3: T.Abluft	19.8
2021-03-11 12:58:18.0	Ana4 - 4: T.Fortluft	15.8
2021-03-11 12:58:18.0	Ana5 - 5: T.Raum	9999.9
2021-03-11 12:58:18.0	Ana9 - 9: T.Zuluft WRG warm	19.1
2021-03-11 12:58:28.0	Ana1 - 1: T.Au?en	12.8
2021-03-11 12:58:28.0	Ana2 - 2: T.Zuluft	17.4
2021-03-11 12:58:28.0	Ana3 - 3: T.Abluft	19.8
2021-03-11 12:58:28.0	Ana4 - 4: T.Fortluft	15.8
2021-03-11 12:58:28.0	Ana5 - 5: T.Raum	9999.9
2021-03-11 12:58:28.0	Ana9 - 9: T.Zuluft WRG warm	19.1
2021-03-11 12:58:38.0	Ana1 - 1: T.Au?en	12.9
2021-03-11 12:58:38.0	Ana2 - 2: T.Zuluft	17.4
2021-03-11 12:58:38.0	Ana3 - 3: T.Abluft	19.8
2021-03-11 12:58:38.0	Ana4 - 4: T.Fortluft	15.8
2021-03-11 12:58:38.0	Ana5 - 5: T.Raum	9999.9
2021-03-11 12:58:38.0	Ana9 - 9: T.Zuluft WRG warm	19.1
2021-03-11 12:58:48.0	Ana1 - 1: T.Au?en	12.8
2021-03-11 12:58:48.0	Ana2 - 2: T.Zuluft	17.4
2021-03-11 12:58:48.0	Ana3 - 3: T.Abluft	19.8
2021-03-11 12:58:48.0	Ana4 - 4: T.Fortluft	15.8
2021-03-11 12:58:48.0	Ana5 - 5: T.Raum	9999.9
2021-03-11 12:58:48.0	Ana9 - 9: T.Zuluft WRG warm	19.1
2021-03-11 12:58:58.0	Ana1 - 1: T.Au?en	12.8
2021-03-11 12:58:58.0	Ana2 - 2: T.Zuluft	17.4
2021-03-11 12:58:58.0	Ana3 - 3: T.Abluft	19.8
2021-03-11 12:58:58.0	Ana4 - 4: T.Fortluft	15.8
2021-03-11 12:58:58.0	Ana5 - 5: T.Raum	9999.9
2021-03-11 12:58:58.0	Ana9 - 9: T.Zuluft WRG warm	19.1
2021-03-11 12:59:08.0	Ana1 - 1: T.Au?en	12.9
2021-03-11 12:59:08.0	Ana2 - 2: T.Zuluft	17.4
2021-03-11 12:59:08.0	Ana3 - 3: T.Abluft	19.8
2021-03-11 12:59:08.0	Ana4 - 4: T.Fortluft	15.8
2021-03-11 12:59:08.0	Ana5 - 5: T.Raum	9999.9
2021-03-11 12:59:08.0	Ana9 - 9: T.Zuluft WRG warm	19.1
2021-03-11 12:59:18.0	Ana1 - 1: T.Au?en	12.9
2021-03-11 12:59:18.0	Ana2 - 2: T.Zuluft	17.4
2021-03-11 12:59:18.0	Ana3 - 3: T.Abluft	19.8
2021-03-11 12:59:18.0	Ana4 - 4: T.Fortluft	15.8
2021-03-11 12:59:18.0	Ana5 - 5: T.Raum	9999.9
2021-03-11 12:59:18.0	Ana9 - 9: T.Zuluft WRG warm	19.1
2021-03-11 12:59:28.0	Ana1 - 1: T.Au?en	12.9
2021-03-11 12:59:28.0	Ana2 - 2: T.Zuluft	17.4
2021-03-11 12:59:28.0	Ana3 - 3: T.Abluft	19.8
2021-03-11 12:59:28.0	Ana4 - 4: T.Fortluft	15.8
2021-03-11 12:59:28.0	Ana5 - 5: T.Raum	9999.9
2021-03-11 12:59:28.0	Ana9 - 9: T.Zuluft WRG warm	19.1
2021-03-11 12:59:38.0	Ana1 - 1: T.Au?en	13.0
2021-03-11 12:59:38.0	Ana2 - 2: T.Zuluft	17.4
2021-03-11 12:59:38.0	Ana3 - 3: T.Abluft	19.8
2021-03-11 12:59:38.0	Ana4 - 4: T.Fortluft	15.8
2021-03-11 12:59:38.0	Ana5 - 5: T.Raum	9999.9
2021-03-11 12:59:38.0	Ana9 - 9: T.Zuluft WRG warm	19.1
2021-03-11 12:59:48.0	Ana1 - 1: T.Au?en	13.0
2021-03-11 12:59:48.0	Ana2 - 2: T.Zuluft	17.4
2021-03-11 12:59:48.0	Ana3 - 3: T.Abluft	19.8
2021-03-11 12:59:48.0	Ana4 - 4: T.Fortluft	15.8
2021-03-11 12:59:48.0	Ana5 - 5: T.Raum	9999.9
2021-03-11 12:59:48.0	Ana9 - 9: T.Zuluft WRG warm	19.1
2021-03-11 12:59:58.0	Ana1 - 1: T.Au?en	13.0
2021-03-11 12:59:58.0	Ana2 - 2: T.Zuluft	17.4
2021-03-11 12:59:58.0	Ana3 - 3: T.Abluft	19.8
2021-03-11 12:59:58.0	Ana4 - 4: T.Fortluft	15.8
2021-03-11 12:59:58.0	Ana5 - 5: T.Raum	9999.9
2021-03-11 12:59:58.0	Ana9 - 9: T.Zuluft WRG warm	19.1
2021-03-11 13:00:08.0	Ana1 - 1: T.Au?en	13.0
2021-03-11 13:00:08.0	Ana2 - 2: T.Zuluft	17.4
2021-03-11 13:00:08.0	Ana3 - 3: T.Abluft	19.8
2021-03-11 13:00:08.0	Ana4 - 4: T.Fortluft	15.8
2021-03-11 13:00:08.0	Ana5 - 5: T.Raum	9999.9
2021-03-11 13:00:08.0	Ana9 - 9: T.Zuluft WRG warm	19.1
2021-03-11 13:00:18.0	Ana1 - 1: T.Au?en	13.0
2021-03-11 13:00:18.0	Ana2 - 2: T.Zuluft	17.4
2021-03-11 13:00:18.0	Ana3 - 3: T.Abluft	19.8
2021-03-11 13:00:18.0	Ana4 - 4: T.Fortluft	15.8
2021-03-11 13:00:18.0	Ana5 - 5: T.Raum	9999.9
2021-03-11 13:00:18.0	Ana9 - 9: T.Zuluft WRG warm	19.1
2021-03-11 13:00:28.0	Ana1 - 1: T.Au?en	13.0
2021-03-11 13:00:28.0	Ana2 - 2: T.Zuluft	17.4
2021-03-11 13:00:28.0	Ana3 - 3: T.Abluft	19.8
2021-03-11 13:00:28.0	Ana4 - 4: T.Fortluft	15.8
2021-03-11 13:00:28.0	Ana5 - 5: T.Raum	9999.9
2021-03-11 13:00:28.0	Ana9 - 9: T.Zuluft WRG warm	19.1
2021-03-11 13:00:38.0	Ana1 - 1: T.Au?en	13.1
2021-03-11 13:00:38.0	Ana2 - 2: T.Zuluft	17.4
2021-03-11 13:00:38.0	Ana3 - 3: T.Abluft	19.8
2021-03-11 13:00:38.0	Ana4 - 4: T.Fortluft	15.8
2021-03-11 13:00:38.0	Ana5 - 5: T.Raum	9999.9
2021-03-11 13:00:38.0	Ana9 - 9: T.Zuluft WRG warm	19.1
2021-03-11 13:00:48.0	Ana1 - 1: T.Au?en	13.1
2021-03-11 13:00:48.0	Ana2 - 2: T.Zuluft	17.4
2021-03-11 13:00:48.0	Ana3 - 3: T.Abluft	19.8
2021-03-11 13:00:48.0	Ana4 - 4: T.Fortluft	15.8
2021-03-11 13:00:48.0	Ana5 - 5: T.Raum	9999.9
2021-03-11 13:00:48.0	Ana9 - 9: T.Zuluft WRG warm	19.1
2021-03-11 13:00:58.0	Ana1 - 1: T.Au?en	13.1
2021-03-11 13:00:58.0	Ana2 - 2: T.Zuluft	17.4
2021-03-11 13:00:58.0	Ana3 - 3: T.Abluft	19.8
2021-03-11 13:00:58.0	Ana4 - 4: T.Fortluft	15.8
2021-03-11 13:00:58.0	Ana5 - 5: T.Raum	9999.9
2021-03-11 13:00:58.0	Ana9 - 9: T.Zuluft WRG warm	19.1
2021-03-11 13:01:08.0	Ana1 - 1: T.Au?en	13.1
2021-03-11 13:01:08.0	Ana2 - 2: T.Zuluft	17.4
2021-03-11 13:01:08.0	Ana3 - 3: T.Abluft	19.8
2021-03-11 13:01:08.0	Ana4 - 4: T.Fortluft	15.8
2021-03-11 13:01:08.0	Ana5 - 5: T.Raum	9999.9
2021-03-11 13:01:08.0	Ana9 - 9: T.Zuluft WRG warm	19.1
2021-03-11 13:01:18.0	Ana1 - 1: T.Au?en	13.1
2021-03-11 13:01:18.0	Ana2 - 2: T.Zuluft	17.4
2021-03-11 13:01:18.0	Ana3 - 3: T.Abluft	19.8
2021-03-11 13:01:18.0	Ana4 - 4: T.Fortluft	15.8
2021-03-11 13:01:18.0	Ana5 - 5: T.Raum	9999.9
2021-03-11 13:01:18.0	Ana9 - 9: T.Zuluft WRG warm	19.1
2021-03-11 13:01:28.0	Ana1 - 1: T.Au?en	13.1
2021-03-11 13:01:28.0	Ana2 - 2: T.Zuluft	17.4
2021-03-11 13:01:28.0	Ana3 - 3: T.Abluft	19.8
2021-03-11 13:01:28.0	Ana4 - 4: T.Fortluft	15.8
2021-03-11 13:01:28.0	Ana5 - 5: T.Raum	9999.9
2021-03-11 13:01:28.0	Ana9 - 9: T.Zuluft WRG warm	19.1
2021-03-11 13:01:38.0	Ana1 - 1: T.Au?en	13.1
2021-03-11 13:01:38.0	Ana2 - 2: T.Zuluft	17.4
2021-03-11 13:01:38.0	Ana3 - 3: T.Abluft	19.8
2021-03-11 13:01:38.0	Ana4 - 4: T.Fortluft	15.8
2021-03-11 13:01:38.0	Ana5 - 5: T.Raum	9999.9
2021-03-11 13:01:38.0	Ana9 - 9: T.Zuluft WRG warm	19.1
2021-03-11 13:01:48.0	Ana1 - 1: T.Au?en	13.1
2021-03-11 13:01:48.0	Ana2 - 2: T.Zuluft	17.4
2021-03-11 13:01:48.0	Ana3 - 3: T.Abluft	19.8
2021-03-11 13:01:48.0	Ana4 - 4: T.Fortluft	15.8
2021-03-11 13:01:48.0	Ana5 - 5: T.Raum	9999.9
2021-03-11 13:01:48.0	Ana9 - 9: T.Zuluft WRG warm	19.1
2021-03-11 13:01:58.0	Ana1 - 1: T.Au?en	13.1
2021-03-11 13:01:58.0	Ana2 - 2: T.Zuluft	17.4
2021-03-11 13:01:58.0	Ana3 - 3: T.Abluft	19.8
2021-03-11 13:01:58.0	Ana4 - 4: T.Fortluft	15.8
2021-03-11 13:01:58.0	Ana5 - 5: T.Raum	9999.9
2021-03-11 13:01:58.0	Ana9 - 9: T.Zuluft WRG warm	19.1
2021-03-11 13:02:08.0	Ana1 - 1: T.Au?en	13.1
2021-03-11 13:02:08.0	Ana2 - 2: T.Zuluft	17.4
2021-03-11 13:02:08.0	Ana3 - 3: T.Abluft	19.8
2021-03-11 13:02:08.0	Ana4 - 4: T.Fortluft	15.8
2021-03-11 13:02:08.0	Ana5 - 5: T.Raum	9999.9
2021-03-11 13:02:08.0	Ana9 - 9: T.Zuluft WRG warm	19.1
2021-03-11 13:02:18.0	Ana1 - 1: T.Au?en	13.1
2021-03-11 13:02:18.0	Ana2 - 2: T.Zuluft	17.4
2021-03-11 13:02:18.0	Ana3 - 3: T.Abluft	19.8
2021-03-11 13:02:18.0	Ana4 - 4: T.Fortluft	15.8
2021-03-11 13:02:18.0	Ana5 - 5: T.Raum	9999.9
2021-03-11 13:02:18.0	Ana9 - 9: T.Zuluft WRG warm	19.1
2021-03-11 13:02:28.0	Ana1 - 1: T.Au?en	13.1
2021-03-11 13:02:28.0	Ana2 - 2: T.Zuluft	17.4
2021-03-11 13:02:28.0	Ana3 - 3: T.Abluft	19.8
2021-03-11 13:02:28.0	Ana4 - 4: T.Fortluft	15.8
2021-03-11 13:02:28.0	Ana5 - 5: T.Raum	9999.9
2021-03-11 13:02:28.0	Ana9 - 9: T.Zuluft WRG warm	19.1
2021-03-11 13:02:38.0	Ana1 - 1: T.Au?en	13.1
2021-03-11 13:02:38.0	Ana2 - 2: T.Zuluft	17.4
2021-03-11 13:02:38.0	Ana3 - 3: T.Abluft	19.8
2021-03-11 13:02:38.0	Ana4 - 4: T.Fortluft	15.8
2021-03-11 13:02:38.0	Ana5 - 5: T.Raum	9999.9
2021-03-11 13:02:38.0	Ana9 - 9: T.Zuluft WRG warm	19.1
2021-03-11 13:02:48.0	Ana1 - 1: T.Au?en	13.1
2021-03-11 13:02:48.0	Ana2 - 2: T.Zuluft	17.4
2021-03-11 13:02:48.0	Ana3 - 3: T.Abluft	19.8
2021-03-11 13:02:48.0	Ana4 - 4: T.Fortluft	15.8
2021-03-11 13:02:48.0	Ana5 - 5: T.Raum	9999.9
2021-03-11 13:02:48.0	Ana9 - 9: T.Zuluft WRG warm	19.1
2021-03-11 13:02:58.0	Ana1 - 1: T.Au?en	13.2
2021-03-11 13:02:58.0	Ana2 - 2: T.Zuluft	17.4
2021-03-11 13:02:58.0	Ana3 - 3: T.Abluft	19.8
2021-03-11 13:02:58.0	Ana4 - 4: T.Fortluft	15.8
2021-03-11 13:02:58.0	Ana5 - 5: T.Raum	9999.9
2021-03-11 13:02:58.0	Ana9 - 9: T.Zuluft WRG warm	19.1
2021-03-11 13:03:08.0	Ana1 - 1: T.Au?en	13.1
2021-03-11 13:03:08.0	Ana2 - 2: T.Zuluft	17.4
2021-03-11 13:03:08.0	Ana3 - 3: T.Abluft	19.8
2021-03-11 13:03:08.0	Ana4 - 4: T.Fortluft	15.8
2021-03-11 13:03:08.0	Ana5 - 5: T.Raum	9999.9
2021-03-11 13:03:08.0	Ana9 - 9: T.Zuluft WRG warm	19.1
2021-03-11 13:03:18.0	Ana1 - 1: T.Au?en	13.1
2021-03-11 13:03:18.0	Ana2 - 2: T.Zuluft	17.4
2021-03-11 13:03:18.0	Ana3 - 3: T.Abluft	19.8
2021-03-11 13:03:18.0	Ana4 - 4: T.Fortluft	15.8
2021-03-11 13:03:18.0	Ana5 - 5: T.Raum	9999.9
2021-03-11 13:03:18.0	Ana9 - 9: T.Zuluft WRG warm	19.1
2021-03-11 13:03:28.0	Ana1 - 1: T.Au?en	13.1
2021-03-11 13:03:28.0	Ana2 - 2: T.Zuluft	17.5
2021-03-11 13:03:28.0	Ana3 - 3: T.Abluft	19.8
2021-03-11 13:03:28.0	Ana4 - 4: T.Fortluft	15.8
2021-03-11 13:03:28.0	Ana5 - 5: T.Raum	9999.9
2021-03-11 13:03:28.0	Ana9 - 9: T.Zuluft WRG warm	19.1
2021-03-11 13:03:38.0	Ana1 - 1: T.Au?en	13.1
2021-03-11 13:03:38.0	Ana2 - 2: T.Zuluft	17.5
2021-03-11 13:03:38.0	Ana3 - 3: T.Abluft	19.8
2021-03-11 13:03:38.0	Ana4 - 4: T.Fortluft	15.8
2021-03-11 13:03:38.0	Ana5 - 5: T.Raum	9999.9
2021-03-11 13:03:38.0	Ana9 - 9: T.Zuluft WRG warm	19.1
2021-03-11 13:03:48.0	Ana1 - 1: T.Au?en	13.0
2021-03-11 13:03:48.0	Ana2 - 2: T.Zuluft	17.5
2021-03-11 13:03:48.0	Ana3 - 3: T.Abluft	19.8
2021-03-11 13:03:48.0	Ana4 - 4: T.Fortluft	15.8
2021-03-11 13:03:48.0	Ana5 - 5: T.Raum	9999.9
2021-03-11 13:03:48.0	Ana9 - 9: T.Zuluft WRG warm	19.1
2021-03-11 13:03:58.0	Ana1 - 1: T.Au?en	13.0
2021-03-11 13:03:58.0	Ana2 - 2: T.Zuluft	17.4
2021-03-11 13:03:58.0	Ana3 - 3: T.Abluft	19.8
2021-03-11 13:03:58.0	Ana4 - 4: T.Fortluft	15.8
2021-03-11 13:03:58.0	Ana5 - 5: T.Raum	9999.9
2021-03-11 13:03:58.0	Ana9 - 9: T.Zuluft WRG warm	19.1
2021-03-11 13:04:08.0	Ana1 - 1: T.Au?en	13.0
2021-03-11 13:04:08.0	Ana2 - 2: T.Zuluft	17.5
2021-03-11 13:04:08.0	Ana3 - 3: T.Abluft	19.8
2021-03-11 13:04:08.0	Ana4 - 4: T.Fortluft	15.8
2021-03-11 13:04:08.0	Ana5 - 5: T.Raum	9999.9
2021-03-11 13:04:08.0	Ana9 - 9: T.Zuluft WRG warm	19.1
2021-03-11 13:04:18.0	Ana1 - 1: T.Au?en	12.9
2021-03-11 13:04:18.0	Ana2 - 2: T.Zuluft	17.4
2021-03-11 13:04:18.0	Ana3 - 3: T.Abluft	19.8
2021-03-11 13:04:18.0	Ana4 - 4: T.Fortluft	15.8
2021-03-11 13:04:18.0	Ana5 - 5: T.Raum	9999.9
2021-03-11 13:04:18.0	Ana9 - 9: T.Zuluft WRG warm	19.1
2021-03-11 13:04:28.0	Ana1 - 1: T.Au?en	13.0
2021-03-11 13:04:28.0	Ana2 - 2: T.Zuluft	17.4
2021-03-11 13:04:28.0	Ana3 - 3: T.Abluft	19.8
2021-03-11 13:04:28.0	Ana4 - 4: T.Fortluft	15.8
2021-03-11 13:04:28.0	Ana5 - 5: T.Raum	9999.9
2021-03-11 13:04:28.0	Ana9 - 9: T.Zuluft WRG warm	19.1
2021-03-11 13:04:38.0	Ana1 - 1: T.Au?en	13.0
2021-03-11 13:04:38.0	Ana2 - 2: T.Zuluft	17.5
2021-03-11 13:04:38.0	Ana3 - 3: T.Abluft	19.8
2021-03-11 13:04:38.0	Ana4 - 4: T.Fortluft	15.8
2021-03-11 13:04:38.0	Ana5 - 5: T.Raum	9999.9
2021-03-11 13:04:38.0	Ana9 - 9: T.Zuluft WRG warm	19.1
2021-03-11 13:04:48.0	Ana1 - 1: T.Au?en	13.0
2021-03-11 13:04:48.0	Ana2 - 2: T.Zuluft	17.5
2021-03-11 13:04:48.0	Ana3 - 3: T.Abluft	19.8
2021-03-11 13:04:48.0	Ana4 - 4: T.Fortluft	15.8
2021-03-11 13:04:48.0	Ana5 - 5: T.Raum	9999.9
2021-03-11 13:04:48.0	Ana9 - 9: T.Zuluft WRG warm	19.1
2021-03-11 13:04:58.0	Ana1 - 1: T.Au?en	13.0
2021-03-11 13:04:58.0	Ana2 - 2: T.Zuluft	17.5
2021-03-11 13:04:58.0	Ana3 - 3: T.Abluft	19.8
2021-03-11 13:04:58.0	Ana4 - 4: T.Fortluft	15.8
2021-03-11 13:04:58.0	Ana5 - 5: T.Raum	9999.9
2021-03-11 13:04:58.0	Ana9 - 9: T.Zuluft WRG warm	19.1
2021-03-11 13:05:08.0	Ana1 - 1: T.Au?en	13.0
2021-03-11 13:05:08.0	Ana2 - 2: T.Zuluft	17.5
2021-03-11 13:05:08.0	Ana3 - 3: T.Abluft	19.8
2021-03-11 13:05:08.0	Ana4 - 4: T.Fortluft	15.8
2021-03-11 13:05:08.0	Ana5 - 5: T.Raum	9999.9
2021-03-11 13:05:08.0	Ana9 - 9: T.Zuluft WRG warm	19.1
2021-03-11 13:05:18.0	Ana1 - 1: T.Au?en	13.0
2021-03-11 13:05:18.0	Ana2 - 2: T.Zuluft	17.5
2021-03-11 13:05:18.0	Ana3 - 3: T.Abluft	19.8
2021-03-11 13:05:18.0	Ana4 - 4: T.Fortluft	15.9
2021-03-11 13:05:18.0	Ana5 - 5: T.Raum	9999.9
2021-03-11 13:05:18.0	Ana9 - 9: T.Zuluft WRG warm	19.1
2021-03-11 13:05:28.0	Ana1 - 1: T.Au?en	13.0
2021-03-11 13:05:28.0	Ana2 - 2: T.Zuluft	17.5
2021-03-11 13:05:28.0	Ana3 - 3: T.Abluft	19.8
2021-03-11 13:05:28.0	Ana4 - 4: T.Fortluft	15.8
2021-03-11 13:05:28.0	Ana5 - 5: T.Raum	9999.9
2021-03-11 13:05:28.0	Ana9 - 9: T.Zuluft WRG warm	19.1
2021-03-11 13:05:38.0	Ana1 - 1: T.Au?en	12.9
2021-03-11 13:05:38.0	Ana2 - 2: T.Zuluft	17.5
2021-03-11 13:05:38.0	Ana3 - 3: T.Abluft	19.8
2021-03-11 13:05:38.0	Ana4 - 4: T.Fortluft	15.9
2021-03-11 13:05:38.0	Ana5 - 5: T.Raum	9999.9
2021-03-11 13:05:38.0	Ana9 - 9: T.Zuluft WRG warm	19.1
2021-03-11 13:05:48.0	Ana1 - 1: T.Au?en	12.9
2021-03-11 13:05:48.0	Ana2 - 2: T.Zuluft	17.5
2021-03-11 13:05:48.0	Ana3 - 3: T.Abluft	19.8
2021-03-11 13:05:48.0	Ana4 - 4: T.Fortluft	15.9
2021-03-11 13:05:48.0	Ana5 - 5: T.Raum	9999.9
2021-03-11 13:05:48.0	Ana9 - 9: T.Zuluft WRG warm	19.1
2021-03-11 13:05:58.0	Ana1 - 1: T.Au?en	13.0
2021-03-11 13:05:58.0	Ana2 - 2: T.Zuluft	17.5
2021-03-11 13:05:58.0	Ana3 - 3: T.Abluft	19.8
2021-03-11 13:05:58.0	Ana4 - 4: T.Fortluft	15.9
2021-03-11 13:05:58.0	Ana5 - 5: T.Raum	9999.9
2021-03-11 13:05:58.0	Ana9 - 9: T.Zuluft WRG warm	19.1
2021-03-11 13:06:08.0	Ana1 - 1: T.Au?en	13.0
2021-03-11 13:06:08.0	Ana2 - 2: T.Zuluft	17.5
2021-03-11 13:06:08.0	Ana3 - 3: T.Abluft	19.8
2021-03-11 13:06:08.0	Ana4 - 4: T.Fortluft	15.9
2021-03-11 13:06:08.0	Ana5 - 5: T.Raum	9999.9
2021-03-11 13:06:08.0	Ana9 - 9: T.Zuluft WRG warm	19.1
2021-03-11 13:06:18.0	Ana1 - 1: T.Au?en	13.0
2021-03-11 13:06:18.0	Ana2 - 2: T.Zuluft	17.5
2021-03-11 13:06:18.0	Ana3 - 3: T.Abluft	19.8
2021-03-11 13:06:18.0	Ana4 - 4: T.Fortluft	15.9
2021-03-11 13:06:18.0	Ana5 - 5: T.Raum	9999.9
2021-03-11 13:06:18.0	Ana9 - 9: T.Zuluft WRG warm	19.1
2021-03-11 13:06:28.0	Ana1 - 1: T.Au?en	12.9
2021-03-11 13:06:28.0	Ana2 - 2: T.Zuluft	17.5
2021-03-11 13:06:28.0	Ana3 - 3: T.Abluft	19.8
2021-03-11 13:06:28.0	Ana4 - 4: T.Fortluft	15.9
2021-03-11 13:06:28.0	Ana5 - 5: T.Raum	9999.9
2021-03-11 13:06:28.0	Ana9 - 9: T.Zuluft WRG warm	19.1
2021-03-11 13:06:38.0	Ana1 - 1: T.Au?en	12.9
2021-03-11 13:06:38.0	Ana2 - 2: T.Zuluft	17.5
2021-03-11 13:06:38.0	Ana3 - 3: T.Abluft	19.8
2021-03-11 13:06:38.0	Ana4 - 4: T.Fortluft	15.9
2021-03-11 13:06:38.0	Ana5 - 5: T.Raum	9999.9
2021-03-11 13:06:38.0	Ana9 - 9: T.Zuluft WRG warm	19.1
2021-03-11 13:06:48.0	Ana1 - 1: T.Au?en	12.9
2021-03-11 13:06:48.0	Ana2 - 2: T.Zuluft	17.5
2021-03-11 13:06:48.0	Ana3 - 3: T.Abluft	19.8
2021-03-11 13:06:48.0	Ana4 - 4: T.Fortluft	15.9
2021-03-11 13:06:48.0	Ana5 - 5: T.Raum	9999.9
2021-03-11 13:06:48.0	Ana9 - 9: T.Zuluft WRG warm	19.1
2021-03-11 13:06:58.0	Ana1 - 1: T.Au?en	13.0
2021-03-11 13:06:58.0	Ana2 - 2: T.Zuluft	17.5
2021-03-11 13:06:58.0	Ana3 - 3: T.Abluft	19.8
2021-03-11 13:06:58.0	Ana4 - 4: T.Fortluft	15.9
2021-03-11 13:06:58.0	Ana5 - 5: T.Raum	9999.9
2021-03-11 13:06:58.0	Ana9 - 9: T.Zuluft WRG warm	19.1
2021-03-11 13:07:08.0	Ana1 - 1: T.Au?en	13.0
2021-03-11 13:07:08.0	Ana2 - 2: T.Zuluft	17.5
2021-03-11 13:07:08.0	Ana3 - 3: T.Abluft	19.9
2021-03-11 13:07:08.0	Ana4 - 4: T.Fortluft	15.9
2021-03-11 13:07:08.0	Ana5 - 5: T.Raum	9999.9
2021-03-11 13:07:08.0	Ana9 - 9: T.Zuluft WRG warm	19.1
2021-03-11 13:07:18.0	Ana1 - 1: T.Au?en	13.0
2021-03-11 13:07:18.0	Ana2 - 2: T.Zuluft	17.5
2021-03-11 13:07:18.0	Ana3 - 3: T.Abluft	19.8
2021-03-11 13:07:18.0	Ana4 - 4: T.Fortluft	15.9
2021-03-11 13:07:18.0	Ana5 - 5: T.Raum	9999.9
2021-03-11 13:07:18.0	Ana9 - 9: T.Zuluft WRG warm	19.1
2021-03-11 13:07:28.0	Ana1 - 1: T.Au?en	13.0
2021-03-11 13:07:28.0	Ana2 - 2: T.Zuluft	17.5
2021-03-11 13:07:28.0	Ana3 - 3: T.Abluft	19.8
2021-03-11 13:07:28.0	Ana4 - 4: T.Fortluft	15.9
2021-03-11 13:07:28.0	Ana5 - 5: T.Raum	9999.9
2021-03-11 13:07:28.0	Ana9 - 9: T.Zuluft WRG warm	19.1
2021-03-11 13:07:38.0	Ana1 - 1: T.Au?en	13.0
2021-03-11 13:07:38.0	Ana2 - 2: T.Zuluft	17.5
2021-03-11 13:07:38.0	Ana3 - 3: T.Abluft	19.8
2021-03-11 13:07:38.0	Ana4 - 4: T.Fortluft	15.9
2021-03-11 13:07:38.0	Ana5 - 5: T.Raum	9999.9
2021-03-11 13:07:38.0	Ana9 - 9: T.Zuluft WRG warm	19.1
2021-03-11 13:07:48.0	Ana1 - 1: T.Au?en	13.0
2021-03-11 13:07:48.0	Ana2 - 2: T.Zuluft	17.5
2021-03-11 13:07:48.0	Ana3 - 3: T.Abluft	19.9
2021-03-11 13:07:48.0	Ana4 - 4: T.Fortluft	15.9
2021-03-11 13:07:48.0	Ana5 - 5: T.Raum	9999.9
2021-03-11 13:07:48.0	Ana9 - 9: T.Zuluft WRG warm	19.1
2021-03-11 13:07:58.0	Ana1 - 1: T.Au?en	12.9
2021-03-11 13:07:58.0	Ana2 - 2: T.Zuluft	17.5
2021-03-11 13:07:58.0	Ana3 - 3: T.Abluft	19.8
2021-03-11 13:07:58.0	Ana4 - 4: T.Fortluft	15.9
2021-03-11 13:07:58.0	Ana5 - 5: T.Raum	9999.9
2021-03-11 13:07:58.0	Ana9 - 9: T.Zuluft WRG warm	19.1
2021-03-11 13:08:08.0	Ana1 - 1: T.Au?en	12.9
2021-03-11 13:08:08.0	Ana2 - 2: T.Zuluft	17.5
2021-03-11 13:08:08.0	Ana3 - 3: T.Abluft	19.9
2021-03-11 13:08:08.0	Ana4 - 4: T.Fortluft	15.9
2021-03-11 13:08:08.0	Ana5 - 5: T.Raum	9999.9
2021-03-11 13:08:08.0	Ana9 - 9: T.Zuluft WRG warm	19.1
2021-03-11 13:08:18.0	Ana1 - 1: T.Au?en	12.9
2021-03-11 13:08:18.0	Ana2 - 2: T.Zuluft	17.5
2021-03-11 13:08:18.0	Ana3 - 3: T.Abluft	19.9
2021-03-11 13:08:18.0	Ana4 - 4: T.Fortluft	15.9
2021-03-11 13:08:18.0	Ana5 - 5: T.Raum	9999.9
2021-03-11 13:08:18.0	Ana9 - 9: T.Zuluft WRG warm	19.2
2021-03-11 13:08:28.0	Ana1 - 1: T.Au?en	12.9
2021-03-11 13:08:28.0	Ana2 - 2: T.Zuluft	17.5
2021-03-11 13:08:28.0	Ana3 - 3: T.Abluft	19.9
2021-03-11 13:08:28.0	Ana4 - 4: T.Fortluft	15.9
2021-03-11 13:08:28.0	Ana5 - 5: T.Raum	9999.9
2021-03-11 13:08:28.0	Ana9 - 9: T.Zuluft WRG warm	19.2
2021-03-11 13:08:38.0	Ana1 - 1: T.Au?en	12.9
2021-03-11 13:08:38.0	Ana2 - 2: T.Zuluft	17.5
2021-03-11 13:08:38.0	Ana3 - 3: T.Abluft	19.9
2021-03-11 13:08:38.0	Ana4 - 4: T.Fortluft	15.9
2021-03-11 13:08:38.0	Ana5 - 5: T.Raum	9999.9
2021-03-11 13:08:38.0	Ana9 - 9: T.Zuluft WRG warm	19.2
2021-03-11 13:08:48.0	Ana1 - 1: T.Au?en	12.9
2021-03-11 13:08:48.0	Ana2 - 2: T.Zuluft	17.5
2021-03-11 13:08:48.0	Ana3 - 3: T.Abluft	19.9
2021-03-11 13:08:48.0	Ana4 - 4: T.Fortluft	15.9
2021-03-11 13:08:48.0	Ana5 - 5: T.Raum	9999.9
2021-03-11 13:08:48.0	Ana9 - 9: T.Zuluft WRG warm	19.1
2021-03-11 13:08:58.0	Ana1 - 1: T.Au?en	12.9
2021-03-11 13:08:58.0	Ana2 - 2: T.Zuluft	17.5
2021-03-11 13:08:58.0	Ana3 - 3: T.Abluft	19.9
2021-03-11 13:08:58.0	Ana4 - 4: T.Fortluft	15.9
2021-03-11 13:08:58.0	Ana5 - 5: T.Raum	9999.9
2021-03-11 13:08:58.0	Ana9 - 9: T.Zuluft WRG warm	19.1
2021-03-11 13:09:08.0	Ana1 - 1: T.Au?en	12.9
2021-03-11 13:09:08.0	Ana2 - 2: T.Zuluft	17.5
2021-03-11 13:09:08.0	Ana3 - 3: T.Abluft	19.9
2021-03-11 13:09:08.0	Ana4 - 4: T.Fortluft	15.9
2021-03-11 13:09:08.0	Ana5 - 5: T.Raum	9999.9
2021-03-11 13:09:08.0	Ana9 - 9: T.Zuluft WRG warm	19.1
2021-03-11 13:09:18.0	Ana1 - 1: T.Au?en	12.9
2021-03-11 13:09:18.0	Ana2 - 2: T.Zuluft	17.5
2021-03-11 13:09:18.0	Ana3 - 3: T.Abluft	19.9
2021-03-11 13:09:18.0	Ana4 - 4: T.Fortluft	15.9
2021-03-11 13:09:18.0	Ana5 - 5: T.Raum	9999.9
2021-03-11 13:09:18.0	Ana9 - 9: T.Zuluft WRG warm	19.1
2021-03-11 13:09:28.0	Ana1 - 1: T.Au?en	12.9
2021-03-11 13:09:28.0	Ana2 - 2: T.Zuluft	17.5
2021-03-11 13:09:28.0	Ana3 - 3: T.Abluft	19.9
2021-03-11 13:09:28.0	Ana4 - 4: T.Fortluft	15.9
2021-03-11 13:09:28.0	Ana5 - 5: T.Raum	9999.9
2021-03-11 13:09:28.0	Ana9 - 9: T.Zuluft WRG warm	19.2
2021-03-11 13:09:38.0	Ana1 - 1: T.Au?en	12.8
2021-03-11 13:09:38.0	Ana2 - 2: T.Zuluft	17.5
2021-03-11 13:09:38.0	Ana3 - 3: T.Abluft	19.9
2021-03-11 13:09:38.0	Ana4 - 4: T.Fortluft	15.9
2021-03-11 13:09:38.0	Ana5 - 5: T.Raum	9999.9
2021-03-11 13:09:38.0	Ana9 - 9: T.Zuluft WRG warm	19.2
2021-03-11 13:09:48.0	Ana1 - 1: T.Au?en	12.8
2021-03-11 13:09:48.0	Ana2 - 2: T.Zuluft	17.5
2021-03-11 13:09:48.0	Ana3 - 3: T.Abluft	19.9
2021-03-11 13:09:48.0	Ana4 - 4: T.Fortluft	15.9
2021-03-11 13:09:48.0	Ana5 - 5: T.Raum	9999.9
2021-03-11 13:09:48.0	Ana9 - 9: T.Zuluft WRG warm	19.2
2021-03-11 13:09:58.0	Ana1 - 1: T.Au?en	12.8
2021-03-11 13:09:58.0	Ana2 - 2: T.Zuluft	17.5
2021-03-11 13:09:58.0	Ana3 - 3: T.Abluft	19.9
2021-03-11 13:09:58.0	Ana4 - 4: T.Fortluft	15.9
2021-03-11 13:09:58.0	Ana5 - 5: T.Raum	9999.9
2021-03-11 13:09:58.0	Ana9 - 9: T.Zuluft WRG warm	19.2
2021-03-11 13:10:08.0	Ana1 - 1: T.Au?en	12.8
2021-03-11 13:10:08.0	Ana2 - 2: T.Zuluft	17.5
2021-03-11 13:10:08.0	Ana3 - 3: T.Abluft	19.9
2021-03-11 13:10:08.0	Ana4 - 4: T.Fortluft	15.9
2021-03-11 13:10:08.0	Ana5 - 5: T.Raum	9999.9
2021-03-11 13:10:08.0	Ana9 - 9: T.Zuluft WRG warm	19.2
2021-03-11 13:10:18.0	Ana1 - 1: T.Au?en	12.8
2021-03-11 13:10:18.0	Ana2 - 2: T.Zuluft	17.5
2021-03-11 13:10:18.0	Ana3 - 3: T.Abluft	19.9
2021-03-11 13:10:18.0	Ana4 - 4: T.Fortluft	15.9
2021-03-11 13:10:18.0	Ana5 - 5: T.Raum	9999.9
2021-03-11 13:10:18.0	Ana9 - 9: T.Zuluft WRG warm	19.2
2021-03-11 13:10:28.0	Ana1 - 1: T.Au?en	12.8
2021-03-11 13:10:28.0	Ana2 - 2: T.Zuluft	17.5
2021-03-11 13:10:28.0	Ana3 - 3: T.Abluft	19.9
2021-03-11 13:10:28.0	Ana4 - 4: T.Fortluft	15.9
2021-03-11 13:10:28.0	Ana5 - 5: T.Raum	9999.9
2021-03-11 13:10:28.0	Ana9 - 9: T.Zuluft WRG warm	19.2
2021-03-11 13:10:38.0	Ana1 - 1: T.Au?en	12.9
2021-03-11 13:10:38.0	Ana2 - 2: T.Zuluft	17.5
2021-03-11 13:10:38.0	Ana3 - 3: T.Abluft	19.9
2021-03-11 13:10:38.0	Ana4 - 4: T.Fortluft	15.9
2021-03-11 13:10:38.0	Ana5 - 5: T.Raum	9999.9
2021-03-11 13:10:38.0	Ana9 - 9: T.Zuluft WRG warm	19.2
2021-03-11 13:10:48.0	Ana1 - 1: T.Au?en	12.9
2021-03-11 13:10:48.0	Ana2 - 2: T.Zuluft	17.5
2021-03-11 13:10:48.0	Ana3 - 3: T.Abluft	19.9
2021-03-11 13:10:48.0	Ana4 - 4: T.Fortluft	15.9
2021-03-11 13:10:48.0	Ana5 - 5: T.Raum	9999.9
2021-03-11 13:10:48.0	Ana9 - 9: T.Zuluft WRG warm	19.2
2021-03-11 13:10:58.0	Ana1 - 1: T.Au?en	12.9
2021-03-11 13:10:58.0	Ana2 - 2: T.Zuluft	17.5
2021-03-11 13:10:58.0	Ana3 - 3: T.Abluft	19.9
2021-03-11 13:10:58.0	Ana4 - 4: T.Fortluft	15.9
2021-03-11 13:10:58.0	Ana5 - 5: T.Raum	9999.9
2021-03-11 13:10:58.0	Ana9 - 9: T.Zuluft WRG warm	19.2
2021-03-11 13:11:08.0	Ana1 - 1: T.Au?en	12.9
2021-03-11 13:11:08.0	Ana2 - 2: T.Zuluft	17.5
2021-03-11 13:11:08.0	Ana3 - 3: T.Abluft	19.9
2021-03-11 13:11:08.0	Ana4 - 4: T.Fortluft	15.9
2021-03-11 13:11:08.0	Ana5 - 5: T.Raum	9999.9
2021-03-11 13:11:08.0	Ana9 - 9: T.Zuluft WRG warm	19.2
2021-03-11 13:11:18.0	Ana1 - 1: T.Au?en	12.9
2021-03-11 13:11:18.0	Ana2 - 2: T.Zuluft	17.5
2021-03-11 13:11:18.0	Ana3 - 3: T.Abluft	19.9
2021-03-11 13:11:18.0	Ana4 - 4: T.Fortluft	15.9
2021-03-11 13:11:18.0	Ana5 - 5: T.Raum	9999.9
2021-03-11 13:11:18.0	Ana9 - 9: T.Zuluft WRG warm	19.2
2021-03-11 13:11:28.0	Ana1 - 1: T.Au?en	12.9
2021-03-11 13:11:28.0	Ana2 - 2: T.Zuluft	17.6
2021-03-11 13:11:28.0	Ana3 - 3: T.Abluft	19.9
2021-03-11 13:11:28.0	Ana4 - 4: T.Fortluft	15.9
2021-03-11 13:11:28.0	Ana5 - 5: T.Raum	9999.9
2021-03-11 13:11:28.0	Ana9 - 9: T.Zuluft WRG warm	19.2
2021-03-11 13:11:38.0	Ana1 - 1: T.Au?en	12.9
2021-03-11 13:11:38.0	Ana2 - 2: T.Zuluft	17.5
2021-03-11 13:11:38.0	Ana3 - 3: T.Abluft	19.9
2021-03-11 13:11:38.0	Ana4 - 4: T.Fortluft	15.9
2021-03-11 13:11:38.0	Ana5 - 5: T.Raum	9999.9
2021-03-11 13:11:38.0	Ana9 - 9: T.Zuluft WRG warm	19.2
2021-03-11 13:11:48.0	Ana1 - 1: T.Au?en	13.0
2021-03-11 13:11:48.0	Ana2 - 2: T.Zuluft	17.6
2021-03-11 13:11:48.0	Ana3 - 3: T.Abluft	19.9
2021-03-11 13:11:48.0	Ana4 - 4: T.Fortluft	15.9
2021-03-11 13:11:48.0	Ana5 - 5: T.Raum	9999.9
2021-03-11 13:11:48.0	Ana9 - 9: T.Zuluft WRG warm	19.2
2021-03-11 13:11:58.0	Ana1 - 1: T.Au?en	13.0
2021-03-11 13:11:58.0	Ana2 - 2: T.Zuluft	17.6
2021-03-11 13:11:58.0	Ana3 - 3: T.Abluft	19.9
2021-03-11 13:11:58.0	Ana4 - 4: T.Fortluft	15.9
2021-03-11 13:11:58.0	Ana5 - 5: T.Raum	9999.9
2021-03-11 13:11:58.0	Ana9 - 9: T.Zuluft WRG warm	19.2
2021-03-11 13:12:08.0	Ana1 - 1: T.Au?en	13.0
2021-03-11 13:12:08.0	Ana2 - 2: T.Zuluft	17.5
2021-03-11 13:12:08.0	Ana3 - 3: T.Abluft	19.9
2021-03-11 13:12:08.0	Ana4 - 4: T.Fortluft	15.9
2021-03-11 13:12:08.0	Ana5 - 5: T.Raum	9999.9
2021-03-11 13:12:08.0	Ana9 - 9: T.Zuluft WRG warm	19.2
2021-03-11 13:12:18.0	Ana1 - 1: T.Au?en	13.0
2021-03-11 13:12:18.0	Ana2 - 2: T.Zuluft	17.6
2021-03-11 13:12:18.0	Ana3 - 3: T.Abluft	19.9
2021-03-11 13:12:18.0	Ana4 - 4: T.Fortluft	15.9
2021-03-11 13:12:18.0	Ana5 - 5: T.Raum	9999.9
2021-03-11 13:12:18.0	Ana9 - 9: T.Zuluft WRG warm	19.2
2021-03-11 13:12:28.0	Ana1 - 1: T.Au?en	13.0
2021-03-11 13:12:28.0	Ana2 - 2: T.Zuluft	17.5
2021-03-11 13:12:28.0	Ana3 - 3: T.Abluft	19.9
2021-03-11 13:12:28.0	Ana4 - 4: T.Fortluft	15.9
2021-03-11 13:12:28.0	Ana5 - 5: T.Raum	9999.9
2021-03-11 13:12:28.0	Ana9 - 9: T.Zuluft WRG warm	19.2
2021-03-11 13:12:38.0	Ana1 - 1: T.Au?en	13.1
2021-03-11 13:12:38.0	Ana2 - 2: T.Zuluft	17.6
2021-03-11 13:12:38.0	Ana3 - 3: T.Abluft	19.9
2021-03-11 13:12:38.0	Ana4 - 4: T.Fortluft	15.9
2021-03-11 13:12:38.0	Ana5 - 5: T.Raum	9999.9
2021-03-11 13:12:38.0	Ana9 - 9: T.Zuluft WRG warm	19.2
2021-03-11 13:12:48.0	Ana1 - 1: T.Au?en	13.1
2021-03-11 13:12:48.0	Ana2 - 2: T.Zuluft	17.5
2021-03-11 13:12:48.0	Ana3 - 3: T.Abluft	19.9
2021-03-11 13:12:48.0	Ana4 - 4: T.Fortluft	15.9
2021-03-11 13:12:48.0	Ana5 - 5: T.Raum	9999.9
2021-03-11 13:12:48.0	Ana9 - 9: T.Zuluft WRG warm	19.2
2021-03-11 13:12:58.0	Ana1 - 1: T.Au?en	13.1
2021-03-11 13:12:58.0	Ana2 - 2: T.Zuluft	17.5
2021-03-11 13:12:58.0	Ana3 - 3: T.Abluft	19.9
2021-03-11 13:12:58.0	Ana4 - 4: T.Fortluft	15.9
2021-03-11 13:12:58.0	Ana5 - 5: T.Raum	9999.9
2021-03-11 13:12:58.0	Ana9 - 9: T.Zuluft WRG warm	19.2
2021-03-11 13:13:08.0	Ana1 - 1: T.Au?en	13.1
2021-03-11 13:13:08.0	Ana2 - 2: T.Zuluft	17.6
2021-03-11 13:13:08.0	Ana3 - 3: T.Abluft	19.9
2021-03-11 13:13:08.0	Ana4 - 4: T.Fortluft	15.9
2021-03-11 13:13:08.0	Ana5 - 5: T.Raum	9999.9
2021-03-11 13:13:08.0	Ana9 - 9: T.Zuluft WRG warm	19.2
2021-03-11 13:13:18.0	Ana1 - 1: T.Au?en	13.1
2021-03-11 13:13:18.0	Ana2 - 2: T.Zuluft	17.6
2021-03-11 13:13:18.0	Ana3 - 3: T.Abluft	19.9
2021-03-11 13:13:18.0	Ana4 - 4: T.Fortluft	15.9
2021-03-11 13:13:18.0	Ana5 - 5: T.Raum	9999.9
2021-03-11 13:13:18.0	Ana9 - 9: T.Zuluft WRG warm	19.2
2021-03-11 13:13:28.0	Ana1 - 1: T.Au?en	13.2
2021-03-11 13:13:28.0	Ana2 - 2: T.Zuluft	17.6
2021-03-11 13:13:28.0	Ana3 - 3: T.Abluft	19.9
2021-03-11 13:13:28.0	Ana4 - 4: T.Fortluft	15.9
2021-03-11 13:13:28.0	Ana5 - 5: T.Raum	9999.9
2021-03-11 13:13:28.0	Ana9 - 9: T.Zuluft WRG warm	19.2
2021-03-11 13:13:38.0	Ana1 - 1: T.Au?en	13.2
2021-03-11 13:13:38.0	Ana2 - 2: T.Zuluft	17.6
2021-03-11 13:13:38.0	Ana3 - 3: T.Abluft	19.9
2021-03-11 13:13:38.0	Ana4 - 4: T.Fortluft	15.9
2021-03-11 13:13:38.0	Ana5 - 5: T.Raum	9999.9
2021-03-11 13:13:38.0	Ana9 - 9: T.Zuluft WRG warm	19.2
2021-03-11 13:13:48.0	Ana1 - 1: T.Au?en	13.3
2021-03-11 13:13:48.0	Ana2 - 2: T.Zuluft	17.6
2021-03-11 13:13:48.0	Ana3 - 3: T.Abluft	19.9
2021-03-11 13:13:48.0	Ana4 - 4: T.Fortluft	15.9
2021-03-11 13:13:48.0	Ana5 - 5: T.Raum	9999.9
2021-03-11 13:13:48.0	Ana9 - 9: T.Zuluft WRG warm	19.2
2021-03-11 13:13:58.0	Ana1 - 1: T.Au?en	13.4
2021-03-11 13:13:58.0	Ana2 - 2: T.Zuluft	17.6
2021-03-11 13:13:58.0	Ana3 - 3: T.Abluft	19.9
2021-03-11 13:13:58.0	Ana4 - 4: T.Fortluft	15.9
2021-03-11 13:13:58.0	Ana5 - 5: T.Raum	9999.9
2021-03-11 13:13:58.0	Ana9 - 9: T.Zuluft WRG warm	19.2
2021-03-11 13:14:08.0	Ana1 - 1: T.Au?en	13.4
2021-03-11 13:14:08.0	Ana2 - 2: T.Zuluft	17.6
2021-03-11 13:14:08.0	Ana3 - 3: T.Abluft	19.9
2021-03-11 13:14:08.0	Ana4 - 4: T.Fortluft	15.9
2021-03-11 13:14:08.0	Ana5 - 5: T.Raum	9999.9
2021-03-11 13:14:08.0	Ana9 - 9: T.Zuluft WRG warm	19.2
2021-03-11 13:14:18.0	Ana1 - 1: T.Au?en	13.4
2021-03-11 13:14:18.0	Ana2 - 2: T.Zuluft	17.6
2021-03-11 13:14:18.0	Ana3 - 3: T.Abluft	19.9
2021-03-11 13:14:18.0	Ana4 - 4: T.Fortluft	15.9
2021-03-11 13:14:18.0	Ana5 - 5: T.Raum	9999.9
2021-03-11 13:14:18.0	Ana9 - 9: T.Zuluft WRG warm	19.2
2021-03-11 13:14:28.0	Ana1 - 1: T.Au?en	13.5
2021-03-11 13:14:28.0	Ana2 - 2: T.Zuluft	17.6
2021-03-11 13:14:28.0	Ana3 - 3: T.Abluft	19.9
2021-03-11 13:14:28.0	Ana4 - 4: T.Fortluft	15.9
2021-03-11 13:14:28.0	Ana5 - 5: T.Raum	9999.9
2021-03-11 13:14:28.0	Ana9 - 9: T.Zuluft WRG warm	19.2
2021-03-11 13:14:38.0	Ana1 - 1: T.Au?en	13.4
2021-03-11 13:14:38.0	Ana2 - 2: T.Zuluft	17.6
2021-03-11 13:14:38.0	Ana3 - 3: T.Abluft	19.9
2021-03-11 13:14:38.0	Ana4 - 4: T.Fortluft	15.9
2021-03-11 13:14:38.0	Ana5 - 5: T.Raum	9999.9
2021-03-11 13:14:38.0	Ana9 - 9: T.Zuluft WRG warm	19.2
2021-03-11 13:14:48.0	Ana1 - 1: T.Au?en	13.4
2021-03-11 13:14:48.0	Ana2 - 2: T.Zuluft	17.6
2021-03-11 13:14:48.0	Ana3 - 3: T.Abluft	19.9
2021-03-11 13:14:48.0	Ana4 - 4: T.Fortluft	15.9
2021-03-11 13:14:48.0	Ana5 - 5: T.Raum	9999.9
2021-03-11 13:14:48.0	Ana9 - 9: T.Zuluft WRG warm	19.2
2021-03-11 13:14:58.0	Ana1 - 1: T.Au?en	13.4
2021-03-11 13:14:58.0	Ana2 - 2: T.Zuluft	17.6
2021-03-11 13:14:58.0	Ana3 - 3: T.Abluft	19.9
2021-03-11 13:14:58.0	Ana4 - 4: T.Fortluft	15.9
2021-03-11 13:14:58.0	Ana5 - 5: T.Raum	9999.9
2021-03-11 13:14:58.0	Ana9 - 9: T.Zuluft WRG warm	19.2
2021-03-11 13:15:08.0	Ana1 - 1: T.Au?en	13.5
2021-03-11 13:15:08.0	Ana2 - 2: T.Zuluft	17.6
2021-03-11 13:15:08.0	Ana3 - 3: T.Abluft	19.9
2021-03-11 13:15:08.0	Ana4 - 4: T.Fortluft	16.0
2021-03-11 13:15:08.0	Ana5 - 5: T.Raum	9999.9
2021-03-11 13:15:08.0	Ana9 - 9: T.Zuluft WRG warm	19.2
2021-03-11 13:15:18.0	Ana1 - 1: T.Au?en	13.5
2021-03-11 13:15:18.0	Ana2 - 2: T.Zuluft	17.6
2021-03-11 13:15:18.0	Ana3 - 3: T.Abluft	19.9
2021-03-11 13:15:18.0	Ana4 - 4: T.Fortluft	15.9
2021-03-11 13:15:18.0	Ana5 - 5: T.Raum	9999.9
2021-03-11 13:15:18.0	Ana9 - 9: T.Zuluft WRG warm	19.2
2021-03-11 13:15:28.0	Ana1 - 1: T.Au?en	13.5
2021-03-11 13:15:28.0	Ana2 - 2: T.Zuluft	17.6
2021-03-11 13:15:28.0	Ana3 - 3: T.Abluft	19.9
2021-03-11 13:15:28.0	Ana4 - 4: T.Fortluft	15.9
2021-03-11 13:15:28.0	Ana5 - 5: T.Raum	9999.9
2021-03-11 13:15:28.0	Ana9 - 9: T.Zuluft WRG warm	19.2
2021-03-11 13:15:38.0	Ana1 - 1: T.Au?en	13.5
2021-03-11 13:15:38.0	Ana2 - 2: T.Zuluft	17.6
2021-03-11 13:15:38.0	Ana3 - 3: T.Abluft	19.9
2021-03-11 13:15:38.0	Ana4 - 4: T.Fortluft	15.9
2021-03-11 13:15:38.0	Ana5 - 5: T.Raum	9999.9
2021-03-11 13:15:38.0	Ana9 - 9: T.Zuluft WRG warm	19.2
2021-03-11 13:15:48.0	Ana1 - 1: T.Au?en	13.5
2021-03-11 13:15:48.0	Ana2 - 2: T.Zuluft	17.6
2021-03-11 13:15:48.0	Ana3 - 3: T.Abluft	19.9
2021-03-11 13:15:48.0	Ana4 - 4: T.Fortluft	15.9
2021-03-11 13:15:48.0	Ana5 - 5: T.Raum	9999.9
2021-03-11 13:15:48.0	Ana9 - 9: T.Zuluft WRG warm	19.2
2021-03-11 13:15:58.0	Ana1 - 1: T.Au?en	13.5
2021-03-11 13:15:58.0	Ana2 - 2: T.Zuluft	17.6
2021-03-11 13:15:58.0	Ana3 - 3: T.Abluft	19.9
2021-03-11 13:15:58.0	Ana4 - 4: T.Fortluft	15.9
2021-03-11 13:15:58.0	Ana5 - 5: T.Raum	9999.9
2021-03-11 13:15:58.0	Ana9 - 9: T.Zuluft WRG warm	19.2
2021-03-11 13:16:08.0	Ana1 - 1: T.Au?en	13.5
2021-03-11 13:16:08.0	Ana2 - 2: T.Zuluft	17.6
2021-03-11 13:16:08.0	Ana3 - 3: T.Abluft	19.9
2021-03-11 13:16:08.0	Ana4 - 4: T.Fortluft	15.9
2021-03-11 13:16:08.0	Ana5 - 5: T.Raum	9999.9
2021-03-11 13:16:08.0	Ana9 - 9: T.Zuluft WRG warm	19.2
2021-03-11 13:16:18.0	Ana1 - 1: T.Au?en	13.5
2021-03-11 13:16:18.0	Ana2 - 2: T.Zuluft	17.6
2021-03-11 13:16:18.0	Ana3 - 3: T.Abluft	19.9
2021-03-11 13:16:18.0	Ana4 - 4: T.Fortluft	15.9
2021-03-11 13:16:18.0	Ana5 - 5: T.Raum	9999.9
2021-03-11 13:16:18.0	Ana9 - 9: T.Zuluft WRG warm	19.2
2021-03-11 13:16:28.0	Ana1 - 1: T.Au?en	13.5
2021-03-11 13:16:28.0	Ana2 - 2: T.Zuluft	17.6
2021-03-11 13:16:28.0	Ana3 - 3: T.Abluft	19.9
2021-03-11 13:16:28.0	Ana4 - 4: T.Fortluft	16.0
2021-03-11 13:16:28.0	Ana5 - 5: T.Raum	9999.9
2021-03-11 13:16:28.0	Ana9 - 9: T.Zuluft WRG warm	19.2
2021-03-11 13:16:38.0	Ana1 - 1: T.Au?en	13.5
2021-03-11 13:16:38.0	Ana2 - 2: T.Zuluft	17.6
2021-03-11 13:16:38.0	Ana3 - 3: T.Abluft	20.0
2021-03-11 13:16:38.0	Ana4 - 4: T.Fortluft	16.0
2021-03-11 13:16:38.0	Ana5 - 5: T.Raum	9999.9
2021-03-11 13:16:38.0	Ana9 - 9: T.Zuluft WRG warm	19.2
2021-03-11 13:16:48.0	Ana1 - 1: T.Au?en	13.5
2021-03-11 13:16:48.0	Ana2 - 2: T.Zuluft	17.6
2021-03-11 13:16:48.0	Ana3 - 3: T.Abluft	19.9
2021-03-11 13:16:48.0	Ana4 - 4: T.Fortluft	16.0
2021-03-11 13:16:48.0	Ana5 - 5: T.Raum	9999.9
2021-03-11 13:16:48.0	Ana9 - 9: T.Zuluft WRG warm	19.2
2021-03-11 13:16:58.0	Ana1 - 1: T.Au?en	13.5
2021-03-11 13:16:58.0	Ana2 - 2: T.Zuluft	17.6
2021-03-11 13:16:58.0	Ana3 - 3: T.Abluft	20.0
2021-03-11 13:16:58.0	Ana4 - 4: T.Fortluft	16.0
2021-03-11 13:16:58.0	Ana5 - 5: T.Raum	9999.9
2021-03-11 13:16:58.0	Ana9 - 9: T.Zuluft WRG warm	19.2
2021-03-11 13:17:08.0	Ana1 - 1: T.Au?en	13.4
2021-03-11 13:17:08.0	Ana2 - 2: T.Zuluft	17.6
2021-03-11 13:17:08.0	Ana3 - 3: T.Abluft	20.0
2021-03-11 13:17:08.0	Ana4 - 4: T.Fortluft	16.0
2021-03-11 13:17:08.0	Ana5 - 5: T.Raum	9999.9
2021-03-11 13:17:08.0	Ana9 - 9: T.Zuluft WRG warm	19.2
2021-03-11 13:17:18.0	Ana1 - 1: T.Au?en	13.4
2021-03-11 13:17:18.0	Ana2 - 2: T.Zuluft	17.6
2021-03-11 13:17:18.0	Ana3 - 3: T.Abluft	20.0
2021-03-11 13:17:18.0	Ana4 - 4: T.Fortluft	16.0
2021-03-11 13:17:18.0	Ana5 - 5: T.Raum	9999.9
2021-03-11 13:17:18.0	Ana9 - 9: T.Zuluft WRG warm	19.2
2021-03-11 13:17:28.0	Ana1 - 1: T.Au?en	13.4
2021-03-11 13:17:28.0	Ana2 - 2: T.Zuluft	17.6
2021-03-11 13:17:28.0	Ana3 - 3: T.Abluft	20.0
2021-03-11 13:17:28.0	Ana4 - 4: T.Fortluft	16.0
2021-03-11 13:17:28.0	Ana5 - 5: T.Raum	9999.9
2021-03-11 13:17:28.0	Ana9 - 9: T.Zuluft WRG warm	19.2
2021-03-11 13:17:38.0	Ana1 - 1: T.Au?en	13.4
2021-03-11 13:17:38.0	Ana2 - 2: T.Zuluft	17.6
2021-03-11 13:17:38.0	Ana3 - 3: T.Abluft	20.0
2021-03-11 13:17:38.0	Ana4 - 4: T.Fortluft	16.0
2021-03-11 13:17:38.0	Ana5 - 5: T.Raum	9999.9
2021-03-11 13:17:38.0	Ana9 - 9: T.Zuluft WRG warm	19.2
2021-03-11 13:17:48.0	Ana1 - 1: T.Au?en	13.5
2021-03-11 13:17:48.0	Ana2 - 2: T.Zuluft	17.6
2021-03-11 13:17:48.0	Ana3 - 3: T.Abluft	20.0
2021-03-11 13:17:48.0	Ana4 - 4: T.Fortluft	16.0
2021-03-11 13:17:48.0	Ana5 - 5: T.Raum	9999.9
2021-03-11 13:17:48.0	Ana9 - 9: T.Zuluft WRG warm	19.2
2021-03-11 13:17:58.0	Ana1 - 1: T.Au?en	13.5
2021-03-11 13:17:58.0	Ana2 - 2: T.Zuluft	17.6
2021-03-11 13:17:58.0	Ana3 - 3: T.Abluft	20.0
2021-03-11 13:17:58.0	Ana4 - 4: T.Fortluft	16.0
2021-03-11 13:17:58.0	Ana5 - 5: T.Raum	9999.9
2021-03-11 13:17:58.0	Ana9 - 9: T.Zuluft WRG warm	19.2
2021-03-11 13:18:08.0	Ana1 - 1: T.Au?en	13.5
2021-03-11 13:18:08.0	Ana2 - 2: T.Zuluft	17.6
2021-03-11 13:18:08.0	Ana3 - 3: T.Abluft	20.0
2021-03-11 13:18:08.0	Ana4 - 4: T.Fortluft	16.0
2021-03-11 13:18:08.0	Ana5 - 5: T.Raum	9999.9
2021-03-11 13:18:08.0	Ana9 - 9: T.Zuluft WRG warm	19.2
2021-03-11 13:18:18.0	Ana1 - 1: T.Au?en	13.6
2021-03-11 13:18:18.0	Ana2 - 2: T.Zuluft	17.6
2021-03-11 13:18:18.0	Ana3 - 3: T.Abluft	20.0
2021-03-11 13:18:18.0	Ana4 - 4: T.Fortluft	16.0
2021-03-11 13:18:18.0	Ana5 - 5: T.Raum	9999.9
2021-03-11 13:18:18.0	Ana9 - 9: T.Zuluft WRG warm	19.2
2021-03-11 13:18:28.0	Ana1 - 1: T.Au?en	13.6
2021-03-11 13:18:28.0	Ana2 - 2: T.Zuluft	17.6
2021-03-11 13:18:28.0	Ana3 - 3: T.Abluft	20.0
2021-03-11 13:18:28.0	Ana4 - 4: T.Fortluft	16.0
2021-03-11 13:18:28.0	Ana5 - 5: T.Raum	9999.9
2021-03-11 13:18:28.0	Ana9 - 9: T.Zuluft WRG warm	19.2
2021-03-11 13:18:38.0	Ana1 - 1: T.Au?en	13.6
2021-03-11 13:18:38.0	Ana2 - 2: T.Zuluft	17.6
2021-03-11 13:18:38.0	Ana3 - 3: T.Abluft	20.0
2021-03-11 13:18:38.0	Ana4 - 4: T.Fortluft	16.0
2021-03-11 13:18:38.0	Ana5 - 5: T.Raum	9999.9
2021-03-11 13:18:38.0	Ana9 - 9: T.Zuluft WRG warm	19.2
2021-03-11 13:18:48.0	Ana1 - 1: T.Au?en	13.7
2021-03-11 13:18:48.0	Ana2 - 2: T.Zuluft	17.6
2021-03-11 13:18:48.0	Ana3 - 3: T.Abluft	20.0
2021-03-11 13:18:48.0	Ana4 - 4: T.Fortluft	16.0
2021-03-11 13:18:48.0	Ana5 - 5: T.Raum	9999.9
2021-03-11 13:18:48.0	Ana9 - 9: T.Zuluft WRG warm	19.2
2021-03-11 13:18:58.0	Ana1 - 1: T.Au?en	13.7
2021-03-11 13:18:58.0	Ana2 - 2: T.Zuluft	17.6
2021-03-11 13:18:58.0	Ana3 - 3: T.Abluft	20.0
2021-03-11 13:18:58.0	Ana4 - 4: T.Fortluft	16.0
2021-03-11 13:18:58.0	Ana5 - 5: T.Raum	9999.9
2021-03-11 13:18:58.0	Ana9 - 9: T.Zuluft WRG warm	19.2
2021-03-11 13:19:08.0	Ana1 - 1: T.Au?en	13.7
2021-03-11 13:19:08.0	Ana2 - 2: T.Zuluft	17.6
2021-03-11 13:19:08.0	Ana3 - 3: T.Abluft	20.0
2021-03-11 13:19:08.0	Ana4 - 4: T.Fortluft	16.0
2021-03-11 13:19:08.0	Ana5 - 5: T.Raum	9999.9
2021-03-11 13:19:08.0	Ana9 - 9: T.Zuluft WRG warm	19.2
2021-03-11 13:19:18.0	Ana1 - 1: T.Au?en	13.7
2021-03-11 13:19:18.0	Ana2 - 2: T.Zuluft	17.6
2021-03-11 13:19:18.0	Ana3 - 3: T.Abluft	20.0
2021-03-11 13:19:18.0	Ana4 - 4: T.Fortluft	16.0
2021-03-11 13:19:18.0	Ana5 - 5: T.Raum	9999.9
2021-03-11 13:19:18.0	Ana9 - 9: T.Zuluft WRG warm	19.2
2021-03-11 13:19:28.0	Ana1 - 1: T.Au?en	13.7
2021-03-11 13:19:28.0	Ana2 - 2: T.Zuluft	17.6
2021-03-11 13:19:28.0	Ana3 - 3: T.Abluft	20.0
2021-03-11 13:19:28.0	Ana4 - 4: T.Fortluft	16.0
2021-03-11 13:19:28.0	Ana5 - 5: T.Raum	9999.9
2021-03-11 13:19:28.0	Ana9 - 9: T.Zuluft WRG warm	19.2
2021-03-11 13:19:38.0	Ana1 - 1: T.Au?en	13.7
2021-03-11 13:19:38.0	Ana2 - 2: T.Zuluft	17.6
2021-03-11 13:19:38.0	Ana3 - 3: T.Abluft	20.0
2021-03-11 13:19:38.0	Ana4 - 4: T.Fortluft	16.0
2021-03-11 13:19:38.0	Ana5 - 5: T.Raum	9999.9
2021-03-11 13:19:38.0	Ana9 - 9: T.Zuluft WRG warm	19.2
2021-03-11 13:19:48.0	Ana1 - 1: T.Au?en	13.6
2021-03-11 13:19:48.0	Ana2 - 2: T.Zuluft	17.6
2021-03-11 13:19:48.0	Ana3 - 3: T.Abluft	20.0
2021-03-11 13:19:48.0	Ana4 - 4: T.Fortluft	16.0
2021-03-11 13:19:48.0	Ana5 - 5: T.Raum	9999.9
2021-03-11 13:19:48.0	Ana9 - 9: T.Zuluft WRG warm	19.2
2021-03-11 13:19:58.0	Ana1 - 1: T.Au?en	13.6
2021-03-11 13:19:58.0	Ana2 - 2: T.Zuluft	17.6
2021-03-11 13:19:58.0	Ana3 - 3: T.Abluft	20.0
2021-03-11 13:19:58.0	Ana4 - 4: T.Fortluft	16.0
2021-03-11 13:19:58.0	Ana5 - 5: T.Raum	9999.9
2021-03-11 13:19:58.0	Ana9 - 9: T.Zuluft WRG warm	19.2
2021-03-11 13:20:08.0	Ana1 - 1: T.Au?en	13.6
2021-03-11 13:20:08.0	Ana2 - 2: T.Zuluft	17.6
2021-03-11 13:20:08.0	Ana3 - 3: T.Abluft	20.0
2021-03-11 13:20:08.0	Ana4 - 4: T.Fortluft	16.0
2021-03-11 13:20:08.0	Ana5 - 5: T.Raum	9999.9
2021-03-11 13:20:08.0	Ana9 - 9: T.Zuluft WRG warm	19.2
2021-03-11 13:20:18.0	Ana1 - 1: T.Au?en	13.6
2021-03-11 13:20:18.0	Ana2 - 2: T.Zuluft	17.6
2021-03-11 13:20:18.0	Ana3 - 3: T.Abluft	20.0
2021-03-11 13:20:18.0	Ana4 - 4: T.Fortluft	16.0
2021-03-11 13:20:18.0	Ana5 - 5: T.Raum	9999.9
2021-03-11 13:20:18.0	Ana9 - 9: T.Zuluft WRG warm	19.2
2021-03-11 13:20:28.0	Ana1 - 1: T.Au?en	13.6
2021-03-11 13:20:28.0	Ana2 - 2: T.Zuluft	17.6
2021-03-11 13:20:28.0	Ana3 - 3: T.Abluft	20.0
2021-03-11 13:20:28.0	Ana4 - 4: T.Fortluft	16.0
2021-03-11 13:20:28.0	Ana5 - 5: T.Raum	9999.9
2021-03-11 13:20:28.0	Ana9 - 9: T.Zuluft WRG warm	19.2
2021-03-11 13:20:38.0	Ana1 - 1: T.Au?en	13.6
2021-03-11 13:20:38.0	Ana2 - 2: T.Zuluft	17.6
2021-03-11 13:20:38.0	Ana3 - 3: T.Abluft	20.0
2021-03-11 13:20:38.0	Ana4 - 4: T.Fortluft	16.0
2021-03-11 13:20:38.0	Ana5 - 5: T.Raum	9999.9
2021-03-11 13:20:38.0	Ana9 - 9: T.Zuluft WRG warm	19.2
2021-03-11 13:20:48.0	Ana1 - 1: T.Au?en	13.6
2021-03-11 13:20:48.0	Ana2 - 2: T.Zuluft	17.6
2021-03-11 13:20:48.0	Ana3 - 3: T.Abluft	20.0
2021-03-11 13:20:48.0	Ana4 - 4: T.Fortluft	16.0
2021-03-11 13:20:48.0	Ana5 - 5: T.Raum	9999.9
2021-03-11 13:20:48.0	Ana9 - 9: T.Zuluft WRG warm	19.2
2021-03-11 13:20:58.0	Ana1 - 1: T.Au?en	13.6
2021-03-11 13:20:58.0	Ana2 - 2: T.Zuluft	17.6
2021-03-11 13:20:58.0	Ana3 - 3: T.Abluft	20.0
2021-03-11 13:20:58.0	Ana4 - 4: T.Fortluft	16.0
2021-03-11 13:20:58.0	Ana5 - 5: T.Raum	9999.9
2021-03-11 13:20:58.0	Ana9 - 9: T.Zuluft WRG warm	19.2
2021-03-11 13:21:08.0	Ana1 - 1: T.Au?en	13.7
2021-03-11 13:21:08.0	Ana2 - 2: T.Zuluft	17.6
2021-03-11 13:21:08.0	Ana3 - 3: T.Abluft	20.0
2021-03-11 13:21:08.0	Ana4 - 4: T.Fortluft	16.0
2021-03-11 13:21:08.0	Ana5 - 5: T.Raum	9999.9
2021-03-11 13:21:08.0	Ana9 - 9: T.Zuluft WRG warm	19.2
2021-03-11 13:21:18.0	Ana1 - 1: T.Au?en	13.7
2021-03-11 13:21:18.0	Ana2 - 2: T.Zuluft	17.6
2021-03-11 13:21:18.0	Ana3 - 3: T.Abluft	20.0
2021-03-11 13:21:18.0	Ana4 - 4: T.Fortluft	16.0
2021-03-11 13:21:18.0	Ana5 - 5: T.Raum	9999.9
2021-03-11 13:21:18.0	Ana9 - 9: T.Zuluft WRG warm	19.2
2021-03-11 13:21:28.0	Ana1 - 1: T.Au?en	13.8
2021-03-11 13:21:28.0	Ana2 - 2: T.Zuluft	17.7
2021-03-11 13:21:28.0	Ana3 - 3: T.Abluft	20.0
2021-03-11 13:21:28.0	Ana4 - 4: T.Fortluft	16.0
2021-03-11 13:21:28.0	Ana5 - 5: T.Raum	9999.9
2021-03-11 13:21:28.0	Ana9 - 9: T.Zuluft WRG warm	19.2
2021-03-11 13:21:38.0	Ana1 - 1: T.Au?en	13.9
2021-03-11 13:21:38.0	Ana2 - 2: T.Zuluft	17.7
2021-03-11 13:21:38.0	Ana3 - 3: T.Abluft	20.0
2021-03-11 13:21:38.0	Ana4 - 4: T.Fortluft	16.0
2021-03-11 13:21:38.0	Ana5 - 5: T.Raum	9999.9
2021-03-11 13:21:38.0	Ana9 - 9: T.Zuluft WRG warm	19.2
2021-03-11 13:21:48.0	Ana1 - 1: T.Au?en	13.9
2021-03-11 13:21:48.0	Ana2 - 2: T.Zuluft	17.7
2021-03-11 13:21:48.0	Ana3 - 3: T.Abluft	20.0
2021-03-11 13:21:48.0	Ana4 - 4: T.Fortluft	16.0
2021-03-11 13:21:48.0	Ana5 - 5: T.Raum	9999.9
2021-03-11 13:21:48.0	Ana9 - 9: T.Zuluft WRG warm	19.2
2021-03-11 13:21:58.0	Ana1 - 1: T.Au?en	13.9
2021-03-11 13:21:58.0	Ana2 - 2: T.Zuluft	17.7
2021-03-11 13:21:58.0	Ana3 - 3: T.Abluft	20.0
2021-03-11 13:21:58.0	Ana4 - 4: T.Fortluft	16.0
2021-03-11 13:21:58.0	Ana5 - 5: T.Raum	9999.9
2021-03-11 13:21:58.0	Ana9 - 9: T.Zuluft WRG warm	19.2
2021-03-11 13:22:08.0	Ana1 - 1: T.Au?en	14.0
2021-03-11 13:22:08.0	Ana2 - 2: T.Zuluft	17.7
2021-03-11 13:22:08.0	Ana3 - 3: T.Abluft	20.0
2021-03-11 13:22:08.0	Ana4 - 4: T.Fortluft	16.1
2021-03-11 13:22:08.0	Ana5 - 5: T.Raum	9999.9
2021-03-11 13:22:08.0	Ana9 - 9: T.Zuluft WRG warm	19.2
2021-03-11 13:22:18.0	Ana1 - 1: T.Au?en	14.0
2021-03-11 13:22:18.0	Ana2 - 2: T.Zuluft	17.7
2021-03-11 13:22:18.0	Ana3 - 3: T.Abluft	20.0
2021-03-11 13:22:18.0	Ana4 - 4: T.Fortluft	16.1
2021-03-11 13:22:18.0	Ana5 - 5: T.Raum	9999.9
2021-03-11 13:22:18.0	Ana9 - 9: T.Zuluft WRG warm	19.3
2021-03-11 13:22:28.0	Ana1 - 1: T.Au?en	14.0
2021-03-11 13:22:28.0	Ana2 - 2: T.Zuluft	17.7
2021-03-11 13:22:28.0	Ana3 - 3: T.Abluft	20.0
2021-03-11 13:22:28.0	Ana4 - 4: T.Fortluft	16.1
2021-03-11 13:22:28.0	Ana5 - 5: T.Raum	9999.9
2021-03-11 13:22:28.0	Ana9 - 9: T.Zuluft WRG warm	19.3
2021-03-11 13:22:38.0	Ana1 - 1: T.Au?en	14.0
2021-03-11 13:22:38.0	Ana2 - 2: T.Zuluft	17.7
2021-03-11 13:22:38.0	Ana3 - 3: T.Abluft	20.0
2021-03-11 13:22:38.0	Ana4 - 4: T.Fortluft	16.1
2021-03-11 13:22:38.0	Ana5 - 5: T.Raum	9999.9
2021-03-11 13:22:38.0	Ana9 - 9: T.Zuluft WRG warm	19.3
2021-03-11 13:22:48.0	Ana1 - 1: T.Au?en	14.1
2021-03-11 13:22:48.0	Ana2 - 2: T.Zuluft	17.7
2021-03-11 13:22:48.0	Ana3 - 3: T.Abluft	20.0
2021-03-11 13:22:48.0	Ana4 - 4: T.Fortluft	16.1
2021-03-11 13:22:48.0	Ana5 - 5: T.Raum	9999.9
2021-03-11 13:22:48.0	Ana9 - 9: T.Zuluft WRG warm	19.3
2021-03-11 13:22:58.0	Ana1 - 1: T.Au?en	14.1
2021-03-11 13:22:58.0	Ana2 - 2: T.Zuluft	17.7
2021-03-11 13:22:58.0	Ana3 - 3: T.Abluft	20.0
2021-03-11 13:22:58.0	Ana4 - 4: T.Fortluft	16.1
2021-03-11 13:22:58.0	Ana5 - 5: T.Raum	9999.9
2021-03-11 13:22:58.0	Ana9 - 9: T.Zuluft WRG warm	19.3
2021-03-11 13:23:08.0	Ana1 - 1: T.Au?en	14.1
2021-03-11 13:23:08.0	Ana2 - 2: T.Zuluft	17.7
2021-03-11 13:23:08.0	Ana3 - 3: T.Abluft	20.0
2021-03-11 13:23:08.0	Ana4 - 4: T.Fortluft	16.1
2021-03-11 13:23:08.0	Ana5 - 5: T.Raum	9999.9
2021-03-11 13:23:08.0	Ana9 - 9: T.Zuluft WRG warm	19.3
2021-03-11 13:23:18.0	Ana1 - 1: T.Au?en	14.1
2021-03-11 13:23:18.0	Ana2 - 2: T.Zuluft	17.7
2021-03-11 13:23:18.0	Ana3 - 3: T.Abluft	20.0
2021-03-11 13:23:18.0	Ana4 - 4: T.Fortluft	16.1
2021-03-11 13:23:18.0	Ana5 - 5: T.Raum	9999.9
2021-03-11 13:23:18.0	Ana9 - 9: T.Zuluft WRG warm	19.3
2021-03-11 13:23:28.0	Ana1 - 1: T.Au?en	14.1
2021-03-11 13:23:28.0	Ana2 - 2: T.Zuluft	17.7
2021-03-11 13:23:28.0	Ana3 - 3: T.Abluft	20.0
2021-03-11 13:23:28.0	Ana4 - 4: T.Fortluft	16.1
2021-03-11 13:23:28.0	Ana5 - 5: T.Raum	9999.9
2021-03-11 13:23:28.0	Ana9 - 9: T.Zuluft WRG warm	19.3
2021-03-11 13:23:38.0	Ana1 - 1: T.Au?en	14.0
2021-03-11 13:23:38.0	Ana2 - 2: T.Zuluft	17.7
2021-03-11 13:23:38.0	Ana3 - 3: T.Abluft	20.0
2021-03-11 13:23:38.0	Ana4 - 4: T.Fortluft	16.1
2021-03-11 13:23:38.0	Ana5 - 5: T.Raum	9999.9
2021-03-11 13:23:38.0	Ana9 - 9: T.Zuluft WRG warm	19.3
2021-03-11 13:23:48.0	Ana1 - 1: T.Au?en	14.0
2021-03-11 13:23:48.0	Ana2 - 2: T.Zuluft	17.7
2021-03-11 13:23:48.0	Ana3 - 3: T.Abluft	20.0
2021-03-11 13:23:48.0	Ana4 - 4: T.Fortluft	16.1
2021-03-11 13:23:48.0	Ana5 - 5: T.Raum	9999.9
2021-03-11 13:23:48.0	Ana9 - 9: T.Zuluft WRG warm	19.3
2021-03-11 13:23:58.0	Ana1 - 1: T.Au?en	14.1
2021-03-11 13:23:58.0	Ana2 - 2: T.Zuluft	17.7
2021-03-11 13:23:58.0	Ana3 - 3: T.Abluft	20.0
2021-03-11 13:23:58.0	Ana4 - 4: T.Fortluft	16.1
2021-03-11 13:23:58.0	Ana5 - 5: T.Raum	9999.9
2021-03-11 13:23:58.0	Ana9 - 9: T.Zuluft WRG warm	19.3
2021-03-11 13:24:08.0	Ana1 - 1: T.Au?en	14.1
2021-03-11 13:24:08.0	Ana2 - 2: T.Zuluft	17.7
2021-03-11 13:24:08.0	Ana3 - 3: T.Abluft	20.0
2021-03-11 13:24:08.0	Ana4 - 4: T.Fortluft	16.1
2021-03-11 13:24:08.0	Ana5 - 5: T.Raum	9999.9
2021-03-11 13:24:08.0	Ana9 - 9: T.Zuluft WRG warm	19.3
2021-03-11 13:24:18.0	Ana1 - 1: T.Au?en	14.1
2021-03-11 13:24:18.0	Ana2 - 2: T.Zuluft	17.7
2021-03-11 13:24:18.0	Ana3 - 3: T.Abluft	20.0
2021-03-11 13:24:18.0	Ana4 - 4: T.Fortluft	16.1
2021-03-11 13:24:18.0	Ana5 - 5: T.Raum	9999.9
2021-03-11 13:24:18.0	Ana9 - 9: T.Zuluft WRG warm	19.3
2021-03-11 13:24:28.0	Ana1 - 1: T.Au?en	14.1
2021-03-11 13:24:28.0	Ana2 - 2: T.Zuluft	17.7
2021-03-11 13:24:28.0	Ana3 - 3: T.Abluft	20.0
2021-03-11 13:24:28.0	Ana4 - 4: T.Fortluft	16.1
2021-03-11 13:24:28.0	Ana5 - 5: T.Raum	9999.9
2021-03-11 13:24:28.0	Ana9 - 9: T.Zuluft WRG warm	19.3
2021-03-11 13:24:38.0	Ana1 - 1: T.Au?en	14.1
2021-03-11 13:24:38.0	Ana2 - 2: T.Zuluft	17.7
2021-03-11 13:24:38.0	Ana3 - 3: T.Abluft	20.0
2021-03-11 13:24:38.0	Ana4 - 4: T.Fortluft	16.1
2021-03-11 13:24:38.0	Ana5 - 5: T.Raum	9999.9
2021-03-11 13:24:38.0	Ana9 - 9: T.Zuluft WRG warm	19.3
2021-03-11 13:24:48.0	Ana1 - 1: T.Au?en	14.1
2021-03-11 13:24:48.0	Ana2 - 2: T.Zuluft	17.7
2021-03-11 13:24:48.0	Ana3 - 3: T.Abluft	20.0
2021-03-11 13:24:48.0	Ana4 - 4: T.Fortluft	16.1
2021-03-11 13:24:48.0	Ana5 - 5: T.Raum	9999.9
2021-03-11 13:24:48.0	Ana9 - 9: T.Zuluft WRG warm	19.3
2021-03-11 13:24:58.0	Ana1 - 1: T.Au?en	14.0
2021-03-11 13:24:58.0	Ana2 - 2: T.Zuluft	17.7
2021-03-11 13:24:58.0	Ana3 - 3: T.Abluft	20.0
2021-03-11 13:24:58.0	Ana4 - 4: T.Fortluft	16.1
2021-03-11 13:24:58.0	Ana5 - 5: T.Raum	9999.9
2021-03-11 13:24:58.0	Ana9 - 9: T.Zuluft WRG warm	19.3
2021-03-11 13:25:08.0	Ana1 - 1: T.Au?en	14.0
2021-03-11 13:25:08.0	Ana2 - 2: T.Zuluft	17.7
2021-03-11 13:25:08.0	Ana3 - 3: T.Abluft	20.0
2021-03-11 13:25:08.0	Ana4 - 4: T.Fortluft	16.1
2021-03-11 13:25:08.0	Ana5 - 5: T.Raum	9999.9
2021-03-11 13:25:08.0	Ana9 - 9: T.Zuluft WRG warm	19.3
2021-03-11 13:25:18.0	Ana1 - 1: T.Au?en	13.9
2021-03-11 13:25:18.0	Ana2 - 2: T.Zuluft	17.7
2021-03-11 13:25:18.0	Ana3 - 3: T.Abluft	20.0
2021-03-11 13:25:18.0	Ana4 - 4: T.Fortluft	16.1
2021-03-11 13:25:18.0	Ana5 - 5: T.Raum	9999.9
2021-03-11 13:25:18.0	Ana9 - 9: T.Zuluft WRG warm	19.3
2021-03-11 13:25:28.0	Ana1 - 1: T.Au?en	13.9
2021-03-11 13:25:28.0	Ana2 - 2: T.Zuluft	17.7
2021-03-11 13:25:28.0	Ana3 - 3: T.Abluft	20.0
2021-03-11 13:25:28.0	Ana4 - 4: T.Fortluft	16.1
2021-03-11 13:25:28.0	Ana5 - 5: T.Raum	9999.9
2021-03-11 13:25:28.0	Ana9 - 9: T.Zuluft WRG warm	19.3
2021-03-11 13:25:38.0	Ana1 - 1: T.Au?en	13.9
2021-03-11 13:25:38.0	Ana2 - 2: T.Zuluft	17.8
2021-03-11 13:25:38.0	Ana3 - 3: T.Abluft	20.0
2021-03-11 13:25:38.0	Ana4 - 4: T.Fortluft	16.1
2021-03-11 13:25:38.0	Ana5 - 5: T.Raum	9999.9
2021-03-11 13:25:38.0	Ana9 - 9: T.Zuluft WRG warm	19.3
2021-03-11 13:25:48.0	Ana1 - 1: T.Au?en	13.9
2021-03-11 13:25:48.0	Ana2 - 2: T.Zuluft	17.8
2021-03-11 13:25:48.0	Ana3 - 3: T.Abluft	20.0
2021-03-11 13:25:48.0	Ana4 - 4: T.Fortluft	16.1
2021-03-11 13:25:48.0	Ana5 - 5: T.Raum	9999.9
2021-03-11 13:25:48.0	Ana9 - 9: T.Zuluft WRG warm	19.3
2021-03-11 13:25:58.0	Ana1 - 1: T.Au?en	13.9
2021-03-11 13:25:58.0	Ana2 - 2: T.Zuluft	17.8
2021-03-11 13:25:58.0	Ana3 - 3: T.Abluft	20.0
2021-03-11 13:25:58.0	Ana4 - 4: T.Fortluft	16.1
2021-03-11 13:25:58.0	Ana5 - 5: T.Raum	9999.9
2021-03-11 13:25:58.0	Ana9 - 9: T.Zuluft WRG warm	19.3
2021-03-11 13:26:08.0	Ana1 - 1: T.Au?en	13.9
2021-03-11 13:26:08.0	Ana2 - 2: T.Zuluft	17.7
2021-03-11 13:26:08.0	Ana3 - 3: T.Abluft	20.0
2021-03-11 13:26:08.0	Ana4 - 4: T.Fortluft	16.2
2021-03-11 13:26:08.0	Ana5 - 5: T.Raum	9999.9
2021-03-11 13:26:08.0	Ana9 - 9: T.Zuluft WRG warm	19.3
2021-03-11 13:26:18.0	Ana1 - 1: T.Au?en	13.9
2021-03-11 13:26:18.0	Ana2 - 2: T.Zuluft	17.8
2021-03-11 13:26:18.0	Ana3 - 3: T.Abluft	20.0
2021-03-11 13:26:18.0	Ana4 - 4: T.Fortluft	16.2
2021-03-11 13:26:18.0	Ana5 - 5: T.Raum	9999.9
2021-03-11 13:26:18.0	Ana9 - 9: T.Zuluft WRG warm	19.3
2021-03-11 13:26:28.0	Ana1 - 1: T.Au?en	13.9
2021-03-11 13:26:28.0	Ana2 - 2: T.Zuluft	17.8
2021-03-11 13:26:28.0	Ana3 - 3: T.Abluft	20.0
2021-03-11 13:26:28.0	Ana4 - 4: T.Fortluft	16.2
2021-03-11 13:26:28.0	Ana5 - 5: T.Raum	9999.9
2021-03-11 13:26:28.0	Ana9 - 9: T.Zuluft WRG warm	19.3
2021-03-11 13:26:38.0	Ana1 - 1: T.Au?en	13.8
2021-03-11 13:26:38.0	Ana2 - 2: T.Zuluft	17.8
2021-03-11 13:26:38.0	Ana3 - 3: T.Abluft	20.0
2021-03-11 13:26:38.0	Ana4 - 4: T.Fortluft	16.2
2021-03-11 13:26:38.0	Ana5 - 5: T.Raum	9999.9
2021-03-11 13:26:38.0	Ana9 - 9: T.Zuluft WRG warm	19.3
2021-03-11 13:26:48.0	Ana1 - 1: T.Au?en	13.8
2021-03-11 13:26:48.0	Ana2 - 2: T.Zuluft	17.8
2021-03-11 13:26:48.0	Ana3 - 3: T.Abluft	20.0
2021-03-11 13:26:48.0	Ana4 - 4: T.Fortluft	16.2
2021-03-11 13:26:48.0	Ana5 - 5: T.Raum	9999.9
2021-03-11 13:26:48.0	Ana9 - 9: T.Zuluft WRG warm	19.3
2021-03-11 13:26:58.0	Ana1 - 1: T.Au?en	13.9
2021-03-11 13:26:58.0	Ana2 - 2: T.Zuluft	17.8
2021-03-11 13:26:58.0	Ana3 - 3: T.Abluft	20.1
2021-03-11 13:26:58.0	Ana4 - 4: T.Fortluft	16.2
2021-03-11 13:26:58.0	Ana5 - 5: T.Raum	9999.9
2021-03-11 13:26:58.0	Ana9 - 9: T.Zuluft WRG warm	19.3
2021-03-11 13:27:08.0	Ana1 - 1: T.Au?en	13.9
2021-03-11 13:27:08.0	Ana2 - 2: T.Zuluft	17.8
2021-03-11 13:27:08.0	Ana3 - 3: T.Abluft	20.1
2021-03-11 13:27:08.0	Ana4 - 4: T.Fortluft	16.2
2021-03-11 13:27:08.0	Ana5 - 5: T.Raum	9999.9
2021-03-11 13:27:08.0	Ana9 - 9: T.Zuluft WRG warm	19.3
2021-03-11 13:27:18.0	Ana1 - 1: T.Au?en	13.9
2021-03-11 13:27:18.0	Ana2 - 2: T.Zuluft	17.8
2021-03-11 13:27:18.0	Ana3 - 3: T.Abluft	20.1
2021-03-11 13:27:18.0	Ana4 - 4: T.Fortluft	16.2
2021-03-11 13:27:18.0	Ana5 - 5: T.Raum	9999.9
2021-03-11 13:27:18.0	Ana9 - 9: T.Zuluft WRG warm	19.3
2021-03-11 13:27:28.0	Ana1 - 1: T.Au?en	13.9
2021-03-11 13:27:28.0	Ana2 - 2: T.Zuluft	17.8
2021-03-11 13:27:28.0	Ana3 - 3: T.Abluft	20.1
2021-03-11 13:27:28.0	Ana4 - 4: T.Fortluft	16.2
2021-03-11 13:27:28.0	Ana5 - 5: T.Raum	9999.9
2021-03-11 13:27:28.0	Ana9 - 9: T.Zuluft WRG warm	19.3
2021-03-11 13:27:38.0	Ana1 - 1: T.Au?en	13.9
2021-03-11 13:27:38.0	Ana2 - 2: T.Zuluft	17.8
2021-03-11 13:27:38.0	Ana3 - 3: T.Abluft	20.1
2021-03-11 13:27:38.0	Ana4 - 4: T.Fortluft	16.2
2021-03-11 13:27:38.0	Ana5 - 5: T.Raum	9999.9
2021-03-11 13:27:38.0	Ana9 - 9: T.Zuluft WRG warm	19.3
2021-03-11 13:27:48.0	Ana1 - 1: T.Au?en	13.9
2021-03-11 13:27:48.0	Ana2 - 2: T.Zuluft	17.8
2021-03-11 13:27:48.0	Ana3 - 3: T.Abluft	20.1
2021-03-11 13:27:48.0	Ana4 - 4: T.Fortluft	16.2
2021-03-11 13:27:48.0	Ana5 - 5: T.Raum	9999.9
2021-03-11 13:27:48.0	Ana9 - 9: T.Zuluft WRG warm	19.3
2021-03-11 13:27:58.0	Ana1 - 1: T.Au?en	13.9
2021-03-11 13:27:58.0	Ana2 - 2: T.Zuluft	17.8
2021-03-11 13:27:58.0	Ana3 - 3: T.Abluft	20.1
2021-03-11 13:27:58.0	Ana4 - 4: T.Fortluft	16.2
2021-03-11 13:27:58.0	Ana5 - 5: T.Raum	9999.9
2021-03-11 13:27:58.0	Ana9 - 9: T.Zuluft WRG warm	19.3
2021-03-11 13:28:08.0	Ana1 - 1: T.Au?en	14.0
2021-03-11 13:28:08.0	Ana2 - 2: T.Zuluft	17.8
2021-03-11 13:28:08.0	Ana3 - 3: T.Abluft	20.1
2021-03-11 13:28:08.0	Ana4 - 4: T.Fortluft	16.2
2021-03-11 13:28:08.0	Ana5 - 5: T.Raum	9999.9
2021-03-11 13:28:08.0	Ana9 - 9: T.Zuluft WRG warm	19.3
2021-03-11 13:28:18.0	Ana1 - 1: T.Au?en	14.1
2021-03-11 13:28:18.0	Ana2 - 2: T.Zuluft	17.8
2021-03-11 13:28:18.0	Ana3 - 3: T.Abluft	20.1
2021-03-11 13:28:18.0	Ana4 - 4: T.Fortluft	16.2
2021-03-11 13:28:18.0	Ana5 - 5: T.Raum	9999.9
2021-03-11 13:28:18.0	Ana9 - 9: T.Zuluft WRG warm	19.3
2021-03-11 13:28:28.0	Ana1 - 1: T.Au?en	14.1
2021-03-11 13:28:28.0	Ana2 - 2: T.Zuluft	17.8
2021-03-11 13:28:28.0	Ana3 - 3: T.Abluft	20.1
2021-03-11 13:28:28.0	Ana4 - 4: T.Fortluft	16.2
2021-03-11 13:28:28.0	Ana5 - 5: T.Raum	9999.9
2021-03-11 13:28:28.0	Ana9 - 9: T.Zuluft WRG warm	19.3
2021-03-11 13:28:38.0	Ana1 - 1: T.Au?en	14.1
2021-03-11 13:28:38.0	Ana2 - 2: T.Zuluft	17.8
2021-03-11 13:28:38.0	Ana3 - 3: T.Abluft	20.1
2021-03-11 13:28:38.0	Ana4 - 4: T.Fortluft	16.2
2021-03-11 13:28:38.0	Ana5 - 5: T.Raum	9999.9
2021-03-11 13:28:38.0	Ana9 - 9: T.Zuluft WRG warm	19.3
2021-03-11 13:28:48.0	Ana1 - 1: T.Au?en	14.1
2021-03-11 13:28:48.0	Ana2 - 2: T.Zuluft	17.8
2021-03-11 13:28:48.0	Ana3 - 3: T.Abluft	20.1
2021-03-11 13:28:48.0	Ana4 - 4: T.Fortluft	16.3
2021-03-11 13:28:48.0	Ana5 - 5: T.Raum	9999.9
2021-03-11 13:28:48.0	Ana9 - 9: T.Zuluft WRG warm	19.3
2021-03-11 13:28:58.0	Ana1 - 1: T.Au?en	14.1
2021-03-11 13:28:58.0	Ana2 - 2: T.Zuluft	17.8
2021-03-11 13:28:58.0	Ana3 - 3: T.Abluft	20.1
2021-03-11 13:28:58.0	Ana4 - 4: T.Fortluft	16.2
2021-03-11 13:28:58.0	Ana5 - 5: T.Raum	9999.9
2021-03-11 13:28:58.0	Ana9 - 9: T.Zuluft WRG warm	19.3
2021-03-11 13:29:08.0	Ana1 - 1: T.Au?en	14.0
2021-03-11 13:29:08.0	Ana2 - 2: T.Zuluft	17.8
2021-03-11 13:29:08.0	Ana3 - 3: T.Abluft	20.1
2021-03-11 13:29:08.0	Ana4 - 4: T.Fortluft	16.3
2021-03-11 13:29:08.0	Ana5 - 5: T.Raum	9999.9
2021-03-11 13:29:08.0	Ana9 - 9: T.Zuluft WRG warm	19.3
2021-03-11 13:29:18.0	Ana1 - 1: T.Au?en	14.1
2021-03-11 13:29:18.0	Ana2 - 2: T.Zuluft	17.8
2021-03-11 13:29:18.0	Ana3 - 3: T.Abluft	20.1
2021-03-11 13:29:18.0	Ana4 - 4: T.Fortluft	16.3
2021-03-11 13:29:18.0	Ana5 - 5: T.Raum	9999.9
2021-03-11 13:29:18.0	Ana9 - 9: T.Zuluft WRG warm	19.3
2021-03-11 13:29:28.0	Ana1 - 1: T.Au?en	14.1
2021-03-11 13:29:28.0	Ana2 - 2: T.Zuluft	17.8
2021-03-11 13:29:28.0	Ana3 - 3: T.Abluft	20.1
2021-03-11 13:29:28.0	Ana4 - 4: T.Fortluft	16.3
2021-03-11 13:29:28.0	Ana5 - 5: T.Raum	9999.9
2021-03-11 13:29:28.0	Ana9 - 9: T.Zuluft WRG warm	19.3
2021-03-11 13:29:38.0	Ana1 - 1: T.Au?en	14.1
2021-03-11 13:29:38.0	Ana2 - 2: T.Zuluft	17.8
2021-03-11 13:29:38.0	Ana3 - 3: T.Abluft	20.1
2021-03-11 13:29:38.0	Ana4 - 4: T.Fortluft	16.3
2021-03-11 13:29:38.0	Ana5 - 5: T.Raum	9999.9
2021-03-11 13:29:38.0	Ana9 - 9: T.Zuluft WRG warm	19.3
2021-03-11 13:29:48.0	Ana1 - 1: T.Au?en	14.1
2021-03-11 13:29:48.0	Ana2 - 2: T.Zuluft	17.8
2021-03-11 13:29:48.0	Ana3 - 3: T.Abluft	20.1
2021-03-11 13:29:48.0	Ana4 - 4: T.Fortluft	16.3
2021-03-11 13:29:48.0	Ana5 - 5: T.Raum	9999.9
2021-03-11 13:29:48.0	Ana9 - 9: T.Zuluft WRG warm	19.3
2021-03-11 13:29:58.0	Ana1 - 1: T.Au?en	14.1
2021-03-11 13:29:58.0	Ana2 - 2: T.Zuluft	17.8
2021-03-11 13:29:58.0	Ana3 - 3: T.Abluft	20.1
2021-03-11 13:29:58.0	Ana4 - 4: T.Fortluft	16.3
2021-03-11 13:29:58.0	Ana5 - 5: T.Raum	9999.9
2021-03-11 13:29:58.0	Ana9 - 9: T.Zuluft WRG warm	19.3
2021-03-11 13:30:08.0	Ana1 - 1: T.Au?en	14.0
2021-03-11 13:30:08.0	Ana2 - 2: T.Zuluft	17.8
2021-03-11 13:30:08.0	Ana3 - 3: T.Abluft	20.1
2021-03-11 13:30:08.0	Ana4 - 4: T.Fortluft	16.3
2021-03-11 13:30:08.0	Ana5 - 5: T.Raum	9999.9
2021-03-11 13:30:08.0	Ana9 - 9: T.Zuluft WRG warm	19.3
2021-03-11 13:30:18.0	Ana1 - 1: T.Au?en	14.0
2021-03-11 13:30:18.0	Ana2 - 2: T.Zuluft	17.8
2021-03-11 13:30:18.0	Ana3 - 3: T.Abluft	20.1
2021-03-11 13:30:18.0	Ana4 - 4: T.Fortluft	16.3
2021-03-11 13:30:18.0	Ana5 - 5: T.Raum	9999.9
2021-03-11 13:30:18.0	Ana9 - 9: T.Zuluft WRG warm	19.3
2021-03-11 13:30:28.0	Ana1 - 1: T.Au?en	14.1
2021-03-11 13:30:28.0	Ana2 - 2: T.Zuluft	17.8
2021-03-11 13:30:28.0	Ana3 - 3: T.Abluft	20.1
2021-03-11 13:30:28.0	Ana4 - 4: T.Fortluft	16.3
2021-03-11 13:30:28.0	Ana5 - 5: T.Raum	9999.9
2021-03-11 13:30:28.0	Ana9 - 9: T.Zuluft WRG warm	19.3
2021-03-11 13:30:38.0	Ana1 - 1: T.Au?en	14.1
2021-03-11 13:30:38.0	Ana2 - 2: T.Zuluft	17.8
2021-03-11 13:30:38.0	Ana3 - 3: T.Abluft	20.1
2021-03-11 13:30:38.0	Ana4 - 4: T.Fortluft	16.3
2021-03-11 13:30:38.0	Ana5 - 5: T.Raum	9999.9
2021-03-11 13:30:38.0	Ana9 - 9: T.Zuluft WRG warm	19.3
2021-03-11 13:30:48.0	Ana1 - 1: T.Au?en	14.1
2021-03-11 13:30:48.0	Ana2 - 2: T.Zuluft	17.8
2021-03-11 13:30:48.0	Ana3 - 3: T.Abluft	20.1
2021-03-11 13:30:48.0	Ana4 - 4: T.Fortluft	16.3
2021-03-11 13:30:48.0	Ana5 - 5: T.Raum	9999.9
2021-03-11 13:30:48.0	Ana9 - 9: T.Zuluft WRG warm	19.3
2021-03-11 13:30:58.0	Ana1 - 1: T.Au?en	14.1
2021-03-11 13:30:58.0	Ana2 - 2: T.Zuluft	17.9
2021-03-11 13:30:58.0	Ana3 - 3: T.Abluft	20.1
2021-03-11 13:30:58.0	Ana4 - 4: T.Fortluft	16.3
2021-03-11 13:30:58.0	Ana5 - 5: T.Raum	9999.9
2021-03-11 13:30:58.0	Ana9 - 9: T.Zuluft WRG warm	19.3
2021-03-11 13:31:08.0	Ana1 - 1: T.Au?en	14.1
2021-03-11 13:31:08.0	Ana2 - 2: T.Zuluft	17.9
2021-03-11 13:31:08.0	Ana3 - 3: T.Abluft	20.1
2021-03-11 13:31:08.0	Ana4 - 4: T.Fortluft	16.3
2021-03-11 13:31:08.0	Ana5 - 5: T.Raum	9999.9
2021-03-11 13:31:08.0	Ana9 - 9: T.Zuluft WRG warm	19.3
2021-03-11 13:31:18.0	Ana1 - 1: T.Au?en	14.2
2021-03-11 13:31:18.0	Ana2 - 2: T.Zuluft	17.9
2021-03-11 13:31:18.0	Ana3 - 3: T.Abluft	20.1
2021-03-11 13:31:18.0	Ana4 - 4: T.Fortluft	16.3
2021-03-11 13:31:18.0	Ana5 - 5: T.Raum	9999.9
2021-03-11 13:31:18.0	Ana9 - 9: T.Zuluft WRG warm	19.3
2021-03-11 13:31:28.0	Ana1 - 1: T.Au?en	14.2
2021-03-11 13:31:28.0	Ana2 - 2: T.Zuluft	17.9
2021-03-11 13:31:28.0	Ana3 - 3: T.Abluft	20.1
2021-03-11 13:31:28.0	Ana4 - 4: T.Fortluft	16.3
2021-03-11 13:31:28.0	Ana5 - 5: T.Raum	9999.9
2021-03-11 13:31:28.0	Ana9 - 9: T.Zuluft WRG warm	19.4
2021-03-11 13:31:38.0	Ana1 - 1: T.Au?en	14.2
2021-03-11 13:31:38.0	Ana2 - 2: T.Zuluft	17.9
2021-03-11 13:31:38.0	Ana3 - 3: T.Abluft	20.1
2021-03-11 13:31:38.0	Ana4 - 4: T.Fortluft	16.3
2021-03-11 13:31:38.0	Ana5 - 5: T.Raum	9999.9
2021-03-11 13:31:38.0	Ana9 - 9: T.Zuluft WRG warm	19.3
2021-03-11 13:31:48.0	Ana1 - 1: T.Au?en	14.2
2021-03-11 13:31:48.0	Ana2 - 2: T.Zuluft	17.9
2021-03-11 13:31:48.0	Ana3 - 3: T.Abluft	20.1
2021-03-11 13:31:48.0	Ana4 - 4: T.Fortluft	16.3
2021-03-11 13:31:48.0	Ana5 - 5: T.Raum	9999.9
2021-03-11 13:31:48.0	Ana9 - 9: T.Zuluft WRG warm	19.3
2021-03-11 13:31:58.0	Ana1 - 1: T.Au?en	14.2
2021-03-11 13:31:58.0	Ana2 - 2: T.Zuluft	17.9
2021-03-11 13:31:58.0	Ana3 - 3: T.Abluft	20.1
2021-03-11 13:31:58.0	Ana4 - 4: T.Fortluft	16.3
2021-03-11 13:31:58.0	Ana5 - 5: T.Raum	9999.9
2021-03-11 13:31:58.0	Ana9 - 9: T.Zuluft WRG warm	19.4
2021-03-11 13:32:08.0	Ana1 - 1: T.Au?en	14.2
2021-03-11 13:32:08.0	Ana2 - 2: T.Zuluft	17.9
2021-03-11 13:32:08.0	Ana3 - 3: T.Abluft	20.1
2021-03-11 13:32:08.0	Ana4 - 4: T.Fortluft	16.3
2021-03-11 13:32:08.0	Ana5 - 5: T.Raum	9999.9
2021-03-11 13:32:08.0	Ana9 - 9: T.Zuluft WRG warm	19.4
2021-03-11 13:32:18.0	Ana1 - 1: T.Au?en	14.1
2021-03-11 13:32:18.0	Ana2 - 2: T.Zuluft	17.9
2021-03-11 13:32:18.0	Ana3 - 3: T.Abluft	20.1
2021-03-11 13:32:18.0	Ana4 - 4: T.Fortluft	16.3
2021-03-11 13:32:18.0	Ana5 - 5: T.Raum	9999.9
2021-03-11 13:32:18.0	Ana9 - 9: T.Zuluft WRG warm	19.4
2021-03-11 13:32:28.0	Ana1 - 1: T.Au?en	14.1
2021-03-11 13:32:28.0	Ana2 - 2: T.Zuluft	17.9
2021-03-11 13:32:28.0	Ana3 - 3: T.Abluft	20.1
2021-03-11 13:32:28.0	Ana4 - 4: T.Fortluft	16.3
2021-03-11 13:32:28.0	Ana5 - 5: T.Raum	9999.9
2021-03-11 13:32:28.0	Ana9 - 9: T.Zuluft WRG warm	19.4
2021-03-11 13:32:38.0	Ana1 - 1: T.Au?en	14.1
2021-03-11 13:32:38.0	Ana2 - 2: T.Zuluft	17.9
2021-03-11 13:32:38.0	Ana3 - 3: T.Abluft	20.1
2021-03-11 13:32:38.0	Ana4 - 4: T.Fortluft	16.3
2021-03-11 13:32:38.0	Ana5 - 5: T.Raum	9999.9
2021-03-11 13:32:38.0	Ana9 - 9: T.Zuluft WRG warm	19.4
2021-03-11 13:32:48.0	Ana1 - 1: T.Au?en	14.2
2021-03-11 13:32:48.0	Ana2 - 2: T.Zuluft	17.9
2021-03-11 13:32:48.0	Ana3 - 3: T.Abluft	20.1
2021-03-11 13:32:48.0	Ana4 - 4: T.Fortluft	16.3
2021-03-11 13:32:48.0	Ana5 - 5: T.Raum	9999.9
2021-03-11 13:32:48.0	Ana9 - 9: T.Zuluft WRG warm	19.4
2021-03-11 13:32:58.0	Ana1 - 1: T.Au?en	14.2
2021-03-11 13:32:58.0	Ana2 - 2: T.Zuluft	17.9
2021-03-11 13:32:58.0	Ana3 - 3: T.Abluft	20.1
2021-03-11 13:32:58.0	Ana4 - 4: T.Fortluft	16.3
2021-03-11 13:32:58.0	Ana5 - 5: T.Raum	9999.9
2021-03-11 13:32:58.0	Ana9 - 9: T.Zuluft WRG warm	19.4
2021-03-11 13:33:08.0	Ana1 - 1: T.Au?en	14.3
2021-03-11 13:33:08.0	Ana2 - 2: T.Zuluft	17.9
2021-03-11 13:33:08.0	Ana3 - 3: T.Abluft	20.1
2021-03-11 13:33:08.0	Ana4 - 4: T.Fortluft	16.4
2021-03-11 13:33:08.0	Ana5 - 5: T.Raum	9999.9
2021-03-11 13:33:08.0	Ana9 - 9: T.Zuluft WRG warm	19.4
2021-03-11 13:33:18.0	Ana1 - 1: T.Au?en	14.3
2021-03-11 13:33:18.0	Ana2 - 2: T.Zuluft	17.9
2021-03-11 13:33:18.0	Ana3 - 3: T.Abluft	20.1
2021-03-11 13:33:18.0	Ana4 - 4: T.Fortluft	16.4
2021-03-11 13:33:18.0	Ana5 - 5: T.Raum	9999.9
2021-03-11 13:33:18.0	Ana9 - 9: T.Zuluft WRG warm	19.4
2021-03-11 13:33:28.0	Ana1 - 1: T.Au?en	14.3
2021-03-11 13:33:28.0	Ana2 - 2: T.Zuluft	17.9
2021-03-11 13:33:28.0	Ana3 - 3: T.Abluft	20.1
2021-03-11 13:33:28.0	Ana4 - 4: T.Fortluft	16.4
2021-03-11 13:33:28.0	Ana5 - 5: T.Raum	9999.9
2021-03-11 13:33:28.0	Ana9 - 9: T.Zuluft WRG warm	19.4
2021-03-11 13:33:38.0	Ana1 - 1: T.Au?en	14.3
2021-03-11 13:33:38.0	Ana2 - 2: T.Zuluft	17.9
2021-03-11 13:33:38.0	Ana3 - 3: T.Abluft	20.1
2021-03-11 13:33:38.0	Ana4 - 4: T.Fortluft	16.4
2021-03-11 13:33:38.0	Ana5 - 5: T.Raum	9999.9
2021-03-11 13:33:38.0	Ana9 - 9: T.Zuluft WRG warm	19.4
2021-03-11 13:33:48.0	Ana1 - 1: T.Au?en	14.3
2021-03-11 13:33:48.0	Ana2 - 2: T.Zuluft	17.9
2021-03-11 13:33:48.0	Ana3 - 3: T.Abluft	20.1
2021-03-11 13:33:48.0	Ana4 - 4: T.Fortluft	16.4
2021-03-11 13:33:48.0	Ana5 - 5: T.Raum	9999.9
2021-03-11 13:33:48.0	Ana9 - 9: T.Zuluft WRG warm	19.4
2021-03-11 13:33:58.0	Ana1 - 1: T.Au?en	14.2
2021-03-11 13:33:58.0	Ana2 - 2: T.Zuluft	17.9
2021-03-11 13:33:58.0	Ana3 - 3: T.Abluft	20.1
2021-03-11 13:33:58.0	Ana4 - 4: T.Fortluft	16.4
2021-03-11 13:33:58.0	Ana5 - 5: T.Raum	9999.9
2021-03-11 13:33:58.0	Ana9 - 9: T.Zuluft WRG warm	19.4
2021-03-11 13:34:08.0	Ana1 - 1: T.Au?en	14.2
2021-03-11 13:34:08.0	Ana2 - 2: T.Zuluft	17.9
2021-03-11 13:34:08.0	Ana3 - 3: T.Abluft	20.1
2021-03-11 13:34:08.0	Ana4 - 4: T.Fortluft	16.4
2021-03-11 13:34:08.0	Ana5 - 5: T.Raum	9999.9
2021-03-11 13:34:08.0	Ana9 - 9: T.Zuluft WRG warm	19.4
2021-03-11 13:34:18.0	Ana1 - 1: T.Au?en	14.2
2021-03-11 13:34:18.0	Ana2 - 2: T.Zuluft	17.9
2021-03-11 13:34:18.0	Ana3 - 3: T.Abluft	20.1
2021-03-11 13:34:18.0	Ana4 - 4: T.Fortluft	16.4
2021-03-11 13:34:18.0	Ana5 - 5: T.Raum	9999.9
2021-03-11 13:34:18.0	Ana9 - 9: T.Zuluft WRG warm	19.4
2021-03-11 13:34:28.0	Ana1 - 1: T.Au?en	14.2
2021-03-11 13:34:28.0	Ana2 - 2: T.Zuluft	17.9
2021-03-11 13:34:28.0	Ana3 - 3: T.Abluft	20.1
2021-03-11 13:34:28.0	Ana4 - 4: T.Fortluft	16.4
2021-03-11 13:34:28.0	Ana5 - 5: T.Raum	9999.9
2021-03-11 13:34:28.0	Ana9 - 9: T.Zuluft WRG warm	19.4
2021-03-11 13:34:38.0	Ana1 - 1: T.Au?en	14.1
2021-03-11 13:34:38.0	Ana2 - 2: T.Zuluft	17.9
2021-03-11 13:34:38.0	Ana3 - 3: T.Abluft	20.1
2021-03-11 13:34:38.0	Ana4 - 4: T.Fortluft	16.4
2021-03-11 13:34:38.0	Ana5 - 5: T.Raum	9999.9
2021-03-11 13:34:38.0	Ana9 - 9: T.Zuluft WRG warm	19.4
2021-03-11 13:34:48.0	Ana1 - 1: T.Au?en	14.1
2021-03-11 13:34:48.0	Ana2 - 2: T.Zuluft	17.9
2021-03-11 13:34:48.0	Ana3 - 3: T.Abluft	20.1
2021-03-11 13:34:48.0	Ana4 - 4: T.Fortluft	16.4
2021-03-11 13:34:48.0	Ana5 - 5: T.Raum	9999.9
2021-03-11 13:34:48.0	Ana9 - 9: T.Zuluft WRG warm	19.4
2021-03-11 13:34:58.0	Ana1 - 1: T.Au?en	14.1
2021-03-11 13:34:58.0	Ana2 - 2: T.Zuluft	17.9
2021-03-11 13:34:58.0	Ana3 - 3: T.Abluft	20.1
2021-03-11 13:34:58.0	Ana4 - 4: T.Fortluft	16.4
2021-03-11 13:34:58.0	Ana5 - 5: T.Raum	9999.9
2021-03-11 13:34:58.0	Ana9 - 9: T.Zuluft WRG warm	19.4
2021-03-11 13:35:08.0	Ana1 - 1: T.Au?en	14.1
2021-03-11 13:35:08.0	Ana2 - 2: T.Zuluft	17.9
2021-03-11 13:35:08.0	Ana3 - 3: T.Abluft	20.1
2021-03-11 13:35:08.0	Ana4 - 4: T.Fortluft	16.4
2021-03-11 13:35:08.0	Ana5 - 5: T.Raum	9999.9
2021-03-11 13:35:08.0	Ana9 - 9: T.Zuluft WRG warm	19.4
2021-03-11 13:35:18.0	Ana1 - 1: T.Au?en	14.1
2021-03-11 13:35:18.0	Ana2 - 2: T.Zuluft	17.9
2021-03-11 13:35:18.0	Ana3 - 3: T.Abluft	20.1
2021-03-11 13:35:18.0	Ana4 - 4: T.Fortluft	16.4
2021-03-11 13:35:18.0	Ana5 - 5: T.Raum	9999.9
2021-03-11 13:35:18.0	Ana9 - 9: T.Zuluft WRG warm	19.4
2021-03-11 13:35:28.0	Ana1 - 1: T.Au?en	14.1
2021-03-11 13:35:28.0	Ana2 - 2: T.Zuluft	17.9
2021-03-11 13:35:28.0	Ana3 - 3: T.Abluft	20.1
2021-03-11 13:35:28.0	Ana4 - 4: T.Fortluft	16.4
2021-03-11 13:35:28.0	Ana5 - 5: T.Raum	9999.9
2021-03-11 13:35:28.0	Ana9 - 9: T.Zuluft WRG warm	19.4
2021-03-11 13:35:38.0	Ana1 - 1: T.Au?en	14.1
2021-03-11 13:35:38.0	Ana2 - 2: T.Zuluft	17.9
2021-03-11 13:35:38.0	Ana3 - 3: T.Abluft	20.1
2021-03-11 13:35:38.0	Ana4 - 4: T.Fortluft	16.4
2021-03-11 13:35:38.0	Ana5 - 5: T.Raum	9999.9
2021-03-11 13:35:38.0	Ana9 - 9: T.Zuluft WRG warm	19.4
2021-03-11 13:35:48.0	Ana1 - 1: T.Au?en	14.1
2021-03-11 13:35:48.0	Ana2 - 2: T.Zuluft	17.9
2021-03-11 13:35:48.0	Ana3 - 3: T.Abluft	20.1
2021-03-11 13:35:48.0	Ana4 - 4: T.Fortluft	16.4
2021-03-11 13:35:48.0	Ana5 - 5: T.Raum	9999.9
2021-03-11 13:35:48.0	Ana9 - 9: T.Zuluft WRG warm	19.4
2021-03-11 13:35:58.0	Ana1 - 1: T.Au?en	14.1
2021-03-11 13:35:58.0	Ana2 - 2: T.Zuluft	18.0
2021-03-11 13:35:58.0	Ana3 - 3: T.Abluft	20.1
2021-03-11 13:35:58.0	Ana4 - 4: T.Fortluft	16.4
2021-03-11 13:35:58.0	Ana5 - 5: T.Raum	9999.9
2021-03-11 13:35:58.0	Ana9 - 9: T.Zuluft WRG warm	19.4
2021-03-11 13:36:08.0	Ana1 - 1: T.Au?en	14.1
2021-03-11 13:36:08.0	Ana2 - 2: T.Zuluft	18.0
2021-03-11 13:36:08.0	Ana3 - 3: T.Abluft	20.1
2021-03-11 13:36:08.0	Ana4 - 4: T.Fortluft	16.4
2021-03-11 13:36:08.0	Ana5 - 5: T.Raum	9999.9
2021-03-11 13:36:08.0	Ana9 - 9: T.Zuluft WRG warm	19.4
2021-03-11 13:36:18.0	Ana1 - 1: T.Au?en	14.1
2021-03-11 13:36:18.0	Ana2 - 2: T.Zuluft	18.0
2021-03-11 13:36:18.0	Ana3 - 3: T.Abluft	20.1
2021-03-11 13:36:18.0	Ana4 - 4: T.Fortluft	16.5
2021-03-11 13:36:18.0	Ana5 - 5: T.Raum	9999.9
2021-03-11 13:36:18.0	Ana9 - 9: T.Zuluft WRG warm	19.4
2021-03-11 13:36:28.0	Ana1 - 1: T.Au?en	14.0
2021-03-11 13:36:28.0	Ana2 - 2: T.Zuluft	18.0
2021-03-11 13:36:28.0	Ana3 - 3: T.Abluft	20.1
2021-03-11 13:36:28.0	Ana4 - 4: T.Fortluft	16.5
2021-03-11 13:36:28.0	Ana5 - 5: T.Raum	9999.9
2021-03-11 13:36:28.0	Ana9 - 9: T.Zuluft WRG warm	19.4
2021-03-11 13:36:38.0	Ana1 - 1: T.Au?en	13.9
2021-03-11 13:36:38.0	Ana2 - 2: T.Zuluft	18.0
2021-03-11 13:36:38.0	Ana3 - 3: T.Abluft	20.1
2021-03-11 13:36:38.0	Ana4 - 4: T.Fortluft	16.5
2021-03-11 13:36:38.0	Ana5 - 5: T.Raum	9999.9
2021-03-11 13:36:38.0	Ana9 - 9: T.Zuluft WRG warm	19.4
2021-03-11 13:36:48.0	Ana1 - 1: T.Au?en	13.9
2021-03-11 13:36:48.0	Ana2 - 2: T.Zuluft	18.0
2021-03-11 13:36:48.0	Ana3 - 3: T.Abluft	20.1
2021-03-11 13:36:48.0	Ana4 - 4: T.Fortluft	16.5
2021-03-11 13:36:48.0	Ana5 - 5: T.Raum	9999.9
2021-03-11 13:36:48.0	Ana9 - 9: T.Zuluft WRG warm	19.4
2021-03-11 13:36:58.0	Ana1 - 1: T.Au?en	13.8
2021-03-11 13:36:58.0	Ana2 - 2: T.Zuluft	18.0
2021-03-11 13:36:58.0	Ana3 - 3: T.Abluft	20.1
2021-03-11 13:36:58.0	Ana4 - 4: T.Fortluft	16.5
2021-03-11 13:36:58.0	Ana5 - 5: T.Raum	9999.9
2021-03-11 13:36:58.0	Ana9 - 9: T.Zuluft WRG warm	19.4
2021-03-11 13:37:08.0	Ana1 - 1: T.Au?en	13.8
2021-03-11 13:37:08.0	Ana2 - 2: T.Zuluft	18.0
2021-03-11 13:37:08.0	Ana3 - 3: T.Abluft	20.1
2021-03-11 13:37:08.0	Ana4 - 4: T.Fortluft	16.5
2021-03-11 13:37:08.0	Ana5 - 5: T.Raum	9999.9
2021-03-11 13:37:08.0	Ana9 - 9: T.Zuluft WRG warm	19.4
2021-03-11 13:37:18.0	Ana1 - 1: T.Au?en	13.8
2021-03-11 13:37:18.0	Ana2 - 2: T.Zuluft	18.0
2021-03-11 13:37:18.0	Ana3 - 3: T.Abluft	20.1
2021-03-11 13:37:18.0	Ana4 - 4: T.Fortluft	16.5
2021-03-11 13:37:18.0	Ana5 - 5: T.Raum	9999.9
2021-03-11 13:37:18.0	Ana9 - 9: T.Zuluft WRG warm	19.4
2021-03-11 13:37:28.0	Ana1 - 1: T.Au?en	13.9
2021-03-11 13:37:28.0	Ana2 - 2: T.Zuluft	18.0
2021-03-11 13:37:28.0	Ana3 - 3: T.Abluft	20.1
2021-03-11 13:37:28.0	Ana4 - 4: T.Fortluft	16.5
2021-03-11 13:37:28.0	Ana5 - 5: T.Raum	9999.9
2021-03-11 13:37:28.0	Ana9 - 9: T.Zuluft WRG warm	19.4
2021-03-11 13:37:38.0	Ana1 - 1: T.Au?en	13.9
2021-03-11 13:37:38.0	Ana2 - 2: T.Zuluft	18.0
2021-03-11 13:37:38.0	Ana3 - 3: T.Abluft	20.2
2021-03-11 13:37:38.0	Ana4 - 4: T.Fortluft	16.5
2021-03-11 13:37:38.0	Ana5 - 5: T.Raum	9999.9
2021-03-11 13:37:38.0	Ana9 - 9: T.Zuluft WRG warm	19.4
2021-03-11 13:37:48.0	Ana1 - 1: T.Au?en	13.9
2021-03-11 13:37:48.0	Ana2 - 2: T.Zuluft	18.0
2021-03-11 13:37:48.0	Ana3 - 3: T.Abluft	20.1
2021-03-11 13:37:48.0	Ana4 - 4: T.Fortluft	16.5
2021-03-11 13:37:48.0	Ana5 - 5: T.Raum	9999.9
2021-03-11 13:37:48.0	Ana9 - 9: T.Zuluft WRG warm	19.4
2021-03-11 13:37:58.0	Ana1 - 1: T.Au?en	13.9
2021-03-11 13:37:58.0	Ana2 - 2: T.Zuluft	18.0
2021-03-11 13:37:58.0	Ana3 - 3: T.Abluft	20.1
2021-03-11 13:37:58.0	Ana4 - 4: T.Fortluft	16.5
2021-03-11 13:37:58.0	Ana5 - 5: T.Raum	9999.9
2021-03-11 13:37:58.0	Ana9 - 9: T.Zuluft WRG warm	19.4
2021-03-11 13:38:08.0	Ana1 - 1: T.Au?en	13.9
2021-03-11 13:38:08.0	Ana2 - 2: T.Zuluft	18.0
2021-03-11 13:38:08.0	Ana3 - 3: T.Abluft	20.1
2021-03-11 13:38:08.0	Ana4 - 4: T.Fortluft	16.5
2021-03-11 13:38:08.0	Ana5 - 5: T.Raum	9999.9
2021-03-11 13:38:08.0	Ana9 - 9: T.Zuluft WRG warm	19.4
2021-03-11 13:38:18.0	Ana1 - 1: T.Au?en	13.9
2021-03-11 13:38:18.0	Ana2 - 2: T.Zuluft	18.0
2021-03-11 13:38:18.0	Ana3 - 3: T.Abluft	20.1
2021-03-11 13:38:18.0	Ana4 - 4: T.Fortluft	16.5
2021-03-11 13:38:18.0	Ana5 - 5: T.Raum	9999.9
2021-03-11 13:38:18.0	Ana9 - 9: T.Zuluft WRG warm	19.4
2021-03-11 13:38:28.0	Ana1 - 1: T.Au?en	13.9
2021-03-11 13:38:28.0	Ana2 - 2: T.Zuluft	18.0
2021-03-11 13:38:28.0	Ana3 - 3: T.Abluft	20.2
2021-03-11 13:38:28.0	Ana4 - 4: T.Fortluft	16.5
2021-03-11 13:38:28.0	Ana5 - 5: T.Raum	9999.9
2021-03-11 13:38:28.0	Ana9 - 9: T.Zuluft WRG warm	19.4
2021-03-11 13:38:38.0	Ana1 - 1: T.Au?en	13.9
2021-03-11 13:38:38.0	Ana2 - 2: T.Zuluft	18.0
2021-03-11 13:38:38.0	Ana3 - 3: T.Abluft	20.1
2021-03-11 13:38:38.0	Ana4 - 4: T.Fortluft	16.5
2021-03-11 13:38:38.0	Ana5 - 5: T.Raum	9999.9
2021-03-11 13:38:38.0	Ana9 - 9: T.Zuluft WRG warm	19.4
2021-03-11 13:38:48.0	Ana1 - 1: T.Au?en	13.9
2021-03-11 13:38:48.0	Ana2 - 2: T.Zuluft	18.0
2021-03-11 13:38:48.0	Ana3 - 3: T.Abluft	20.2
2021-03-11 13:38:48.0	Ana4 - 4: T.Fortluft	16.5
2021-03-11 13:38:48.0	Ana5 - 5: T.Raum	9999.9
2021-03-11 13:38:48.0	Ana9 - 9: T.Zuluft WRG warm	19.4
2021-03-11 13:38:58.0	Ana1 - 1: T.Au?en	13.9
2021-03-11 13:38:58.0	Ana2 - 2: T.Zuluft	18.0
2021-03-11 13:38:58.0	Ana3 - 3: T.Abluft	20.2
2021-03-11 13:38:58.0	Ana4 - 4: T.Fortluft	16.5
2021-03-11 13:38:58.0	Ana5 - 5: T.Raum	9999.9
2021-03-11 13:38:58.0	Ana9 - 9: T.Zuluft WRG warm	19.4
2021-03-11 13:39:08.0	Ana1 - 1: T.Au?en	13.9
2021-03-11 13:39:08.0	Ana2 - 2: T.Zuluft	18.0
2021-03-11 13:39:08.0	Ana3 - 3: T.Abluft	20.2
2021-03-11 13:39:08.0	Ana4 - 4: T.Fortluft	16.5
2021-03-11 13:39:08.0	Ana5 - 5: T.Raum	9999.9
2021-03-11 13:39:08.0	Ana9 - 9: T.Zuluft WRG warm	19.4
2021-03-11 13:39:18.0	Ana1 - 1: T.Au?en	13.9
2021-03-11 13:39:18.0	Ana2 - 2: T.Zuluft	18.0
2021-03-11 13:39:18.0	Ana3 - 3: T.Abluft	20.2
2021-03-11 13:39:18.0	Ana4 - 4: T.Fortluft	16.5
2021-03-11 13:39:18.0	Ana5 - 5: T.Raum	9999.9
2021-03-11 13:39:18.0	Ana9 - 9: T.Zuluft WRG warm	19.4
2021-03-11 13:39:28.0	Ana1 - 1: T.Au?en	13.9
2021-03-11 13:39:28.0	Ana2 - 2: T.Zuluft	18.0
2021-03-11 13:39:28.0	Ana3 - 3: T.Abluft	20.2
2021-03-11 13:39:28.0	Ana4 - 4: T.Fortluft	16.5
2021-03-11 13:39:28.0	Ana5 - 5: T.Raum	9999.9
2021-03-11 13:39:28.0	Ana9 - 9: T.Zuluft WRG warm	19.4
2021-03-11 13:39:38.0	Ana1 - 1: T.Au?en	13.9
2021-03-11 13:39:38.0	Ana2 - 2: T.Zuluft	18.0
2021-03-11 13:39:38.0	Ana3 - 3: T.Abluft	20.2
2021-03-11 13:39:38.0	Ana4 - 4: T.Fortluft	16.5
2021-03-11 13:39:38.0	Ana5 - 5: T.Raum	9999.9
2021-03-11 13:39:38.0	Ana9 - 9: T.Zuluft WRG warm	19.4
2021-03-11 13:39:48.0	Ana1 - 1: T.Au?en	13.9
2021-03-11 13:39:48.0	Ana2 - 2: T.Zuluft	18.0
2021-03-11 13:39:48.0	Ana3 - 3: T.Abluft	20.2
2021-03-11 13:39:48.0	Ana4 - 4: T.Fortluft	16.5
2021-03-11 13:39:48.0	Ana5 - 5: T.Raum	9999.9
2021-03-11 13:39:48.0	Ana9 - 9: T.Zuluft WRG warm	19.4
2021-03-11 13:39:58.0	Ana1 - 1: T.Au?en	13.9
2021-03-11 13:39:58.0	Ana2 - 2: T.Zuluft	18.0
2021-03-11 13:39:58.0	Ana3 - 3: T.Abluft	20.2
2021-03-11 13:39:58.0	Ana4 - 4: T.Fortluft	16.5
2021-03-11 13:39:58.0	Ana5 - 5: T.Raum	9999.9
2021-03-11 13:39:58.0	Ana9 - 9: T.Zuluft WRG warm	19.4
2021-03-11 13:40:08.0	Ana1 - 1: T.Au?en	13.9
2021-03-11 13:40:08.0	Ana2 - 2: T.Zuluft	18.0
2021-03-11 13:40:08.0	Ana3 - 3: T.Abluft	20.2
2021-03-11 13:40:08.0	Ana4 - 4: T.Fortluft	16.5
2021-03-11 13:40:08.0	Ana5 - 5: T.Raum	9999.9
2021-03-11 13:40:08.0	Ana9 - 9: T.Zuluft WRG warm	19.4
2021-03-11 13:40:18.0	Ana1 - 1: T.Au?en	14.0
2021-03-11 13:40:18.0	Ana2 - 2: T.Zuluft	18.0
2021-03-11 13:40:18.0	Ana3 - 3: T.Abluft	20.2
2021-03-11 13:40:18.0	Ana4 - 4: T.Fortluft	16.5
2021-03-11 13:40:18.0	Ana5 - 5: T.Raum	9999.9
2021-03-11 13:40:18.0	Ana9 - 9: T.Zuluft WRG warm	19.4
2021-03-11 13:40:28.0	Ana1 - 1: T.Au?en	14.0
2021-03-11 13:40:28.0	Ana2 - 2: T.Zuluft	18.0
2021-03-11 13:40:28.0	Ana3 - 3: T.Abluft	20.2
2021-03-11 13:40:28.0	Ana4 - 4: T.Fortluft	16.5
2021-03-11 13:40:28.0	Ana5 - 5: T.Raum	9999.9
2021-03-11 13:40:28.0	Ana9 - 9: T.Zuluft WRG warm	19.4
2021-03-11 13:40:38.0	Ana1 - 1: T.Au?en	13.9
2021-03-11 13:40:38.0	Ana2 - 2: T.Zuluft	18.0
2021-03-11 13:40:38.0	Ana3 - 3: T.Abluft	20.2
2021-03-11 13:40:38.0	Ana4 - 4: T.Fortluft	16.5
2021-03-11 13:40:38.0	Ana5 - 5: T.Raum	9999.9
2021-03-11 13:40:38.0	Ana9 - 9: T.Zuluft WRG warm	19.4
2021-03-11 13:40:48.0	Ana1 - 1: T.Au?en	14.0
2021-03-11 13:40:48.0	Ana2 - 2: T.Zuluft	18.0
2021-03-11 13:40:48.0	Ana3 - 3: T.Abluft	20.2
2021-03-11 13:40:48.0	Ana4 - 4: T.Fortluft	16.6
2021-03-11 13:40:48.0	Ana5 - 5: T.Raum	9999.9
2021-03-11 13:40:48.0	Ana9 - 9: T.Zuluft WRG warm	19.4
2021-03-11 13:40:58.0	Ana1 - 1: T.Au?en	14.0
2021-03-11 13:40:58.0	Ana2 - 2: T.Zuluft	18.0
2021-03-11 13:40:58.0	Ana3 - 3: T.Abluft	20.2
2021-03-11 13:40:58.0	Ana4 - 4: T.Fortluft	16.6
2021-03-11 13:40:58.0	Ana5 - 5: T.Raum	9999.9
2021-03-11 13:40:58.0	Ana9 - 9: T.Zuluft WRG warm	19.4
2021-03-11 13:41:08.0	Ana1 - 1: T.Au?en	14.1
2021-03-11 13:41:08.0	Ana2 - 2: T.Zuluft	18.0
2021-03-11 13:41:08.0	Ana3 - 3: T.Abluft	20.2
2021-03-11 13:41:08.0	Ana4 - 4: T.Fortluft	16.6
2021-03-11 13:41:08.0	Ana5 - 5: T.Raum	9999.9
2021-03-11 13:41:08.0	Ana9 - 9: T.Zuluft WRG warm	19.4
2021-03-11 13:41:18.0	Ana1 - 1: T.Au?en	14.1
2021-03-11 13:41:18.0	Ana2 - 2: T.Zuluft	18.0
2021-03-11 13:41:18.0	Ana3 - 3: T.Abluft	20.2
2021-03-11 13:41:18.0	Ana4 - 4: T.Fortluft	16.6
2021-03-11 13:41:18.0	Ana5 - 5: T.Raum	9999.9
2021-03-11 13:41:18.0	Ana9 - 9: T.Zuluft WRG warm	19.4
2021-03-11 13:41:28.0	Ana1 - 1: T.Au?en	14.1
2021-03-11 13:41:28.0	Ana2 - 2: T.Zuluft	18.0
2021-03-11 13:41:28.0	Ana3 - 3: T.Abluft	20.2
2021-03-11 13:41:28.0	Ana4 - 4: T.Fortluft	16.6
2021-03-11 13:41:28.0	Ana5 - 5: T.Raum	9999.9
2021-03-11 13:41:28.0	Ana9 - 9: T.Zuluft WRG warm	19.4
2021-03-11 13:41:38.0	Ana1 - 1: T.Au?en	14.1
2021-03-11 13:41:38.0	Ana2 - 2: T.Zuluft	18.0
2021-03-11 13:41:38.0	Ana3 - 3: T.Abluft	20.2
2021-03-11 13:41:38.0	Ana4 - 4: T.Fortluft	16.6
2021-03-11 13:41:38.0	Ana5 - 5: T.Raum	9999.9
2021-03-11 13:41:38.0	Ana9 - 9: T.Zuluft WRG warm	19.4
2021-03-11 13:41:48.0	Ana1 - 1: T.Au?en	14.2
2021-03-11 13:41:48.0	Ana2 - 2: T.Zuluft	18.0
2021-03-11 13:41:48.0	Ana3 - 3: T.Abluft	20.2
2021-03-11 13:41:48.0	Ana4 - 4: T.Fortluft	16.6
2021-03-11 13:41:48.0	Ana5 - 5: T.Raum	9999.9
2021-03-11 13:41:48.0	Ana9 - 9: T.Zuluft WRG warm	19.4
2021-03-11 13:41:58.0	Ana1 - 1: T.Au?en	14.2
2021-03-11 13:41:58.0	Ana2 - 2: T.Zuluft	18.0
2021-03-11 13:41:58.0	Ana3 - 3: T.Abluft	20.2
2021-03-11 13:41:58.0	Ana4 - 4: T.Fortluft	16.6
2021-03-11 13:41:58.0	Ana5 - 5: T.Raum	9999.9
2021-03-11 13:41:58.0	Ana9 - 9: T.Zuluft WRG warm	19.4
2021-03-11 13:42:08.0	Ana1 - 1: T.Au?en	14.2
2021-03-11 13:42:08.0	Ana2 - 2: T.Zuluft	18.0
2021-03-11 13:42:08.0	Ana3 - 3: T.Abluft	20.2
2021-03-11 13:42:08.0	Ana4 - 4: T.Fortluft	16.6
2021-03-11 13:42:08.0	Ana5 - 5: T.Raum	9999.9
2021-03-11 13:42:08.0	Ana9 - 9: T.Zuluft WRG warm	19.4
2021-03-11 13:42:18.0	Ana1 - 1: T.Au?en	14.3
2021-03-11 13:42:18.0	Ana2 - 2: T.Zuluft	18.0
2021-03-11 13:42:18.0	Ana3 - 3: T.Abluft	20.2
2021-03-11 13:42:18.0	Ana4 - 4: T.Fortluft	16.6
2021-03-11 13:42:18.0	Ana5 - 5: T.Raum	9999.9
2021-03-11 13:42:18.0	Ana9 - 9: T.Zuluft WRG warm	19.4
2021-03-11 13:42:28.0	Ana1 - 1: T.Au?en	14.3
2021-03-11 13:42:28.0	Ana2 - 2: T.Zuluft	18.0
2021-03-11 13:42:28.0	Ana3 - 3: T.Abluft	20.2
2021-03-11 13:42:28.0	Ana4 - 4: T.Fortluft	16.6
2021-03-11 13:42:28.0	Ana5 - 5: T.Raum	9999.9
2021-03-11 13:42:28.0	Ana9 - 9: T.Zuluft WRG warm	19.4
2021-03-11 13:42:38.0	Ana1 - 1: T.Au?en	14.3
2021-03-11 13:42:38.0	Ana2 - 2: T.Zuluft	18.0
2021-03-11 13:42:38.0	Ana3 - 3: T.Abluft	20.2
2021-03-11 13:42:38.0	Ana4 - 4: T.Fortluft	16.6
2021-03-11 13:42:38.0	Ana5 - 5: T.Raum	9999.9
2021-03-11 13:42:38.0	Ana9 - 9: T.Zuluft WRG warm	19.4
2021-03-11 13:42:48.0	Ana1 - 1: T.Au?en	14.3
2021-03-11 13:42:48.0	Ana2 - 2: T.Zuluft	18.1
2021-03-11 13:42:48.0	Ana3 - 3: T.Abluft	20.2
2021-03-11 13:42:48.0	Ana4 - 4: T.Fortluft	16.6
2021-03-11 13:42:48.0	Ana5 - 5: T.Raum	9999.9
2021-03-11 13:42:48.0	Ana9 - 9: T.Zuluft WRG warm	19.4
2021-03-11 13:42:58.0	Ana1 - 1: T.Au?en	14.3
2021-03-11 13:42:58.0	Ana2 - 2: T.Zuluft	18.1
2021-03-11 13:42:58.0	Ana3 - 3: T.Abluft	20.2
2021-03-11 13:42:58.0	Ana4 - 4: T.Fortluft	16.6
2021-03-11 13:42:58.0	Ana5 - 5: T.Raum	9999.9
2021-03-11 13:42:58.0	Ana9 - 9: T.Zuluft WRG warm	19.4
2021-03-11 13:43:08.0	Ana1 - 1: T.Au?en	14.4
2021-03-11 13:43:08.0	Ana2 - 2: T.Zuluft	18.1
2021-03-11 13:43:08.0	Ana3 - 3: T.Abluft	20.2
2021-03-11 13:43:08.0	Ana4 - 4: T.Fortluft	16.6
2021-03-11 13:43:08.0	Ana5 - 5: T.Raum	9999.9
2021-03-11 13:43:08.0	Ana9 - 9: T.Zuluft WRG warm	19.4
2021-03-11 13:43:18.0	Ana1 - 1: T.Au?en	14.4
2021-03-11 13:43:18.0	Ana2 - 2: T.Zuluft	18.1
2021-03-11 13:43:18.0	Ana3 - 3: T.Abluft	20.2
2021-03-11 13:43:18.0	Ana4 - 4: T.Fortluft	16.6
2021-03-11 13:43:18.0	Ana5 - 5: T.Raum	9999.9
2021-03-11 13:43:18.0	Ana9 - 9: T.Zuluft WRG warm	19.4
2021-03-11 13:43:28.0	Ana1 - 1: T.Au?en	14.3
2021-03-11 13:43:28.0	Ana2 - 2: T.Zuluft	18.1
2021-03-11 13:43:28.0	Ana3 - 3: T.Abluft	20.2
2021-03-11 13:43:28.0	Ana4 - 4: T.Fortluft	16.6
2021-03-11 13:43:28.0	Ana5 - 5: T.Raum	9999.9
2021-03-11 13:43:28.0	Ana9 - 9: T.Zuluft WRG warm	19.5
2021-03-11 13:43:38.0	Ana1 - 1: T.Au?en	14.3
2021-03-11 13:43:38.0	Ana2 - 2: T.Zuluft	18.1
2021-03-11 13:43:38.0	Ana3 - 3: T.Abluft	20.2
2021-03-11 13:43:38.0	Ana4 - 4: T.Fortluft	16.6
2021-03-11 13:43:38.0	Ana5 - 5: T.Raum	9999.9
2021-03-11 13:43:38.0	Ana9 - 9: T.Zuluft WRG warm	19.5
2021-03-11 13:43:48.0	Ana1 - 1: T.Au?en	14.3
2021-03-11 13:43:48.0	Ana2 - 2: T.Zuluft	18.1
2021-03-11 13:43:48.0	Ana3 - 3: T.Abluft	20.2
2021-03-11 13:43:48.0	Ana4 - 4: T.Fortluft	16.6
2021-03-11 13:43:48.0	Ana5 - 5: T.Raum	9999.9
2021-03-11 13:43:48.0	Ana9 - 9: T.Zuluft WRG warm	19.5
2021-03-11 13:43:58.0	Ana1 - 1: T.Au?en	14.3
2021-03-11 13:43:58.0	Ana2 - 2: T.Zuluft	18.1
2021-03-11 13:43:58.0	Ana3 - 3: T.Abluft	20.2
2021-03-11 13:43:58.0	Ana4 - 4: T.Fortluft	16.6
2021-03-11 13:43:58.0	Ana5 - 5: T.Raum	9999.9
2021-03-11 13:43:58.0	Ana9 - 9: T.Zuluft WRG warm	19.5
2021-03-11 13:44:08.0	Ana1 - 1: T.Au?en	14.2
2021-03-11 13:44:08.0	Ana2 - 2: T.Zuluft	18.1
2021-03-11 13:44:08.0	Ana3 - 3: T.Abluft	20.2
2021-03-11 13:44:08.0	Ana4 - 4: T.Fortluft	16.6
2021-03-11 13:44:08.0	Ana5 - 5: T.Raum	9999.9
2021-03-11 13:44:08.0	Ana9 - 9: T.Zuluft WRG warm	19.5
2021-03-11 13:44:18.0	Ana1 - 1: T.Au?en	14.2
2021-03-11 13:44:18.0	Ana2 - 2: T.Zuluft	18.1
2021-03-11 13:44:18.0	Ana3 - 3: T.Abluft	20.2
2021-03-11 13:44:18.0	Ana4 - 4: T.Fortluft	16.6
2021-03-11 13:44:18.0	Ana5 - 5: T.Raum	9999.9
2021-03-11 13:44:18.0	Ana9 - 9: T.Zuluft WRG warm	19.5
2021-03-11 13:44:28.0	Ana1 - 1: T.Au?en	14.2
2021-03-11 13:44:28.0	Ana2 - 2: T.Zuluft	18.1
2021-03-11 13:44:28.0	Ana3 - 3: T.Abluft	20.2
2021-03-11 13:44:28.0	Ana4 - 4: T.Fortluft	16.6
2021-03-11 13:44:28.0	Ana5 - 5: T.Raum	9999.9
2021-03-11 13:44:28.0	Ana9 - 9: T.Zuluft WRG warm	19.5
2021-03-11 13:44:38.0	Ana1 - 1: T.Au?en	14.2
2021-03-11 13:44:38.0	Ana2 - 2: T.Zuluft	18.1
2021-03-11 13:44:38.0	Ana3 - 3: T.Abluft	20.2
2021-03-11 13:44:38.0	Ana4 - 4: T.Fortluft	16.6
2021-03-11 13:44:38.0	Ana5 - 5: T.Raum	9999.9
2021-03-11 13:44:38.0	Ana9 - 9: T.Zuluft WRG warm	19.5
2021-03-11 13:44:48.0	Ana1 - 1: T.Au?en	14.2
2021-03-11 13:44:48.0	Ana2 - 2: T.Zuluft	18.1
2021-03-11 13:44:48.0	Ana3 - 3: T.Abluft	20.2
2021-03-11 13:44:48.0	Ana4 - 4: T.Fortluft	16.6
2021-03-11 13:44:48.0	Ana5 - 5: T.Raum	9999.9
2021-03-11 13:44:48.0	Ana9 - 9: T.Zuluft WRG warm	19.5
2021-03-11 13:44:58.0	Ana1 - 1: T.Au?en	14.2
2021-03-11 13:44:58.0	Ana2 - 2: T.Zuluft	18.1
2021-03-11 13:44:58.0	Ana3 - 3: T.Abluft	20.2
2021-03-11 13:44:58.0	Ana4 - 4: T.Fortluft	16.6
2021-03-11 13:44:58.0	Ana5 - 5: T.Raum	9999.9
2021-03-11 13:44:58.0	Ana9 - 9: T.Zuluft WRG warm	19.5
2021-03-11 13:45:08.0	Ana1 - 1: T.Au?en	14.2
2021-03-11 13:45:08.0	Ana2 - 2: T.Zuluft	18.1
2021-03-11 13:45:08.0	Ana3 - 3: T.Abluft	20.2
2021-03-11 13:45:08.0	Ana4 - 4: T.Fortluft	16.6
2021-03-11 13:45:08.0	Ana5 - 5: T.Raum	9999.9
2021-03-11 13:45:08.0	Ana9 - 9: T.Zuluft WRG warm	19.5
2021-03-11 13:45:18.0	Ana1 - 1: T.Au?en	14.2
2021-03-11 13:45:18.0	Ana2 - 2: T.Zuluft	18.1
2021-03-11 13:45:18.0	Ana3 - 3: T.Abluft	20.2
2021-03-11 13:45:18.0	Ana4 - 4: T.Fortluft	16.6
2021-03-11 13:45:18.0	Ana5 - 5: T.Raum	9999.9
2021-03-11 13:45:18.0	Ana9 - 9: T.Zuluft WRG warm	19.5
2021-03-11 13:45:28.0	Ana1 - 1: T.Au?en	14.1
2021-03-11 13:45:28.0	Ana2 - 2: T.Zuluft	18.1
2021-03-11 13:45:28.0	Ana3 - 3: T.Abluft	20.2
2021-03-11 13:45:28.0	Ana4 - 4: T.Fortluft	16.6
2021-03-11 13:45:28.0	Ana5 - 5: T.Raum	9999.9
2021-03-11 13:45:28.0	Ana9 - 9: T.Zuluft WRG warm	19.5
2021-03-11 13:45:38.0	Ana1 - 1: T.Au?en	14.1
2021-03-11 13:45:38.0	Ana2 - 2: T.Zuluft	18.1
2021-03-11 13:45:38.0	Ana3 - 3: T.Abluft	20.2
2021-03-11 13:45:38.0	Ana4 - 4: T.Fortluft	16.6
2021-03-11 13:45:38.0	Ana5 - 5: T.Raum	9999.9
2021-03-11 13:45:38.0	Ana9 - 9: T.Zuluft WRG warm	19.5
2021-03-11 13:45:48.0	Ana1 - 1: T.Au?en	14.2
2021-03-11 13:45:48.0	Ana2 - 2: T.Zuluft	18.1
2021-03-11 13:45:48.0	Ana3 - 3: T.Abluft	20.2
2021-03-11 13:45:48.0	Ana4 - 4: T.Fortluft	16.6
2021-03-11 13:45:48.0	Ana5 - 5: T.Raum	9999.9
2021-03-11 13:45:48.0	Ana9 - 9: T.Zuluft WRG warm	19.5
2021-03-11 13:45:58.0	Ana1 - 1: T.Au?en	14.2
2021-03-11 13:45:58.0	Ana2 - 2: T.Zuluft	18.1
2021-03-11 13:45:58.0	Ana3 - 3: T.Abluft	20.2
2021-03-11 13:45:58.0	Ana4 - 4: T.Fortluft	16.6
2021-03-11 13:45:58.0	Ana5 - 5: T.Raum	9999.9
2021-03-11 13:45:58.0	Ana9 - 9: T.Zuluft WRG warm	19.5
2021-03-11 13:46:08.0	Ana1 - 1: T.Au?en	14.2
2021-03-11 13:46:08.0	Ana2 - 2: T.Zuluft	18.1
2021-03-11 13:46:08.0	Ana3 - 3: T.Abluft	20.2
2021-03-11 13:46:08.0	Ana4 - 4: T.Fortluft	16.6
2021-03-11 13:46:08.0	Ana5 - 5: T.Raum	9999.9
2021-03-11 13:46:08.0	Ana9 - 9: T.Zuluft WRG warm	19.5
2021-03-11 13:46:18.0	Ana1 - 1: T.Au?en	14.2
2021-03-11 13:46:18.0	Ana2 - 2: T.Zuluft	18.1
2021-03-11 13:46:18.0	Ana3 - 3: T.Abluft	20.2
2021-03-11 13:46:18.0	Ana4 - 4: T.Fortluft	16.6
2021-03-11 13:46:18.0	Ana5 - 5: T.Raum	9999.9
2021-03-11 13:46:18.0	Ana9 - 9: T.Zuluft WRG warm	19.5
2021-03-11 13:46:28.0	Ana1 - 1: T.Au?en	14.2
2021-03-11 13:46:28.0	Ana2 - 2: T.Zuluft	18.1
2021-03-11 13:46:28.0	Ana3 - 3: T.Abluft	20.2
2021-03-11 13:46:28.0	Ana4 - 4: T.Fortluft	16.6
2021-03-11 13:46:28.0	Ana5 - 5: T.Raum	9999.9
2021-03-11 13:46:28.0	Ana9 - 9: T.Zuluft WRG warm	19.5
2021-03-11 13:46:38.0	Ana1 - 1: T.Au?en	14.2
2021-03-11 13:46:38.0	Ana2 - 2: T.Zuluft	18.1
2021-03-11 13:46:38.0	Ana3 - 3: T.Abluft	20.2
2021-03-11 13:46:38.0	Ana4 - 4: T.Fortluft	16.6
2021-03-11 13:46:38.0	Ana5 - 5: T.Raum	9999.9
2021-03-11 13:46:38.0	Ana9 - 9: T.Zuluft WRG warm	19.5
2021-03-11 13:46:48.0	Ana1 - 1: T.Au?en	14.2
2021-03-11 13:46:48.0	Ana2 - 2: T.Zuluft	18.1
2021-03-11 13:46:48.0	Ana3 - 3: T.Abluft	20.2
2021-03-11 13:46:48.0	Ana4 - 4: T.Fortluft	16.6
2021-03-11 13:46:48.0	Ana5 - 5: T.Raum	9999.9
2021-03-11 13:46:48.0	Ana9 - 9: T.Zuluft WRG warm	19.5
2021-03-11 13:46:58.0	Ana1 - 1: T.Au?en	14.2
2021-03-11 13:46:58.0	Ana2 - 2: T.Zuluft	18.1
2021-03-11 13:46:58.0	Ana3 - 3: T.Abluft	20.2
2021-03-11 13:46:58.0	Ana4 - 4: T.Fortluft	16.6
2021-03-11 13:46:58.0	Ana5 - 5: T.Raum	9999.9
2021-03-11 13:46:58.0	Ana9 - 9: T.Zuluft WRG warm	19.5
2021-03-11 13:47:08.0	Ana1 - 1: T.Au?en	14.1
2021-03-11 13:47:08.0	Ana2 - 2: T.Zuluft	18.1
2021-03-11 13:47:08.0	Ana3 - 3: T.Abluft	20.2
2021-03-11 13:47:08.0	Ana4 - 4: T.Fortluft	16.6
2021-03-11 13:47:08.0	Ana5 - 5: T.Raum	9999.9
2021-03-11 13:47:08.0	Ana9 - 9: T.Zuluft WRG warm	19.5
2021-03-11 13:47:18.0	Ana1 - 1: T.Au?en	14.1
2021-03-11 13:47:18.0	Ana2 - 2: T.Zuluft	18.1
2021-03-11 13:47:18.0	Ana3 - 3: T.Abluft	20.2
2021-03-11 13:47:18.0	Ana4 - 4: T.Fortluft	16.6
2021-03-11 13:47:18.0	Ana5 - 5: T.Raum	9999.9
2021-03-11 13:47:18.0	Ana9 - 9: T.Zuluft WRG warm	19.5
2021-03-11 13:47:28.0	Ana1 - 1: T.Au?en	14.1
2021-03-11 13:47:28.0	Ana2 - 2: T.Zuluft	18.1
2021-03-11 13:47:28.0	Ana3 - 3: T.Abluft	20.2
2021-03-11 13:47:28.0	Ana4 - 4: T.Fortluft	16.6
2021-03-11 13:47:28.0	Ana5 - 5: T.Raum	9999.9
2021-03-11 13:47:28.0	Ana9 - 9: T.Zuluft WRG warm	19.5
2021-03-11 13:47:38.0	Ana1 - 1: T.Au?en	14.1
2021-03-11 13:47:38.0	Ana2 - 2: T.Zuluft	18.2
2021-03-11 13:47:38.0	Ana3 - 3: T.Abluft	20.2
2021-03-11 13:47:38.0	Ana4 - 4: T.Fortluft	16.6
2021-03-11 13:47:38.0	Ana5 - 5: T.Raum	9999.9
2021-03-11 13:47:38.0	Ana9 - 9: T.Zuluft WRG warm	19.5
2021-03-11 13:47:48.0	Ana1 - 1: T.Au?en	14.1
2021-03-11 13:47:48.0	Ana2 - 2: T.Zuluft	18.1
2021-03-11 13:47:48.0	Ana3 - 3: T.Abluft	20.2
2021-03-11 13:47:48.0	Ana4 - 4: T.Fortluft	16.6
2021-03-11 13:47:48.0	Ana5 - 5: T.Raum	9999.9
2021-03-11 13:47:48.0	Ana9 - 9: T.Zuluft WRG warm	19.5
2021-03-11 13:47:58.0	Ana1 - 1: T.Au?en	14.1
2021-03-11 13:47:58.0	Ana2 - 2: T.Zuluft	18.1
2021-03-11 13:47:58.0	Ana3 - 3: T.Abluft	20.2
2021-03-11 13:47:58.0	Ana4 - 4: T.Fortluft	16.6
2021-03-11 13:47:58.0	Ana5 - 5: T.Raum	9999.9
2021-03-11 13:47:58.0	Ana9 - 9: T.Zuluft WRG warm	19.5
2021-03-11 13:48:08.0	Ana1 - 1: T.Au?en	14.1
2021-03-11 13:48:08.0	Ana2 - 2: T.Zuluft	18.2
2021-03-11 13:48:08.0	Ana3 - 3: T.Abluft	20.2
2021-03-11 13:48:08.0	Ana4 - 4: T.Fortluft	16.6
2021-03-11 13:48:08.0	Ana5 - 5: T.Raum	9999.9
2021-03-11 13:48:08.0	Ana9 - 9: T.Zuluft WRG warm	19.5
2021-03-11 13:48:18.0	Ana1 - 1: T.Au?en	14.1
2021-03-11 13:48:18.0	Ana2 - 2: T.Zuluft	18.2
2021-03-11 13:48:18.0	Ana3 - 3: T.Abluft	20.2
2021-03-11 13:48:18.0	Ana4 - 4: T.Fortluft	16.7
2021-03-11 13:48:18.0	Ana5 - 5: T.Raum	9999.9
2021-03-11 13:48:18.0	Ana9 - 9: T.Zuluft WRG warm	19.5
2021-03-11 13:48:28.0	Ana1 - 1: T.Au?en	14.1
2021-03-11 13:48:28.0	Ana2 - 2: T.Zuluft	18.2
2021-03-11 13:48:28.0	Ana3 - 3: T.Abluft	20.2
2021-03-11 13:48:28.0	Ana4 - 4: T.Fortluft	16.6
2021-03-11 13:48:28.0	Ana5 - 5: T.Raum	9999.9
2021-03-11 13:48:28.0	Ana9 - 9: T.Zuluft WRG warm	19.5
2021-03-11 13:48:38.0	Ana1 - 1: T.Au?en	14.1
2021-03-11 13:48:38.0	Ana2 - 2: T.Zuluft	18.2
2021-03-11 13:48:38.0	Ana3 - 3: T.Abluft	20.2
2021-03-11 13:48:38.0	Ana4 - 4: T.Fortluft	16.6
2021-03-11 13:48:38.0	Ana5 - 5: T.Raum	9999.9
2021-03-11 13:48:38.0	Ana9 - 9: T.Zuluft WRG warm	19.5
2021-03-11 13:48:48.0	Ana1 - 1: T.Au?en	14.1
2021-03-11 13:48:48.0	Ana2 - 2: T.Zuluft	18.2
2021-03-11 13:48:48.0	Ana3 - 3: T.Abluft	20.3
2021-03-11 13:48:48.0	Ana4 - 4: T.Fortluft	16.7
2021-03-11 13:48:48.0	Ana5 - 5: T.Raum	9999.9
2021-03-11 13:48:48.0	Ana9 - 9: T.Zuluft WRG warm	19.5
2021-03-11 13:48:58.0	Ana1 - 1: T.Au?en	14.0
2021-03-11 13:48:58.0	Ana2 - 2: T.Zuluft	18.2
2021-03-11 13:48:58.0	Ana3 - 3: T.Abluft	20.3
2021-03-11 13:48:58.0	Ana4 - 4: T.Fortluft	16.7
2021-03-11 13:48:58.0	Ana5 - 5: T.Raum	9999.9
2021-03-11 13:48:58.0	Ana9 - 9: T.Zuluft WRG warm	19.5
2021-03-11 13:49:08.0	Ana1 - 1: T.Au?en	14.0
2021-03-11 13:49:08.0	Ana2 - 2: T.Zuluft	18.2
2021-03-11 13:49:08.0	Ana3 - 3: T.Abluft	20.2
2021-03-11 13:49:08.0	Ana4 - 4: T.Fortluft	16.7
2021-03-11 13:49:08.0	Ana5 - 5: T.Raum	9999.9
2021-03-11 13:49:08.0	Ana9 - 9: T.Zuluft WRG warm	19.5
2021-03-11 13:49:18.0	Ana1 - 1: T.Au?en	14.0
2021-03-11 13:49:18.0	Ana2 - 2: T.Zuluft	18.2
2021-03-11 13:49:18.0	Ana3 - 3: T.Abluft	20.2
2021-03-11 13:49:18.0	Ana4 - 4: T.Fortluft	16.7
2021-03-11 13:49:18.0	Ana5 - 5: T.Raum	9999.9
2021-03-11 13:49:18.0	Ana9 - 9: T.Zuluft WRG warm	19.5
2021-03-11 13:49:28.0	Ana1 - 1: T.Au?en	14.0
2021-03-11 13:49:28.0	Ana2 - 2: T.Zuluft	18.2
2021-03-11 13:49:28.0	Ana3 - 3: T.Abluft	20.2
2021-03-11 13:49:28.0	Ana4 - 4: T.Fortluft	16.7
2021-03-11 13:49:28.0	Ana5 - 5: T.Raum	9999.9
2021-03-11 13:49:28.0	Ana9 - 9: T.Zuluft WRG warm	19.5
2021-03-11 13:49:38.0	Ana1 - 1: T.Au?en	14.0
2021-03-11 13:49:38.0	Ana2 - 2: T.Zuluft	18.2
2021-03-11 13:49:38.0	Ana3 - 3: T.Abluft	20.2
2021-03-11 13:49:38.0	Ana4 - 4: T.Fortluft	16.7
2021-03-11 13:49:38.0	Ana5 - 5: T.Raum	9999.9
2021-03-11 13:49:38.0	Ana9 - 9: T.Zuluft WRG warm	19.5
2021-03-11 13:49:48.0	Ana1 - 1: T.Au?en	14.0
2021-03-11 13:49:48.0	Ana2 - 2: T.Zuluft	18.2
2021-03-11 13:49:48.0	Ana3 - 3: T.Abluft	20.2
2021-03-11 13:49:48.0	Ana4 - 4: T.Fortluft	16.7
2021-03-11 13:49:48.0	Ana5 - 5: T.Raum	9999.9
2021-03-11 13:49:48.0	Ana9 - 9: T.Zuluft WRG warm	19.5
2021-03-11 13:49:58.0	Ana1 - 1: T.Au?en	14.0
2021-03-11 13:49:58.0	Ana2 - 2: T.Zuluft	18.2
2021-03-11 13:49:58.0	Ana3 - 3: T.Abluft	20.3
2021-03-11 13:49:58.0	Ana4 - 4: T.Fortluft	16.7
2021-03-11 13:49:58.0	Ana5 - 5: T.Raum	9999.9
2021-03-11 13:49:58.0	Ana9 - 9: T.Zuluft WRG warm	19.5
2021-03-11 13:50:08.0	Ana1 - 1: T.Au?en	14.0
2021-03-11 13:50:08.0	Ana2 - 2: T.Zuluft	18.2
2021-03-11 13:50:08.0	Ana3 - 3: T.Abluft	20.3
2021-03-11 13:50:08.0	Ana4 - 4: T.Fortluft	16.7
2021-03-11 13:50:08.0	Ana5 - 5: T.Raum	9999.9
2021-03-11 13:50:08.0	Ana9 - 9: T.Zuluft WRG warm	19.5
2021-03-11 13:50:18.0	Ana1 - 1: T.Au?en	13.9
2021-03-11 13:50:18.0	Ana2 - 2: T.Zuluft	18.2
2021-03-11 13:50:18.0	Ana3 - 3: T.Abluft	20.3
2021-03-11 13:50:18.0	Ana4 - 4: T.Fortluft	16.7
2021-03-11 13:50:18.0	Ana5 - 5: T.Raum	9999.9
2021-03-11 13:50:18.0	Ana9 - 9: T.Zuluft WRG warm	19.5
2021-03-11 13:50:28.0	Ana1 - 1: T.Au?en	13.9
2021-03-11 13:50:28.0	Ana2 - 2: T.Zuluft	18.2
2021-03-11 13:50:28.0	Ana3 - 3: T.Abluft	20.3
2021-03-11 13:50:28.0	Ana4 - 4: T.Fortluft	16.7
2021-03-11 13:50:28.0	Ana5 - 5: T.Raum	9999.9
2021-03-11 13:50:28.0	Ana9 - 9: T.Zuluft WRG warm	19.5
2021-03-11 13:50:38.0	Ana1 - 1: T.Au?en	13.9
2021-03-11 13:50:38.0	Ana2 - 2: T.Zuluft	18.2
2021-03-11 13:50:38.0	Ana3 - 3: T.Abluft	20.3
2021-03-11 13:50:38.0	Ana4 - 4: T.Fortluft	16.7
2021-03-11 13:50:38.0	Ana5 - 5: T.Raum	9999.9
2021-03-11 13:50:38.0	Ana9 - 9: T.Zuluft WRG warm	19.5
2021-03-11 13:50:48.0	Ana1 - 1: T.Au?en	13.9
2021-03-11 13:50:48.0	Ana2 - 2: T.Zuluft	18.2
2021-03-11 13:50:48.0	Ana3 - 3: T.Abluft	20.3
2021-03-11 13:50:48.0	Ana4 - 4: T.Fortluft	16.7
2021-03-11 13:50:48.0	Ana5 - 5: T.Raum	9999.9
2021-03-11 13:50:48.0	Ana9 - 9: T.Zuluft WRG warm	19.5
2021-03-11 13:50:58.0	Ana1 - 1: T.Au?en	13.9
2021-03-11 13:50:58.0	Ana2 - 2: T.Zuluft	18.2
2021-03-11 13:50:58.0	Ana3 - 3: T.Abluft	20.3
2021-03-11 13:50:58.0	Ana4 - 4: T.Fortluft	16.7
2021-03-11 13:50:58.0	Ana5 - 5: T.Raum	9999.9
2021-03-11 13:50:58.0	Ana9 - 9: T.Zuluft WRG warm	19.5
2021-03-11 13:51:08.0	Ana1 - 1: T.Au?en	13.9
2021-03-11 13:51:08.0	Ana2 - 2: T.Zuluft	18.2
2021-03-11 13:51:08.0	Ana3 - 3: T.Abluft	20.3
2021-03-11 13:51:08.0	Ana4 - 4: T.Fortluft	16.7
2021-03-11 13:51:08.0	Ana5 - 5: T.Raum	9999.9
2021-03-11 13:51:08.0	Ana9 - 9: T.Zuluft WRG warm	19.5
2021-03-11 13:51:18.0	Ana1 - 1: T.Au?en	14.0
2021-03-11 13:51:18.0	Ana2 - 2: T.Zuluft	18.2
2021-03-11 13:51:18.0	Ana3 - 3: T.Abluft	20.3
2021-03-11 13:51:18.0	Ana4 - 4: T.Fortluft	16.7
2021-03-11 13:51:18.0	Ana5 - 5: T.Raum	9999.9
2021-03-11 13:51:18.0	Ana9 - 9: T.Zuluft WRG warm	19.5
2021-03-11 13:51:28.0	Ana1 - 1: T.Au?en	14.0
2021-03-11 13:51:28.0	Ana2 - 2: T.Zuluft	18.2
2021-03-11 13:51:28.0	Ana3 - 3: T.Abluft	20.3
2021-03-11 13:51:28.0	Ana4 - 4: T.Fortluft	16.7
2021-03-11 13:51:28.0	Ana5 - 5: T.Raum	9999.9
2021-03-11 13:51:28.0	Ana9 - 9: T.Zuluft WRG warm	19.5
2021-03-11 13:51:38.0	Ana1 - 1: T.Au?en	14.0
2021-03-11 13:51:38.0	Ana2 - 2: T.Zuluft	18.2
2021-03-11 13:51:38.0	Ana3 - 3: T.Abluft	20.3
2021-03-11 13:51:38.0	Ana4 - 4: T.Fortluft	16.7
2021-03-11 13:51:38.0	Ana5 - 5: T.Raum	9999.9
2021-03-11 13:51:38.0	Ana9 - 9: T.Zuluft WRG warm	19.5
2021-03-11 13:51:48.0	Ana1 - 1: T.Au?en	14.0
2021-03-11 13:51:48.0	Ana2 - 2: T.Zuluft	18.2
2021-03-11 13:51:48.0	Ana3 - 3: T.Abluft	20.3
2021-03-11 13:51:48.0	Ana4 - 4: T.Fortluft	16.7
2021-03-11 13:51:48.0	Ana5 - 5: T.Raum	9999.9
2021-03-11 13:51:48.0	Ana9 - 9: T.Zuluft WRG warm	19.5
2021-03-11 13:51:58.0	Ana1 - 1: T.Au?en	14.1
2021-03-11 13:51:58.0	Ana2 - 2: T.Zuluft	18.2
2021-03-11 13:51:58.0	Ana3 - 3: T.Abluft	20.3
2021-03-11 13:51:58.0	Ana4 - 4: T.Fortluft	16.7
2021-03-11 13:51:58.0	Ana5 - 5: T.Raum	9999.9
2021-03-11 13:51:58.0	Ana9 - 9: T.Zuluft WRG warm	19.5
2021-03-11 13:52:08.0	Ana1 - 1: T.Au?en	14.1
2021-03-11 13:52:08.0	Ana2 - 2: T.Zuluft	18.2
2021-03-11 13:52:08.0	Ana3 - 3: T.Abluft	20.3
2021-03-11 13:52:08.0	Ana4 - 4: T.Fortluft	16.7
2021-03-11 13:52:08.0	Ana5 - 5: T.Raum	9999.9
2021-03-11 13:52:08.0	Ana9 - 9: T.Zuluft WRG warm	19.5
2021-03-11 13:52:18.0	Ana1 - 1: T.Au?en	14.1
2021-03-11 13:52:18.0	Ana2 - 2: T.Zuluft	18.2
2021-03-11 13:52:18.0	Ana3 - 3: T.Abluft	20.3
2021-03-11 13:52:18.0	Ana4 - 4: T.Fortluft	16.7
2021-03-11 13:52:18.0	Ana5 - 5: T.Raum	9999.9
2021-03-11 13:52:18.0	Ana9 - 9: T.Zuluft WRG warm	19.5
2021-03-11 13:52:28.0	Ana1 - 1: T.Au?en	14.1
2021-03-11 13:52:28.0	Ana2 - 2: T.Zuluft	18.2
2021-03-11 13:52:28.0	Ana3 - 3: T.Abluft	20.3
2021-03-11 13:52:28.0	Ana4 - 4: T.Fortluft	16.7
2021-03-11 13:52:28.0	Ana5 - 5: T.Raum	9999.9
2021-03-11 13:52:28.0	Ana9 - 9: T.Zuluft WRG warm	19.5
2021-03-11 13:52:38.0	Ana1 - 1: T.Au?en	14.1
2021-03-11 13:52:38.0	Ana2 - 2: T.Zuluft	18.2
2021-03-11 13:52:38.0	Ana3 - 3: T.Abluft	20.3
2021-03-11 13:52:38.0	Ana4 - 4: T.Fortluft	16.7
2021-03-11 13:52:38.0	Ana5 - 5: T.Raum	9999.9
2021-03-11 13:52:38.0	Ana9 - 9: T.Zuluft WRG warm	19.5
2021-03-11 13:52:48.0	Ana1 - 1: T.Au?en	14.2
2021-03-11 13:52:48.0	Ana2 - 2: T.Zuluft	18.2
2021-03-11 13:52:48.0	Ana3 - 3: T.Abluft	20.3
2021-03-11 13:52:48.0	Ana4 - 4: T.Fortluft	16.7
2021-03-11 13:52:48.0	Ana5 - 5: T.Raum	9999.9
2021-03-11 13:52:48.0	Ana9 - 9: T.Zuluft WRG warm	19.5
2021-03-11 13:52:58.0	Ana1 - 1: T.Au?en	14.2
2021-03-11 13:52:58.0	Ana2 - 2: T.Zuluft	18.2
2021-03-11 13:52:58.0	Ana3 - 3: T.Abluft	20.3
2021-03-11 13:52:58.0	Ana4 - 4: T.Fortluft	16.7
2021-03-11 13:52:58.0	Ana5 - 5: T.Raum	9999.9
2021-03-11 13:52:58.0	Ana9 - 9: T.Zuluft WRG warm	19.5
2021-03-11 13:53:08.0	Ana1 - 1: T.Au?en	14.2
2021-03-11 13:53:08.0	Ana2 - 2: T.Zuluft	18.2
2021-03-11 13:53:08.0	Ana3 - 3: T.Abluft	20.3
2021-03-11 13:53:08.0	Ana4 - 4: T.Fortluft	16.7
2021-03-11 13:53:08.0	Ana5 - 5: T.Raum	9999.9
2021-03-11 13:53:08.0	Ana9 - 9: T.Zuluft WRG warm	19.5
2021-03-11 13:53:18.0	Ana1 - 1: T.Au?en	14.1
2021-03-11 13:53:18.0	Ana2 - 2: T.Zuluft	18.2
2021-03-11 13:53:18.0	Ana3 - 3: T.Abluft	20.3
2021-03-11 13:53:18.0	Ana4 - 4: T.Fortluft	16.7
2021-03-11 13:53:18.0	Ana5 - 5: T.Raum	9999.9
2021-03-11 13:53:18.0	Ana9 - 9: T.Zuluft WRG warm	19.5
2021-03-11 13:53:28.0	Ana1 - 1: T.Au?en	14.1
2021-03-11 13:53:28.0	Ana2 - 2: T.Zuluft	18.2
2021-03-11 13:53:28.0	Ana3 - 3: T.Abluft	20.3
2021-03-11 13:53:28.0	Ana4 - 4: T.Fortluft	16.7
2021-03-11 13:53:28.0	Ana5 - 5: T.Raum	9999.9
2021-03-11 13:53:28.0	Ana9 - 9: T.Zuluft WRG warm	19.5
2021-03-11 13:53:38.0	Ana1 - 1: T.Au?en	14.1
2021-03-11 13:53:38.0	Ana2 - 2: T.Zuluft	18.2
2021-03-11 13:53:38.0	Ana3 - 3: T.Abluft	20.3
2021-03-11 13:53:38.0	Ana4 - 4: T.Fortluft	16.7
2021-03-11 13:53:38.0	Ana5 - 5: T.Raum	9999.9
2021-03-11 13:53:38.0	Ana9 - 9: T.Zuluft WRG warm	19.5
2021-03-11 13:53:48.0	Ana1 - 1: T.Au?en	14.1
2021-03-11 13:53:48.0	Ana2 - 2: T.Zuluft	18.2
2021-03-11 13:53:48.0	Ana3 - 3: T.Abluft	20.3
2021-03-11 13:53:48.0	Ana4 - 4: T.Fortluft	16.7
2021-03-11 13:53:48.0	Ana5 - 5: T.Raum	9999.9
2021-03-11 13:53:48.0	Ana9 - 9: T.Zuluft WRG warm	19.5
2021-03-11 13:53:58.0	Ana1 - 1: T.Au?en	14.1
2021-03-11 13:53:58.0	Ana2 - 2: T.Zuluft	18.2
2021-03-11 13:53:58.0	Ana3 - 3: T.Abluft	20.3
2021-03-11 13:53:58.0	Ana4 - 4: T.Fortluft	16.7
2021-03-11 13:53:58.0	Ana5 - 5: T.Raum	9999.9
2021-03-11 13:53:58.0	Ana9 - 9: T.Zuluft WRG warm	19.5
2021-03-11 13:54:08.0	Ana1 - 1: T.Au?en	14.1
2021-03-11 13:54:08.0	Ana2 - 2: T.Zuluft	18.2
2021-03-11 13:54:08.0	Ana3 - 3: T.Abluft	20.3
2021-03-11 13:54:08.0	Ana4 - 4: T.Fortluft	16.7
2021-03-11 13:54:08.0	Ana5 - 5: T.Raum	9999.9
2021-03-11 13:54:08.0	Ana9 - 9: T.Zuluft WRG warm	19.5
2021-03-11 13:54:18.0	Ana1 - 1: T.Au?en	14.1
2021-03-11 13:54:18.0	Ana2 - 2: T.Zuluft	18.2
2021-03-11 13:54:18.0	Ana3 - 3: T.Abluft	20.3
2021-03-11 13:54:18.0	Ana4 - 4: T.Fortluft	16.7
2021-03-11 13:54:18.0	Ana5 - 5: T.Raum	9999.9
2021-03-11 13:54:18.0	Ana9 - 9: T.Zuluft WRG warm	19.5
2021-03-11 13:54:28.0	Ana1 - 1: T.Au?en	14.1
2021-03-11 13:54:28.0	Ana2 - 2: T.Zuluft	18.2
2021-03-11 13:54:28.0	Ana3 - 3: T.Abluft	20.3
2021-03-11 13:54:28.0	Ana4 - 4: T.Fortluft	16.7
2021-03-11 13:54:28.0	Ana5 - 5: T.Raum	9999.9
2021-03-11 13:54:28.0	Ana9 - 9: T.Zuluft WRG warm	19.5
2021-03-11 13:54:38.0	Ana1 - 1: T.Au?en	14.0
2021-03-11 13:54:38.0	Ana2 - 2: T.Zuluft	18.2
2021-03-11 13:54:38.0	Ana3 - 3: T.Abluft	20.3
2021-03-11 13:54:38.0	Ana4 - 4: T.Fortluft	16.7
2021-03-11 13:54:38.0	Ana5 - 5: T.Raum	9999.9
2021-03-11 13:54:38.0	Ana9 - 9: T.Zuluft WRG warm	19.5
2021-03-11 13:54:48.0	Ana1 - 1: T.Au?en	14.0
2021-03-11 13:54:48.0	Ana2 - 2: T.Zuluft	18.2
2021-03-11 13:54:48.0	Ana3 - 3: T.Abluft	20.3
2021-03-11 13:54:48.0	Ana4 - 4: T.Fortluft	16.7
2021-03-11 13:54:48.0	Ana5 - 5: T.Raum	9999.9
2021-03-11 13:54:48.0	Ana9 - 9: T.Zuluft WRG warm	19.5
2021-03-11 13:54:58.0	Ana1 - 1: T.Au?en	14.0
2021-03-11 13:54:58.0	Ana2 - 2: T.Zuluft	18.2
2021-03-11 13:54:58.0	Ana3 - 3: T.Abluft	20.3
2021-03-11 13:54:58.0	Ana4 - 4: T.Fortluft	16.7
2021-03-11 13:54:58.0	Ana5 - 5: T.Raum	9999.9
2021-03-11 13:54:58.0	Ana9 - 9: T.Zuluft WRG warm	19.5
2021-03-11 13:55:08.0	Ana1 - 1: T.Au?en	14.0
2021-03-11 13:55:08.0	Ana2 - 2: T.Zuluft	18.2
2021-03-11 13:55:08.0	Ana3 - 3: T.Abluft	20.3
2021-03-11 13:55:08.0	Ana4 - 4: T.Fortluft	16.7
2021-03-11 13:55:08.0	Ana5 - 5: T.Raum	9999.9
2021-03-11 13:55:08.0	Ana9 - 9: T.Zuluft WRG warm	19.5
2021-03-11 13:55:18.0	Ana1 - 1: T.Au?en	14.0
2021-03-11 13:55:18.0	Ana2 - 2: T.Zuluft	18.2
2021-03-11 13:55:18.0	Ana3 - 3: T.Abluft	20.3
2021-03-11 13:55:18.0	Ana4 - 4: T.Fortluft	16.7
2021-03-11 13:55:18.0	Ana5 - 5: T.Raum	9999.9
2021-03-11 13:55:18.0	Ana9 - 9: T.Zuluft WRG warm	19.5
2021-03-11 13:55:28.0	Ana1 - 1: T.Au?en	14.0
2021-03-11 13:55:28.0	Ana2 - 2: T.Zuluft	18.2
2021-03-11 13:55:28.0	Ana3 - 3: T.Abluft	20.3
2021-03-11 13:55:28.0	Ana4 - 4: T.Fortluft	16.7
2021-03-11 13:55:28.0	Ana5 - 5: T.Raum	9999.9
2021-03-11 13:55:28.0	Ana9 - 9: T.Zuluft WRG warm	19.5
2021-03-11 13:55:38.0	Ana1 - 1: T.Au?en	14.0
2021-03-11 13:55:38.0	Ana2 - 2: T.Zuluft	18.2
2021-03-11 13:55:38.0	Ana3 - 3: T.Abluft	20.3
2021-03-11 13:55:38.0	Ana4 - 4: T.Fortluft	16.7
2021-03-11 13:55:38.0	Ana5 - 5: T.Raum	9999.9
2021-03-11 13:55:38.0	Ana9 - 9: T.Zuluft WRG warm	19.5
2021-03-11 13:55:48.0	Ana1 - 1: T.Au?en	14.0
2021-03-11 13:55:48.0	Ana2 - 2: T.Zuluft	18.2
2021-03-11 13:55:48.0	Ana3 - 3: T.Abluft	20.3
2021-03-11 13:55:48.0	Ana4 - 4: T.Fortluft	16.7
2021-03-11 13:55:48.0	Ana5 - 5: T.Raum	9999.9
2021-03-11 13:55:48.0	Ana9 - 9: T.Zuluft WRG warm	19.5
2021-03-11 13:55:58.0	Ana1 - 1: T.Au?en	14.0
2021-03-11 13:55:58.0	Ana2 - 2: T.Zuluft	18.2
2021-03-11 13:55:58.0	Ana3 - 3: T.Abluft	20.3
2021-03-11 13:55:58.0	Ana4 - 4: T.Fortluft	16.7
2021-03-11 13:55:58.0	Ana5 - 5: T.Raum	9999.9
2021-03-11 13:55:58.0	Ana9 - 9: T.Zuluft WRG warm	19.5
2021-03-11 13:56:08.0	Ana1 - 1: T.Au?en	14.0
2021-03-11 13:56:08.0	Ana2 - 2: T.Zuluft	18.2
2021-03-11 13:56:08.0	Ana3 - 3: T.Abluft	20.3
2021-03-11 13:56:08.0	Ana4 - 4: T.Fortluft	16.7
2021-03-11 13:56:08.0	Ana5 - 5: T.Raum	9999.9
2021-03-11 13:56:08.0	Ana9 - 9: T.Zuluft WRG warm	19.5
2021-03-11 13:56:18.0	Ana1 - 1: T.Au?en	14.0
2021-03-11 13:56:18.0	Ana2 - 2: T.Zuluft	18.2
2021-03-11 13:56:18.0	Ana3 - 3: T.Abluft	20.3
2021-03-11 13:56:18.0	Ana4 - 4: T.Fortluft	16.7
2021-03-11 13:56:18.0	Ana5 - 5: T.Raum	9999.9
2021-03-11 13:56:18.0	Ana9 - 9: T.Zuluft WRG warm	19.5
2021-03-11 13:56:28.0	Ana1 - 1: T.Au?en	14.0
2021-03-11 13:56:28.0	Ana2 - 2: T.Zuluft	18.2
2021-03-11 13:56:28.0	Ana3 - 3: T.Abluft	20.3
2021-03-11 13:56:28.0	Ana4 - 4: T.Fortluft	16.7
2021-03-11 13:56:28.0	Ana5 - 5: T.Raum	9999.9
2021-03-11 13:56:28.0	Ana9 - 9: T.Zuluft WRG warm	19.5
2021-03-11 13:56:38.0	Ana1 - 1: T.Au?en	14.0
2021-03-11 13:56:38.0	Ana2 - 2: T.Zuluft	18.2
2021-03-11 13:56:38.0	Ana3 - 3: T.Abluft	20.3
2021-03-11 13:56:38.0	Ana4 - 4: T.Fortluft	16.7
2021-03-11 13:56:38.0	Ana5 - 5: T.Raum	9999.9
2021-03-11 13:56:38.0	Ana9 - 9: T.Zuluft WRG warm	19.5
2021-03-11 13:56:48.0	Ana1 - 1: T.Au?en	14.0
2021-03-11 13:56:48.0	Ana2 - 2: T.Zuluft	18.2
2021-03-11 13:56:48.0	Ana3 - 3: T.Abluft	20.3
2021-03-11 13:56:48.0	Ana4 - 4: T.Fortluft	16.7
2021-03-11 13:56:48.0	Ana5 - 5: T.Raum	9999.9
2021-03-11 13:56:48.0	Ana9 - 9: T.Zuluft WRG warm	19.5
2021-03-11 13:56:58.0	Ana1 - 1: T.Au?en	13.9
2021-03-11 13:56:58.0	Ana2 - 2: T.Zuluft	18.2
2021-03-11 13:56:58.0	Ana3 - 3: T.Abluft	20.3
2021-03-11 13:56:58.0	Ana4 - 4: T.Fortluft	16.7
2021-03-11 13:56:58.0	Ana5 - 5: T.Raum	9999.9
2021-03-11 13:56:58.0	Ana9 - 9: T.Zuluft WRG warm	19.5
2021-03-11 13:57:08.0	Ana1 - 1: T.Au?en	13.9
2021-03-11 13:57:08.0	Ana2 - 2: T.Zuluft	18.2
2021-03-11 13:57:08.0	Ana3 - 3: T.Abluft	20.3
2021-03-11 13:57:08.0	Ana4 - 4: T.Fortluft	16.7
2021-03-11 13:57:08.0	Ana5 - 5: T.Raum	9999.9
2021-03-11 13:57:08.0	Ana9 - 9: T.Zuluft WRG warm	19.5
2021-03-11 13:57:18.0	Ana1 - 1: T.Au?en	14.0
2021-03-11 13:57:18.0	Ana2 - 2: T.Zuluft	18.2
2021-03-11 13:57:18.0	Ana3 - 3: T.Abluft	20.3
2021-03-11 13:57:18.0	Ana4 - 4: T.Fortluft	16.7
2021-03-11 13:57:18.0	Ana5 - 5: T.Raum	9999.9
2021-03-11 13:57:18.0	Ana9 - 9: T.Zuluft WRG warm	19.5
2021-03-11 13:57:28.0	Ana1 - 1: T.Au?en	14.0
2021-03-11 13:57:28.0	Ana2 - 2: T.Zuluft	18.2
2021-03-11 13:57:28.0	Ana3 - 3: T.Abluft	20.3
2021-03-11 13:57:28.0	Ana4 - 4: T.Fortluft	16.7
2021-03-11 13:57:28.0	Ana5 - 5: T.Raum	9999.9
2021-03-11 13:57:28.0	Ana9 - 9: T.Zuluft WRG warm	19.5
2021-03-11 13:57:38.0	Ana1 - 1: T.Au?en	14.0
2021-03-11 13:57:38.0	Ana2 - 2: T.Zuluft	18.2
2021-03-11 13:57:38.0	Ana3 - 3: T.Abluft	20.3
2021-03-11 13:57:38.0	Ana4 - 4: T.Fortluft	16.7
2021-03-11 13:57:38.0	Ana5 - 5: T.Raum	9999.9
2021-03-11 13:57:38.0	Ana9 - 9: T.Zuluft WRG warm	19.5
2021-03-11 13:57:48.0	Ana1 - 1: T.Au?en	14.1
2021-03-11 13:57:48.0	Ana2 - 2: T.Zuluft	18.2
2021-03-11 13:57:48.0	Ana3 - 3: T.Abluft	20.3
2021-03-11 13:57:48.0	Ana4 - 4: T.Fortluft	16.7
2021-03-11 13:57:48.0	Ana5 - 5: T.Raum	9999.9
2021-03-11 13:57:48.0	Ana9 - 9: T.Zuluft WRG warm	19.5
2021-03-11 13:57:58.0	Ana1 - 1: T.Au?en	14.1
2021-03-11 13:57:58.0	Ana2 - 2: T.Zuluft	18.2
2021-03-11 13:57:58.0	Ana3 - 3: T.Abluft	20.3
2021-03-11 13:57:58.0	Ana4 - 4: T.Fortluft	16.7
2021-03-11 13:57:58.0	Ana5 - 5: T.Raum	9999.9
2021-03-11 13:57:58.0	Ana9 - 9: T.Zuluft WRG warm	19.5
2021-03-11 13:58:08.0	Ana1 - 1: T.Au?en	14.0
2021-03-11 13:58:08.0	Ana2 - 2: T.Zuluft	18.2
2021-03-11 13:58:08.0	Ana3 - 3: T.Abluft	20.3
2021-03-11 13:58:08.0	Ana4 - 4: T.Fortluft	16.7
2021-03-11 13:58:08.0	Ana5 - 5: T.Raum	9999.9
2021-03-11 13:58:08.0	Ana9 - 9: T.Zuluft WRG warm	19.5
2021-03-11 13:58:18.0	Ana1 - 1: T.Au?en	14.0
2021-03-11 13:58:18.0	Ana2 - 2: T.Zuluft	18.2
2021-03-11 13:58:18.0	Ana3 - 3: T.Abluft	20.3
2021-03-11 13:58:18.0	Ana4 - 4: T.Fortluft	16.7
2021-03-11 13:58:18.0	Ana5 - 5: T.Raum	9999.9
2021-03-11 13:58:18.0	Ana9 - 9: T.Zuluft WRG warm	19.5
2021-03-11 13:58:28.0	Ana1 - 1: T.Au?en	14.0
2021-03-11 13:58:28.0	Ana2 - 2: T.Zuluft	18.2
2021-03-11 13:58:28.0	Ana3 - 3: T.Abluft	20.3
2021-03-11 13:58:28.0	Ana4 - 4: T.Fortluft	16.7
2021-03-11 13:58:28.0	Ana5 - 5: T.Raum	9999.9
2021-03-11 13:58:28.0	Ana9 - 9: T.Zuluft WRG warm	19.5
2021-03-11 13:58:38.0	Ana1 - 1: T.Au?en	14.1
2021-03-11 13:58:38.0	Ana2 - 2: T.Zuluft	18.2
2021-03-11 13:58:38.0	Ana3 - 3: T.Abluft	20.3
2021-03-11 13:58:38.0	Ana4 - 4: T.Fortluft	16.7
2021-03-11 13:58:38.0	Ana5 - 5: T.Raum	9999.9
2021-03-11 13:58:38.0	Ana9 - 9: T.Zuluft WRG warm	19.5
2021-03-11 13:58:48.0	Ana1 - 1: T.Au?en	14.1
2021-03-11 13:58:48.0	Ana2 - 2: T.Zuluft	18.2
2021-03-11 13:58:48.0	Ana3 - 3: T.Abluft	20.3
2021-03-11 13:58:48.0	Ana4 - 4: T.Fortluft	16.8
2021-03-11 13:58:48.0	Ana5 - 5: T.Raum	9999.9
2021-03-11 13:58:48.0	Ana9 - 9: T.Zuluft WRG warm	19.5
2021-03-11 13:58:58.0	Ana1 - 1: T.Au?en	14.1
2021-03-11 13:58:58.0	Ana2 - 2: T.Zuluft	18.2
2021-03-11 13:58:58.0	Ana3 - 3: T.Abluft	20.3
2021-03-11 13:58:58.0	Ana4 - 4: T.Fortluft	16.8
2021-03-11 13:58:58.0	Ana5 - 5: T.Raum	9999.9
2021-03-11 13:58:58.0	Ana9 - 9: T.Zuluft WRG warm	19.5
2021-03-11 13:59:08.0	Ana1 - 1: T.Au?en	14.1
2021-03-11 13:59:08.0	Ana2 - 2: T.Zuluft	18.2
2021-03-11 13:59:08.0	Ana3 - 3: T.Abluft	20.3
2021-03-11 13:59:08.0	Ana4 - 4: T.Fortluft	16.7
2021-03-11 13:59:08.0	Ana5 - 5: T.Raum	9999.9
2021-03-11 13:59:08.0	Ana9 - 9: T.Zuluft WRG warm	19.5
2021-03-11 13:59:18.0	Ana1 - 1: T.Au?en	14.1
2021-03-11 13:59:18.0	Ana2 - 2: T.Zuluft	18.2
2021-03-11 13:59:18.0	Ana3 - 3: T.Abluft	20.3
2021-03-11 13:59:18.0	Ana4 - 4: T.Fortluft	16.7
2021-03-11 13:59:18.0	Ana5 - 5: T.Raum	9999.9
2021-03-11 13:59:18.0	Ana9 - 9: T.Zuluft WRG warm	19.5
2021-03-11 13:59:28.0	Ana1 - 1: T.Au?en	14.1
2021-03-11 13:59:28.0	Ana2 - 2: T.Zuluft	18.2
2021-03-11 13:59:28.0	Ana3 - 3: T.Abluft	20.3
2021-03-11 13:59:28.0	Ana4 - 4: T.Fortluft	16.7
2021-03-11 13:59:28.0	Ana5 - 5: T.Raum	9999.9
2021-03-11 13:59:28.0	Ana9 - 9: T.Zuluft WRG warm	19.5
2021-03-11 13:59:38.0	Ana1 - 1: T.Au?en	14.2
2021-03-11 13:59:38.0	Ana2 - 2: T.Zuluft	18.2
2021-03-11 13:59:38.0	Ana3 - 3: T.Abluft	20.3
2021-03-11 13:59:38.0	Ana4 - 4: T.Fortluft	16.7
2021-03-11 13:59:38.0	Ana5 - 5: T.Raum	9999.9
2021-03-11 13:59:38.0	Ana9 - 9: T.Zuluft WRG warm	19.5
2021-03-11 13:59:48.0	Ana1 - 1: T.Au?en	14.4
2021-03-11 13:59:48.0	Ana2 - 2: T.Zuluft	18.2
2021-03-11 13:59:48.0	Ana3 - 3: T.Abluft	20.3
2021-03-11 13:59:48.0	Ana4 - 4: T.Fortluft	16.8
2021-03-11 13:59:48.0	Ana5 - 5: T.Raum	9999.9
2021-03-11 13:59:48.0	Ana9 - 9: T.Zuluft WRG warm	19.5
2021-03-11 13:59:58.0	Ana1 - 1: T.Au?en	14.5
2021-03-11 13:59:58.0	Ana2 - 2: T.Zuluft	18.2
2021-03-11 13:59:58.0	Ana3 - 3: T.Abluft	20.3
2021-03-11 13:59:58.0	Ana4 - 4: T.Fortluft	16.8
2021-03-11 13:59:58.0	Ana5 - 5: T.Raum	9999.9
2021-03-11 13:59:58.0	Ana9 - 9: T.Zuluft WRG warm	19.6
2021-03-11 14:00:08.0	Ana1 - 1: T.Au?en	14.6
2021-03-11 14:00:08.0	Ana2 - 2: T.Zuluft	18.2
2021-03-11 14:00:08.0	Ana3 - 3: T.Abluft	20.3
2021-03-11 14:00:08.0	Ana4 - 4: T.Fortluft	16.7
2021-03-11 14:00:08.0	Ana5 - 5: T.Raum	9999.9
2021-03-11 14:00:08.0	Ana9 - 9: T.Zuluft WRG warm	19.6
2021-03-11 14:00:18.0	Ana1 - 1: T.Au?en	14.6
2021-03-11 14:00:18.0	Ana2 - 2: T.Zuluft	18.2
2021-03-11 14:00:18.0	Ana3 - 3: T.Abluft	20.3
2021-03-11 14:00:18.0	Ana4 - 4: T.Fortluft	16.7
2021-03-11 14:00:18.0	Ana5 - 5: T.Raum	9999.9
2021-03-11 14:00:18.0	Ana9 - 9: T.Zuluft WRG warm	19.6
2021-03-11 14:00:28.0	Ana1 - 1: T.Au?en	14.6
2021-03-11 14:00:28.0	Ana2 - 2: T.Zuluft	18.2
2021-03-11 14:00:28.0	Ana3 - 3: T.Abluft	20.3
2021-03-11 14:00:28.0	Ana4 - 4: T.Fortluft	16.8
2021-03-11 14:00:28.0	Ana5 - 5: T.Raum	9999.9
2021-03-11 14:00:28.0	Ana9 - 9: T.Zuluft WRG warm	19.6
2021-03-11 14:00:38.0	Ana1 - 1: T.Au?en	14.5
2021-03-11 14:00:38.0	Ana2 - 2: T.Zuluft	18.2
2021-03-11 14:00:38.0	Ana3 - 3: T.Abluft	20.3
2021-03-11 14:00:38.0	Ana4 - 4: T.Fortluft	16.7
2021-03-11 14:00:38.0	Ana5 - 5: T.Raum	9999.9
2021-03-11 14:00:38.0	Ana9 - 9: T.Zuluft WRG warm	19.6
2021-03-11 14:00:48.0	Ana1 - 1: T.Au?en	14.5
2021-03-11 14:00:48.0	Ana2 - 2: T.Zuluft	18.2
2021-03-11 14:00:48.0	Ana3 - 3: T.Abluft	20.3
2021-03-11 14:00:48.0	Ana4 - 4: T.Fortluft	16.7
2021-03-11 14:00:48.0	Ana5 - 5: T.Raum	9999.9
2021-03-11 14:00:48.0	Ana9 - 9: T.Zuluft WRG warm	19.6
2021-03-11 14:00:58.0	Ana1 - 1: T.Au?en	14.5
2021-03-11 14:00:58.0	Ana2 - 2: T.Zuluft	18.2
2021-03-11 14:00:58.0	Ana3 - 3: T.Abluft	20.3
2021-03-11 14:00:58.0	Ana4 - 4: T.Fortluft	16.7
2021-03-11 14:00:58.0	Ana5 - 5: T.Raum	9999.9
2021-03-11 14:00:58.0	Ana9 - 9: T.Zuluft WRG warm	19.6
2021-03-11 14:01:08.0	Ana1 - 1: T.Au?en	14.4
2021-03-11 14:01:08.0	Ana2 - 2: T.Zuluft	18.2
2021-03-11 14:01:08.0	Ana3 - 3: T.Abluft	20.3
2021-03-11 14:01:08.0	Ana4 - 4: T.Fortluft	16.7
2021-03-11 14:01:08.0	Ana5 - 5: T.Raum	9999.9
2021-03-11 14:01:08.0	Ana9 - 9: T.Zuluft WRG warm	19.6
2021-03-11 14:01:18.0	Ana1 - 1: T.Au?en	14.4
2021-03-11 14:01:18.0	Ana2 - 2: T.Zuluft	18.2
2021-03-11 14:01:18.0	Ana3 - 3: T.Abluft	20.3
2021-03-11 14:01:18.0	Ana4 - 4: T.Fortluft	16.8
2021-03-11 14:01:18.0	Ana5 - 5: T.Raum	9999.9
2021-03-11 14:01:18.0	Ana9 - 9: T.Zuluft WRG warm	19.6
2021-03-11 14:01:28.0	Ana1 - 1: T.Au?en	14.3
2021-03-11 14:01:28.0	Ana2 - 2: T.Zuluft	18.3
2021-03-11 14:01:28.0	Ana3 - 3: T.Abluft	20.3
2021-03-11 14:01:28.0	Ana4 - 4: T.Fortluft	16.8
2021-03-11 14:01:28.0	Ana5 - 5: T.Raum	9999.9
2021-03-11 14:01:28.0	Ana9 - 9: T.Zuluft WRG warm	19.6
2021-03-11 14:01:38.0	Ana1 - 1: T.Au?en	14.3
2021-03-11 14:01:38.0	Ana2 - 2: T.Zuluft	18.3
2021-03-11 14:01:38.0	Ana3 - 3: T.Abluft	20.3
2021-03-11 14:01:38.0	Ana4 - 4: T.Fortluft	16.7
2021-03-11 14:01:38.0	Ana5 - 5: T.Raum	9999.9
2021-03-11 14:01:38.0	Ana9 - 9: T.Zuluft WRG warm	19.6
2021-03-11 14:01:48.0	Ana1 - 1: T.Au?en	14.3
2021-03-11 14:01:48.0	Ana2 - 2: T.Zuluft	18.3
2021-03-11 14:01:48.0	Ana3 - 3: T.Abluft	20.3
2021-03-11 14:01:48.0	Ana4 - 4: T.Fortluft	16.7
2021-03-11 14:01:48.0	Ana5 - 5: T.Raum	9999.9
2021-03-11 14:01:48.0	Ana9 - 9: T.Zuluft WRG warm	19.6
2021-03-11 14:01:58.0	Ana1 - 1: T.Au?en	14.3
2021-03-11 14:01:58.0	Ana2 - 2: T.Zuluft	18.3
2021-03-11 14:01:58.0	Ana3 - 3: T.Abluft	20.3
2021-03-11 14:01:58.0	Ana4 - 4: T.Fortluft	16.7
2021-03-11 14:01:58.0	Ana5 - 5: T.Raum	9999.9
2021-03-11 14:01:58.0	Ana9 - 9: T.Zuluft WRG warm	19.6
2021-03-11 14:02:08.0	Ana1 - 1: T.Au?en	14.3
2021-03-11 14:02:08.0	Ana2 - 2: T.Zuluft	18.3
2021-03-11 14:02:08.0	Ana3 - 3: T.Abluft	20.3
2021-03-11 14:02:08.0	Ana4 - 4: T.Fortluft	16.8
2021-03-11 14:02:08.0	Ana5 - 5: T.Raum	9999.9
2021-03-11 14:02:08.0	Ana9 - 9: T.Zuluft WRG warm	19.6
2021-03-11 14:02:18.0	Ana1 - 1: T.Au?en	14.3
2021-03-11 14:02:18.0	Ana2 - 2: T.Zuluft	18.3
2021-03-11 14:02:18.0	Ana3 - 3: T.Abluft	20.3
2021-03-11 14:02:18.0	Ana4 - 4: T.Fortluft	16.8
2021-03-11 14:02:18.0	Ana5 - 5: T.Raum	9999.9
2021-03-11 14:02:18.0	Ana9 - 9: T.Zuluft WRG warm	19.6
2021-03-11 14:02:28.0	Ana1 - 1: T.Au?en	14.2
2021-03-11 14:02:28.0	Ana2 - 2: T.Zuluft	18.3
2021-03-11 14:02:28.0	Ana3 - 3: T.Abluft	20.3
2021-03-11 14:02:28.0	Ana4 - 4: T.Fortluft	16.8
2021-03-11 14:02:28.0	Ana5 - 5: T.Raum	9999.9
2021-03-11 14:02:28.0	Ana9 - 9: T.Zuluft WRG warm	19.6
2021-03-11 14:02:38.0	Ana1 - 1: T.Au?en	14.2
2021-03-11 14:02:38.0	Ana2 - 2: T.Zuluft	18.3
2021-03-11 14:02:38.0	Ana3 - 3: T.Abluft	20.3
2021-03-11 14:02:38.0	Ana4 - 4: T.Fortluft	16.8
2021-03-11 14:02:38.0	Ana5 - 5: T.Raum	9999.9
2021-03-11 14:02:38.0	Ana9 - 9: T.Zuluft WRG warm	19.6
2021-03-11 14:02:48.0	Ana1 - 1: T.Au?en	14.2
2021-03-11 14:02:48.0	Ana2 - 2: T.Zuluft	18.3
2021-03-11 14:02:48.0	Ana3 - 3: T.Abluft	20.3
2021-03-11 14:02:48.0	Ana4 - 4: T.Fortluft	16.8
2021-03-11 14:02:48.0	Ana5 - 5: T.Raum	9999.9
2021-03-11 14:02:48.0	Ana9 - 9: T.Zuluft WRG warm	19.6
2021-03-11 14:02:58.0	Ana1 - 1: T.Au?en	14.1
2021-03-11 14:02:58.0	Ana2 - 2: T.Zuluft	18.3
2021-03-11 14:02:58.0	Ana3 - 3: T.Abluft	20.3
2021-03-11 14:02:58.0	Ana4 - 4: T.Fortluft	16.8
2021-03-11 14:02:58.0	Ana5 - 5: T.Raum	9999.9
2021-03-11 14:02:58.0	Ana9 - 9: T.Zuluft WRG warm	19.6
2021-03-11 14:03:08.0	Ana1 - 1: T.Au?en	14.0
2021-03-11 14:03:08.0	Ana2 - 2: T.Zuluft	18.3
2021-03-11 14:03:08.0	Ana3 - 3: T.Abluft	20.3
2021-03-11 14:03:08.0	Ana4 - 4: T.Fortluft	16.8
2021-03-11 14:03:08.0	Ana5 - 5: T.Raum	9999.9
2021-03-11 14:03:08.0	Ana9 - 9: T.Zuluft WRG warm	19.6
2021-03-11 14:03:18.0	Ana1 - 1: T.Au?en	14.0
2021-03-11 14:03:18.0	Ana2 - 2: T.Zuluft	18.3
2021-03-11 14:03:18.0	Ana3 - 3: T.Abluft	20.3
2021-03-11 14:03:18.0	Ana4 - 4: T.Fortluft	16.8
2021-03-11 14:03:18.0	Ana5 - 5: T.Raum	9999.9
2021-03-11 14:03:18.0	Ana9 - 9: T.Zuluft WRG warm	19.6
2021-03-11 14:03:28.0	Ana1 - 1: T.Au?en	14.0
2021-03-11 14:03:28.0	Ana2 - 2: T.Zuluft	18.3
2021-03-11 14:03:28.0	Ana3 - 3: T.Abluft	20.3
2021-03-11 14:03:28.0	Ana4 - 4: T.Fortluft	16.8
2021-03-11 14:03:28.0	Ana5 - 5: T.Raum	9999.9
2021-03-11 14:03:28.0	Ana9 - 9: T.Zuluft WRG warm	19.6
2021-03-11 14:03:38.0	Ana1 - 1: T.Au?en	14.0
2021-03-11 14:03:38.0	Ana2 - 2: T.Zuluft	18.3
2021-03-11 14:03:38.0	Ana3 - 3: T.Abluft	20.3
2021-03-11 14:03:38.0	Ana4 - 4: T.Fortluft	16.8
2021-03-11 14:03:38.0	Ana5 - 5: T.Raum	9999.9
2021-03-11 14:03:38.0	Ana9 - 9: T.Zuluft WRG warm	19.6
2021-03-11 14:03:48.0	Ana1 - 1: T.Au?en	14.0
2021-03-11 14:03:48.0	Ana2 - 2: T.Zuluft	18.3
2021-03-11 14:03:48.0	Ana3 - 3: T.Abluft	20.3
2021-03-11 14:03:48.0	Ana4 - 4: T.Fortluft	16.8
2021-03-11 14:03:48.0	Ana5 - 5: T.Raum	9999.9
2021-03-11 14:03:48.0	Ana9 - 9: T.Zuluft WRG warm	19.6
2021-03-11 14:03:58.0	Ana1 - 1: T.Au?en	14.0
2021-03-11 14:03:58.0	Ana2 - 2: T.Zuluft	18.3
2021-03-11 14:03:58.0	Ana3 - 3: T.Abluft	20.3
2021-03-11 14:03:58.0	Ana4 - 4: T.Fortluft	16.8
2021-03-11 14:03:58.0	Ana5 - 5: T.Raum	9999.9
2021-03-11 14:03:58.0	Ana9 - 9: T.Zuluft WRG warm	19.6
2021-03-11 14:04:08.0	Ana1 - 1: T.Au?en	14.1
2021-03-11 14:04:08.0	Ana2 - 2: T.Zuluft	18.3
2021-03-11 14:04:08.0	Ana3 - 3: T.Abluft	20.3
2021-03-11 14:04:08.0	Ana4 - 4: T.Fortluft	16.8
2021-03-11 14:04:08.0	Ana5 - 5: T.Raum	9999.9
2021-03-11 14:04:08.0	Ana9 - 9: T.Zuluft WRG warm	19.6
2021-03-11 14:04:18.0	Ana1 - 1: T.Au?en	14.1
2021-03-11 14:04:18.0	Ana2 - 2: T.Zuluft	18.3
2021-03-11 14:04:18.0	Ana3 - 3: T.Abluft	20.3
2021-03-11 14:04:18.0	Ana4 - 4: T.Fortluft	16.8
2021-03-11 14:04:18.0	Ana5 - 5: T.Raum	9999.9
2021-03-11 14:04:18.0	Ana9 - 9: T.Zuluft WRG warm	19.6
2021-03-11 14:04:28.0	Ana1 - 1: T.Au?en	14.1
2021-03-11 14:04:28.0	Ana2 - 2: T.Zuluft	18.3
2021-03-11 14:04:28.0	Ana3 - 3: T.Abluft	20.3
2021-03-11 14:04:28.0	Ana4 - 4: T.Fortluft	16.8
2021-03-11 14:04:28.0	Ana5 - 5: T.Raum	9999.9
2021-03-11 14:04:28.0	Ana9 - 9: T.Zuluft WRG warm	19.6
2021-03-11 14:04:38.0	Ana1 - 1: T.Au?en	14.2
2021-03-11 14:04:38.0	Ana2 - 2: T.Zuluft	18.3
2021-03-11 14:04:38.0	Ana3 - 3: T.Abluft	20.3
2021-03-11 14:04:38.0	Ana4 - 4: T.Fortluft	16.8
2021-03-11 14:04:38.0	Ana5 - 5: T.Raum	9999.9
2021-03-11 14:04:38.0	Ana9 - 9: T.Zuluft WRG warm	19.6
2021-03-11 14:04:48.0	Ana1 - 1: T.Au?en	14.2
2021-03-11 14:04:48.0	Ana2 - 2: T.Zuluft	18.3
2021-03-11 14:04:48.0	Ana3 - 3: T.Abluft	20.3
2021-03-11 14:04:48.0	Ana4 - 4: T.Fortluft	16.8
2021-03-11 14:04:48.0	Ana5 - 5: T.Raum	9999.9
2021-03-11 14:04:48.0	Ana9 - 9: T.Zuluft WRG warm	19.6
2021-03-11 14:04:58.0	Ana1 - 1: T.Au?en	14.2
2021-03-11 14:04:58.0	Ana2 - 2: T.Zuluft	18.3
2021-03-11 14:04:58.0	Ana3 - 3: T.Abluft	20.3
2021-03-11 14:04:58.0	Ana4 - 4: T.Fortluft	16.8
2021-03-11 14:04:58.0	Ana5 - 5: T.Raum	9999.9
2021-03-11 14:04:58.0	Ana9 - 9: T.Zuluft WRG warm	19.6
2021-03-11 14:05:08.0	Ana1 - 1: T.Au?en	14.2
2021-03-11 14:05:08.0	Ana2 - 2: T.Zuluft	18.3
2021-03-11 14:05:08.0	Ana3 - 3: T.Abluft	20.3
2021-03-11 14:05:08.0	Ana4 - 4: T.Fortluft	16.8
2021-03-11 14:05:08.0	Ana5 - 5: T.Raum	9999.9
2021-03-11 14:05:08.0	Ana9 - 9: T.Zuluft WRG warm	19.6
2021-03-11 14:05:18.0	Ana1 - 1: T.Au?en	14.2
2021-03-11 14:05:18.0	Ana2 - 2: T.Zuluft	18.3
2021-03-11 14:05:18.0	Ana3 - 3: T.Abluft	20.3
2021-03-11 14:05:18.0	Ana4 - 4: T.Fortluft	16.8
2021-03-11 14:05:18.0	Ana5 - 5: T.Raum	9999.9
2021-03-11 14:05:18.0	Ana9 - 9: T.Zuluft WRG warm	19.6
2021-03-11 14:05:28.0	Ana1 - 1: T.Au?en	14.2
2021-03-11 14:05:28.0	Ana2 - 2: T.Zuluft	18.3
2021-03-11 14:05:28.0	Ana3 - 3: T.Abluft	20.3
2021-03-11 14:05:28.0	Ana4 - 4: T.Fortluft	16.8
2021-03-11 14:05:28.0	Ana5 - 5: T.Raum	9999.9
2021-03-11 14:05:28.0	Ana9 - 9: T.Zuluft WRG warm	19.6
2021-03-11 14:05:38.0	Ana1 - 1: T.Au?en	14.1
2021-03-11 14:05:38.0	Ana2 - 2: T.Zuluft	18.3
2021-03-11 14:05:38.0	Ana3 - 3: T.Abluft	20.3
2021-03-11 14:05:38.0	Ana4 - 4: T.Fortluft	16.8
2021-03-11 14:05:38.0	Ana5 - 5: T.Raum	9999.9
2021-03-11 14:05:38.0	Ana9 - 9: T.Zuluft WRG warm	19.6
2021-03-11 14:05:48.0	Ana1 - 1: T.Au?en	14.2
2021-03-11 14:05:48.0	Ana2 - 2: T.Zuluft	18.3
2021-03-11 14:05:48.0	Ana3 - 3: T.Abluft	20.3
2021-03-11 14:05:48.0	Ana4 - 4: T.Fortluft	16.8
2021-03-11 14:05:48.0	Ana5 - 5: T.Raum	9999.9
2021-03-11 14:05:48.0	Ana9 - 9: T.Zuluft WRG warm	19.6
2021-03-11 14:05:58.0	Ana1 - 1: T.Au?en	14.3
2021-03-11 14:05:58.0	Ana2 - 2: T.Zuluft	18.3
2021-03-11 14:05:58.0	Ana3 - 3: T.Abluft	20.3
2021-03-11 14:05:58.0	Ana4 - 4: T.Fortluft	16.8
2021-03-11 14:05:58.0	Ana5 - 5: T.Raum	9999.9
2021-03-11 14:05:58.0	Ana9 - 9: T.Zuluft WRG warm	19.6
2021-03-11 14:06:08.0	Ana1 - 1: T.Au?en	14.3
2021-03-11 14:06:08.0	Ana2 - 2: T.Zuluft	18.3
2021-03-11 14:06:08.0	Ana3 - 3: T.Abluft	20.3
2021-03-11 14:06:08.0	Ana4 - 4: T.Fortluft	16.8
2021-03-11 14:06:08.0	Ana5 - 5: T.Raum	9999.9
2021-03-11 14:06:08.0	Ana9 - 9: T.Zuluft WRG warm	19.6
2021-03-11 14:06:18.0	Ana1 - 1: T.Au?en	14.3
2021-03-11 14:06:18.0	Ana2 - 2: T.Zuluft	18.3
2021-03-11 14:06:18.0	Ana3 - 3: T.Abluft	20.3
2021-03-11 14:06:18.0	Ana4 - 4: T.Fortluft	16.8
2021-03-11 14:06:18.0	Ana5 - 5: T.Raum	9999.9
2021-03-11 14:06:18.0	Ana9 - 9: T.Zuluft WRG warm	19.6
2021-03-11 14:06:28.0	Ana1 - 1: T.Au?en	14.4
2021-03-11 14:06:28.0	Ana2 - 2: T.Zuluft	18.3
2021-03-11 14:06:28.0	Ana3 - 3: T.Abluft	20.3
2021-03-11 14:06:28.0	Ana4 - 4: T.Fortluft	16.8
2021-03-11 14:06:28.0	Ana5 - 5: T.Raum	9999.9
2021-03-11 14:06:28.0	Ana9 - 9: T.Zuluft WRG warm	19.6
2021-03-11 14:06:38.0	Ana1 - 1: T.Au?en	14.4
2021-03-11 14:06:38.0	Ana2 - 2: T.Zuluft	18.3
2021-03-11 14:06:38.0	Ana3 - 3: T.Abluft	20.3
2021-03-11 14:06:38.0	Ana4 - 4: T.Fortluft	16.8
2021-03-11 14:06:38.0	Ana5 - 5: T.Raum	9999.9
2021-03-11 14:06:38.0	Ana9 - 9: T.Zuluft WRG warm	19.6
2021-03-11 14:06:48.0	Ana1 - 1: T.Au?en	14.4
2021-03-11 14:06:48.0	Ana2 - 2: T.Zuluft	18.3
2021-03-11 14:06:48.0	Ana3 - 3: T.Abluft	20.4
2021-03-11 14:06:48.0	Ana4 - 4: T.Fortluft	16.8
2021-03-11 14:06:48.0	Ana5 - 5: T.Raum	9999.9
2021-03-11 14:06:48.0	Ana9 - 9: T.Zuluft WRG warm	19.6
2021-03-11 14:06:58.0	Ana1 - 1: T.Au?en	14.3
2021-03-11 14:06:58.0	Ana2 - 2: T.Zuluft	18.3
2021-03-11 14:06:58.0	Ana3 - 3: T.Abluft	20.3
2021-03-11 14:06:58.0	Ana4 - 4: T.Fortluft	16.8
2021-03-11 14:06:58.0	Ana5 - 5: T.Raum	9999.9
2021-03-11 14:06:58.0	Ana9 - 9: T.Zuluft WRG warm	19.6
2021-03-11 14:07:08.0	Ana1 - 1: T.Au?en	14.3
2021-03-11 14:07:08.0	Ana2 - 2: T.Zuluft	18.3
2021-03-11 14:07:08.0	Ana3 - 3: T.Abluft	20.4
2021-03-11 14:07:08.0	Ana4 - 4: T.Fortluft	16.8
2021-03-11 14:07:08.0	Ana5 - 5: T.Raum	9999.9
2021-03-11 14:07:08.0	Ana9 - 9: T.Zuluft WRG warm	19.7
2021-03-11 14:07:18.0	Ana1 - 1: T.Au?en	14.2
2021-03-11 14:07:18.0	Ana2 - 2: T.Zuluft	18.3
2021-03-11 14:07:18.0	Ana3 - 3: T.Abluft	20.4
2021-03-11 14:07:18.0	Ana4 - 4: T.Fortluft	16.8
2021-03-11 14:07:18.0	Ana5 - 5: T.Raum	9999.9
2021-03-11 14:07:18.0	Ana9 - 9: T.Zuluft WRG warm	19.7
2021-03-11 14:07:28.0	Ana1 - 1: T.Au?en	14.2
2021-03-11 14:07:28.0	Ana2 - 2: T.Zuluft	18.3
2021-03-11 14:07:28.0	Ana3 - 3: T.Abluft	20.4
2021-03-11 14:07:28.0	Ana4 - 4: T.Fortluft	16.8
2021-03-11 14:07:28.0	Ana5 - 5: T.Raum	9999.9
2021-03-11 14:07:28.0	Ana9 - 9: T.Zuluft WRG warm	19.7
2021-03-11 14:07:38.0	Ana1 - 1: T.Au?en	14.2
2021-03-11 14:07:38.0	Ana2 - 2: T.Zuluft	18.3
2021-03-11 14:07:38.0	Ana3 - 3: T.Abluft	20.4
2021-03-11 14:07:38.0	Ana4 - 4: T.Fortluft	16.8
2021-03-11 14:07:38.0	Ana5 - 5: T.Raum	9999.9
2021-03-11 14:07:38.0	Ana9 - 9: T.Zuluft WRG warm	19.7
2021-03-11 14:07:48.0	Ana1 - 1: T.Au?en	14.2
2021-03-11 14:07:48.0	Ana2 - 2: T.Zuluft	18.3
2021-03-11 14:07:48.0	Ana3 - 3: T.Abluft	20.3
2021-03-11 14:07:48.0	Ana4 - 4: T.Fortluft	16.8
2021-03-11 14:07:48.0	Ana5 - 5: T.Raum	9999.9
2021-03-11 14:07:48.0	Ana9 - 9: T.Zuluft WRG warm	19.7
2021-03-11 14:07:58.0	Ana1 - 1: T.Au?en	14.2
2021-03-11 14:07:58.0	Ana2 - 2: T.Zuluft	18.3
2021-03-11 14:07:58.0	Ana3 - 3: T.Abluft	20.4
2021-03-11 14:07:58.0	Ana4 - 4: T.Fortluft	16.8
2021-03-11 14:07:58.0	Ana5 - 5: T.Raum	9999.9
2021-03-11 14:07:58.0	Ana9 - 9: T.Zuluft WRG warm	19.7
2021-03-11 14:08:08.0	Ana1 - 1: T.Au?en	14.2
2021-03-11 14:08:08.0	Ana2 - 2: T.Zuluft	18.3
2021-03-11 14:08:08.0	Ana3 - 3: T.Abluft	20.4
2021-03-11 14:08:08.0	Ana4 - 4: T.Fortluft	16.8
2021-03-11 14:08:08.0	Ana5 - 5: T.Raum	9999.9
2021-03-11 14:08:08.0	Ana9 - 9: T.Zuluft WRG warm	19.7
2021-03-11 14:08:18.0	Ana1 - 1: T.Au?en	14.4
2021-03-11 14:08:18.0	Ana2 - 2: T.Zuluft	18.3
2021-03-11 14:08:18.0	Ana3 - 3: T.Abluft	20.4
2021-03-11 14:08:18.0	Ana4 - 4: T.Fortluft	16.8
2021-03-11 14:08:18.0	Ana5 - 5: T.Raum	9999.9
2021-03-11 14:08:18.0	Ana9 - 9: T.Zuluft WRG warm	19.7
2021-03-11 14:08:28.0	Ana1 - 1: T.Au?en	14.4
2021-03-11 14:08:28.0	Ana2 - 2: T.Zuluft	18.3
2021-03-11 14:08:28.0	Ana3 - 3: T.Abluft	20.4
2021-03-11 14:08:28.0	Ana4 - 4: T.Fortluft	16.8
2021-03-11 14:08:28.0	Ana5 - 5: T.Raum	9999.9
2021-03-11 14:08:28.0	Ana9 - 9: T.Zuluft WRG warm	19.7
2021-03-11 14:08:38.0	Ana1 - 1: T.Au?en	14.4
2021-03-11 14:08:38.0	Ana2 - 2: T.Zuluft	18.3
2021-03-11 14:08:38.0	Ana3 - 3: T.Abluft	20.4
2021-03-11 14:08:38.0	Ana4 - 4: T.Fortluft	16.8
2021-03-11 14:08:38.0	Ana5 - 5: T.Raum	9999.9
2021-03-11 14:08:38.0	Ana9 - 9: T.Zuluft WRG warm	19.7
2021-03-11 14:08:48.0	Ana1 - 1: T.Au?en	14.5
2021-03-11 14:08:48.0	Ana2 - 2: T.Zuluft	18.3
2021-03-11 14:08:48.0	Ana3 - 3: T.Abluft	20.4
2021-03-11 14:08:48.0	Ana4 - 4: T.Fortluft	16.8
2021-03-11 14:08:48.0	Ana5 - 5: T.Raum	9999.9
2021-03-11 14:08:48.0	Ana9 - 9: T.Zuluft WRG warm	19.7
2021-03-11 14:08:58.0	Ana1 - 1: T.Au?en	14.5
2021-03-11 14:08:58.0	Ana2 - 2: T.Zuluft	18.3
2021-03-11 14:08:58.0	Ana3 - 3: T.Abluft	20.4
2021-03-11 14:08:58.0	Ana4 - 4: T.Fortluft	16.8
2021-03-11 14:08:58.0	Ana5 - 5: T.Raum	9999.9
2021-03-11 14:08:58.0	Ana9 - 9: T.Zuluft WRG warm	19.7
2021-03-11 14:09:08.0	Ana1 - 1: T.Au?en	14.6
2021-03-11 14:09:08.0	Ana2 - 2: T.Zuluft	18.3
2021-03-11 14:09:08.0	Ana3 - 3: T.Abluft	20.4
2021-03-11 14:09:08.0	Ana4 - 4: T.Fortluft	16.8
2021-03-11 14:09:08.0	Ana5 - 5: T.Raum	9999.9
2021-03-11 14:09:08.0	Ana9 - 9: T.Zuluft WRG warm	19.7
2021-03-11 14:09:18.0	Ana1 - 1: T.Au?en	14.6
2021-03-11 14:09:18.0	Ana2 - 2: T.Zuluft	18.3
2021-03-11 14:09:18.0	Ana3 - 3: T.Abluft	20.4
2021-03-11 14:09:18.0	Ana4 - 4: T.Fortluft	16.8
2021-03-11 14:09:18.0	Ana5 - 5: T.Raum	9999.9
2021-03-11 14:09:18.0	Ana9 - 9: T.Zuluft WRG warm	19.7
2021-03-11 14:09:28.0	Ana1 - 1: T.Au?en	14.6
2021-03-11 14:09:28.0	Ana2 - 2: T.Zuluft	18.3
2021-03-11 14:09:28.0	Ana3 - 3: T.Abluft	20.4
2021-03-11 14:09:28.0	Ana4 - 4: T.Fortluft	16.8
2021-03-11 14:09:28.0	Ana5 - 5: T.Raum	9999.9
2021-03-11 14:09:28.0	Ana9 - 9: T.Zuluft WRG warm	19.7
2021-03-11 14:09:38.0	Ana1 - 1: T.Au?en	14.6
2021-03-11 14:09:38.0	Ana2 - 2: T.Zuluft	18.4
2021-03-11 14:09:38.0	Ana3 - 3: T.Abluft	20.4
2021-03-11 14:09:38.0	Ana4 - 4: T.Fortluft	16.8
2021-03-11 14:09:38.0	Ana5 - 5: T.Raum	9999.9
2021-03-11 14:09:38.0	Ana9 - 9: T.Zuluft WRG warm	19.7
2021-03-11 14:09:48.0	Ana1 - 1: T.Au?en	14.6
2021-03-11 14:09:48.0	Ana2 - 2: T.Zuluft	18.4
2021-03-11 14:09:48.0	Ana3 - 3: T.Abluft	20.4
2021-03-11 14:09:48.0	Ana4 - 4: T.Fortluft	16.8
2021-03-11 14:09:48.0	Ana5 - 5: T.Raum	9999.9
2021-03-11 14:09:48.0	Ana9 - 9: T.Zuluft WRG warm	19.7
2021-03-11 14:09:58.0	Ana1 - 1: T.Au?en	14.6
2021-03-11 14:09:58.0	Ana2 - 2: T.Zuluft	18.4
2021-03-11 14:09:58.0	Ana3 - 3: T.Abluft	20.4
2021-03-11 14:09:58.0	Ana4 - 4: T.Fortluft	16.8
2021-03-11 14:09:58.0	Ana5 - 5: T.Raum	9999.9
2021-03-11 14:09:58.0	Ana9 - 9: T.Zuluft WRG warm	19.7
2021-03-11 14:10:08.0	Ana1 - 1: T.Au?en	14.6
2021-03-11 14:10:08.0	Ana2 - 2: T.Zuluft	18.3
2021-03-11 14:10:08.0	Ana3 - 3: T.Abluft	20.4
2021-03-11 14:10:08.0	Ana4 - 4: T.Fortluft	16.8
2021-03-11 14:10:08.0	Ana5 - 5: T.Raum	9999.9
2021-03-11 14:10:08.0	Ana9 - 9: T.Zuluft WRG warm	19.7
2021-03-11 14:10:18.0	Ana1 - 1: T.Au?en	14.6
2021-03-11 14:10:18.0	Ana2 - 2: T.Zuluft	18.3
2021-03-11 14:10:18.0	Ana3 - 3: T.Abluft	20.4
2021-03-11 14:10:18.0	Ana4 - 4: T.Fortluft	16.8
2021-03-11 14:10:18.0	Ana5 - 5: T.Raum	9999.9
2021-03-11 14:10:18.0	Ana9 - 9: T.Zuluft WRG warm	19.7
2021-03-11 14:10:28.0	Ana1 - 1: T.Au?en	14.5
2021-03-11 14:10:28.0	Ana2 - 2: T.Zuluft	18.4
2021-03-11 14:10:28.0	Ana3 - 3: T.Abluft	20.4
2021-03-11 14:10:28.0	Ana4 - 4: T.Fortluft	16.8
2021-03-11 14:10:28.0	Ana5 - 5: T.Raum	9999.9
2021-03-11 14:10:28.0	Ana9 - 9: T.Zuluft WRG warm	19.7
2021-03-11 14:10:38.0	Ana1 - 1: T.Au?en	14.4
2021-03-11 14:10:38.0	Ana2 - 2: T.Zuluft	18.4
2021-03-11 14:10:38.0	Ana3 - 3: T.Abluft	20.4
2021-03-11 14:10:38.0	Ana4 - 4: T.Fortluft	16.8
2021-03-11 14:10:38.0	Ana5 - 5: T.Raum	9999.9
2021-03-11 14:10:38.0	Ana9 - 9: T.Zuluft WRG warm	19.7
2021-03-11 14:10:48.0	Ana1 - 1: T.Au?en	14.4
2021-03-11 14:10:48.0	Ana2 - 2: T.Zuluft	18.4
2021-03-11 14:10:48.0	Ana3 - 3: T.Abluft	20.4
2021-03-11 14:10:48.0	Ana4 - 4: T.Fortluft	16.8
2021-03-11 14:10:48.0	Ana5 - 5: T.Raum	9999.9
2021-03-11 14:10:48.0	Ana9 - 9: T.Zuluft WRG warm	19.7
2021-03-11 14:10:58.0	Ana1 - 1: T.Au?en	14.4
2021-03-11 14:10:58.0	Ana2 - 2: T.Zuluft	18.4
2021-03-11 14:10:58.0	Ana3 - 3: T.Abluft	20.4
2021-03-11 14:10:58.0	Ana4 - 4: T.Fortluft	16.8
2021-03-11 14:10:58.0	Ana5 - 5: T.Raum	9999.9
2021-03-11 14:10:58.0	Ana9 - 9: T.Zuluft WRG warm	19.7
2021-03-11 14:11:08.0	Ana1 - 1: T.Au?en	14.5
2021-03-11 14:11:08.0	Ana2 - 2: T.Zuluft	18.4
2021-03-11 14:11:08.0	Ana3 - 3: T.Abluft	20.4
2021-03-11 14:11:08.0	Ana4 - 4: T.Fortluft	16.8
2021-03-11 14:11:08.0	Ana5 - 5: T.Raum	9999.9
2021-03-11 14:11:08.0	Ana9 - 9: T.Zuluft WRG warm	19.7
2021-03-11 14:11:18.0	Ana1 - 1: T.Au?en	14.5
2021-03-11 14:11:18.0	Ana2 - 2: T.Zuluft	18.4
2021-03-11 14:11:18.0	Ana3 - 3: T.Abluft	20.4
2021-03-11 14:11:18.0	Ana4 - 4: T.Fortluft	16.8
2021-03-11 14:11:18.0	Ana5 - 5: T.Raum	9999.9
2021-03-11 14:11:18.0	Ana9 - 9: T.Zuluft WRG warm	19.7
2021-03-11 14:11:28.0	Ana1 - 1: T.Au?en	14.5
2021-03-11 14:11:28.0	Ana2 - 2: T.Zuluft	18.4
2021-03-11 14:11:28.0	Ana3 - 3: T.Abluft	20.4
2021-03-11 14:11:28.0	Ana4 - 4: T.Fortluft	16.8
2021-03-11 14:11:28.0	Ana5 - 5: T.Raum	9999.9
2021-03-11 14:11:28.0	Ana9 - 9: T.Zuluft WRG warm	19.7
2021-03-11 14:11:38.0	Ana1 - 1: T.Au?en	14.4
2021-03-11 14:11:38.0	Ana2 - 2: T.Zuluft	18.4
2021-03-11 14:11:38.0	Ana3 - 3: T.Abluft	20.4
2021-03-11 14:11:38.0	Ana4 - 4: T.Fortluft	16.8
2021-03-11 14:11:38.0	Ana5 - 5: T.Raum	9999.9
2021-03-11 14:11:38.0	Ana9 - 9: T.Zuluft WRG warm	19.7
2021-03-11 14:11:48.0	Ana1 - 1: T.Au?en	14.5
2021-03-11 14:11:48.0	Ana2 - 2: T.Zuluft	18.4
2021-03-11 14:11:48.0	Ana3 - 3: T.Abluft	20.4
2021-03-11 14:11:48.0	Ana4 - 4: T.Fortluft	16.8
2021-03-11 14:11:48.0	Ana5 - 5: T.Raum	9999.9
2021-03-11 14:11:48.0	Ana9 - 9: T.Zuluft WRG warm	19.7
2021-03-11 14:11:58.0	Ana1 - 1: T.Au?en	14.5
2021-03-11 14:11:58.0	Ana2 - 2: T.Zuluft	18.4
2021-03-11 14:11:58.0	Ana3 - 3: T.Abluft	20.4
2021-03-11 14:11:58.0	Ana4 - 4: T.Fortluft	16.8
2021-03-11 14:11:58.0	Ana5 - 5: T.Raum	9999.9
2021-03-11 14:11:58.0	Ana9 - 9: T.Zuluft WRG warm	19.7
2021-03-11 14:12:08.0	Ana1 - 1: T.Au?en	14.4
2021-03-11 14:12:08.0	Ana2 - 2: T.Zuluft	18.4
2021-03-11 14:12:08.0	Ana3 - 3: T.Abluft	20.4
2021-03-11 14:12:08.0	Ana4 - 4: T.Fortluft	16.8
2021-03-11 14:12:08.0	Ana5 - 5: T.Raum	9999.9
2021-03-11 14:12:08.0	Ana9 - 9: T.Zuluft WRG warm	19.7
2021-03-11 14:12:18.0	Ana1 - 1: T.Au?en	14.4
2021-03-11 14:12:18.0	Ana2 - 2: T.Zuluft	18.4
2021-03-11 14:12:18.0	Ana3 - 3: T.Abluft	20.4
2021-03-11 14:12:18.0	Ana4 - 4: T.Fortluft	16.8
2021-03-11 14:12:18.0	Ana5 - 5: T.Raum	9999.9
2021-03-11 14:12:18.0	Ana9 - 9: T.Zuluft WRG warm	19.7
2021-03-11 14:12:28.0	Ana1 - 1: T.Au?en	14.5
2021-03-11 14:12:28.0	Ana2 - 2: T.Zuluft	18.4
2021-03-11 14:12:28.0	Ana3 - 3: T.Abluft	20.4
2021-03-11 14:12:28.0	Ana4 - 4: T.Fortluft	16.8
2021-03-11 14:12:28.0	Ana5 - 5: T.Raum	9999.9
2021-03-11 14:12:28.0	Ana9 - 9: T.Zuluft WRG warm	19.7
2021-03-11 14:12:38.0	Ana1 - 1: T.Au?en	14.5
2021-03-11 14:12:38.0	Ana2 - 2: T.Zuluft	18.4
2021-03-11 14:12:38.0	Ana3 - 3: T.Abluft	20.4
2021-03-11 14:12:38.0	Ana4 - 4: T.Fortluft	16.8
2021-03-11 14:12:38.0	Ana5 - 5: T.Raum	9999.9
2021-03-11 14:12:38.0	Ana9 - 9: T.Zuluft WRG warm	19.7
2021-03-11 14:12:48.0	Ana1 - 1: T.Au?en	14.5
2021-03-11 14:12:48.0	Ana2 - 2: T.Zuluft	18.4
2021-03-11 14:12:48.0	Ana3 - 3: T.Abluft	20.4
2021-03-11 14:12:48.0	Ana4 - 4: T.Fortluft	16.8
2021-03-11 14:12:48.0	Ana5 - 5: T.Raum	9999.9
2021-03-11 14:12:48.0	Ana9 - 9: T.Zuluft WRG warm	19.7
2021-03-11 14:12:58.0	Ana1 - 1: T.Au?en	14.6
2021-03-11 14:12:58.0	Ana2 - 2: T.Zuluft	18.4
2021-03-11 14:12:58.0	Ana3 - 3: T.Abluft	20.4
2021-03-11 14:12:58.0	Ana4 - 4: T.Fortluft	16.8
2021-03-11 14:12:58.0	Ana5 - 5: T.Raum	9999.9
2021-03-11 14:12:58.0	Ana9 - 9: T.Zuluft WRG warm	19.7
2021-03-11 14:13:08.0	Ana1 - 1: T.Au?en	14.7
2021-03-11 14:13:08.0	Ana2 - 2: T.Zuluft	18.4
2021-03-11 14:13:08.0	Ana3 - 3: T.Abluft	20.4
2021-03-11 14:13:08.0	Ana4 - 4: T.Fortluft	16.8
2021-03-11 14:13:08.0	Ana5 - 5: T.Raum	9999.9
2021-03-11 14:13:08.0	Ana9 - 9: T.Zuluft WRG warm	19.7
2021-03-11 14:13:18.0	Ana1 - 1: T.Au?en	14.7
2021-03-11 14:13:18.0	Ana2 - 2: T.Zuluft	18.4
2021-03-11 14:13:18.0	Ana3 - 3: T.Abluft	20.4
2021-03-11 14:13:18.0	Ana4 - 4: T.Fortluft	16.8
2021-03-11 14:13:18.0	Ana5 - 5: T.Raum	9999.9
2021-03-11 14:13:18.0	Ana9 - 9: T.Zuluft WRG warm	19.7
2021-03-11 14:13:28.0	Ana1 - 1: T.Au?en	14.7
2021-03-11 14:13:28.0	Ana2 - 2: T.Zuluft	18.4
2021-03-11 14:13:28.0	Ana3 - 3: T.Abluft	20.4
2021-03-11 14:13:28.0	Ana4 - 4: T.Fortluft	16.8
2021-03-11 14:13:28.0	Ana5 - 5: T.Raum	9999.9
2021-03-11 14:13:28.0	Ana9 - 9: T.Zuluft WRG warm	19.7
2021-03-11 14:13:38.0	Ana1 - 1: T.Au?en	14.7
2021-03-11 14:13:38.0	Ana2 - 2: T.Zuluft	18.4
2021-03-11 14:13:38.0	Ana3 - 3: T.Abluft	20.4
2021-03-11 14:13:38.0	Ana4 - 4: T.Fortluft	16.8
2021-03-11 14:13:38.0	Ana5 - 5: T.Raum	9999.9
2021-03-11 14:13:38.0	Ana9 - 9: T.Zuluft WRG warm	19.7
2021-03-11 14:13:48.0	Ana1 - 1: T.Au?en	14.7
2021-03-11 14:13:48.0	Ana2 - 2: T.Zuluft	18.4
2021-03-11 14:13:48.0	Ana3 - 3: T.Abluft	20.4
2021-03-11 14:13:48.0	Ana4 - 4: T.Fortluft	16.9
2021-03-11 14:13:48.0	Ana5 - 5: T.Raum	9999.9
2021-03-11 14:13:48.0	Ana9 - 9: T.Zuluft WRG warm	19.7
2021-03-11 14:13:58.0	Ana1 - 1: T.Au?en	14.6
2021-03-11 14:13:58.0	Ana2 - 2: T.Zuluft	18.4
2021-03-11 14:13:58.0	Ana3 - 3: T.Abluft	20.4
2021-03-11 14:13:58.0	Ana4 - 4: T.Fortluft	16.9
2021-03-11 14:13:58.0	Ana5 - 5: T.Raum	9999.9
2021-03-11 14:13:58.0	Ana9 - 9: T.Zuluft WRG warm	19.7
2021-03-11 14:14:08.0	Ana1 - 1: T.Au?en	14.6
2021-03-11 14:14:08.0	Ana2 - 2: T.Zuluft	18.4
2021-03-11 14:14:08.0	Ana3 - 3: T.Abluft	20.4
2021-03-11 14:14:08.0	Ana4 - 4: T.Fortluft	16.9
2021-03-11 14:14:08.0	Ana5 - 5: T.Raum	9999.9
2021-03-11 14:14:08.0	Ana9 - 9: T.Zuluft WRG warm	19.7
2021-03-11 14:14:18.0	Ana1 - 1: T.Au?en	14.5
2021-03-11 14:14:18.0	Ana2 - 2: T.Zuluft	18.4
2021-03-11 14:14:18.0	Ana3 - 3: T.Abluft	20.4
2021-03-11 14:14:18.0	Ana4 - 4: T.Fortluft	16.9
2021-03-11 14:14:18.0	Ana5 - 5: T.Raum	9999.9
2021-03-11 14:14:18.0	Ana9 - 9: T.Zuluft WRG warm	19.7
2021-03-11 14:14:28.0	Ana1 - 1: T.Au?en	14.5
2021-03-11 14:14:28.0	Ana2 - 2: T.Zuluft	18.4
2021-03-11 14:14:28.0	Ana3 - 3: T.Abluft	20.4
2021-03-11 14:14:28.0	Ana4 - 4: T.Fortluft	16.9
2021-03-11 14:14:28.0	Ana5 - 5: T.Raum	9999.9
2021-03-11 14:14:28.0	Ana9 - 9: T.Zuluft WRG warm	19.7
2021-03-11 14:14:38.0	Ana1 - 1: T.Au?en	14.5
2021-03-11 14:14:38.0	Ana2 - 2: T.Zuluft	18.4
2021-03-11 14:14:38.0	Ana3 - 3: T.Abluft	20.4
2021-03-11 14:14:38.0	Ana4 - 4: T.Fortluft	16.9
2021-03-11 14:14:38.0	Ana5 - 5: T.Raum	9999.9
2021-03-11 14:14:38.0	Ana9 - 9: T.Zuluft WRG warm	19.7
2021-03-11 14:14:48.0	Ana1 - 1: T.Au?en	14.5
2021-03-11 14:14:48.0	Ana2 - 2: T.Zuluft	18.4
2021-03-11 14:14:48.0	Ana3 - 3: T.Abluft	20.4
2021-03-11 14:14:48.0	Ana4 - 4: T.Fortluft	16.9
2021-03-11 14:14:48.0	Ana5 - 5: T.Raum	9999.9
2021-03-11 14:14:48.0	Ana9 - 9: T.Zuluft WRG warm	19.7
2021-03-11 14:14:58.0	Ana1 - 1: T.Au?en	14.4
2021-03-11 14:14:58.0	Ana2 - 2: T.Zuluft	18.4
2021-03-11 14:14:58.0	Ana3 - 3: T.Abluft	20.4
2021-03-11 14:14:58.0	Ana4 - 4: T.Fortluft	16.9
2021-03-11 14:14:58.0	Ana5 - 5: T.Raum	9999.9
2021-03-11 14:14:58.0	Ana9 - 9: T.Zuluft WRG warm	19.7
2021-03-11 14:15:08.0	Ana1 - 1: T.Au?en	14.4
2021-03-11 14:15:08.0	Ana2 - 2: T.Zuluft	18.4
2021-03-11 14:15:08.0	Ana3 - 3: T.Abluft	20.4
2021-03-11 14:15:08.0	Ana4 - 4: T.Fortluft	16.9
2021-03-11 14:15:08.0	Ana5 - 5: T.Raum	9999.9
2021-03-11 14:15:08.0	Ana9 - 9: T.Zuluft WRG warm	19.7
2021-03-11 14:15:18.0	Ana1 - 1: T.Au?en	14.3
2021-03-11 14:15:18.0	Ana2 - 2: T.Zuluft	18.4
2021-03-11 14:15:18.0	Ana3 - 3: T.Abluft	20.4
2021-03-11 14:15:18.0	Ana4 - 4: T.Fortluft	16.9
2021-03-11 14:15:18.0	Ana5 - 5: T.Raum	9999.9
2021-03-11 14:15:18.0	Ana9 - 9: T.Zuluft WRG warm	19.7
2021-03-11 14:15:28.0	Ana1 - 1: T.Au?en	14.3
2021-03-11 14:15:28.0	Ana2 - 2: T.Zuluft	18.4
2021-03-11 14:15:28.0	Ana3 - 3: T.Abluft	20.4
2021-03-11 14:15:28.0	Ana4 - 4: T.Fortluft	16.9
2021-03-11 14:15:28.0	Ana5 - 5: T.Raum	9999.9
2021-03-11 14:15:28.0	Ana9 - 9: T.Zuluft WRG warm	19.7
2021-03-11 14:15:38.0	Ana1 - 1: T.Au?en	14.3
2021-03-11 14:15:38.0	Ana2 - 2: T.Zuluft	18.4
2021-03-11 14:15:38.0	Ana3 - 3: T.Abluft	20.4
2021-03-11 14:15:38.0	Ana4 - 4: T.Fortluft	16.9
2021-03-11 14:15:38.0	Ana5 - 5: T.Raum	9999.9
2021-03-11 14:15:38.0	Ana9 - 9: T.Zuluft WRG warm	19.7
2021-03-11 14:15:48.0	Ana1 - 1: T.Au?en	14.4
2021-03-11 14:15:48.0	Ana2 - 2: T.Zuluft	18.4
2021-03-11 14:15:48.0	Ana3 - 3: T.Abluft	20.4
2021-03-11 14:15:48.0	Ana4 - 4: T.Fortluft	16.9
2021-03-11 14:15:48.0	Ana5 - 5: T.Raum	9999.9
2021-03-11 14:15:48.0	Ana9 - 9: T.Zuluft WRG warm	19.7
2021-03-11 14:15:58.0	Ana1 - 1: T.Au?en	14.3
2021-03-11 14:15:58.0	Ana2 - 2: T.Zuluft	18.4
2021-03-11 14:15:58.0	Ana3 - 3: T.Abluft	20.4
2021-03-11 14:15:58.0	Ana4 - 4: T.Fortluft	16.9
2021-03-11 14:15:58.0	Ana5 - 5: T.Raum	9999.9
2021-03-11 14:15:58.0	Ana9 - 9: T.Zuluft WRG warm	19.7
2021-03-11 14:16:08.0	Ana1 - 1: T.Au?en	14.3
2021-03-11 14:16:08.0	Ana2 - 2: T.Zuluft	18.4
2021-03-11 14:16:08.0	Ana3 - 3: T.Abluft	20.4
2021-03-11 14:16:08.0	Ana4 - 4: T.Fortluft	16.9
2021-03-11 14:16:08.0	Ana5 - 5: T.Raum	9999.9
2021-03-11 14:16:08.0	Ana9 - 9: T.Zuluft WRG warm	19.7
2021-03-11 14:16:18.0	Ana1 - 1: T.Au?en	14.3
2021-03-11 14:16:18.0	Ana2 - 2: T.Zuluft	18.4
2021-03-11 14:16:18.0	Ana3 - 3: T.Abluft	20.4
2021-03-11 14:16:18.0	Ana4 - 4: T.Fortluft	16.9
2021-03-11 14:16:18.0	Ana5 - 5: T.Raum	9999.9
2021-03-11 14:16:18.0	Ana9 - 9: T.Zuluft WRG warm	19.7
2021-03-11 14:16:28.0	Ana1 - 1: T.Au?en	14.3
2021-03-11 14:16:28.0	Ana2 - 2: T.Zuluft	18.4
2021-03-11 14:16:28.0	Ana3 - 3: T.Abluft	20.4
2021-03-11 14:16:28.0	Ana4 - 4: T.Fortluft	16.9
2021-03-11 14:16:28.0	Ana5 - 5: T.Raum	9999.9
2021-03-11 14:16:28.0	Ana9 - 9: T.Zuluft WRG warm	19.7
2021-03-11 14:16:38.0	Ana1 - 1: T.Au?en	14.3
2021-03-11 14:16:38.0	Ana2 - 2: T.Zuluft	18.4
2021-03-11 14:16:38.0	Ana3 - 3: T.Abluft	20.4
2021-03-11 14:16:38.0	Ana4 - 4: T.Fortluft	16.9
2021-03-11 14:16:38.0	Ana5 - 5: T.Raum	9999.9
2021-03-11 14:16:38.0	Ana9 - 9: T.Zuluft WRG warm	19.7
2021-03-11 14:16:48.0	Ana1 - 1: T.Au?en	14.4
2021-03-11 14:16:48.0	Ana2 - 2: T.Zuluft	18.4
2021-03-11 14:16:48.0	Ana3 - 3: T.Abluft	20.4
2021-03-11 14:16:48.0	Ana4 - 4: T.Fortluft	16.9
2021-03-11 14:16:48.0	Ana5 - 5: T.Raum	9999.9
2021-03-11 14:16:48.0	Ana9 - 9: T.Zuluft WRG warm	19.7
2021-03-11 14:16:58.0	Ana1 - 1: T.Au?en	14.3
2021-03-11 14:16:58.0	Ana2 - 2: T.Zuluft	18.4
2021-03-11 14:16:58.0	Ana3 - 3: T.Abluft	20.4
2021-03-11 14:16:58.0	Ana4 - 4: T.Fortluft	16.9
2021-03-11 14:16:58.0	Ana5 - 5: T.Raum	9999.9
2021-03-11 14:16:58.0	Ana9 - 9: T.Zuluft WRG warm	19.7
2021-03-11 14:17:08.0	Ana1 - 1: T.Au?en	14.3
2021-03-11 14:17:08.0	Ana2 - 2: T.Zuluft	18.4
2021-03-11 14:17:08.0	Ana3 - 3: T.Abluft	20.4
2021-03-11 14:17:08.0	Ana4 - 4: T.Fortluft	16.9
2021-03-11 14:17:08.0	Ana5 - 5: T.Raum	9999.9
2021-03-11 14:17:08.0	Ana9 - 9: T.Zuluft WRG warm	19.7
2021-03-11 14:17:18.0	Ana1 - 1: T.Au?en	14.2
2021-03-11 14:17:18.0	Ana2 - 2: T.Zuluft	18.4
2021-03-11 14:17:18.0	Ana3 - 3: T.Abluft	20.5
2021-03-11 14:17:18.0	Ana4 - 4: T.Fortluft	16.9
2021-03-11 14:17:18.0	Ana5 - 5: T.Raum	9999.9
2021-03-11 14:17:18.0	Ana9 - 9: T.Zuluft WRG warm	19.8
2021-03-11 14:17:28.0	Ana1 - 1: T.Au?en	14.2
2021-03-11 14:17:28.0	Ana2 - 2: T.Zuluft	18.4
2021-03-11 14:17:28.0	Ana3 - 3: T.Abluft	20.5
2021-03-11 14:17:28.0	Ana4 - 4: T.Fortluft	16.9
2021-03-11 14:17:28.0	Ana5 - 5: T.Raum	9999.9
2021-03-11 14:17:28.0	Ana9 - 9: T.Zuluft WRG warm	19.8
2021-03-11 14:17:38.0	Ana1 - 1: T.Au?en	14.2
2021-03-11 14:17:38.0	Ana2 - 2: T.Zuluft	18.4
2021-03-11 14:17:38.0	Ana3 - 3: T.Abluft	20.5
2021-03-11 14:17:38.0	Ana4 - 4: T.Fortluft	16.9
2021-03-11 14:17:38.0	Ana5 - 5: T.Raum	9999.9
2021-03-11 14:17:38.0	Ana9 - 9: T.Zuluft WRG warm	19.8
2021-03-11 14:17:48.0	Ana1 - 1: T.Au?en	14.2
2021-03-11 14:17:48.0	Ana2 - 2: T.Zuluft	18.4
2021-03-11 14:17:48.0	Ana3 - 3: T.Abluft	20.5
2021-03-11 14:17:48.0	Ana4 - 4: T.Fortluft	16.9
2021-03-11 14:17:48.0	Ana5 - 5: T.Raum	9999.9
2021-03-11 14:17:48.0	Ana9 - 9: T.Zuluft WRG warm	19.8
2021-03-11 14:17:58.0	Ana1 - 1: T.Au?en	14.2
2021-03-11 14:17:58.0	Ana2 - 2: T.Zuluft	18.4
2021-03-11 14:17:58.0	Ana3 - 3: T.Abluft	20.5
2021-03-11 14:17:58.0	Ana4 - 4: T.Fortluft	16.9
2021-03-11 14:17:58.0	Ana5 - 5: T.Raum	9999.9
2021-03-11 14:17:58.0	Ana9 - 9: T.Zuluft WRG warm	19.8
2021-03-11 14:18:08.0	Ana1 - 1: T.Au?en	14.3
2021-03-11 14:18:08.0	Ana2 - 2: T.Zuluft	18.4
2021-03-11 14:18:08.0	Ana3 - 3: T.Abluft	20.5
2021-03-11 14:18:08.0	Ana4 - 4: T.Fortluft	16.9
2021-03-11 14:18:08.0	Ana5 - 5: T.Raum	9999.9
2021-03-11 14:18:08.0	Ana9 - 9: T.Zuluft WRG warm	19.8
2021-03-11 14:18:18.0	Ana1 - 1: T.Au?en	14.3
2021-03-11 14:18:18.0	Ana2 - 2: T.Zuluft	18.4
2021-03-11 14:18:18.0	Ana3 - 3: T.Abluft	20.5
2021-03-11 14:18:18.0	Ana4 - 4: T.Fortluft	16.9
2021-03-11 14:18:18.0	Ana5 - 5: T.Raum	9999.9
2021-03-11 14:18:18.0	Ana9 - 9: T.Zuluft WRG warm	19.8
2021-03-11 14:18:28.0	Ana1 - 1: T.Au?en	14.4
2021-03-11 14:18:28.0	Ana2 - 2: T.Zuluft	18.5
2021-03-11 14:18:28.0	Ana3 - 3: T.Abluft	20.5
2021-03-11 14:18:28.0	Ana4 - 4: T.Fortluft	16.9
2021-03-11 14:18:28.0	Ana5 - 5: T.Raum	9999.9
2021-03-11 14:18:28.0	Ana9 - 9: T.Zuluft WRG warm	19.8
2021-03-11 14:18:38.0	Ana1 - 1: T.Au?en	14.4
2021-03-11 14:18:38.0	Ana2 - 2: T.Zuluft	18.5
2021-03-11 14:18:38.0	Ana3 - 3: T.Abluft	20.5
2021-03-11 14:18:38.0	Ana4 - 4: T.Fortluft	16.9
2021-03-11 14:18:38.0	Ana5 - 5: T.Raum	9999.9
2021-03-11 14:18:38.0	Ana9 - 9: T.Zuluft WRG warm	19.8
2021-03-11 14:18:48.0	Ana1 - 1: T.Au?en	14.5
2021-03-11 14:18:48.0	Ana2 - 2: T.Zuluft	18.4
2021-03-11 14:18:48.0	Ana3 - 3: T.Abluft	20.5
2021-03-11 14:18:48.0	Ana4 - 4: T.Fortluft	16.9
2021-03-11 14:18:48.0	Ana5 - 5: T.Raum	9999.9
2021-03-11 14:18:48.0	Ana9 - 9: T.Zuluft WRG warm	19.8
2021-03-11 14:18:58.0	Ana1 - 1: T.Au?en	14.5
2021-03-11 14:18:58.0	Ana2 - 2: T.Zuluft	18.4
2021-03-11 14:18:58.0	Ana3 - 3: T.Abluft	20.5
2021-03-11 14:18:58.0	Ana4 - 4: T.Fortluft	16.9
2021-03-11 14:18:58.0	Ana5 - 5: T.Raum	9999.9
2021-03-11 14:18:58.0	Ana9 - 9: T.Zuluft WRG warm	19.8
2021-03-11 14:19:08.0	Ana1 - 1: T.Au?en	14.5
2021-03-11 14:19:08.0	Ana2 - 2: T.Zuluft	18.5
2021-03-11 14:19:08.0	Ana3 - 3: T.Abluft	20.5
2021-03-11 14:19:08.0	Ana4 - 4: T.Fortluft	16.9
2021-03-11 14:19:08.0	Ana5 - 5: T.Raum	9999.9
2021-03-11 14:19:08.0	Ana9 - 9: T.Zuluft WRG warm	19.8
2021-03-11 14:19:18.0	Ana1 - 1: T.Au?en	14.4
2021-03-11 14:19:18.0	Ana2 - 2: T.Zuluft	18.5
2021-03-11 14:19:18.0	Ana3 - 3: T.Abluft	20.5
2021-03-11 14:19:18.0	Ana4 - 4: T.Fortluft	16.9
2021-03-11 14:19:18.0	Ana5 - 5: T.Raum	9999.9
2021-03-11 14:19:18.0	Ana9 - 9: T.Zuluft WRG warm	19.8
2021-03-11 14:19:28.0	Ana1 - 1: T.Au?en	14.4
2021-03-11 14:19:28.0	Ana2 - 2: T.Zuluft	18.5
2021-03-11 14:19:28.0	Ana3 - 3: T.Abluft	20.5
2021-03-11 14:19:28.0	Ana4 - 4: T.Fortluft	16.9
2021-03-11 14:19:28.0	Ana5 - 5: T.Raum	9999.9
2021-03-11 14:19:28.0	Ana9 - 9: T.Zuluft WRG warm	19.8
2021-03-11 14:19:38.0	Ana1 - 1: T.Au?en	14.4
2021-03-11 14:19:38.0	Ana2 - 2: T.Zuluft	18.5
2021-03-11 14:19:38.0	Ana3 - 3: T.Abluft	20.5
2021-03-11 14:19:38.0	Ana4 - 4: T.Fortluft	16.9
2021-03-11 14:19:38.0	Ana5 - 5: T.Raum	9999.9
2021-03-11 14:19:38.0	Ana9 - 9: T.Zuluft WRG warm	19.8
2021-03-11 14:19:48.0	Ana1 - 1: T.Au?en	14.4
2021-03-11 14:19:48.0	Ana2 - 2: T.Zuluft	18.5
2021-03-11 14:19:48.0	Ana3 - 3: T.Abluft	20.5
2021-03-11 14:19:48.0	Ana4 - 4: T.Fortluft	16.9
2021-03-11 14:19:48.0	Ana5 - 5: T.Raum	9999.9
2021-03-11 14:19:48.0	Ana9 - 9: T.Zuluft WRG warm	19.8
2021-03-11 14:19:58.0	Ana1 - 1: T.Au?en	14.4
2021-03-11 14:19:58.0	Ana2 - 2: T.Zuluft	18.5
2021-03-11 14:19:58.0	Ana3 - 3: T.Abluft	20.5
2021-03-11 14:19:58.0	Ana4 - 4: T.Fortluft	16.9
2021-03-11 14:19:58.0	Ana5 - 5: T.Raum	9999.9
2021-03-11 14:19:58.0	Ana9 - 9: T.Zuluft WRG warm	19.8
2021-03-11 14:20:08.0	Ana1 - 1: T.Au?en	14.3
2021-03-11 14:20:08.0	Ana2 - 2: T.Zuluft	18.5
2021-03-11 14:20:08.0	Ana3 - 3: T.Abluft	20.5
2021-03-11 14:20:08.0	Ana4 - 4: T.Fortluft	16.9
2021-03-11 14:20:08.0	Ana5 - 5: T.Raum	9999.9
2021-03-11 14:20:08.0	Ana9 - 9: T.Zuluft WRG warm	19.8
2021-03-11 14:20:18.0	Ana1 - 1: T.Au?en	14.3
2021-03-11 14:20:18.0	Ana2 - 2: T.Zuluft	18.5
2021-03-11 14:20:18.0	Ana3 - 3: T.Abluft	20.5
2021-03-11 14:20:18.0	Ana4 - 4: T.Fortluft	17.0
2021-03-11 14:20:18.0	Ana5 - 5: T.Raum	9999.9
2021-03-11 14:20:18.0	Ana9 - 9: T.Zuluft WRG warm	19.8
2021-03-11 14:20:28.0	Ana1 - 1: T.Au?en	14.3
2021-03-11 14:20:28.0	Ana2 - 2: T.Zuluft	18.5
2021-03-11 14:20:28.0	Ana3 - 3: T.Abluft	20.5
2021-03-11 14:20:28.0	Ana4 - 4: T.Fortluft	17.0
2021-03-11 14:20:28.0	Ana5 - 5: T.Raum	9999.9
2021-03-11 14:20:28.0	Ana9 - 9: T.Zuluft WRG warm	19.8
2021-03-11 14:20:38.0	Ana1 - 1: T.Au?en	14.3
2021-03-11 14:20:38.0	Ana2 - 2: T.Zuluft	18.5
2021-03-11 14:20:38.0	Ana3 - 3: T.Abluft	20.5
2021-03-11 14:20:38.0	Ana4 - 4: T.Fortluft	17.0
2021-03-11 14:20:38.0	Ana5 - 5: T.Raum	9999.9
2021-03-11 14:20:38.0	Ana9 - 9: T.Zuluft WRG warm	19.8
2021-03-11 14:20:48.0	Ana1 - 1: T.Au?en	14.3
2021-03-11 14:20:48.0	Ana2 - 2: T.Zuluft	18.5
2021-03-11 14:20:48.0	Ana3 - 3: T.Abluft	20.5
2021-03-11 14:20:48.0	Ana4 - 4: T.Fortluft	17.0
2021-03-11 14:20:48.0	Ana5 - 5: T.Raum	9999.9
2021-03-11 14:20:48.0	Ana9 - 9: T.Zuluft WRG warm	19.8
2021-03-11 14:20:58.0	Ana1 - 1: T.Au?en	14.3
2021-03-11 14:20:58.0	Ana2 - 2: T.Zuluft	18.5
2021-03-11 14:20:58.0	Ana3 - 3: T.Abluft	20.5
2021-03-11 14:20:58.0	Ana4 - 4: T.Fortluft	17.0
2021-03-11 14:20:58.0	Ana5 - 5: T.Raum	9999.9
2021-03-11 14:20:58.0	Ana9 - 9: T.Zuluft WRG warm	19.8
2021-03-11 14:21:08.0	Ana1 - 1: T.Au?en	14.3
2021-03-11 14:21:08.0	Ana2 - 2: T.Zuluft	18.5
2021-03-11 14:21:08.0	Ana3 - 3: T.Abluft	20.5
2021-03-11 14:21:08.0	Ana4 - 4: T.Fortluft	16.9
2021-03-11 14:21:08.0	Ana5 - 5: T.Raum	9999.9
2021-03-11 14:21:08.0	Ana9 - 9: T.Zuluft WRG warm	19.8
2021-03-11 14:21:18.0	Ana1 - 1: T.Au?en	14.3
2021-03-11 14:21:18.0	Ana2 - 2: T.Zuluft	18.5
2021-03-11 14:21:18.0	Ana3 - 3: T.Abluft	20.5
2021-03-11 14:21:18.0	Ana4 - 4: T.Fortluft	17.0
2021-03-11 14:21:18.0	Ana5 - 5: T.Raum	9999.9
2021-03-11 14:21:18.0	Ana9 - 9: T.Zuluft WRG warm	19.8
2021-03-11 14:21:28.0	Ana1 - 1: T.Au?en	14.3
2021-03-11 14:21:28.0	Ana2 - 2: T.Zuluft	18.5
2021-03-11 14:21:28.0	Ana3 - 3: T.Abluft	20.5
2021-03-11 14:21:28.0	Ana4 - 4: T.Fortluft	17.0
2021-03-11 14:21:28.0	Ana5 - 5: T.Raum	9999.9
2021-03-11 14:21:28.0	Ana9 - 9: T.Zuluft WRG warm	19.8
2021-03-11 14:21:38.0	Ana1 - 1: T.Au?en	14.3
2021-03-11 14:21:38.0	Ana2 - 2: T.Zuluft	18.5
2021-03-11 14:21:38.0	Ana3 - 3: T.Abluft	20.5
2021-03-11 14:21:38.0	Ana4 - 4: T.Fortluft	17.0
2021-03-11 14:21:38.0	Ana5 - 5: T.Raum	9999.9
2021-03-11 14:21:38.0	Ana9 - 9: T.Zuluft WRG warm	19.8
2021-03-11 14:21:48.0	Ana1 - 1: T.Au?en	14.3
2021-03-11 14:21:48.0	Ana2 - 2: T.Zuluft	18.5
2021-03-11 14:21:48.0	Ana3 - 3: T.Abluft	20.5
2021-03-11 14:21:48.0	Ana4 - 4: T.Fortluft	17.0
2021-03-11 14:21:48.0	Ana5 - 5: T.Raum	9999.9
2021-03-11 14:21:48.0	Ana9 - 9: T.Zuluft WRG warm	19.8
2021-03-11 14:21:58.0	Ana1 - 1: T.Au?en	14.3
2021-03-11 14:21:58.0	Ana2 - 2: T.Zuluft	18.5
2021-03-11 14:21:58.0	Ana3 - 3: T.Abluft	20.5
2021-03-11 14:21:58.0	Ana4 - 4: T.Fortluft	17.0
2021-03-11 14:21:58.0	Ana5 - 5: T.Raum	9999.9
2021-03-11 14:21:58.0	Ana9 - 9: T.Zuluft WRG warm	19.8
2021-03-11 14:22:08.0	Ana1 - 1: T.Au?en	14.3
2021-03-11 14:22:08.0	Ana2 - 2: T.Zuluft	18.5
2021-03-11 14:22:08.0	Ana3 - 3: T.Abluft	20.5
2021-03-11 14:22:08.0	Ana4 - 4: T.Fortluft	17.0
2021-03-11 14:22:08.0	Ana5 - 5: T.Raum	9999.9
2021-03-11 14:22:08.0	Ana9 - 9: T.Zuluft WRG warm	19.8
2021-03-11 14:22:18.0	Ana1 - 1: T.Au?en	14.3
2021-03-11 14:22:18.0	Ana2 - 2: T.Zuluft	18.5
2021-03-11 14:22:18.0	Ana3 - 3: T.Abluft	20.5
2021-03-11 14:22:18.0	Ana4 - 4: T.Fortluft	17.0
2021-03-11 14:22:18.0	Ana5 - 5: T.Raum	9999.9
2021-03-11 14:22:18.0	Ana9 - 9: T.Zuluft WRG warm	19.8
2021-03-11 14:22:28.0	Ana1 - 1: T.Au?en	14.2
2021-03-11 14:22:28.0	Ana2 - 2: T.Zuluft	18.5
2021-03-11 14:22:28.0	Ana3 - 3: T.Abluft	20.5
2021-03-11 14:22:28.0	Ana4 - 4: T.Fortluft	17.0
2021-03-11 14:22:28.0	Ana5 - 5: T.Raum	9999.9
2021-03-11 14:22:28.0	Ana9 - 9: T.Zuluft WRG warm	19.8
2021-03-11 14:22:38.0	Ana1 - 1: T.Au?en	14.2
2021-03-11 14:22:38.0	Ana2 - 2: T.Zuluft	18.5
2021-03-11 14:22:38.0	Ana3 - 3: T.Abluft	20.5
2021-03-11 14:22:38.0	Ana4 - 4: T.Fortluft	17.0
2021-03-11 14:22:38.0	Ana5 - 5: T.Raum	9999.9
2021-03-11 14:22:38.0	Ana9 - 9: T.Zuluft WRG warm	19.8
2021-03-11 14:22:48.0	Ana1 - 1: T.Au?en	14.1
2021-03-11 14:22:48.0	Ana2 - 2: T.Zuluft	18.5
2021-03-11 14:22:48.0	Ana3 - 3: T.Abluft	20.5
2021-03-11 14:22:48.0	Ana4 - 4: T.Fortluft	17.0
2021-03-11 14:22:48.0	Ana5 - 5: T.Raum	9999.9
2021-03-11 14:22:48.0	Ana9 - 9: T.Zuluft WRG warm	19.8
2021-03-11 14:22:58.0	Ana1 - 1: T.Au?en	14.1
2021-03-11 14:22:58.0	Ana2 - 2: T.Zuluft	18.5
2021-03-11 14:22:58.0	Ana3 - 3: T.Abluft	20.5
2021-03-11 14:22:58.0	Ana4 - 4: T.Fortluft	17.0
2021-03-11 14:22:58.0	Ana5 - 5: T.Raum	9999.9
2021-03-11 14:22:58.0	Ana9 - 9: T.Zuluft WRG warm	19.8
2021-03-11 14:23:08.0	Ana1 - 1: T.Au?en	14.1
2021-03-11 14:23:08.0	Ana2 - 2: T.Zuluft	18.5
2021-03-11 14:23:08.0	Ana3 - 3: T.Abluft	20.5
2021-03-11 14:23:08.0	Ana4 - 4: T.Fortluft	17.0
2021-03-11 14:23:08.0	Ana5 - 5: T.Raum	9999.9
2021-03-11 14:23:08.0	Ana9 - 9: T.Zuluft WRG warm	19.8
2021-03-11 14:23:18.0	Ana1 - 1: T.Au?en	14.1
2021-03-11 14:23:18.0	Ana2 - 2: T.Zuluft	18.5
2021-03-11 14:23:18.0	Ana3 - 3: T.Abluft	20.5
2021-03-11 14:23:18.0	Ana4 - 4: T.Fortluft	17.0
2021-03-11 14:23:18.0	Ana5 - 5: T.Raum	9999.9
2021-03-11 14:23:18.0	Ana9 - 9: T.Zuluft WRG warm	19.8
2021-03-11 14:23:28.0	Ana1 - 1: T.Au?en	14.1
2021-03-11 14:23:28.0	Ana2 - 2: T.Zuluft	18.5
2021-03-11 14:23:28.0	Ana3 - 3: T.Abluft	20.5
2021-03-11 14:23:28.0	Ana4 - 4: T.Fortluft	17.0
2021-03-11 14:23:28.0	Ana5 - 5: T.Raum	9999.9
2021-03-11 14:23:28.0	Ana9 - 9: T.Zuluft WRG warm	19.8
2021-03-11 14:23:38.0	Ana1 - 1: T.Au?en	14.1
2021-03-11 14:23:38.0	Ana2 - 2: T.Zuluft	18.5
2021-03-11 14:23:38.0	Ana3 - 3: T.Abluft	20.5
2021-03-11 14:23:38.0	Ana4 - 4: T.Fortluft	17.0
2021-03-11 14:23:38.0	Ana5 - 5: T.Raum	9999.9
2021-03-11 14:23:38.0	Ana9 - 9: T.Zuluft WRG warm	19.8
2021-03-11 14:23:48.0	Ana1 - 1: T.Au?en	14.1
2021-03-11 14:23:48.0	Ana2 - 2: T.Zuluft	18.5
2021-03-11 14:23:48.0	Ana3 - 3: T.Abluft	20.5
2021-03-11 14:23:48.0	Ana4 - 4: T.Fortluft	17.0
2021-03-11 14:23:48.0	Ana5 - 5: T.Raum	9999.9
2021-03-11 14:23:48.0	Ana9 - 9: T.Zuluft WRG warm	19.8
2021-03-11 14:23:58.0	Ana1 - 1: T.Au?en	14.0
2021-03-11 14:23:58.0	Ana2 - 2: T.Zuluft	18.5
2021-03-11 14:23:58.0	Ana3 - 3: T.Abluft	20.5
2021-03-11 14:23:58.0	Ana4 - 4: T.Fortluft	17.0
2021-03-11 14:23:58.0	Ana5 - 5: T.Raum	9999.9
2021-03-11 14:23:58.0	Ana9 - 9: T.Zuluft WRG warm	19.8
2021-03-11 14:24:08.0	Ana1 - 1: T.Au?en	14.0
2021-03-11 14:24:08.0	Ana2 - 2: T.Zuluft	18.5
2021-03-11 14:24:08.0	Ana3 - 3: T.Abluft	20.5
2021-03-11 14:24:08.0	Ana4 - 4: T.Fortluft	17.0
2021-03-11 14:24:08.0	Ana5 - 5: T.Raum	9999.9
2021-03-11 14:24:08.0	Ana9 - 9: T.Zuluft WRG warm	19.8
2021-03-11 14:24:18.0	Ana1 - 1: T.Au?en	14.0
2021-03-11 14:24:18.0	Ana2 - 2: T.Zuluft	18.5
2021-03-11 14:24:18.0	Ana3 - 3: T.Abluft	20.5
2021-03-11 14:24:18.0	Ana4 - 4: T.Fortluft	17.0
2021-03-11 14:24:18.0	Ana5 - 5: T.Raum	9999.9
2021-03-11 14:24:18.0	Ana9 - 9: T.Zuluft WRG warm	19.8
2021-03-11 14:24:28.0	Ana1 - 1: T.Au?en	14.0
2021-03-11 14:24:28.0	Ana2 - 2: T.Zuluft	18.5
2021-03-11 14:24:28.0	Ana3 - 3: T.Abluft	20.5
2021-03-11 14:24:28.0	Ana4 - 4: T.Fortluft	17.0
2021-03-11 14:24:28.0	Ana5 - 5: T.Raum	9999.9
2021-03-11 14:24:28.0	Ana9 - 9: T.Zuluft WRG warm	19.8
2021-03-11 14:24:38.0	Ana1 - 1: T.Au?en	14.0
2021-03-11 14:24:38.0	Ana2 - 2: T.Zuluft	18.5
2021-03-11 14:24:38.0	Ana3 - 3: T.Abluft	20.5
2021-03-11 14:24:38.0	Ana4 - 4: T.Fortluft	17.0
2021-03-11 14:24:38.0	Ana5 - 5: T.Raum	9999.9
2021-03-11 14:24:38.0	Ana9 - 9: T.Zuluft WRG warm	19.8
2021-03-11 14:24:48.0	Ana1 - 1: T.Au?en	14.1
2021-03-11 14:24:48.0	Ana2 - 2: T.Zuluft	18.5
2021-03-11 14:24:48.0	Ana3 - 3: T.Abluft	20.5
2021-03-11 14:24:48.0	Ana4 - 4: T.Fortluft	17.0
2021-03-11 14:24:48.0	Ana5 - 5: T.Raum	9999.9
2021-03-11 14:24:48.0	Ana9 - 9: T.Zuluft WRG warm	19.8
2021-03-11 14:24:58.0	Ana1 - 1: T.Au?en	14.1
2021-03-11 14:24:58.0	Ana2 - 2: T.Zuluft	18.5
2021-03-11 14:24:58.0	Ana3 - 3: T.Abluft	20.5
2021-03-11 14:24:58.0	Ana4 - 4: T.Fortluft	17.0
2021-03-11 14:24:58.0	Ana5 - 5: T.Raum	9999.9
2021-03-11 14:24:58.0	Ana9 - 9: T.Zuluft WRG warm	19.8
2021-03-11 14:25:08.0	Ana1 - 1: T.Au?en	14.1
2021-03-11 14:25:08.0	Ana2 - 2: T.Zuluft	18.5
2021-03-11 14:25:08.0	Ana3 - 3: T.Abluft	20.5
2021-03-11 14:25:08.0	Ana4 - 4: T.Fortluft	17.0
2021-03-11 14:25:08.0	Ana5 - 5: T.Raum	9999.9
2021-03-11 14:25:08.0	Ana9 - 9: T.Zuluft WRG warm	19.8
2021-03-11 14:25:18.0	Ana1 - 1: T.Au?en	14.2
2021-03-11 14:25:18.0	Ana2 - 2: T.Zuluft	18.5
2021-03-11 14:25:18.0	Ana3 - 3: T.Abluft	20.5
2021-03-11 14:25:18.0	Ana4 - 4: T.Fortluft	17.0
2021-03-11 14:25:18.0	Ana5 - 5: T.Raum	9999.9
2021-03-11 14:25:18.0	Ana9 - 9: T.Zuluft WRG warm	19.8
2021-03-11 14:25:28.0	Ana1 - 1: T.Au?en	14.2
2021-03-11 14:25:28.0	Ana2 - 2: T.Zuluft	18.5
2021-03-11 14:25:28.0	Ana3 - 3: T.Abluft	20.5
2021-03-11 14:25:28.0	Ana4 - 4: T.Fortluft	17.0
2021-03-11 14:25:28.0	Ana5 - 5: T.Raum	9999.9
2021-03-11 14:25:28.0	Ana9 - 9: T.Zuluft WRG warm	19.8
2021-03-11 14:25:38.0	Ana1 - 1: T.Au?en	14.2
2021-03-11 14:25:38.0	Ana2 - 2: T.Zuluft	18.5
2021-03-11 14:25:38.0	Ana3 - 3: T.Abluft	20.5
2021-03-11 14:25:38.0	Ana4 - 4: T.Fortluft	17.0
2021-03-11 14:25:38.0	Ana5 - 5: T.Raum	9999.9
2021-03-11 14:25:38.0	Ana9 - 9: T.Zuluft WRG warm	19.8
2021-03-11 14:25:48.0	Ana1 - 1: T.Au?en	14.2
2021-03-11 14:25:48.0	Ana2 - 2: T.Zuluft	18.5
2021-03-11 14:25:48.0	Ana3 - 3: T.Abluft	20.5
2021-03-11 14:25:48.0	Ana4 - 4: T.Fortluft	17.0
2021-03-11 14:25:48.0	Ana5 - 5: T.Raum	9999.9
2021-03-11 14:25:48.0	Ana9 - 9: T.Zuluft WRG warm	19.8
2021-03-11 14:25:58.0	Ana1 - 1: T.Au?en	14.2
2021-03-11 14:25:58.0	Ana2 - 2: T.Zuluft	18.5
2021-03-11 14:25:58.0	Ana3 - 3: T.Abluft	20.5
2021-03-11 14:25:58.0	Ana4 - 4: T.Fortluft	17.0
2021-03-11 14:25:58.0	Ana5 - 5: T.Raum	9999.9
2021-03-11 14:25:58.0	Ana9 - 9: T.Zuluft WRG warm	19.8
2021-03-11 14:26:08.0	Ana1 - 1: T.Au?en	14.2
2021-03-11 14:26:08.0	Ana2 - 2: T.Zuluft	18.5
2021-03-11 14:26:08.0	Ana3 - 3: T.Abluft	20.5
2021-03-11 14:26:08.0	Ana4 - 4: T.Fortluft	17.0
2021-03-11 14:26:08.0	Ana5 - 5: T.Raum	9999.9
2021-03-11 14:26:08.0	Ana9 - 9: T.Zuluft WRG warm	19.8
2021-03-11 14:26:18.0	Ana1 - 1: T.Au?en	14.1
2021-03-11 14:26:18.0	Ana2 - 2: T.Zuluft	18.5
2021-03-11 14:26:18.0	Ana3 - 3: T.Abluft	20.5
2021-03-11 14:26:18.0	Ana4 - 4: T.Fortluft	17.0
2021-03-11 14:26:18.0	Ana5 - 5: T.Raum	9999.9
2021-03-11 14:26:18.0	Ana9 - 9: T.Zuluft WRG warm	19.8
2021-03-11 14:26:28.0	Ana1 - 1: T.Au?en	14.1
2021-03-11 14:26:28.0	Ana2 - 2: T.Zuluft	18.5
2021-03-11 14:26:28.0	Ana3 - 3: T.Abluft	20.5
2021-03-11 14:26:28.0	Ana4 - 4: T.Fortluft	17.0
2021-03-11 14:26:28.0	Ana5 - 5: T.Raum	9999.9
2021-03-11 14:26:28.0	Ana9 - 9: T.Zuluft WRG warm	19.8
2021-03-11 14:26:38.0	Ana1 - 1: T.Au?en	14.1
2021-03-11 14:26:38.0	Ana2 - 2: T.Zuluft	18.5
2021-03-11 14:26:38.0	Ana3 - 3: T.Abluft	20.5
2021-03-11 14:26:38.0	Ana4 - 4: T.Fortluft	17.0
2021-03-11 14:26:38.0	Ana5 - 5: T.Raum	9999.9
2021-03-11 14:26:38.0	Ana9 - 9: T.Zuluft WRG warm	19.8
2021-03-11 14:26:48.0	Ana1 - 1: T.Au?en	14.1
2021-03-11 14:26:48.0	Ana2 - 2: T.Zuluft	18.5
2021-03-11 14:26:48.0	Ana3 - 3: T.Abluft	20.5
2021-03-11 14:26:48.0	Ana4 - 4: T.Fortluft	17.0
2021-03-11 14:26:48.0	Ana5 - 5: T.Raum	9999.9
2021-03-11 14:26:48.0	Ana9 - 9: T.Zuluft WRG warm	19.8
2021-03-11 14:26:58.0	Ana1 - 1: T.Au?en	14.1
2021-03-11 14:26:58.0	Ana2 - 2: T.Zuluft	18.5
2021-03-11 14:26:58.0	Ana3 - 3: T.Abluft	20.5
2021-03-11 14:26:58.0	Ana4 - 4: T.Fortluft	17.0
2021-03-11 14:26:58.0	Ana5 - 5: T.Raum	9999.9
2021-03-11 14:26:58.0	Ana9 - 9: T.Zuluft WRG warm	19.8
2021-03-11 14:27:08.0	Ana1 - 1: T.Au?en	14.1
2021-03-11 14:27:08.0	Ana2 - 2: T.Zuluft	18.5
2021-03-11 14:27:08.0	Ana3 - 3: T.Abluft	20.5
2021-03-11 14:27:08.0	Ana4 - 4: T.Fortluft	17.0
2021-03-11 14:27:08.0	Ana5 - 5: T.Raum	9999.9
2021-03-11 14:27:08.0	Ana9 - 9: T.Zuluft WRG warm	19.8
2021-03-11 14:27:18.0	Ana1 - 1: T.Au?en	14.1
2021-03-11 14:27:18.0	Ana2 - 2: T.Zuluft	18.5
2021-03-11 14:27:18.0	Ana3 - 3: T.Abluft	20.5
2021-03-11 14:27:18.0	Ana4 - 4: T.Fortluft	17.0
2021-03-11 14:27:18.0	Ana5 - 5: T.Raum	9999.9
2021-03-11 14:27:18.0	Ana9 - 9: T.Zuluft WRG warm	19.8
2021-03-11 14:27:28.0	Ana1 - 1: T.Au?en	14.1
2021-03-11 14:27:28.0	Ana2 - 2: T.Zuluft	18.5
2021-03-11 14:27:28.0	Ana3 - 3: T.Abluft	20.5
2021-03-11 14:27:28.0	Ana4 - 4: T.Fortluft	17.0
2021-03-11 14:27:28.0	Ana5 - 5: T.Raum	9999.9
2021-03-11 14:27:28.0	Ana9 - 9: T.Zuluft WRG warm	19.8
2021-03-11 14:27:38.0	Ana1 - 1: T.Au?en	14.2
2021-03-11 14:27:38.0	Ana2 - 2: T.Zuluft	18.5
2021-03-11 14:27:38.0	Ana3 - 3: T.Abluft	20.5
2021-03-11 14:27:38.0	Ana4 - 4: T.Fortluft	17.0
2021-03-11 14:27:38.0	Ana5 - 5: T.Raum	9999.9
2021-03-11 14:27:38.0	Ana9 - 9: T.Zuluft WRG warm	19.8
2021-03-11 14:27:48.0	Ana1 - 1: T.Au?en	14.2
2021-03-11 14:27:48.0	Ana2 - 2: T.Zuluft	18.5
2021-03-11 14:27:48.0	Ana3 - 3: T.Abluft	20.5
2021-03-11 14:27:48.0	Ana4 - 4: T.Fortluft	17.0
2021-03-11 14:27:48.0	Ana5 - 5: T.Raum	9999.9
2021-03-11 14:27:48.0	Ana9 - 9: T.Zuluft WRG warm	19.8
2021-03-11 14:27:58.0	Ana1 - 1: T.Au?en	14.3
2021-03-11 14:27:58.0	Ana2 - 2: T.Zuluft	18.5
2021-03-11 14:27:58.0	Ana3 - 3: T.Abluft	20.5
2021-03-11 14:27:58.0	Ana4 - 4: T.Fortluft	17.0
2021-03-11 14:27:58.0	Ana5 - 5: T.Raum	9999.9
2021-03-11 14:27:58.0	Ana9 - 9: T.Zuluft WRG warm	19.8
2021-03-11 14:28:08.0	Ana1 - 1: T.Au?en	14.3
2021-03-11 14:28:08.0	Ana2 - 2: T.Zuluft	18.5
2021-03-11 14:28:08.0	Ana3 - 3: T.Abluft	20.5
2021-03-11 14:28:08.0	Ana4 - 4: T.Fortluft	17.0
2021-03-11 14:28:08.0	Ana5 - 5: T.Raum	9999.9
2021-03-11 14:28:08.0	Ana9 - 9: T.Zuluft WRG warm	19.8
2021-03-11 14:28:18.0	Ana1 - 1: T.Au?en	14.2
2021-03-11 14:28:18.0	Ana2 - 2: T.Zuluft	18.5
2021-03-11 14:28:18.0	Ana3 - 3: T.Abluft	20.5
2021-03-11 14:28:18.0	Ana4 - 4: T.Fortluft	17.0
2021-03-11 14:28:18.0	Ana5 - 5: T.Raum	9999.9
2021-03-11 14:28:18.0	Ana9 - 9: T.Zuluft WRG warm	19.8
2021-03-11 14:28:28.0	Ana1 - 1: T.Au?en	14.2
2021-03-11 14:28:28.0	Ana2 - 2: T.Zuluft	18.5
2021-03-11 14:28:28.0	Ana3 - 3: T.Abluft	20.5
2021-03-11 14:28:28.0	Ana4 - 4: T.Fortluft	17.0
2021-03-11 14:28:28.0	Ana5 - 5: T.Raum	9999.9
2021-03-11 14:28:28.0	Ana9 - 9: T.Zuluft WRG warm	19.8
2021-03-11 14:28:38.0	Ana1 - 1: T.Au?en	14.2
2021-03-11 14:28:38.0	Ana2 - 2: T.Zuluft	18.5
2021-03-11 14:28:38.0	Ana3 - 3: T.Abluft	20.5
2021-03-11 14:28:38.0	Ana4 - 4: T.Fortluft	17.0
2021-03-11 14:28:38.0	Ana5 - 5: T.Raum	9999.9
2021-03-11 14:28:38.0	Ana9 - 9: T.Zuluft WRG warm	19.8
2021-03-11 14:28:48.0	Ana1 - 1: T.Au?en	14.2
2021-03-11 14:28:48.0	Ana2 - 2: T.Zuluft	18.5
2021-03-11 14:28:48.0	Ana3 - 3: T.Abluft	20.5
2021-03-11 14:28:48.0	Ana4 - 4: T.Fortluft	17.0
2021-03-11 14:28:48.0	Ana5 - 5: T.Raum	9999.9
2021-03-11 14:28:48.0	Ana9 - 9: T.Zuluft WRG warm	19.8
2021-03-11 14:28:58.0	Ana1 - 1: T.Au?en	14.2
2021-03-11 14:28:58.0	Ana2 - 2: T.Zuluft	18.5
2021-03-11 14:28:58.0	Ana3 - 3: T.Abluft	20.5
2021-03-11 14:28:58.0	Ana4 - 4: T.Fortluft	17.0
2021-03-11 14:28:58.0	Ana5 - 5: T.Raum	9999.9
2021-03-11 14:28:58.0	Ana9 - 9: T.Zuluft WRG warm	19.8
2021-03-11 14:29:08.0	Ana1 - 1: T.Au?en	14.3
2021-03-11 14:29:08.0	Ana2 - 2: T.Zuluft	18.5
2021-03-11 14:29:08.0	Ana3 - 3: T.Abluft	20.5
2021-03-11 14:29:08.0	Ana4 - 4: T.Fortluft	17.0
2021-03-11 14:29:08.0	Ana5 - 5: T.Raum	9999.9
2021-03-11 14:29:08.0	Ana9 - 9: T.Zuluft WRG warm	19.8
2021-03-11 14:29:18.0	Ana1 - 1: T.Au?en	14.3
2021-03-11 14:29:18.0	Ana2 - 2: T.Zuluft	18.5
2021-03-11 14:29:18.0	Ana3 - 3: T.Abluft	20.5
2021-03-11 14:29:18.0	Ana4 - 4: T.Fortluft	17.0
2021-03-11 14:29:18.0	Ana5 - 5: T.Raum	9999.9
2021-03-11 14:29:18.0	Ana9 - 9: T.Zuluft WRG warm	19.8
2021-03-11 14:29:28.0	Ana1 - 1: T.Au?en	14.2
2021-03-11 14:29:28.0	Ana2 - 2: T.Zuluft	18.5
2021-03-11 14:29:28.0	Ana3 - 3: T.Abluft	20.5
2021-03-11 14:29:28.0	Ana4 - 4: T.Fortluft	17.0
2021-03-11 14:29:28.0	Ana5 - 5: T.Raum	9999.9
2021-03-11 14:29:28.0	Ana9 - 9: T.Zuluft WRG warm	19.8
2021-03-11 14:29:38.0	Ana1 - 1: T.Au?en	14.2
2021-03-11 14:29:38.0	Ana2 - 2: T.Zuluft	18.5
2021-03-11 14:29:38.0	Ana3 - 3: T.Abluft	20.5
2021-03-11 14:29:38.0	Ana4 - 4: T.Fortluft	17.0
2021-03-11 14:29:38.0	Ana5 - 5: T.Raum	9999.9
2021-03-11 14:29:38.0	Ana9 - 9: T.Zuluft WRG warm	19.8
2021-03-11 14:29:48.0	Ana1 - 1: T.Au?en	14.2
2021-03-11 14:29:48.0	Ana2 - 2: T.Zuluft	18.5
2021-03-11 14:29:48.0	Ana3 - 3: T.Abluft	20.5
2021-03-11 14:29:48.0	Ana4 - 4: T.Fortluft	17.0
2021-03-11 14:29:48.0	Ana5 - 5: T.Raum	9999.9
2021-03-11 14:29:48.0	Ana9 - 9: T.Zuluft WRG warm	19.8
2021-03-11 14:29:58.0	Ana1 - 1: T.Au?en	14.2
2021-03-11 14:29:58.0	Ana2 - 2: T.Zuluft	18.5
2021-03-11 14:29:58.0	Ana3 - 3: T.Abluft	20.5
2021-03-11 14:29:58.0	Ana4 - 4: T.Fortluft	17.0
2021-03-11 14:29:58.0	Ana5 - 5: T.Raum	9999.9
2021-03-11 14:29:58.0	Ana9 - 9: T.Zuluft WRG warm	19.8
2021-03-11 14:30:08.0	Ana1 - 1: T.Au?en	14.2
2021-03-11 14:30:08.0	Ana2 - 2: T.Zuluft	18.5
2021-03-11 14:30:08.0	Ana3 - 3: T.Abluft	20.5
2021-03-11 14:30:08.0	Ana4 - 4: T.Fortluft	17.0
2021-03-11 14:30:08.0	Ana5 - 5: T.Raum	9999.9
2021-03-11 14:30:08.0	Ana9 - 9: T.Zuluft WRG warm	19.8
2021-03-11 14:30:18.0	Ana1 - 1: T.Au?en	14.1
2021-03-11 14:30:18.0	Ana2 - 2: T.Zuluft	18.5
2021-03-11 14:30:18.0	Ana3 - 3: T.Abluft	20.5
2021-03-11 14:30:18.0	Ana4 - 4: T.Fortluft	17.0
2021-03-11 14:30:18.0	Ana5 - 5: T.Raum	9999.9
2021-03-11 14:30:18.0	Ana9 - 9: T.Zuluft WRG warm	19.8
2021-03-11 14:30:28.0	Ana1 - 1: T.Au?en	14.1
2021-03-11 14:30:28.0	Ana2 - 2: T.Zuluft	18.5
2021-03-11 14:30:28.0	Ana3 - 3: T.Abluft	20.5
2021-03-11 14:30:28.0	Ana4 - 4: T.Fortluft	17.0
2021-03-11 14:30:28.0	Ana5 - 5: T.Raum	9999.9
2021-03-11 14:30:28.0	Ana9 - 9: T.Zuluft WRG warm	19.8
2021-03-11 14:30:38.0	Ana1 - 1: T.Au?en	14.1
2021-03-11 14:30:38.0	Ana2 - 2: T.Zuluft	18.5
2021-03-11 14:30:38.0	Ana3 - 3: T.Abluft	20.5
2021-03-11 14:30:38.0	Ana4 - 4: T.Fortluft	17.0
2021-03-11 14:30:38.0	Ana5 - 5: T.Raum	9999.9
2021-03-11 14:30:38.0	Ana9 - 9: T.Zuluft WRG warm	19.8
2021-03-11 14:30:48.0	Ana1 - 1: T.Au?en	14.1
2021-03-11 14:30:48.0	Ana2 - 2: T.Zuluft	18.5
2021-03-11 14:30:48.0	Ana3 - 3: T.Abluft	20.5
2021-03-11 14:30:48.0	Ana4 - 4: T.Fortluft	17.0
2021-03-11 14:30:48.0	Ana5 - 5: T.Raum	9999.9
2021-03-11 14:30:48.0	Ana9 - 9: T.Zuluft WRG warm	19.8
2021-03-11 14:30:58.0	Ana1 - 1: T.Au?en	14.1
2021-03-11 14:30:58.0	Ana2 - 2: T.Zuluft	18.5
2021-03-11 14:30:58.0	Ana3 - 3: T.Abluft	20.5
2021-03-11 14:30:58.0	Ana4 - 4: T.Fortluft	17.0
2021-03-11 14:30:58.0	Ana5 - 5: T.Raum	9999.9
2021-03-11 14:30:58.0	Ana9 - 9: T.Zuluft WRG warm	19.8
2021-03-11 14:31:08.0	Ana1 - 1: T.Au?en	14.1
2021-03-11 14:31:08.0	Ana2 - 2: T.Zuluft	18.5
2021-03-11 14:31:08.0	Ana3 - 3: T.Abluft	20.5
2021-03-11 14:31:08.0	Ana4 - 4: T.Fortluft	17.0
2021-03-11 14:31:08.0	Ana5 - 5: T.Raum	9999.9
2021-03-11 14:31:08.0	Ana9 - 9: T.Zuluft WRG warm	19.8
2021-03-11 14:31:18.0	Ana1 - 1: T.Au?en	14.2
2021-03-11 14:31:18.0	Ana2 - 2: T.Zuluft	18.5
2021-03-11 14:31:18.0	Ana3 - 3: T.Abluft	20.5
2021-03-11 14:31:18.0	Ana4 - 4: T.Fortluft	17.0
2021-03-11 14:31:18.0	Ana5 - 5: T.Raum	9999.9
2021-03-11 14:31:18.0	Ana9 - 9: T.Zuluft WRG warm	19.8
2021-03-11 14:31:28.0	Ana1 - 1: T.Au?en	14.2
2021-03-11 14:31:28.0	Ana2 - 2: T.Zuluft	18.5
2021-03-11 14:31:28.0	Ana3 - 3: T.Abluft	20.5
2021-03-11 14:31:28.0	Ana4 - 4: T.Fortluft	17.0
2021-03-11 14:31:28.0	Ana5 - 5: T.Raum	9999.9
2021-03-11 14:31:28.0	Ana9 - 9: T.Zuluft WRG warm	19.8
2021-03-11 14:31:38.0	Ana1 - 1: T.Au?en	14.2
2021-03-11 14:31:38.0	Ana2 - 2: T.Zuluft	18.5
2021-03-11 14:31:38.0	Ana3 - 3: T.Abluft	20.5
2021-03-11 14:31:38.0	Ana4 - 4: T.Fortluft	17.0
2021-03-11 14:31:38.0	Ana5 - 5: T.Raum	9999.9
2021-03-11 14:31:38.0	Ana9 - 9: T.Zuluft WRG warm	19.8
2021-03-11 14:31:48.0	Ana1 - 1: T.Au?en	14.3
2021-03-11 14:31:48.0	Ana2 - 2: T.Zuluft	18.5
2021-03-11 14:31:48.0	Ana3 - 3: T.Abluft	20.5
2021-03-11 14:31:48.0	Ana4 - 4: T.Fortluft	17.0
2021-03-11 14:31:48.0	Ana5 - 5: T.Raum	9999.9
2021-03-11 14:31:48.0	Ana9 - 9: T.Zuluft WRG warm	19.8
2021-03-11 14:31:58.0	Ana1 - 1: T.Au?en	14.3
2021-03-11 14:31:58.0	Ana2 - 2: T.Zuluft	18.5
2021-03-11 14:31:58.0	Ana3 - 3: T.Abluft	20.5
2021-03-11 14:31:58.0	Ana4 - 4: T.Fortluft	17.0
2021-03-11 14:31:58.0	Ana5 - 5: T.Raum	9999.9
2021-03-11 14:31:58.0	Ana9 - 9: T.Zuluft WRG warm	19.8
2021-03-11 14:32:08.0	Ana1 - 1: T.Au?en	14.3
2021-03-11 14:32:08.0	Ana2 - 2: T.Zuluft	18.5
2021-03-11 14:32:08.0	Ana3 - 3: T.Abluft	20.5
2021-03-11 14:32:08.0	Ana4 - 4: T.Fortluft	17.0
2021-03-11 14:32:08.0	Ana5 - 5: T.Raum	9999.9
2021-03-11 14:32:08.0	Ana9 - 9: T.Zuluft WRG warm	19.8
2021-03-11 14:32:18.0	Ana1 - 1: T.Au?en	14.2
2021-03-11 14:32:18.0	Ana2 - 2: T.Zuluft	18.5
2021-03-11 14:32:18.0	Ana3 - 3: T.Abluft	20.5
2021-03-11 14:32:18.0	Ana4 - 4: T.Fortluft	17.0
2021-03-11 14:32:18.0	Ana5 - 5: T.Raum	9999.9
2021-03-11 14:32:18.0	Ana9 - 9: T.Zuluft WRG warm	19.8
2021-03-11 14:32:28.0	Ana1 - 1: T.Au?en	14.2
2021-03-11 14:32:28.0	Ana2 - 2: T.Zuluft	18.5
2021-03-11 14:32:28.0	Ana3 - 3: T.Abluft	20.5
2021-03-11 14:32:28.0	Ana4 - 4: T.Fortluft	17.0
2021-03-11 14:32:28.0	Ana5 - 5: T.Raum	9999.9
2021-03-11 14:32:28.0	Ana9 - 9: T.Zuluft WRG warm	19.8
2021-03-11 14:32:38.0	Ana1 - 1: T.Au?en	14.3
2021-03-11 14:32:38.0	Ana2 - 2: T.Zuluft	18.5
2021-03-11 14:32:38.0	Ana3 - 3: T.Abluft	20.5
2021-03-11 14:32:38.0	Ana4 - 4: T.Fortluft	17.0
2021-03-11 14:32:38.0	Ana5 - 5: T.Raum	9999.9
2021-03-11 14:32:38.0	Ana9 - 9: T.Zuluft WRG warm	19.8
2021-03-11 14:32:48.0	Ana1 - 1: T.Au?en	14.3
2021-03-11 14:32:48.0	Ana2 - 2: T.Zuluft	18.5
2021-03-11 14:32:48.0	Ana3 - 3: T.Abluft	20.5
2021-03-11 14:32:48.0	Ana4 - 4: T.Fortluft	17.0
2021-03-11 14:32:48.0	Ana5 - 5: T.Raum	9999.9
2021-03-11 14:32:48.0	Ana9 - 9: T.Zuluft WRG warm	19.8
2021-03-11 14:32:58.0	Ana1 - 1: T.Au?en	14.3
2021-03-11 14:32:58.0	Ana2 - 2: T.Zuluft	18.5
2021-03-11 14:32:58.0	Ana3 - 3: T.Abluft	20.5
2021-03-11 14:32:58.0	Ana4 - 4: T.Fortluft	17.0
2021-03-11 14:32:58.0	Ana5 - 5: T.Raum	9999.9
2021-03-11 14:32:58.0	Ana9 - 9: T.Zuluft WRG warm	19.8
2021-03-11 14:33:08.0	Ana1 - 1: T.Au?en	14.2
2021-03-11 14:33:08.0	Ana2 - 2: T.Zuluft	18.5
2021-03-11 14:33:08.0	Ana3 - 3: T.Abluft	20.5
2021-03-11 14:33:08.0	Ana4 - 4: T.Fortluft	17.0
2021-03-11 14:33:08.0	Ana5 - 5: T.Raum	9999.9
2021-03-11 14:33:08.0	Ana9 - 9: T.Zuluft WRG warm	19.8
2021-03-11 14:33:18.0	Ana1 - 1: T.Au?en	14.2
2021-03-11 14:33:18.0	Ana2 - 2: T.Zuluft	18.5
2021-03-11 14:33:18.0	Ana3 - 3: T.Abluft	20.6
2021-03-11 14:33:18.0	Ana4 - 4: T.Fortluft	17.0
2021-03-11 14:33:18.0	Ana5 - 5: T.Raum	9999.9
2021-03-11 14:33:18.0	Ana9 - 9: T.Zuluft WRG warm	19.8
2021-03-11 14:33:28.0	Ana1 - 1: T.Au?en	14.2
2021-03-11 14:33:28.0	Ana2 - 2: T.Zuluft	18.5
2021-03-11 14:33:28.0	Ana3 - 3: T.Abluft	20.5
2021-03-11 14:33:28.0	Ana4 - 4: T.Fortluft	17.0
2021-03-11 14:33:28.0	Ana5 - 5: T.Raum	9999.9
2021-03-11 14:33:28.0	Ana9 - 9: T.Zuluft WRG warm	19.8
2021-03-11 14:33:38.0	Ana1 - 1: T.Au?en	14.2
2021-03-11 14:33:38.0	Ana2 - 2: T.Zuluft	18.5
2021-03-11 14:33:38.0	Ana3 - 3: T.Abluft	20.5
2021-03-11 14:33:38.0	Ana4 - 4: T.Fortluft	17.0
2021-03-11 14:33:38.0	Ana5 - 5: T.Raum	9999.9
2021-03-11 14:33:38.0	Ana9 - 9: T.Zuluft WRG warm	19.8
2021-03-11 14:33:48.0	Ana1 - 1: T.Au?en	14.2
2021-03-11 14:33:48.0	Ana2 - 2: T.Zuluft	18.5
2021-03-11 14:33:48.0	Ana3 - 3: T.Abluft	20.5
2021-03-11 14:33:48.0	Ana4 - 4: T.Fortluft	17.0
2021-03-11 14:33:48.0	Ana5 - 5: T.Raum	9999.9
2021-03-11 14:33:48.0	Ana9 - 9: T.Zuluft WRG warm	19.8
2021-03-11 14:33:58.0	Ana1 - 1: T.Au?en	14.1
2021-03-11 14:33:58.0	Ana2 - 2: T.Zuluft	18.5
2021-03-11 14:33:58.0	Ana3 - 3: T.Abluft	20.5
2021-03-11 14:33:58.0	Ana4 - 4: T.Fortluft	17.0
2021-03-11 14:33:58.0	Ana5 - 5: T.Raum	9999.9
2021-03-11 14:33:58.0	Ana9 - 9: T.Zuluft WRG warm	19.8
2021-03-11 14:34:08.0	Ana1 - 1: T.Au?en	14.1
2021-03-11 14:34:08.0	Ana2 - 2: T.Zuluft	18.6
2021-03-11 14:34:08.0	Ana3 - 3: T.Abluft	20.6
2021-03-11 14:34:08.0	Ana4 - 4: T.Fortluft	17.0
2021-03-11 14:34:08.0	Ana5 - 5: T.Raum	9999.9
2021-03-11 14:34:08.0	Ana9 - 9: T.Zuluft WRG warm	19.8
2021-03-11 14:34:18.0	Ana1 - 1: T.Au?en	14.1
2021-03-11 14:34:18.0	Ana2 - 2: T.Zuluft	18.5
2021-03-11 14:34:18.0	Ana3 - 3: T.Abluft	20.5
2021-03-11 14:34:18.0	Ana4 - 4: T.Fortluft	17.0
2021-03-11 14:34:18.0	Ana5 - 5: T.Raum	9999.9
2021-03-11 14:34:18.0	Ana9 - 9: T.Zuluft WRG warm	19.9
2021-03-11 14:34:28.0	Ana1 - 1: T.Au?en	14.2
2021-03-11 14:34:28.0	Ana2 - 2: T.Zuluft	18.5
2021-03-11 14:34:28.0	Ana3 - 3: T.Abluft	20.5
2021-03-11 14:34:28.0	Ana4 - 4: T.Fortluft	17.0
2021-03-11 14:34:28.0	Ana5 - 5: T.Raum	9999.9
2021-03-11 14:34:28.0	Ana9 - 9: T.Zuluft WRG warm	19.9
2021-03-11 14:34:38.0	Ana1 - 1: T.Au?en	14.2
2021-03-11 14:34:38.0	Ana2 - 2: T.Zuluft	18.5
2021-03-11 14:34:38.0	Ana3 - 3: T.Abluft	20.6
2021-03-11 14:34:38.0	Ana4 - 4: T.Fortluft	17.0
2021-03-11 14:34:38.0	Ana5 - 5: T.Raum	9999.9
2021-03-11 14:34:38.0	Ana9 - 9: T.Zuluft WRG warm	19.9
2021-03-11 14:34:48.0	Ana1 - 1: T.Au?en	14.2
2021-03-11 14:34:48.0	Ana2 - 2: T.Zuluft	18.5
2021-03-11 14:34:48.0	Ana3 - 3: T.Abluft	20.5
2021-03-11 14:34:48.0	Ana4 - 4: T.Fortluft	17.0
2021-03-11 14:34:48.0	Ana5 - 5: T.Raum	9999.9
2021-03-11 14:34:48.0	Ana9 - 9: T.Zuluft WRG warm	19.9
2021-03-11 14:34:58.0	Ana1 - 1: T.Au?en	14.2
2021-03-11 14:34:58.0	Ana2 - 2: T.Zuluft	18.5
2021-03-11 14:34:58.0	Ana3 - 3: T.Abluft	20.5
2021-03-11 14:34:58.0	Ana4 - 4: T.Fortluft	17.0
2021-03-11 14:34:58.0	Ana5 - 5: T.Raum	9999.9
2021-03-11 14:34:58.0	Ana9 - 9: T.Zuluft WRG warm	19.9
2021-03-11 14:35:08.0	Ana1 - 1: T.Au?en	14.2
2021-03-11 14:35:08.0	Ana2 - 2: T.Zuluft	18.5
2021-03-11 14:35:08.0	Ana3 - 3: T.Abluft	20.6
2021-03-11 14:35:08.0	Ana4 - 4: T.Fortluft	17.0
2021-03-11 14:35:08.0	Ana5 - 5: T.Raum	9999.9
2021-03-11 14:35:08.0	Ana9 - 9: T.Zuluft WRG warm	19.9
2021-03-11 14:35:18.0	Ana1 - 1: T.Au?en	14.2
2021-03-11 14:35:18.0	Ana2 - 2: T.Zuluft	18.5
2021-03-11 14:35:18.0	Ana3 - 3: T.Abluft	20.5
2021-03-11 14:35:18.0	Ana4 - 4: T.Fortluft	17.0
2021-03-11 14:35:18.0	Ana5 - 5: T.Raum	9999.9
2021-03-11 14:35:18.0	Ana9 - 9: T.Zuluft WRG warm	19.9
2021-03-11 14:35:28.0	Ana1 - 1: T.Au?en	14.3
2021-03-11 14:35:28.0	Ana2 - 2: T.Zuluft	18.5
2021-03-11 14:35:28.0	Ana3 - 3: T.Abluft	20.6
2021-03-11 14:35:28.0	Ana4 - 4: T.Fortluft	17.0
2021-03-11 14:35:28.0	Ana5 - 5: T.Raum	9999.9
2021-03-11 14:35:28.0	Ana9 - 9: T.Zuluft WRG warm	19.9
2021-03-11 14:35:38.0	Ana1 - 1: T.Au?en	14.3
2021-03-11 14:35:38.0	Ana2 - 2: T.Zuluft	18.5
2021-03-11 14:35:38.0	Ana3 - 3: T.Abluft	20.6
2021-03-11 14:35:38.0	Ana4 - 4: T.Fortluft	17.0
2021-03-11 14:35:38.0	Ana5 - 5: T.Raum	9999.9
2021-03-11 14:35:38.0	Ana9 - 9: T.Zuluft WRG warm	19.9
2021-03-11 14:35:48.0	Ana1 - 1: T.Au?en	14.4
2021-03-11 14:35:48.0	Ana2 - 2: T.Zuluft	18.5
2021-03-11 14:35:48.0	Ana3 - 3: T.Abluft	20.6
2021-03-11 14:35:48.0	Ana4 - 4: T.Fortluft	17.0
2021-03-11 14:35:48.0	Ana5 - 5: T.Raum	9999.9
2021-03-11 14:35:48.0	Ana9 - 9: T.Zuluft WRG warm	19.9
2021-03-11 14:35:58.0	Ana1 - 1: T.Au?en	14.4
2021-03-11 14:35:58.0	Ana2 - 2: T.Zuluft	18.5
2021-03-11 14:35:58.0	Ana3 - 3: T.Abluft	20.6
2021-03-11 14:35:58.0	Ana4 - 4: T.Fortluft	17.0
2021-03-11 14:35:58.0	Ana5 - 5: T.Raum	9999.9
2021-03-11 14:35:58.0	Ana9 - 9: T.Zuluft WRG warm	19.9
2021-03-11 14:36:08.0	Ana1 - 1: T.Au?en	14.3
2021-03-11 14:36:08.0	Ana2 - 2: T.Zuluft	18.5
2021-03-11 14:36:08.0	Ana3 - 3: T.Abluft	20.6
2021-03-11 14:36:08.0	Ana4 - 4: T.Fortluft	17.0
2021-03-11 14:36:08.0	Ana5 - 5: T.Raum	9999.9
2021-03-11 14:36:08.0	Ana9 - 9: T.Zuluft WRG warm	19.9
2021-03-11 14:36:18.0	Ana1 - 1: T.Au?en	14.3
2021-03-11 14:36:18.0	Ana2 - 2: T.Zuluft	18.5
2021-03-11 14:36:18.0	Ana3 - 3: T.Abluft	20.6
2021-03-11 14:36:18.0	Ana4 - 4: T.Fortluft	17.0
2021-03-11 14:36:18.0	Ana5 - 5: T.Raum	9999.9
2021-03-11 14:36:18.0	Ana9 - 9: T.Zuluft WRG warm	19.9
2021-03-11 14:36:28.0	Ana1 - 1: T.Au?en	14.3
2021-03-11 14:36:28.0	Ana2 - 2: T.Zuluft	18.5
2021-03-11 14:36:28.0	Ana3 - 3: T.Abluft	20.6
2021-03-11 14:36:28.0	Ana4 - 4: T.Fortluft	17.0
2021-03-11 14:36:28.0	Ana5 - 5: T.Raum	9999.9
2021-03-11 14:36:28.0	Ana9 - 9: T.Zuluft WRG warm	19.9
2021-03-11 14:36:38.0	Ana1 - 1: T.Au?en	14.3
2021-03-11 14:36:38.0	Ana2 - 2: T.Zuluft	18.5
2021-03-11 14:36:38.0	Ana3 - 3: T.Abluft	20.6
2021-03-11 14:36:38.0	Ana4 - 4: T.Fortluft	17.0
2021-03-11 14:36:38.0	Ana5 - 5: T.Raum	9999.9
2021-03-11 14:36:38.0	Ana9 - 9: T.Zuluft WRG warm	19.9
2021-03-11 14:36:48.0	Ana1 - 1: T.Au?en	14.3
2021-03-11 14:36:48.0	Ana2 - 2: T.Zuluft	18.5
2021-03-11 14:36:48.0	Ana3 - 3: T.Abluft	20.6
2021-03-11 14:36:48.0	Ana4 - 4: T.Fortluft	17.0
2021-03-11 14:36:48.0	Ana5 - 5: T.Raum	9999.9
2021-03-11 14:36:48.0	Ana9 - 9: T.Zuluft WRG warm	19.9
2021-03-11 14:36:58.0	Ana1 - 1: T.Au?en	14.2
2021-03-11 14:36:58.0	Ana2 - 2: T.Zuluft	18.6
2021-03-11 14:36:58.0	Ana3 - 3: T.Abluft	20.6
2021-03-11 14:36:58.0	Ana4 - 4: T.Fortluft	17.0
2021-03-11 14:36:58.0	Ana5 - 5: T.Raum	9999.9
2021-03-11 14:36:58.0	Ana9 - 9: T.Zuluft WRG warm	19.9
2021-03-11 14:37:08.0	Ana1 - 1: T.Au?en	14.2
2021-03-11 14:37:08.0	Ana2 - 2: T.Zuluft	18.6
2021-03-11 14:37:08.0	Ana3 - 3: T.Abluft	20.6
2021-03-11 14:37:08.0	Ana4 - 4: T.Fortluft	17.0
2021-03-11 14:37:08.0	Ana5 - 5: T.Raum	9999.9
2021-03-11 14:37:08.0	Ana9 - 9: T.Zuluft WRG warm	19.9
2021-03-11 14:37:18.0	Ana1 - 1: T.Au?en	14.1
2021-03-11 14:37:18.0	Ana2 - 2: T.Zuluft	18.5
2021-03-11 14:37:18.0	Ana3 - 3: T.Abluft	20.6
2021-03-11 14:37:18.0	Ana4 - 4: T.Fortluft	17.0
2021-03-11 14:37:18.0	Ana5 - 5: T.Raum	9999.9
2021-03-11 14:37:18.0	Ana9 - 9: T.Zuluft WRG warm	19.9
2021-03-11 14:37:28.0	Ana1 - 1: T.Au?en	14.1
2021-03-11 14:37:28.0	Ana2 - 2: T.Zuluft	18.6
2021-03-11 14:37:28.0	Ana3 - 3: T.Abluft	20.6
2021-03-11 14:37:28.0	Ana4 - 4: T.Fortluft	17.0
2021-03-11 14:37:28.0	Ana5 - 5: T.Raum	9999.9
2021-03-11 14:37:28.0	Ana9 - 9: T.Zuluft WRG warm	19.9
2021-03-11 14:37:38.0	Ana1 - 1: T.Au?en	14.1
2021-03-11 14:37:38.0	Ana2 - 2: T.Zuluft	18.6
2021-03-11 14:37:38.0	Ana3 - 3: T.Abluft	20.6
2021-03-11 14:37:38.0	Ana4 - 4: T.Fortluft	17.0
2021-03-11 14:37:38.0	Ana5 - 5: T.Raum	9999.9
2021-03-11 14:37:38.0	Ana9 - 9: T.Zuluft WRG warm	19.9
2021-03-11 14:37:48.0	Ana1 - 1: T.Au?en	14.1
2021-03-11 14:37:48.0	Ana2 - 2: T.Zuluft	18.6
2021-03-11 14:37:48.0	Ana3 - 3: T.Abluft	20.6
2021-03-11 14:37:48.0	Ana4 - 4: T.Fortluft	17.0
2021-03-11 14:37:48.0	Ana5 - 5: T.Raum	9999.9
2021-03-11 14:37:48.0	Ana9 - 9: T.Zuluft WRG warm	19.9
2021-03-11 14:37:58.0	Ana1 - 1: T.Au?en	14.1
2021-03-11 14:37:58.0	Ana2 - 2: T.Zuluft	18.5
2021-03-11 14:37:58.0	Ana3 - 3: T.Abluft	20.6
2021-03-11 14:37:58.0	Ana4 - 4: T.Fortluft	17.0
2021-03-11 14:37:58.0	Ana5 - 5: T.Raum	9999.9
2021-03-11 14:37:58.0	Ana9 - 9: T.Zuluft WRG warm	19.9
2021-03-11 14:38:08.0	Ana1 - 1: T.Au?en	14.0
2021-03-11 14:38:08.0	Ana2 - 2: T.Zuluft	18.5
2021-03-11 14:38:08.0	Ana3 - 3: T.Abluft	20.6
2021-03-11 14:38:08.0	Ana4 - 4: T.Fortluft	17.0
2021-03-11 14:38:08.0	Ana5 - 5: T.Raum	9999.9
2021-03-11 14:38:08.0	Ana9 - 9: T.Zuluft WRG warm	19.9
2021-03-11 14:38:18.0	Ana1 - 1: T.Au?en	14.0
2021-03-11 14:38:18.0	Ana2 - 2: T.Zuluft	18.5
2021-03-11 14:38:18.0	Ana3 - 3: T.Abluft	20.6
2021-03-11 14:38:18.0	Ana4 - 4: T.Fortluft	17.0
2021-03-11 14:38:18.0	Ana5 - 5: T.Raum	9999.9
2021-03-11 14:38:18.0	Ana9 - 9: T.Zuluft WRG warm	19.9
2021-03-11 14:38:28.0	Ana1 - 1: T.Au?en	14.1
2021-03-11 14:38:28.0	Ana2 - 2: T.Zuluft	18.6
2021-03-11 14:38:28.0	Ana3 - 3: T.Abluft	20.6
2021-03-11 14:38:28.0	Ana4 - 4: T.Fortluft	17.0
2021-03-11 14:38:28.0	Ana5 - 5: T.Raum	9999.9
2021-03-11 14:38:28.0	Ana9 - 9: T.Zuluft WRG warm	19.9
2021-03-11 14:38:38.0	Ana1 - 1: T.Au?en	14.0
2021-03-11 14:38:38.0	Ana2 - 2: T.Zuluft	18.6
2021-03-11 14:38:38.0	Ana3 - 3: T.Abluft	20.6
2021-03-11 14:38:38.0	Ana4 - 4: T.Fortluft	17.0
2021-03-11 14:38:38.0	Ana5 - 5: T.Raum	9999.9
2021-03-11 14:38:38.0	Ana9 - 9: T.Zuluft WRG warm	19.9
2021-03-11 14:38:48.0	Ana1 - 1: T.Au?en	14.0
2021-03-11 14:38:48.0	Ana2 - 2: T.Zuluft	18.6
2021-03-11 14:38:48.0	Ana3 - 3: T.Abluft	20.6
2021-03-11 14:38:48.0	Ana4 - 4: T.Fortluft	17.0
2021-03-11 14:38:48.0	Ana5 - 5: T.Raum	9999.9
2021-03-11 14:38:48.0	Ana9 - 9: T.Zuluft WRG warm	19.9
2021-03-11 14:38:58.0	Ana1 - 1: T.Au?en	14.0
2021-03-11 14:38:58.0	Ana2 - 2: T.Zuluft	18.6
2021-03-11 14:38:58.0	Ana3 - 3: T.Abluft	20.6
2021-03-11 14:38:58.0	Ana4 - 4: T.Fortluft	17.0
2021-03-11 14:38:58.0	Ana5 - 5: T.Raum	9999.9
2021-03-11 14:38:58.0	Ana9 - 9: T.Zuluft WRG warm	19.9
2021-03-11 14:39:08.0	Ana1 - 1: T.Au?en	14.1
2021-03-11 14:39:08.0	Ana2 - 2: T.Zuluft	18.6
2021-03-11 14:39:08.0	Ana3 - 3: T.Abluft	20.6
2021-03-11 14:39:08.0	Ana4 - 4: T.Fortluft	17.0
2021-03-11 14:39:08.0	Ana5 - 5: T.Raum	9999.9
2021-03-11 14:39:08.0	Ana9 - 9: T.Zuluft WRG warm	19.9
2021-03-11 14:39:18.0	Ana1 - 1: T.Au?en	14.1
2021-03-11 14:39:18.0	Ana2 - 2: T.Zuluft	18.6
2021-03-11 14:39:18.0	Ana3 - 3: T.Abluft	20.6
2021-03-11 14:39:18.0	Ana4 - 4: T.Fortluft	17.0
2021-03-11 14:39:18.0	Ana5 - 5: T.Raum	9999.9
2021-03-11 14:39:18.0	Ana9 - 9: T.Zuluft WRG warm	19.9
2021-03-11 14:39:28.0	Ana1 - 1: T.Au?en	14.1
2021-03-11 14:39:28.0	Ana2 - 2: T.Zuluft	18.6
2021-03-11 14:39:28.0	Ana3 - 3: T.Abluft	20.6
2021-03-11 14:39:28.0	Ana4 - 4: T.Fortluft	17.0
2021-03-11 14:39:28.0	Ana5 - 5: T.Raum	9999.9
2021-03-11 14:39:28.0	Ana9 - 9: T.Zuluft WRG warm	19.9
2021-03-11 14:39:38.0	Ana1 - 1: T.Au?en	14.1
2021-03-11 14:39:38.0	Ana2 - 2: T.Zuluft	18.5
2021-03-11 14:39:38.0	Ana3 - 3: T.Abluft	20.6
2021-03-11 14:39:38.0	Ana4 - 4: T.Fortluft	17.0
2021-03-11 14:39:38.0	Ana5 - 5: T.Raum	9999.9
2021-03-11 14:39:38.0	Ana9 - 9: T.Zuluft WRG warm	19.9
2021-03-11 14:39:48.0	Ana1 - 1: T.Au?en	14.1
2021-03-11 14:39:48.0	Ana2 - 2: T.Zuluft	18.6
2021-03-11 14:39:48.0	Ana3 - 3: T.Abluft	20.6
2021-03-11 14:39:48.0	Ana4 - 4: T.Fortluft	17.0
2021-03-11 14:39:48.0	Ana5 - 5: T.Raum	9999.9
2021-03-11 14:39:48.0	Ana9 - 9: T.Zuluft WRG warm	19.9
2021-03-11 14:39:58.0	Ana1 - 1: T.Au?en	14.1
2021-03-11 14:39:58.0	Ana2 - 2: T.Zuluft	18.6
2021-03-11 14:39:58.0	Ana3 - 3: T.Abluft	20.6
2021-03-11 14:39:58.0	Ana4 - 4: T.Fortluft	17.0
2021-03-11 14:39:58.0	Ana5 - 5: T.Raum	9999.9
2021-03-11 14:39:58.0	Ana9 - 9: T.Zuluft WRG warm	19.9
2021-03-11 14:40:08.0	Ana1 - 1: T.Au?en	14.1
2021-03-11 14:40:08.0	Ana2 - 2: T.Zuluft	18.6
2021-03-11 14:40:08.0	Ana3 - 3: T.Abluft	20.6
2021-03-11 14:40:08.0	Ana4 - 4: T.Fortluft	17.0
2021-03-11 14:40:08.0	Ana5 - 5: T.Raum	9999.9
2021-03-11 14:40:08.0	Ana9 - 9: T.Zuluft WRG warm	19.9
2021-03-11 14:40:18.0	Ana1 - 1: T.Au?en	14.1
2021-03-11 14:40:18.0	Ana2 - 2: T.Zuluft	18.6
2021-03-11 14:40:18.0	Ana3 - 3: T.Abluft	20.6
2021-03-11 14:40:18.0	Ana4 - 4: T.Fortluft	17.0
2021-03-11 14:40:18.0	Ana5 - 5: T.Raum	9999.9
2021-03-11 14:40:18.0	Ana9 - 9: T.Zuluft WRG warm	19.9
2021-03-11 14:40:28.0	Ana1 - 1: T.Au?en	14.1
2021-03-11 14:40:28.0	Ana2 - 2: T.Zuluft	18.6
2021-03-11 14:40:28.0	Ana3 - 3: T.Abluft	20.6
2021-03-11 14:40:28.0	Ana4 - 4: T.Fortluft	17.0
2021-03-11 14:40:28.0	Ana5 - 5: T.Raum	9999.9
2021-03-11 14:40:28.0	Ana9 - 9: T.Zuluft WRG warm	19.9
2021-03-11 14:40:38.0	Ana1 - 1: T.Au?en	14.0
2021-03-11 14:40:38.0	Ana2 - 2: T.Zuluft	18.6
2021-03-11 14:40:38.0	Ana3 - 3: T.Abluft	20.6
2021-03-11 14:40:38.0	Ana4 - 4: T.Fortluft	17.0
2021-03-11 14:40:38.0	Ana5 - 5: T.Raum	9999.9
2021-03-11 14:40:38.0	Ana9 - 9: T.Zuluft WRG warm	19.9
2021-03-11 14:40:48.0	Ana1 - 1: T.Au?en	13.9
2021-03-11 14:40:48.0	Ana2 - 2: T.Zuluft	18.5
2021-03-11 14:40:48.0	Ana3 - 3: T.Abluft	20.6
2021-03-11 14:40:48.0	Ana4 - 4: T.Fortluft	17.0
2021-03-11 14:40:48.0	Ana5 - 5: T.Raum	9999.9
2021-03-11 14:40:48.0	Ana9 - 9: T.Zuluft WRG warm	19.9
2021-03-11 14:40:58.0	Ana1 - 1: T.Au?en	13.9
2021-03-11 14:40:58.0	Ana2 - 2: T.Zuluft	18.5
2021-03-11 14:40:58.0	Ana3 - 3: T.Abluft	20.6
2021-03-11 14:40:58.0	Ana4 - 4: T.Fortluft	17.0
2021-03-11 14:40:58.0	Ana5 - 5: T.Raum	9999.9
2021-03-11 14:40:58.0	Ana9 - 9: T.Zuluft WRG warm	19.9
2021-03-11 14:41:08.0	Ana1 - 1: T.Au?en	13.9
2021-03-11 14:41:08.0	Ana2 - 2: T.Zuluft	18.6
2021-03-11 14:41:08.0	Ana3 - 3: T.Abluft	20.6
2021-03-11 14:41:08.0	Ana4 - 4: T.Fortluft	17.0
2021-03-11 14:41:08.0	Ana5 - 5: T.Raum	9999.9
2021-03-11 14:41:08.0	Ana9 - 9: T.Zuluft WRG warm	19.9
2021-03-11 14:41:18.0	Ana1 - 1: T.Au?en	13.9
2021-03-11 14:41:18.0	Ana2 - 2: T.Zuluft	18.6
2021-03-11 14:41:18.0	Ana3 - 3: T.Abluft	20.6
2021-03-11 14:41:18.0	Ana4 - 4: T.Fortluft	17.0
2021-03-11 14:41:18.0	Ana5 - 5: T.Raum	9999.9
2021-03-11 14:41:18.0	Ana9 - 9: T.Zuluft WRG warm	19.9
2021-03-11 14:41:28.0	Ana1 - 1: T.Au?en	13.9
2021-03-11 14:41:28.0	Ana2 - 2: T.Zuluft	18.6
2021-03-11 14:41:28.0	Ana3 - 3: T.Abluft	20.6
2021-03-11 14:41:28.0	Ana4 - 4: T.Fortluft	17.0
2021-03-11 14:41:28.0	Ana5 - 5: T.Raum	9999.9
2021-03-11 14:41:28.0	Ana9 - 9: T.Zuluft WRG warm	19.9
2021-03-11 14:41:38.0	Ana1 - 1: T.Au?en	13.9
2021-03-11 14:41:38.0	Ana2 - 2: T.Zuluft	18.6
2021-03-11 14:41:38.0	Ana3 - 3: T.Abluft	20.6
2021-03-11 14:41:38.0	Ana4 - 4: T.Fortluft	17.0
2021-03-11 14:41:38.0	Ana5 - 5: T.Raum	9999.9
2021-03-11 14:41:38.0	Ana9 - 9: T.Zuluft WRG warm	19.9
2021-03-11 14:41:48.0	Ana1 - 1: T.Au?en	13.9
2021-03-11 14:41:48.0	Ana2 - 2: T.Zuluft	18.6
2021-03-11 14:41:48.0	Ana3 - 3: T.Abluft	20.6
2021-03-11 14:41:48.0	Ana4 - 4: T.Fortluft	17.0
2021-03-11 14:41:48.0	Ana5 - 5: T.Raum	9999.9
2021-03-11 14:41:48.0	Ana9 - 9: T.Zuluft WRG warm	19.9
2021-03-11 14:41:58.0	Ana1 - 1: T.Au?en	13.9
2021-03-11 14:41:58.0	Ana2 - 2: T.Zuluft	18.6
2021-03-11 14:41:58.0	Ana3 - 3: T.Abluft	20.6
2021-03-11 14:41:58.0	Ana4 - 4: T.Fortluft	17.0
2021-03-11 14:41:58.0	Ana5 - 5: T.Raum	9999.9
2021-03-11 14:41:58.0	Ana9 - 9: T.Zuluft WRG warm	19.9
2021-03-11 14:42:08.0	Ana1 - 1: T.Au?en	14.0
2021-03-11 14:42:08.0	Ana2 - 2: T.Zuluft	18.6
2021-03-11 14:42:08.0	Ana3 - 3: T.Abluft	20.6
2021-03-11 14:42:08.0	Ana4 - 4: T.Fortluft	17.0
2021-03-11 14:42:08.0	Ana5 - 5: T.Raum	9999.9
2021-03-11 14:42:08.0	Ana9 - 9: T.Zuluft WRG warm	19.9
2021-03-11 14:42:18.0	Ana1 - 1: T.Au?en	14.1
2021-03-11 14:42:18.0	Ana2 - 2: T.Zuluft	18.5
2021-03-11 14:42:18.0	Ana3 - 3: T.Abluft	20.6
2021-03-11 14:42:18.0	Ana4 - 4: T.Fortluft	17.0
2021-03-11 14:42:18.0	Ana5 - 5: T.Raum	9999.9
2021-03-11 14:42:18.0	Ana9 - 9: T.Zuluft WRG warm	19.9
2021-03-11 14:42:28.0	Ana1 - 1: T.Au?en	14.2
2021-03-11 14:42:28.0	Ana2 - 2: T.Zuluft	18.5
2021-03-11 14:42:28.0	Ana3 - 3: T.Abluft	20.6
2021-03-11 14:42:28.0	Ana4 - 4: T.Fortluft	17.0
2021-03-11 14:42:28.0	Ana5 - 5: T.Raum	9999.9
2021-03-11 14:42:28.0	Ana9 - 9: T.Zuluft WRG warm	19.9
2021-03-11 14:42:38.0	Ana1 - 1: T.Au?en	14.2
2021-03-11 14:42:38.0	Ana2 - 2: T.Zuluft	18.6
2021-03-11 14:42:38.0	Ana3 - 3: T.Abluft	20.6
2021-03-11 14:42:38.0	Ana4 - 4: T.Fortluft	17.0
2021-03-11 14:42:38.0	Ana5 - 5: T.Raum	9999.9
2021-03-11 14:42:38.0	Ana9 - 9: T.Zuluft WRG warm	19.9
2021-03-11 14:42:48.0	Ana1 - 1: T.Au?en	14.2
2021-03-11 14:42:48.0	Ana2 - 2: T.Zuluft	18.5
2021-03-11 14:42:48.0	Ana3 - 3: T.Abluft	20.6
2021-03-11 14:42:48.0	Ana4 - 4: T.Fortluft	17.0
2021-03-11 14:42:48.0	Ana5 - 5: T.Raum	9999.9
2021-03-11 14:42:48.0	Ana9 - 9: T.Zuluft WRG warm	19.9
2021-03-11 14:42:58.0	Ana1 - 1: T.Au?en	14.2
2021-03-11 14:42:58.0	Ana2 - 2: T.Zuluft	18.6
2021-03-11 14:42:58.0	Ana3 - 3: T.Abluft	20.6
2021-03-11 14:42:58.0	Ana4 - 4: T.Fortluft	17.0
2021-03-11 14:42:58.0	Ana5 - 5: T.Raum	9999.9
2021-03-11 14:42:58.0	Ana9 - 9: T.Zuluft WRG warm	19.9
2021-03-11 14:43:08.0	Ana1 - 1: T.Au?en	14.2
2021-03-11 14:43:08.0	Ana2 - 2: T.Zuluft	18.6
2021-03-11 14:43:08.0	Ana3 - 3: T.Abluft	20.6
2021-03-11 14:43:08.0	Ana4 - 4: T.Fortluft	17.0
2021-03-11 14:43:08.0	Ana5 - 5: T.Raum	9999.9
2021-03-11 14:43:08.0	Ana9 - 9: T.Zuluft WRG warm	19.9
2021-03-11 14:43:18.0	Ana1 - 1: T.Au?en	14.3
2021-03-11 14:43:18.0	Ana2 - 2: T.Zuluft	18.6
2021-03-11 14:43:18.0	Ana3 - 3: T.Abluft	20.6
2021-03-11 14:43:18.0	Ana4 - 4: T.Fortluft	17.0
2021-03-11 14:43:18.0	Ana5 - 5: T.Raum	9999.9
2021-03-11 14:43:18.0	Ana9 - 9: T.Zuluft WRG warm	19.9
2021-03-11 14:43:28.0	Ana1 - 1: T.Au?en	14.3
2021-03-11 14:43:28.0	Ana2 - 2: T.Zuluft	18.6
2021-03-11 14:43:28.0	Ana3 - 3: T.Abluft	20.6
2021-03-11 14:43:28.0	Ana4 - 4: T.Fortluft	17.0
2021-03-11 14:43:28.0	Ana5 - 5: T.Raum	9999.9
2021-03-11 14:43:28.0	Ana9 - 9: T.Zuluft WRG warm	19.9
2021-03-11 14:43:38.0	Ana1 - 1: T.Au?en	14.3
2021-03-11 14:43:38.0	Ana2 - 2: T.Zuluft	18.6
2021-03-11 14:43:38.0	Ana3 - 3: T.Abluft	20.6
2021-03-11 14:43:38.0	Ana4 - 4: T.Fortluft	17.0
2021-03-11 14:43:38.0	Ana5 - 5: T.Raum	9999.9
2021-03-11 14:43:38.0	Ana9 - 9: T.Zuluft WRG warm	19.9
2021-03-11 14:43:48.0	Ana1 - 1: T.Au?en	14.4
2021-03-11 14:43:48.0	Ana2 - 2: T.Zuluft	18.6
2021-03-11 14:43:48.0	Ana3 - 3: T.Abluft	20.6
2021-03-11 14:43:48.0	Ana4 - 4: T.Fortluft	17.0
2021-03-11 14:43:48.0	Ana5 - 5: T.Raum	9999.9
2021-03-11 14:43:48.0	Ana9 - 9: T.Zuluft WRG warm	19.9
2021-03-11 14:43:58.0	Ana1 - 1: T.Au?en	14.4
2021-03-11 14:43:58.0	Ana2 - 2: T.Zuluft	18.6
2021-03-11 14:43:58.0	Ana3 - 3: T.Abluft	20.6
2021-03-11 14:43:58.0	Ana4 - 4: T.Fortluft	17.0
2021-03-11 14:43:58.0	Ana5 - 5: T.Raum	9999.9
2021-03-11 14:43:58.0	Ana9 - 9: T.Zuluft WRG warm	19.9
2021-03-11 14:44:08.0	Ana1 - 1: T.Au?en	14.4
2021-03-11 14:44:08.0	Ana2 - 2: T.Zuluft	18.6
2021-03-11 14:44:08.0	Ana3 - 3: T.Abluft	20.6
2021-03-11 14:44:08.0	Ana4 - 4: T.Fortluft	17.0
2021-03-11 14:44:08.0	Ana5 - 5: T.Raum	9999.9
2021-03-11 14:44:08.0	Ana9 - 9: T.Zuluft WRG warm	19.9
2021-03-11 14:44:18.0	Ana1 - 1: T.Au?en	14.3
2021-03-11 14:44:18.0	Ana2 - 2: T.Zuluft	18.6
2021-03-11 14:44:18.0	Ana3 - 3: T.Abluft	20.6
2021-03-11 14:44:18.0	Ana4 - 4: T.Fortluft	17.0
2021-03-11 14:44:18.0	Ana5 - 5: T.Raum	9999.9
2021-03-11 14:44:18.0	Ana9 - 9: T.Zuluft WRG warm	19.9
2021-03-11 14:44:28.0	Ana1 - 1: T.Au?en	14.3
2021-03-11 14:44:28.0	Ana2 - 2: T.Zuluft	18.6
2021-03-11 14:44:28.0	Ana3 - 3: T.Abluft	20.6
2021-03-11 14:44:28.0	Ana4 - 4: T.Fortluft	17.0
2021-03-11 14:44:28.0	Ana5 - 5: T.Raum	9999.9
2021-03-11 14:44:28.0	Ana9 - 9: T.Zuluft WRG warm	19.9
2021-03-11 14:44:38.0	Ana1 - 1: T.Au?en	14.3
2021-03-11 14:44:38.0	Ana2 - 2: T.Zuluft	18.5
2021-03-11 14:44:38.0	Ana3 - 3: T.Abluft	20.6
2021-03-11 14:44:38.0	Ana4 - 4: T.Fortluft	17.0
2021-03-11 14:44:38.0	Ana5 - 5: T.Raum	9999.9
2021-03-11 14:44:38.0	Ana9 - 9: T.Zuluft WRG warm	19.9
2021-03-11 14:44:48.0	Ana1 - 1: T.Au?en	14.4
2021-03-11 14:44:48.0	Ana2 - 2: T.Zuluft	18.6
2021-03-11 14:44:48.0	Ana3 - 3: T.Abluft	20.6
2021-03-11 14:44:48.0	Ana4 - 4: T.Fortluft	17.0
2021-03-11 14:44:48.0	Ana5 - 5: T.Raum	9999.9
2021-03-11 14:44:48.0	Ana9 - 9: T.Zuluft WRG warm	19.9
2021-03-11 14:44:58.0	Ana1 - 1: T.Au?en	14.4
2021-03-11 14:44:58.0	Ana2 - 2: T.Zuluft	18.6
2021-03-11 14:44:58.0	Ana3 - 3: T.Abluft	20.6
2021-03-11 14:44:58.0	Ana4 - 4: T.Fortluft	17.0
2021-03-11 14:44:58.0	Ana5 - 5: T.Raum	9999.9
2021-03-11 14:44:58.0	Ana9 - 9: T.Zuluft WRG warm	19.9
2021-03-11 14:45:08.0	Ana1 - 1: T.Au?en	14.5
2021-03-11 14:45:08.0	Ana2 - 2: T.Zuluft	18.6
2021-03-11 14:45:08.0	Ana3 - 3: T.Abluft	20.6
2021-03-11 14:45:08.0	Ana4 - 4: T.Fortluft	17.0
2021-03-11 14:45:08.0	Ana5 - 5: T.Raum	9999.9
2021-03-11 14:45:08.0	Ana9 - 9: T.Zuluft WRG warm	19.9
2021-03-11 14:45:18.0	Ana1 - 1: T.Au?en	14.5
2021-03-11 14:45:18.0	Ana2 - 2: T.Zuluft	18.6
2021-03-11 14:45:18.0	Ana3 - 3: T.Abluft	20.6
2021-03-11 14:45:18.0	Ana4 - 4: T.Fortluft	17.0
2021-03-11 14:45:18.0	Ana5 - 5: T.Raum	9999.9
2021-03-11 14:45:18.0	Ana9 - 9: T.Zuluft WRG warm	19.9
2021-03-11 14:45:28.0	Ana1 - 1: T.Au?en	14.5
2021-03-11 14:45:28.0	Ana2 - 2: T.Zuluft	18.6
2021-03-11 14:45:28.0	Ana3 - 3: T.Abluft	20.6
2021-03-11 14:45:28.0	Ana4 - 4: T.Fortluft	17.0
2021-03-11 14:45:28.0	Ana5 - 5: T.Raum	9999.9
2021-03-11 14:45:28.0	Ana9 - 9: T.Zuluft WRG warm	19.9
2021-03-11 14:45:38.0	Ana1 - 1: T.Au?en	14.5
2021-03-11 14:45:38.0	Ana2 - 2: T.Zuluft	18.6
2021-03-11 14:45:38.0	Ana3 - 3: T.Abluft	20.6
2021-03-11 14:45:38.0	Ana4 - 4: T.Fortluft	17.0
2021-03-11 14:45:38.0	Ana5 - 5: T.Raum	9999.9
2021-03-11 14:45:38.0	Ana9 - 9: T.Zuluft WRG warm	19.9
2021-03-11 14:45:48.0	Ana1 - 1: T.Au?en	14.5
2021-03-11 14:45:48.0	Ana2 - 2: T.Zuluft	18.6
2021-03-11 14:45:48.0	Ana3 - 3: T.Abluft	20.6
2021-03-11 14:45:48.0	Ana4 - 4: T.Fortluft	17.0
2021-03-11 14:45:48.0	Ana5 - 5: T.Raum	9999.9
2021-03-11 14:45:48.0	Ana9 - 9: T.Zuluft WRG warm	19.9
2021-03-11 14:45:58.0	Ana1 - 1: T.Au?en	14.6
2021-03-11 14:45:58.0	Ana2 - 2: T.Zuluft	18.6
2021-03-11 14:45:58.0	Ana3 - 3: T.Abluft	20.6
2021-03-11 14:45:58.0	Ana4 - 4: T.Fortluft	17.0
2021-03-11 14:45:58.0	Ana5 - 5: T.Raum	9999.9
2021-03-11 14:45:58.0	Ana9 - 9: T.Zuluft WRG warm	19.9
2021-03-11 14:46:08.0	Ana1 - 1: T.Au?en	14.5
2021-03-11 14:46:08.0	Ana2 - 2: T.Zuluft	18.6
2021-03-11 14:46:08.0	Ana3 - 3: T.Abluft	20.6
2021-03-11 14:46:08.0	Ana4 - 4: T.Fortluft	17.0
2021-03-11 14:46:08.0	Ana5 - 5: T.Raum	9999.9
2021-03-11 14:46:08.0	Ana9 - 9: T.Zuluft WRG warm	19.9
2021-03-11 14:46:18.0	Ana1 - 1: T.Au?en	14.5
2021-03-11 14:46:18.0	Ana2 - 2: T.Zuluft	18.6
2021-03-11 14:46:18.0	Ana3 - 3: T.Abluft	20.6
2021-03-11 14:46:18.0	Ana4 - 4: T.Fortluft	17.0
2021-03-11 14:46:18.0	Ana5 - 5: T.Raum	9999.9
2021-03-11 14:46:18.0	Ana9 - 9: T.Zuluft WRG warm	19.9
2021-03-11 14:46:28.0	Ana1 - 1: T.Au?en	14.6
2021-03-11 14:46:28.0	Ana2 - 2: T.Zuluft	18.6
2021-03-11 14:46:28.0	Ana3 - 3: T.Abluft	20.6
2021-03-11 14:46:28.0	Ana4 - 4: T.Fortluft	17.0
2021-03-11 14:46:28.0	Ana5 - 5: T.Raum	9999.9
2021-03-11 14:46:28.0	Ana9 - 9: T.Zuluft WRG warm	19.9
2021-03-11 14:46:38.0	Ana1 - 1: T.Au?en	14.6
2021-03-11 14:46:38.0	Ana2 - 2: T.Zuluft	18.6
2021-03-11 14:46:38.0	Ana3 - 3: T.Abluft	20.6
2021-03-11 14:46:38.0	Ana4 - 4: T.Fortluft	17.0
2021-03-11 14:46:38.0	Ana5 - 5: T.Raum	9999.9
2021-03-11 14:46:38.0	Ana9 - 9: T.Zuluft WRG warm	19.9
2021-03-11 14:46:48.0	Ana1 - 1: T.Au?en	14.5
2021-03-11 14:46:48.0	Ana2 - 2: T.Zuluft	18.6
2021-03-11 14:46:48.0	Ana3 - 3: T.Abluft	20.6
2021-03-11 14:46:48.0	Ana4 - 4: T.Fortluft	17.0
2021-03-11 14:46:48.0	Ana5 - 5: T.Raum	9999.9
2021-03-11 14:46:48.0	Ana9 - 9: T.Zuluft WRG warm	19.9
2021-03-11 14:46:58.0	Ana1 - 1: T.Au?en	14.5
2021-03-11 14:46:58.0	Ana2 - 2: T.Zuluft	18.6
2021-03-11 14:46:58.0	Ana3 - 3: T.Abluft	20.6
2021-03-11 14:46:58.0	Ana4 - 4: T.Fortluft	17.0
2021-03-11 14:46:58.0	Ana5 - 5: T.Raum	9999.9
2021-03-11 14:46:58.0	Ana9 - 9: T.Zuluft WRG warm	19.9
2021-03-11 14:47:08.0	Ana1 - 1: T.Au?en	14.5
2021-03-11 14:47:08.0	Ana2 - 2: T.Zuluft	18.6
2021-03-11 14:47:08.0	Ana3 - 3: T.Abluft	20.6
2021-03-11 14:47:08.0	Ana4 - 4: T.Fortluft	17.0
2021-03-11 14:47:08.0	Ana5 - 5: T.Raum	9999.9
2021-03-11 14:47:08.0	Ana9 - 9: T.Zuluft WRG warm	19.9
2021-03-11 14:47:18.0	Ana1 - 1: T.Au?en	14.5
2021-03-11 14:47:18.0	Ana2 - 2: T.Zuluft	18.6
2021-03-11 14:47:18.0	Ana3 - 3: T.Abluft	20.6
2021-03-11 14:47:18.0	Ana4 - 4: T.Fortluft	17.0
2021-03-11 14:47:18.0	Ana5 - 5: T.Raum	9999.9
2021-03-11 14:47:18.0	Ana9 - 9: T.Zuluft WRG warm	19.9
2021-03-11 14:47:28.0	Ana1 - 1: T.Au?en	14.5
2021-03-11 14:47:28.0	Ana2 - 2: T.Zuluft	18.6
2021-03-11 14:47:28.0	Ana3 - 3: T.Abluft	20.6
2021-03-11 14:47:28.0	Ana4 - 4: T.Fortluft	17.0
2021-03-11 14:47:28.0	Ana5 - 5: T.Raum	9999.9
2021-03-11 14:47:28.0	Ana9 - 9: T.Zuluft WRG warm	19.9
2021-03-11 14:47:38.0	Ana1 - 1: T.Au?en	14.5
2021-03-11 14:47:38.0	Ana2 - 2: T.Zuluft	18.6
2021-03-11 14:47:38.0	Ana3 - 3: T.Abluft	20.6
2021-03-11 14:47:38.0	Ana4 - 4: T.Fortluft	17.0
2021-03-11 14:47:38.0	Ana5 - 5: T.Raum	9999.9
2021-03-11 14:47:38.0	Ana9 - 9: T.Zuluft WRG warm	19.9
2021-03-11 14:47:48.0	Ana1 - 1: T.Au?en	14.5
2021-03-11 14:47:48.0	Ana2 - 2: T.Zuluft	18.6
2021-03-11 14:47:48.0	Ana3 - 3: T.Abluft	20.6
2021-03-11 14:47:48.0	Ana4 - 4: T.Fortluft	17.0
2021-03-11 14:47:48.0	Ana5 - 5: T.Raum	9999.9
2021-03-11 14:47:48.0	Ana9 - 9: T.Zuluft WRG warm	19.9
2021-03-11 14:47:58.0	Ana1 - 1: T.Au?en	14.5
2021-03-11 14:47:58.0	Ana2 - 2: T.Zuluft	18.6
2021-03-11 14:47:58.0	Ana3 - 3: T.Abluft	20.6
2021-03-11 14:47:58.0	Ana4 - 4: T.Fortluft	17.0
2021-03-11 14:47:58.0	Ana5 - 5: T.Raum	9999.9
2021-03-11 14:47:58.0	Ana9 - 9: T.Zuluft WRG warm	19.9
2021-03-11 14:48:08.0	Ana1 - 1: T.Au?en	14.6
2021-03-11 14:48:08.0	Ana2 - 2: T.Zuluft	18.6
2021-03-11 14:48:08.0	Ana3 - 3: T.Abluft	20.6
2021-03-11 14:48:08.0	Ana4 - 4: T.Fortluft	17.0
2021-03-11 14:48:08.0	Ana5 - 5: T.Raum	9999.9
2021-03-11 14:48:08.0	Ana9 - 9: T.Zuluft WRG warm	19.9
2021-03-11 14:48:18.0	Ana1 - 1: T.Au?en	14.7
2021-03-11 14:48:18.0	Ana2 - 2: T.Zuluft	18.6
2021-03-11 14:48:18.0	Ana3 - 3: T.Abluft	20.6
2021-03-11 14:48:18.0	Ana4 - 4: T.Fortluft	17.0
2021-03-11 14:48:18.0	Ana5 - 5: T.Raum	9999.9
2021-03-11 14:48:18.0	Ana9 - 9: T.Zuluft WRG warm	19.9
2021-03-11 14:48:28.0	Ana1 - 1: T.Au?en	14.7
2021-03-11 14:48:28.0	Ana2 - 2: T.Zuluft	18.6
2021-03-11 14:48:28.0	Ana3 - 3: T.Abluft	20.6
2021-03-11 14:48:28.0	Ana4 - 4: T.Fortluft	17.0
2021-03-11 14:48:28.0	Ana5 - 5: T.Raum	9999.9
2021-03-11 14:48:28.0	Ana9 - 9: T.Zuluft WRG warm	19.9
2021-03-11 14:48:38.0	Ana1 - 1: T.Au?en	14.7
2021-03-11 14:48:38.0	Ana2 - 2: T.Zuluft	18.6
2021-03-11 14:48:38.0	Ana3 - 3: T.Abluft	20.6
2021-03-11 14:48:38.0	Ana4 - 4: T.Fortluft	17.0
2021-03-11 14:48:38.0	Ana5 - 5: T.Raum	9999.9
2021-03-11 14:48:38.0	Ana9 - 9: T.Zuluft WRG warm	19.9
2021-03-11 14:48:48.0	Ana1 - 1: T.Au?en	14.8
2021-03-11 14:48:48.0	Ana2 - 2: T.Zuluft	18.6
2021-03-11 14:48:48.0	Ana3 - 3: T.Abluft	20.6
2021-03-11 14:48:48.0	Ana4 - 4: T.Fortluft	17.0
2021-03-11 14:48:48.0	Ana5 - 5: T.Raum	9999.9
2021-03-11 14:48:48.0	Ana9 - 9: T.Zuluft WRG warm	19.9
2021-03-11 14:48:58.0	Ana1 - 1: T.Au?en	14.9
2021-03-11 14:48:58.0	Ana2 - 2: T.Zuluft	18.6
2021-03-11 14:48:58.0	Ana3 - 3: T.Abluft	20.6
2021-03-11 14:48:58.0	Ana4 - 4: T.Fortluft	17.0
2021-03-11 14:48:58.0	Ana5 - 5: T.Raum	9999.9
2021-03-11 14:48:58.0	Ana9 - 9: T.Zuluft WRG warm	19.9
2021-03-11 14:49:08.0	Ana1 - 1: T.Au?en	15.0
2021-03-11 14:49:08.0	Ana2 - 2: T.Zuluft	18.6
2021-03-11 14:49:08.0	Ana3 - 3: T.Abluft	20.6
2021-03-11 14:49:08.0	Ana4 - 4: T.Fortluft	17.0
2021-03-11 14:49:08.0	Ana5 - 5: T.Raum	9999.9
2021-03-11 14:49:08.0	Ana9 - 9: T.Zuluft WRG warm	19.9
2021-03-11 14:49:18.0	Ana1 - 1: T.Au?en	15.0
2021-03-11 14:49:18.0	Ana2 - 2: T.Zuluft	18.6
2021-03-11 14:49:18.0	Ana3 - 3: T.Abluft	20.6
2021-03-11 14:49:18.0	Ana4 - 4: T.Fortluft	17.0
2021-03-11 14:49:18.0	Ana5 - 5: T.Raum	9999.9
2021-03-11 14:49:18.0	Ana9 - 9: T.Zuluft WRG warm	19.9
2021-03-11 14:49:28.0	Ana1 - 1: T.Au?en	15.1
2021-03-11 14:49:28.0	Ana2 - 2: T.Zuluft	18.6
2021-03-11 14:49:28.0	Ana3 - 3: T.Abluft	20.6
2021-03-11 14:49:28.0	Ana4 - 4: T.Fortluft	17.0
2021-03-11 14:49:28.0	Ana5 - 5: T.Raum	9999.9
2021-03-11 14:49:28.0	Ana9 - 9: T.Zuluft WRG warm	19.9
2021-03-11 14:49:38.0	Ana1 - 1: T.Au?en	15.1
2021-03-11 14:49:38.0	Ana2 - 2: T.Zuluft	18.6
2021-03-11 14:49:38.0	Ana3 - 3: T.Abluft	20.6
2021-03-11 14:49:38.0	Ana4 - 4: T.Fortluft	17.0
2021-03-11 14:49:38.0	Ana5 - 5: T.Raum	9999.9
2021-03-11 14:49:38.0	Ana9 - 9: T.Zuluft WRG warm	19.9
2021-03-11 14:49:48.0	Ana1 - 1: T.Au?en	15.2
2021-03-11 14:49:48.0	Ana2 - 2: T.Zuluft	18.6
2021-03-11 14:49:48.0	Ana3 - 3: T.Abluft	20.6
2021-03-11 14:49:48.0	Ana4 - 4: T.Fortluft	17.0
2021-03-11 14:49:48.0	Ana5 - 5: T.Raum	9999.9
2021-03-11 14:49:48.0	Ana9 - 9: T.Zuluft WRG warm	19.9
2021-03-11 14:49:58.0	Ana1 - 1: T.Au?en	15.2
2021-03-11 14:49:58.0	Ana2 - 2: T.Zuluft	18.6
2021-03-11 14:49:58.0	Ana3 - 3: T.Abluft	20.6
2021-03-11 14:49:58.0	Ana4 - 4: T.Fortluft	17.0
2021-03-11 14:49:58.0	Ana5 - 5: T.Raum	9999.9
2021-03-11 14:49:58.0	Ana9 - 9: T.Zuluft WRG warm	19.9
2021-03-11 14:50:08.0	Ana1 - 1: T.Au?en	15.2
2021-03-11 14:50:08.0	Ana2 - 2: T.Zuluft	18.6
2021-03-11 14:50:08.0	Ana3 - 3: T.Abluft	20.6
2021-03-11 14:50:08.0	Ana4 - 4: T.Fortluft	17.0
2021-03-11 14:50:08.0	Ana5 - 5: T.Raum	9999.9
2021-03-11 14:50:08.0	Ana9 - 9: T.Zuluft WRG warm	19.9
2021-03-11 14:50:18.0	Ana1 - 1: T.Au?en	15.2
2021-03-11 14:50:18.0	Ana2 - 2: T.Zuluft	18.6
2021-03-11 14:50:18.0	Ana3 - 3: T.Abluft	20.6
2021-03-11 14:50:18.0	Ana4 - 4: T.Fortluft	17.0
2021-03-11 14:50:18.0	Ana5 - 5: T.Raum	9999.9
2021-03-11 14:50:18.0	Ana9 - 9: T.Zuluft WRG warm	19.9
2021-03-11 14:50:28.0	Ana1 - 1: T.Au?en	15.2
2021-03-11 14:50:28.0	Ana2 - 2: T.Zuluft	18.6
2021-03-11 14:50:28.0	Ana3 - 3: T.Abluft	20.6
2021-03-11 14:50:28.0	Ana4 - 4: T.Fortluft	17.0
2021-03-11 14:50:28.0	Ana5 - 5: T.Raum	9999.9
2021-03-11 14:50:28.0	Ana9 - 9: T.Zuluft WRG warm	19.9
2021-03-11 14:50:38.0	Ana1 - 1: T.Au?en	15.2
2021-03-11 14:50:38.0	Ana2 - 2: T.Zuluft	18.6
2021-03-11 14:50:38.0	Ana3 - 3: T.Abluft	20.6
2021-03-11 14:50:38.0	Ana4 - 4: T.Fortluft	17.0
2021-03-11 14:50:38.0	Ana5 - 5: T.Raum	9999.9
2021-03-11 14:50:38.0	Ana9 - 9: T.Zuluft WRG warm	19.9
2021-03-11 14:50:48.0	Ana1 - 1: T.Au?en	15.1
2021-03-11 14:50:48.0	Ana2 - 2: T.Zuluft	18.6
2021-03-11 14:50:48.0	Ana3 - 3: T.Abluft	20.6
2021-03-11 14:50:48.0	Ana4 - 4: T.Fortluft	17.0
2021-03-11 14:50:48.0	Ana5 - 5: T.Raum	9999.9
2021-03-11 14:50:48.0	Ana9 - 9: T.Zuluft WRG warm	19.9
2021-03-11 14:50:58.0	Ana1 - 1: T.Au?en	15.1
2021-03-11 14:50:58.0	Ana2 - 2: T.Zuluft	18.6
2021-03-11 14:50:58.0	Ana3 - 3: T.Abluft	20.6
2021-03-11 14:50:58.0	Ana4 - 4: T.Fortluft	17.0
2021-03-11 14:50:58.0	Ana5 - 5: T.Raum	9999.9
2021-03-11 14:50:58.0	Ana9 - 9: T.Zuluft WRG warm	19.9
2021-03-11 14:51:08.0	Ana1 - 1: T.Au?en	15.1
2021-03-11 14:51:08.0	Ana2 - 2: T.Zuluft	18.6
2021-03-11 14:51:08.0	Ana3 - 3: T.Abluft	20.6
2021-03-11 14:51:08.0	Ana4 - 4: T.Fortluft	17.0
2021-03-11 14:51:08.0	Ana5 - 5: T.Raum	9999.9
2021-03-11 14:51:08.0	Ana9 - 9: T.Zuluft WRG warm	19.9
2021-03-11 14:51:18.0	Ana1 - 1: T.Au?en	15.1
2021-03-11 14:51:18.0	Ana2 - 2: T.Zuluft	18.6
2021-03-11 14:51:18.0	Ana3 - 3: T.Abluft	20.6
2021-03-11 14:51:18.0	Ana4 - 4: T.Fortluft	17.0
2021-03-11 14:51:18.0	Ana5 - 5: T.Raum	9999.9
2021-03-11 14:51:18.0	Ana9 - 9: T.Zuluft WRG warm	19.9
2021-03-11 14:51:28.0	Ana1 - 1: T.Au?en	15.0
2021-03-11 14:51:28.0	Ana2 - 2: T.Zuluft	18.6
2021-03-11 14:51:28.0	Ana3 - 3: T.Abluft	20.6
2021-03-11 14:51:28.0	Ana4 - 4: T.Fortluft	17.0
2021-03-11 14:51:28.0	Ana5 - 5: T.Raum	9999.9
2021-03-11 14:51:28.0	Ana9 - 9: T.Zuluft WRG warm	19.9
2021-03-11 14:51:38.0	Ana1 - 1: T.Au?en	15.0
2021-03-11 14:51:38.0	Ana2 - 2: T.Zuluft	18.6
2021-03-11 14:51:38.0	Ana3 - 3: T.Abluft	20.6
2021-03-11 14:51:38.0	Ana4 - 4: T.Fortluft	17.0
2021-03-11 14:51:38.0	Ana5 - 5: T.Raum	9999.9
2021-03-11 14:51:38.0	Ana9 - 9: T.Zuluft WRG warm	19.9
2021-03-11 14:51:48.0	Ana1 - 1: T.Au?en	15.0
2021-03-11 14:51:48.0	Ana2 - 2: T.Zuluft	18.6
2021-03-11 14:51:48.0	Ana3 - 3: T.Abluft	20.6
2021-03-11 14:51:48.0	Ana4 - 4: T.Fortluft	17.0
2021-03-11 14:51:48.0	Ana5 - 5: T.Raum	9999.9
2021-03-11 14:51:48.0	Ana9 - 9: T.Zuluft WRG warm	19.9
2021-03-11 14:51:58.0	Ana1 - 1: T.Au?en	15.0
2021-03-11 14:51:58.0	Ana2 - 2: T.Zuluft	18.6
2021-03-11 14:51:58.0	Ana3 - 3: T.Abluft	20.6
2021-03-11 14:51:58.0	Ana4 - 4: T.Fortluft	17.0
2021-03-11 14:51:58.0	Ana5 - 5: T.Raum	9999.9
2021-03-11 14:51:58.0	Ana9 - 9: T.Zuluft WRG warm	19.9
2021-03-11 14:52:08.0	Ana1 - 1: T.Au?en	15.0
2021-03-11 14:52:08.0	Ana2 - 2: T.Zuluft	18.6
2021-03-11 14:52:08.0	Ana3 - 3: T.Abluft	20.6
2021-03-11 14:52:08.0	Ana4 - 4: T.Fortluft	17.0
2021-03-11 14:52:08.0	Ana5 - 5: T.Raum	9999.9
2021-03-11 14:52:08.0	Ana9 - 9: T.Zuluft WRG warm	19.9
2021-03-11 14:52:18.0	Ana1 - 1: T.Au?en	14.9
2021-03-11 14:52:18.0	Ana2 - 2: T.Zuluft	18.6
2021-03-11 14:52:18.0	Ana3 - 3: T.Abluft	20.6
2021-03-11 14:52:18.0	Ana4 - 4: T.Fortluft	17.0
2021-03-11 14:52:18.0	Ana5 - 5: T.Raum	9999.9
2021-03-11 14:52:18.0	Ana9 - 9: T.Zuluft WRG warm	19.9
2021-03-11 14:52:28.0	Ana1 - 1: T.Au?en	14.9
2021-03-11 14:52:28.0	Ana2 - 2: T.Zuluft	18.6
2021-03-11 14:52:28.0	Ana3 - 3: T.Abluft	20.6
2021-03-11 14:52:28.0	Ana4 - 4: T.Fortluft	17.0
2021-03-11 14:52:28.0	Ana5 - 5: T.Raum	9999.9
2021-03-11 14:52:28.0	Ana9 - 9: T.Zuluft WRG warm	19.9
2021-03-11 14:52:38.0	Ana1 - 1: T.Au?en	14.9
2021-03-11 14:52:38.0	Ana2 - 2: T.Zuluft	18.6
2021-03-11 14:52:38.0	Ana3 - 3: T.Abluft	20.6
2021-03-11 14:52:38.0	Ana4 - 4: T.Fortluft	17.0
2021-03-11 14:52:38.0	Ana5 - 5: T.Raum	9999.9
2021-03-11 14:52:38.0	Ana9 - 9: T.Zuluft WRG warm	19.9
2021-03-11 14:52:48.0	Ana1 - 1: T.Au?en	14.9
2021-03-11 14:52:48.0	Ana2 - 2: T.Zuluft	18.6
2021-03-11 14:52:48.0	Ana3 - 3: T.Abluft	20.6
2021-03-11 14:52:48.0	Ana4 - 4: T.Fortluft	17.0
2021-03-11 14:52:48.0	Ana5 - 5: T.Raum	9999.9
2021-03-11 14:52:48.0	Ana9 - 9: T.Zuluft WRG warm	19.9
2021-03-11 14:52:58.0	Ana1 - 1: T.Au?en	14.9
2021-03-11 14:52:58.0	Ana2 - 2: T.Zuluft	18.6
2021-03-11 14:52:58.0	Ana3 - 3: T.Abluft	20.6
2021-03-11 14:52:58.0	Ana4 - 4: T.Fortluft	17.0
2021-03-11 14:52:58.0	Ana5 - 5: T.Raum	9999.9
2021-03-11 14:52:58.0	Ana9 - 9: T.Zuluft WRG warm	19.9
2021-03-11 14:53:08.0	Ana1 - 1: T.Au?en	14.8
2021-03-11 14:53:08.0	Ana2 - 2: T.Zuluft	18.6
2021-03-11 14:53:08.0	Ana3 - 3: T.Abluft	20.6
2021-03-11 14:53:08.0	Ana4 - 4: T.Fortluft	17.0
2021-03-11 14:53:08.0	Ana5 - 5: T.Raum	9999.9
2021-03-11 14:53:08.0	Ana9 - 9: T.Zuluft WRG warm	19.9
2021-03-11 14:53:18.0	Ana1 - 1: T.Au?en	14.8
2021-03-11 14:53:18.0	Ana2 - 2: T.Zuluft	18.6
2021-03-11 14:53:18.0	Ana3 - 3: T.Abluft	20.6
2021-03-11 14:53:18.0	Ana4 - 4: T.Fortluft	17.0
2021-03-11 14:53:18.0	Ana5 - 5: T.Raum	9999.9
2021-03-11 14:53:18.0	Ana9 - 9: T.Zuluft WRG warm	19.9
2021-03-11 14:53:28.0	Ana1 - 1: T.Au?en	14.8
2021-03-11 14:53:28.0	Ana2 - 2: T.Zuluft	18.6
2021-03-11 14:53:28.0	Ana3 - 3: T.Abluft	20.6
2021-03-11 14:53:28.0	Ana4 - 4: T.Fortluft	17.0
2021-03-11 14:53:28.0	Ana5 - 5: T.Raum	9999.9
2021-03-11 14:53:28.0	Ana9 - 9: T.Zuluft WRG warm	19.9
2021-03-11 14:53:38.0	Ana1 - 1: T.Au?en	14.8
2021-03-11 14:53:38.0	Ana2 - 2: T.Zuluft	18.6
2021-03-11 14:53:38.0	Ana3 - 3: T.Abluft	20.7
2021-03-11 14:53:38.0	Ana4 - 4: T.Fortluft	17.0
2021-03-11 14:53:38.0	Ana5 - 5: T.Raum	9999.9
2021-03-11 14:53:38.0	Ana9 - 9: T.Zuluft WRG warm	19.9
2021-03-11 14:53:48.0	Ana1 - 1: T.Au?en	14.7
2021-03-11 14:53:48.0	Ana2 - 2: T.Zuluft	18.6
2021-03-11 14:53:48.0	Ana3 - 3: T.Abluft	20.6
2021-03-11 14:53:48.0	Ana4 - 4: T.Fortluft	17.0
2021-03-11 14:53:48.0	Ana5 - 5: T.Raum	9999.9
2021-03-11 14:53:48.0	Ana9 - 9: T.Zuluft WRG warm	19.9
2021-03-11 14:53:58.0	Ana1 - 1: T.Au?en	14.7
2021-03-11 14:53:58.0	Ana2 - 2: T.Zuluft	18.6
2021-03-11 14:53:58.0	Ana3 - 3: T.Abluft	20.6
2021-03-11 14:53:58.0	Ana4 - 4: T.Fortluft	17.1
2021-03-11 14:53:58.0	Ana5 - 5: T.Raum	9999.9
2021-03-11 14:53:58.0	Ana9 - 9: T.Zuluft WRG warm	19.9
2021-03-11 14:54:08.0	Ana1 - 1: T.Au?en	14.8
2021-03-11 14:54:08.0	Ana2 - 2: T.Zuluft	18.6
2021-03-11 14:54:08.0	Ana3 - 3: T.Abluft	20.6
2021-03-11 14:54:08.0	Ana4 - 4: T.Fortluft	17.0
2021-03-11 14:54:08.0	Ana5 - 5: T.Raum	9999.9
2021-03-11 14:54:08.0	Ana9 - 9: T.Zuluft WRG warm	19.9
2021-03-11 14:54:18.0	Ana1 - 1: T.Au?en	14.8
2021-03-11 14:54:18.0	Ana2 - 2: T.Zuluft	18.6
2021-03-11 14:54:18.0	Ana3 - 3: T.Abluft	20.6
2021-03-11 14:54:18.0	Ana4 - 4: T.Fortluft	17.1
2021-03-11 14:54:18.0	Ana5 - 5: T.Raum	9999.9
2021-03-11 14:54:18.0	Ana9 - 9: T.Zuluft WRG warm	19.9
2021-03-11 14:54:28.0	Ana1 - 1: T.Au?en	14.8
2021-03-11 14:54:28.0	Ana2 - 2: T.Zuluft	18.6
2021-03-11 14:54:28.0	Ana3 - 3: T.Abluft	20.6
2021-03-11 14:54:28.0	Ana4 - 4: T.Fortluft	17.1
2021-03-11 14:54:28.0	Ana5 - 5: T.Raum	9999.9
2021-03-11 14:54:28.0	Ana9 - 9: T.Zuluft WRG warm	20.0
2021-03-11 14:54:38.0	Ana1 - 1: T.Au?en	14.8
2021-03-11 14:54:38.0	Ana2 - 2: T.Zuluft	18.6
2021-03-11 14:54:38.0	Ana3 - 3: T.Abluft	20.6
2021-03-11 14:54:38.0	Ana4 - 4: T.Fortluft	17.1
2021-03-11 14:54:38.0	Ana5 - 5: T.Raum	9999.9
2021-03-11 14:54:38.0	Ana9 - 9: T.Zuluft WRG warm	19.9
2021-03-11 14:54:48.0	Ana1 - 1: T.Au?en	14.8
2021-03-11 14:54:48.0	Ana2 - 2: T.Zuluft	18.6
2021-03-11 14:54:48.0	Ana3 - 3: T.Abluft	20.7
2021-03-11 14:54:48.0	Ana4 - 4: T.Fortluft	17.1
2021-03-11 14:54:48.0	Ana5 - 5: T.Raum	9999.9
2021-03-11 14:54:48.0	Ana9 - 9: T.Zuluft WRG warm	20.0
2021-03-11 14:54:58.0	Ana1 - 1: T.Au?en	14.8
2021-03-11 14:54:58.0	Ana2 - 2: T.Zuluft	18.6
2021-03-11 14:54:58.0	Ana3 - 3: T.Abluft	20.6
2021-03-11 14:54:58.0	Ana4 - 4: T.Fortluft	17.1
2021-03-11 14:54:58.0	Ana5 - 5: T.Raum	9999.9
2021-03-11 14:54:58.0	Ana9 - 9: T.Zuluft WRG warm	19.9
2021-03-11 14:55:08.0	Ana1 - 1: T.Au?en	14.8
2021-03-11 14:55:08.0	Ana2 - 2: T.Zuluft	18.6
2021-03-11 14:55:08.0	Ana3 - 3: T.Abluft	20.7
2021-03-11 14:55:08.0	Ana4 - 4: T.Fortluft	17.1
2021-03-11 14:55:08.0	Ana5 - 5: T.Raum	9999.9
2021-03-11 14:55:08.0	Ana9 - 9: T.Zuluft WRG warm	19.9
2021-03-11 14:55:18.0	Ana1 - 1: T.Au?en	14.8
2021-03-11 14:55:18.0	Ana2 - 2: T.Zuluft	18.6
2021-03-11 14:55:18.0	Ana3 - 3: T.Abluft	20.6
2021-03-11 14:55:18.0	Ana4 - 4: T.Fortluft	17.1
2021-03-11 14:55:18.0	Ana5 - 5: T.Raum	9999.9
2021-03-11 14:55:18.0	Ana9 - 9: T.Zuluft WRG warm	20.0
2021-03-11 14:55:28.0	Ana1 - 1: T.Au?en	14.7
2021-03-11 14:55:28.0	Ana2 - 2: T.Zuluft	18.7
2021-03-11 14:55:28.0	Ana3 - 3: T.Abluft	20.6
2021-03-11 14:55:28.0	Ana4 - 4: T.Fortluft	17.1
2021-03-11 14:55:28.0	Ana5 - 5: T.Raum	9999.9
2021-03-11 14:55:28.0	Ana9 - 9: T.Zuluft WRG warm	20.0
2021-03-11 14:55:38.0	Ana1 - 1: T.Au?en	14.7
2021-03-11 14:55:38.0	Ana2 - 2: T.Zuluft	18.7
2021-03-11 14:55:38.0	Ana3 - 3: T.Abluft	20.7
2021-03-11 14:55:38.0	Ana4 - 4: T.Fortluft	17.1
2021-03-11 14:55:38.0	Ana5 - 5: T.Raum	9999.9
2021-03-11 14:55:38.0	Ana9 - 9: T.Zuluft WRG warm	19.9
2021-03-11 14:55:48.0	Ana1 - 1: T.Au?en	14.7
2021-03-11 14:55:48.0	Ana2 - 2: T.Zuluft	18.7
2021-03-11 14:55:48.0	Ana3 - 3: T.Abluft	20.6
2021-03-11 14:55:48.0	Ana4 - 4: T.Fortluft	17.1
2021-03-11 14:55:48.0	Ana5 - 5: T.Raum	9999.9
2021-03-11 14:55:48.0	Ana9 - 9: T.Zuluft WRG warm	20.0
2021-03-11 14:55:58.0	Ana1 - 1: T.Au?en	14.7
2021-03-11 14:55:58.0	Ana2 - 2: T.Zuluft	18.7
2021-03-11 14:55:58.0	Ana3 - 3: T.Abluft	20.6
2021-03-11 14:55:58.0	Ana4 - 4: T.Fortluft	17.1
2021-03-11 14:55:58.0	Ana5 - 5: T.Raum	9999.9
2021-03-11 14:55:58.0	Ana9 - 9: T.Zuluft WRG warm	20.0
2021-03-11 14:56:08.0	Ana1 - 1: T.Au?en	14.7
2021-03-11 14:56:08.0	Ana2 - 2: T.Zuluft	18.7
2021-03-11 14:56:08.0	Ana3 - 3: T.Abluft	20.7
2021-03-11 14:56:08.0	Ana4 - 4: T.Fortluft	17.1
2021-03-11 14:56:08.0	Ana5 - 5: T.Raum	9999.9
2021-03-11 14:56:08.0	Ana9 - 9: T.Zuluft WRG warm	19.9
2021-03-11 14:56:18.0	Ana1 - 1: T.Au?en	14.7
2021-03-11 14:56:18.0	Ana2 - 2: T.Zuluft	18.7
2021-03-11 14:56:18.0	Ana3 - 3: T.Abluft	20.6
2021-03-11 14:56:18.0	Ana4 - 4: T.Fortluft	17.1
2021-03-11 14:56:18.0	Ana5 - 5: T.Raum	9999.9
2021-03-11 14:56:18.0	Ana9 - 9: T.Zuluft WRG warm	19.9
2021-03-11 14:56:28.0	Ana1 - 1: T.Au?en	14.7
2021-03-11 14:56:28.0	Ana2 - 2: T.Zuluft	18.7
2021-03-11 14:56:28.0	Ana3 - 3: T.Abluft	20.6
2021-03-11 14:56:28.0	Ana4 - 4: T.Fortluft	17.1
2021-03-11 14:56:28.0	Ana5 - 5: T.Raum	9999.9
2021-03-11 14:56:28.0	Ana9 - 9: T.Zuluft WRG warm	20.0
2021-03-11 14:56:38.0	Ana1 - 1: T.Au?en	14.7
2021-03-11 14:56:38.0	Ana2 - 2: T.Zuluft	18.7
2021-03-11 14:56:38.0	Ana3 - 3: T.Abluft	20.7
2021-03-11 14:56:38.0	Ana4 - 4: T.Fortluft	17.1
2021-03-11 14:56:38.0	Ana5 - 5: T.Raum	9999.9
2021-03-11 14:56:38.0	Ana9 - 9: T.Zuluft WRG warm	20.0
2021-03-11 14:56:48.0	Ana1 - 1: T.Au?en	14.7
2021-03-11 14:56:48.0	Ana2 - 2: T.Zuluft	18.7
2021-03-11 14:56:48.0	Ana3 - 3: T.Abluft	20.7
2021-03-11 14:56:48.0	Ana4 - 4: T.Fortluft	17.1
2021-03-11 14:56:48.0	Ana5 - 5: T.Raum	9999.9
2021-03-11 14:56:48.0	Ana9 - 9: T.Zuluft WRG warm	20.0
2021-03-11 14:56:58.0	Ana1 - 1: T.Au?en	14.7
2021-03-11 14:56:58.0	Ana2 - 2: T.Zuluft	18.7
2021-03-11 14:56:58.0	Ana3 - 3: T.Abluft	20.7
2021-03-11 14:56:58.0	Ana4 - 4: T.Fortluft	17.1
2021-03-11 14:56:58.0	Ana5 - 5: T.Raum	9999.9
2021-03-11 14:56:58.0	Ana9 - 9: T.Zuluft WRG warm	20.0
2021-03-11 14:57:08.0	Ana1 - 1: T.Au?en	14.7
2021-03-11 14:57:08.0	Ana2 - 2: T.Zuluft	18.7
2021-03-11 14:57:08.0	Ana3 - 3: T.Abluft	20.7
2021-03-11 14:57:08.0	Ana4 - 4: T.Fortluft	17.1
2021-03-11 14:57:08.0	Ana5 - 5: T.Raum	9999.9
2021-03-11 14:57:08.0	Ana9 - 9: T.Zuluft WRG warm	19.9
2021-03-11 14:57:18.0	Ana1 - 1: T.Au?en	14.7
2021-03-11 14:57:18.0	Ana2 - 2: T.Zuluft	18.7
2021-03-11 14:57:18.0	Ana3 - 3: T.Abluft	20.7
2021-03-11 14:57:18.0	Ana4 - 4: T.Fortluft	17.1
2021-03-11 14:57:18.0	Ana5 - 5: T.Raum	9999.9
2021-03-11 14:57:18.0	Ana9 - 9: T.Zuluft WRG warm	20.0
2021-03-11 14:57:28.0	Ana1 - 1: T.Au?en	14.7
2021-03-11 14:57:28.0	Ana2 - 2: T.Zuluft	18.7
2021-03-11 14:57:28.0	Ana3 - 3: T.Abluft	20.7
2021-03-11 14:57:28.0	Ana4 - 4: T.Fortluft	17.2
2021-03-11 14:57:28.0	Ana5 - 5: T.Raum	9999.9
2021-03-11 14:57:28.0	Ana9 - 9: T.Zuluft WRG warm	20.0
2021-03-11 14:57:38.0	Ana1 - 1: T.Au?en	14.7
2021-03-11 14:57:38.0	Ana2 - 2: T.Zuluft	18.7
2021-03-11 14:57:38.0	Ana3 - 3: T.Abluft	20.7
2021-03-11 14:57:38.0	Ana4 - 4: T.Fortluft	17.2
2021-03-11 14:57:38.0	Ana5 - 5: T.Raum	9999.9
2021-03-11 14:57:38.0	Ana9 - 9: T.Zuluft WRG warm	20.0
2021-03-11 14:57:48.0	Ana1 - 1: T.Au?en	14.7
2021-03-11 14:57:48.0	Ana2 - 2: T.Zuluft	18.7
2021-03-11 14:57:48.0	Ana3 - 3: T.Abluft	20.7
2021-03-11 14:57:48.0	Ana4 - 4: T.Fortluft	17.2
2021-03-11 14:57:48.0	Ana5 - 5: T.Raum	9999.9
2021-03-11 14:57:48.0	Ana9 - 9: T.Zuluft WRG warm	20.0
2021-03-11 14:57:58.0	Ana1 - 1: T.Au?en	14.7
2021-03-11 14:57:58.0	Ana2 - 2: T.Zuluft	18.7
2021-03-11 14:57:58.0	Ana3 - 3: T.Abluft	20.7
2021-03-11 14:57:58.0	Ana4 - 4: T.Fortluft	17.2
2021-03-11 14:57:58.0	Ana5 - 5: T.Raum	9999.9
2021-03-11 14:57:58.0	Ana9 - 9: T.Zuluft WRG warm	20.0
2021-03-11 14:58:08.0	Ana1 - 1: T.Au?en	14.7
2021-03-11 14:58:08.0	Ana2 - 2: T.Zuluft	18.7
2021-03-11 14:58:08.0	Ana3 - 3: T.Abluft	20.7
2021-03-11 14:58:08.0	Ana4 - 4: T.Fortluft	17.2
2021-03-11 14:58:08.0	Ana5 - 5: T.Raum	9999.9
2021-03-11 14:58:08.0	Ana9 - 9: T.Zuluft WRG warm	20.0
2021-03-11 14:58:18.0	Ana1 - 1: T.Au?en	14.7
2021-03-11 14:58:18.0	Ana2 - 2: T.Zuluft	18.7
2021-03-11 14:58:18.0	Ana3 - 3: T.Abluft	20.7
2021-03-11 14:58:18.0	Ana4 - 4: T.Fortluft	17.2
2021-03-11 14:58:18.0	Ana5 - 5: T.Raum	9999.9
2021-03-11 14:58:18.0	Ana9 - 9: T.Zuluft WRG warm	20.0
2021-03-11 14:58:28.0	Ana1 - 1: T.Au?en	14.7
2021-03-11 14:58:28.0	Ana2 - 2: T.Zuluft	18.7
2021-03-11 14:58:28.0	Ana3 - 3: T.Abluft	20.7
2021-03-11 14:58:28.0	Ana4 - 4: T.Fortluft	17.2
2021-03-11 14:58:28.0	Ana5 - 5: T.Raum	9999.9
2021-03-11 14:58:28.0	Ana9 - 9: T.Zuluft WRG warm	20.0
2021-03-11 14:58:38.0	Ana1 - 1: T.Au?en	14.7
2021-03-11 14:58:38.0	Ana2 - 2: T.Zuluft	18.7
2021-03-11 14:58:38.0	Ana3 - 3: T.Abluft	20.7
2021-03-11 14:58:38.0	Ana4 - 4: T.Fortluft	17.2
2021-03-11 14:58:38.0	Ana5 - 5: T.Raum	9999.9
2021-03-11 14:58:38.0	Ana9 - 9: T.Zuluft WRG warm	20.0
2021-03-11 14:58:48.0	Ana1 - 1: T.Au?en	14.7
2021-03-11 14:58:48.0	Ana2 - 2: T.Zuluft	18.7
2021-03-11 14:58:48.0	Ana3 - 3: T.Abluft	20.7
2021-03-11 14:58:48.0	Ana4 - 4: T.Fortluft	17.2
2021-03-11 14:58:48.0	Ana5 - 5: T.Raum	9999.9
2021-03-11 14:58:48.0	Ana9 - 9: T.Zuluft WRG warm	20.0
2021-03-11 14:58:58.0	Ana1 - 1: T.Au?en	14.8
2021-03-11 14:58:58.0	Ana2 - 2: T.Zuluft	18.7
2021-03-11 14:58:58.0	Ana3 - 3: T.Abluft	20.7
2021-03-11 14:58:58.0	Ana4 - 4: T.Fortluft	17.2
2021-03-11 14:58:58.0	Ana5 - 5: T.Raum	9999.9
2021-03-11 14:58:58.0	Ana9 - 9: T.Zuluft WRG warm	20.0
2021-03-11 14:59:08.0	Ana1 - 1: T.Au?en	14.8
2021-03-11 14:59:08.0	Ana2 - 2: T.Zuluft	18.7
2021-03-11 14:59:08.0	Ana3 - 3: T.Abluft	20.7
2021-03-11 14:59:08.0	Ana4 - 4: T.Fortluft	17.2
2021-03-11 14:59:08.0	Ana5 - 5: T.Raum	9999.9
2021-03-11 14:59:08.0	Ana9 - 9: T.Zuluft WRG warm	20.0
2021-03-11 14:59:18.0	Ana1 - 1: T.Au?en	14.8
2021-03-11 14:59:18.0	Ana2 - 2: T.Zuluft	18.7
2021-03-11 14:59:18.0	Ana3 - 3: T.Abluft	20.7
2021-03-11 14:59:18.0	Ana4 - 4: T.Fortluft	17.2
2021-03-11 14:59:18.0	Ana5 - 5: T.Raum	9999.9
2021-03-11 14:59:18.0	Ana9 - 9: T.Zuluft WRG warm	20.0
2021-03-11 14:59:28.0	Ana1 - 1: T.Au?en	14.8
2021-03-11 14:59:28.0	Ana2 - 2: T.Zuluft	18.7
2021-03-11 14:59:28.0	Ana3 - 3: T.Abluft	20.7
2021-03-11 14:59:28.0	Ana4 - 4: T.Fortluft	17.2
2021-03-11 14:59:28.0	Ana5 - 5: T.Raum	9999.9
2021-03-11 14:59:28.0	Ana9 - 9: T.Zuluft WRG warm	20.0
2021-03-11 14:59:38.0	Ana1 - 1: T.Au?en	14.8
2021-03-11 14:59:38.0	Ana2 - 2: T.Zuluft	18.7
2021-03-11 14:59:38.0	Ana3 - 3: T.Abluft	20.7
2021-03-11 14:59:38.0	Ana4 - 4: T.Fortluft	17.2
2021-03-11 14:59:38.0	Ana5 - 5: T.Raum	9999.9
2021-03-11 14:59:38.0	Ana9 - 9: T.Zuluft WRG warm	20.0
2021-03-11 14:59:48.0	Ana1 - 1: T.Au?en	14.8
2021-03-11 14:59:48.0	Ana2 - 2: T.Zuluft	18.7
2021-03-11 14:59:48.0	Ana3 - 3: T.Abluft	20.7
2021-03-11 14:59:48.0	Ana4 - 4: T.Fortluft	17.2
2021-03-11 14:59:48.0	Ana5 - 5: T.Raum	9999.9
2021-03-11 14:59:48.0	Ana9 - 9: T.Zuluft WRG warm	20.0
2021-03-11 14:59:58.0	Ana1 - 1: T.Au?en	14.8
2021-03-11 14:59:58.0	Ana2 - 2: T.Zuluft	18.7
2021-03-11 14:59:58.0	Ana3 - 3: T.Abluft	20.7
2021-03-11 14:59:58.0	Ana4 - 4: T.Fortluft	17.2
2021-03-11 14:59:58.0	Ana5 - 5: T.Raum	9999.9
2021-03-11 14:59:58.0	Ana9 - 9: T.Zuluft WRG warm	20.0
2021-03-11 15:00:08.0	Ana1 - 1: T.Au?en	14.9
2021-03-11 15:00:08.0	Ana2 - 2: T.Zuluft	18.7
2021-03-11 15:00:08.0	Ana3 - 3: T.Abluft	20.7
2021-03-11 15:00:08.0	Ana4 - 4: T.Fortluft	17.2
2021-03-11 15:00:08.0	Ana5 - 5: T.Raum	9999.9
2021-03-11 15:00:08.0	Ana9 - 9: T.Zuluft WRG warm	20.0
2021-03-11 15:00:18.0	Ana1 - 1: T.Au?en	14.9
2021-03-11 15:00:18.0	Ana2 - 2: T.Zuluft	18.7
2021-03-11 15:00:18.0	Ana3 - 3: T.Abluft	20.7
2021-03-11 15:00:18.0	Ana4 - 4: T.Fortluft	17.2
2021-03-11 15:00:18.0	Ana5 - 5: T.Raum	9999.9
2021-03-11 15:00:18.0	Ana9 - 9: T.Zuluft WRG warm	20.0
2021-03-11 15:00:28.0	Ana1 - 1: T.Au?en	14.9
2021-03-11 15:00:28.0	Ana2 - 2: T.Zuluft	18.7
2021-03-11 15:00:28.0	Ana3 - 3: T.Abluft	20.7
2021-03-11 15:00:28.0	Ana4 - 4: T.Fortluft	17.2
2021-03-11 15:00:28.0	Ana5 - 5: T.Raum	9999.9
2021-03-11 15:00:28.0	Ana9 - 9: T.Zuluft WRG warm	20.0
2021-03-11 15:00:38.0	Ana1 - 1: T.Au?en	14.9
2021-03-11 15:00:38.0	Ana2 - 2: T.Zuluft	18.7
2021-03-11 15:00:38.0	Ana3 - 3: T.Abluft	20.7
2021-03-11 15:00:38.0	Ana4 - 4: T.Fortluft	17.2
2021-03-11 15:00:38.0	Ana5 - 5: T.Raum	9999.9
2021-03-11 15:00:38.0	Ana9 - 9: T.Zuluft WRG warm	20.0
2021-03-11 15:00:48.0	Ana1 - 1: T.Au?en	14.8
2021-03-11 15:00:48.0	Ana2 - 2: T.Zuluft	18.7
2021-03-11 15:00:48.0	Ana3 - 3: T.Abluft	20.7
2021-03-11 15:00:48.0	Ana4 - 4: T.Fortluft	17.2
2021-03-11 15:00:48.0	Ana5 - 5: T.Raum	9999.9
2021-03-11 15:00:48.0	Ana9 - 9: T.Zuluft WRG warm	20.0
2021-03-11 15:00:58.0	Ana1 - 1: T.Au?en	14.8
2021-03-11 15:00:58.0	Ana2 - 2: T.Zuluft	18.7
2021-03-11 15:00:58.0	Ana3 - 3: T.Abluft	20.7
2021-03-11 15:00:58.0	Ana4 - 4: T.Fortluft	17.2
2021-03-11 15:00:58.0	Ana5 - 5: T.Raum	9999.9
2021-03-11 15:00:58.0	Ana9 - 9: T.Zuluft WRG warm	20.0
2021-03-11 15:01:08.0	Ana1 - 1: T.Au?en	14.8
2021-03-11 15:01:08.0	Ana2 - 2: T.Zuluft	18.7
2021-03-11 15:01:08.0	Ana3 - 3: T.Abluft	20.7
2021-03-11 15:01:08.0	Ana4 - 4: T.Fortluft	17.2
2021-03-11 15:01:08.0	Ana5 - 5: T.Raum	9999.9
2021-03-11 15:01:08.0	Ana9 - 9: T.Zuluft WRG warm	20.0
2021-03-11 15:01:18.0	Ana1 - 1: T.Au?en	14.8
2021-03-11 15:01:18.0	Ana2 - 2: T.Zuluft	18.7
2021-03-11 15:01:18.0	Ana3 - 3: T.Abluft	20.7
2021-03-11 15:01:18.0	Ana4 - 4: T.Fortluft	17.2
2021-03-11 15:01:18.0	Ana5 - 5: T.Raum	9999.9
2021-03-11 15:01:18.0	Ana9 - 9: T.Zuluft WRG warm	20.0
2021-03-11 15:01:28.0	Ana1 - 1: T.Au?en	14.7
2021-03-11 15:01:28.0	Ana2 - 2: T.Zuluft	18.7
2021-03-11 15:01:28.0	Ana3 - 3: T.Abluft	20.7
2021-03-11 15:01:28.0	Ana4 - 4: T.Fortluft	17.2
2021-03-11 15:01:28.0	Ana5 - 5: T.Raum	9999.9
2021-03-11 15:01:28.0	Ana9 - 9: T.Zuluft WRG warm	20.0
2021-03-11 15:01:38.0	Ana1 - 1: T.Au?en	14.7
2021-03-11 15:01:38.0	Ana2 - 2: T.Zuluft	18.7
2021-03-11 15:01:38.0	Ana3 - 3: T.Abluft	20.7
2021-03-11 15:01:38.0	Ana4 - 4: T.Fortluft	17.2
2021-03-11 15:01:38.0	Ana5 - 5: T.Raum	9999.9
2021-03-11 15:01:38.0	Ana9 - 9: T.Zuluft WRG warm	20.0
2021-03-11 15:01:48.0	Ana1 - 1: T.Au?en	14.7
2021-03-11 15:01:48.0	Ana2 - 2: T.Zuluft	18.7
2021-03-11 15:01:48.0	Ana3 - 3: T.Abluft	20.7
2021-03-11 15:01:48.0	Ana4 - 4: T.Fortluft	17.2
2021-03-11 15:01:48.0	Ana5 - 5: T.Raum	9999.9
2021-03-11 15:01:48.0	Ana9 - 9: T.Zuluft WRG warm	20.0
2021-03-11 15:01:58.0	Ana1 - 1: T.Au?en	14.7
2021-03-11 15:01:58.0	Ana2 - 2: T.Zuluft	18.7
2021-03-11 15:01:58.0	Ana3 - 3: T.Abluft	20.7
2021-03-11 15:01:58.0	Ana4 - 4: T.Fortluft	17.2
2021-03-11 15:01:58.0	Ana5 - 5: T.Raum	9999.9
2021-03-11 15:01:58.0	Ana9 - 9: T.Zuluft WRG warm	20.0
2021-03-11 15:02:08.0	Ana1 - 1: T.Au?en	14.7
2021-03-11 15:02:08.0	Ana2 - 2: T.Zuluft	18.7
2021-03-11 15:02:08.0	Ana3 - 3: T.Abluft	20.7
2021-03-11 15:02:08.0	Ana4 - 4: T.Fortluft	17.2
2021-03-11 15:02:08.0	Ana5 - 5: T.Raum	9999.9
2021-03-11 15:02:08.0	Ana9 - 9: T.Zuluft WRG warm	20.0
2021-03-11 15:02:18.0	Ana1 - 1: T.Au?en	14.7
2021-03-11 15:02:18.0	Ana2 - 2: T.Zuluft	18.7
2021-03-11 15:02:18.0	Ana3 - 3: T.Abluft	20.7
2021-03-11 15:02:18.0	Ana4 - 4: T.Fortluft	17.2
2021-03-11 15:02:18.0	Ana5 - 5: T.Raum	9999.9
2021-03-11 15:02:18.0	Ana9 - 9: T.Zuluft WRG warm	20.0
2021-03-11 15:02:28.0	Ana1 - 1: T.Au?en	14.7
2021-03-11 15:02:28.0	Ana2 - 2: T.Zuluft	18.7
2021-03-11 15:02:28.0	Ana3 - 3: T.Abluft	20.7
2021-03-11 15:02:28.0	Ana4 - 4: T.Fortluft	17.2
2021-03-11 15:02:28.0	Ana5 - 5: T.Raum	9999.9
2021-03-11 15:02:28.0	Ana9 - 9: T.Zuluft WRG warm	20.0
2021-03-11 15:02:38.0	Ana1 - 1: T.Au?en	14.7
2021-03-11 15:02:38.0	Ana2 - 2: T.Zuluft	18.7
2021-03-11 15:02:38.0	Ana3 - 3: T.Abluft	20.7
2021-03-11 15:02:38.0	Ana4 - 4: T.Fortluft	17.2
2021-03-11 15:02:38.0	Ana5 - 5: T.Raum	9999.9
2021-03-11 15:02:38.0	Ana9 - 9: T.Zuluft WRG warm	20.0
2021-03-11 15:02:48.0	Ana1 - 1: T.Au?en	14.7
2021-03-11 15:02:48.0	Ana2 - 2: T.Zuluft	18.8
2021-03-11 15:02:48.0	Ana3 - 3: T.Abluft	20.7
2021-03-11 15:02:48.0	Ana4 - 4: T.Fortluft	17.2
2021-03-11 15:02:48.0	Ana5 - 5: T.Raum	9999.9
2021-03-11 15:02:48.0	Ana9 - 9: T.Zuluft WRG warm	20.0
2021-03-11 15:02:58.0	Ana1 - 1: T.Au?en	14.7
2021-03-11 15:02:58.0	Ana2 - 2: T.Zuluft	18.7
2021-03-11 15:02:58.0	Ana3 - 3: T.Abluft	20.7
2021-03-11 15:02:58.0	Ana4 - 4: T.Fortluft	17.2
2021-03-11 15:02:58.0	Ana5 - 5: T.Raum	9999.9
2021-03-11 15:02:58.0	Ana9 - 9: T.Zuluft WRG warm	20.0
2021-03-11 15:03:08.0	Ana1 - 1: T.Au?en	14.7
2021-03-11 15:03:08.0	Ana2 - 2: T.Zuluft	18.7
2021-03-11 15:03:08.0	Ana3 - 3: T.Abluft	20.7
2021-03-11 15:03:08.0	Ana4 - 4: T.Fortluft	17.2
2021-03-11 15:03:08.0	Ana5 - 5: T.Raum	9999.9
2021-03-11 15:03:08.0	Ana9 - 9: T.Zuluft WRG warm	20.0
2021-03-11 15:03:18.0	Ana1 - 1: T.Au?en	14.7
2021-03-11 15:03:18.0	Ana2 - 2: T.Zuluft	18.8
2021-03-11 15:03:18.0	Ana3 - 3: T.Abluft	20.7
2021-03-11 15:03:18.0	Ana4 - 4: T.Fortluft	17.3
2021-03-11 15:03:18.0	Ana5 - 5: T.Raum	9999.9
2021-03-11 15:03:18.0	Ana9 - 9: T.Zuluft WRG warm	20.0
2021-03-11 15:03:28.0	Ana1 - 1: T.Au?en	14.8
2021-03-11 15:03:28.0	Ana2 - 2: T.Zuluft	18.7
2021-03-11 15:03:28.0	Ana3 - 3: T.Abluft	20.7
2021-03-11 15:03:28.0	Ana4 - 4: T.Fortluft	17.2
2021-03-11 15:03:28.0	Ana5 - 5: T.Raum	9999.9
2021-03-11 15:03:28.0	Ana9 - 9: T.Zuluft WRG warm	20.0
2021-03-11 15:03:38.0	Ana1 - 1: T.Au?en	14.8
2021-03-11 15:03:38.0	Ana2 - 2: T.Zuluft	18.7
2021-03-11 15:03:38.0	Ana3 - 3: T.Abluft	20.7
2021-03-11 15:03:38.0	Ana4 - 4: T.Fortluft	17.2
2021-03-11 15:03:38.0	Ana5 - 5: T.Raum	9999.9
2021-03-11 15:03:38.0	Ana9 - 9: T.Zuluft WRG warm	20.0
2021-03-11 15:03:48.0	Ana1 - 1: T.Au?en	14.8
2021-03-11 15:03:48.0	Ana2 - 2: T.Zuluft	18.7
2021-03-11 15:03:48.0	Ana3 - 3: T.Abluft	20.7
2021-03-11 15:03:48.0	Ana4 - 4: T.Fortluft	17.2
2021-03-11 15:03:48.0	Ana5 - 5: T.Raum	9999.9
2021-03-11 15:03:48.0	Ana9 - 9: T.Zuluft WRG warm	20.0
2021-03-11 15:03:58.0	Ana1 - 1: T.Au?en	14.8
2021-03-11 15:03:58.0	Ana2 - 2: T.Zuluft	18.7
2021-03-11 15:03:58.0	Ana3 - 3: T.Abluft	20.7
2021-03-11 15:03:58.0	Ana4 - 4: T.Fortluft	17.2
2021-03-11 15:03:58.0	Ana5 - 5: T.Raum	9999.9
2021-03-11 15:03:58.0	Ana9 - 9: T.Zuluft WRG warm	20.0
2021-03-11 15:04:08.0	Ana1 - 1: T.Au?en	14.8
2021-03-11 15:04:08.0	Ana2 - 2: T.Zuluft	18.7
2021-03-11 15:04:08.0	Ana3 - 3: T.Abluft	20.7
2021-03-11 15:04:08.0	Ana4 - 4: T.Fortluft	17.2
2021-03-11 15:04:08.0	Ana5 - 5: T.Raum	9999.9
2021-03-11 15:04:08.0	Ana9 - 9: T.Zuluft WRG warm	20.0
2021-03-11 15:04:18.0	Ana1 - 1: T.Au?en	14.8
2021-03-11 15:04:18.0	Ana2 - 2: T.Zuluft	18.7
2021-03-11 15:04:18.0	Ana3 - 3: T.Abluft	20.7
2021-03-11 15:04:18.0	Ana4 - 4: T.Fortluft	17.3
2021-03-11 15:04:18.0	Ana5 - 5: T.Raum	9999.9
2021-03-11 15:04:18.0	Ana9 - 9: T.Zuluft WRG warm	20.0
2021-03-11 15:04:28.0	Ana1 - 1: T.Au?en	14.8
2021-03-11 15:04:28.0	Ana2 - 2: T.Zuluft	18.7
2021-03-11 15:04:28.0	Ana3 - 3: T.Abluft	20.7
2021-03-11 15:04:28.0	Ana4 - 4: T.Fortluft	17.3
2021-03-11 15:04:28.0	Ana5 - 5: T.Raum	9999.9
2021-03-11 15:04:28.0	Ana9 - 9: T.Zuluft WRG warm	20.0
2021-03-11 15:04:38.0	Ana1 - 1: T.Au?en	14.9
2021-03-11 15:04:38.0	Ana2 - 2: T.Zuluft	18.7
2021-03-11 15:04:38.0	Ana3 - 3: T.Abluft	20.7
2021-03-11 15:04:38.0	Ana4 - 4: T.Fortluft	17.3
2021-03-11 15:04:38.0	Ana5 - 5: T.Raum	9999.9
2021-03-11 15:04:38.0	Ana9 - 9: T.Zuluft WRG warm	20.0
2021-03-11 15:04:48.0	Ana1 - 1: T.Au?en	14.9
2021-03-11 15:04:48.0	Ana2 - 2: T.Zuluft	18.7
2021-03-11 15:04:48.0	Ana3 - 3: T.Abluft	20.7
2021-03-11 15:04:48.0	Ana4 - 4: T.Fortluft	17.2
2021-03-11 15:04:48.0	Ana5 - 5: T.Raum	9999.9
2021-03-11 15:04:48.0	Ana9 - 9: T.Zuluft WRG warm	20.0
2021-03-11 15:04:58.0	Ana1 - 1: T.Au?en	14.9
2021-03-11 15:04:58.0	Ana2 - 2: T.Zuluft	18.8
2021-03-11 15:04:58.0	Ana3 - 3: T.Abluft	20.7
2021-03-11 15:04:58.0	Ana4 - 4: T.Fortluft	17.3
2021-03-11 15:04:58.0	Ana5 - 5: T.Raum	9999.9
2021-03-11 15:04:58.0	Ana9 - 9: T.Zuluft WRG warm	20.0
2021-03-11 15:05:08.0	Ana1 - 1: T.Au?en	14.9
2021-03-11 15:05:08.0	Ana2 - 2: T.Zuluft	18.8
2021-03-11 15:05:08.0	Ana3 - 3: T.Abluft	20.7
2021-03-11 15:05:08.0	Ana4 - 4: T.Fortluft	17.3
2021-03-11 15:05:08.0	Ana5 - 5: T.Raum	9999.9
2021-03-11 15:05:08.0	Ana9 - 9: T.Zuluft WRG warm	20.0
2021-03-11 15:05:18.0	Ana1 - 1: T.Au?en	14.9
2021-03-11 15:05:18.0	Ana2 - 2: T.Zuluft	18.7
2021-03-11 15:05:18.0	Ana3 - 3: T.Abluft	20.8
2021-03-11 15:05:18.0	Ana4 - 4: T.Fortluft	17.3
2021-03-11 15:05:18.0	Ana5 - 5: T.Raum	9999.9
2021-03-11 15:05:18.0	Ana9 - 9: T.Zuluft WRG warm	20.0
2021-03-11 15:05:28.0	Ana1 - 1: T.Au?en	14.9
2021-03-11 15:05:28.0	Ana2 - 2: T.Zuluft	18.8
2021-03-11 15:05:28.0	Ana3 - 3: T.Abluft	20.8
2021-03-11 15:05:28.0	Ana4 - 4: T.Fortluft	17.3
2021-03-11 15:05:28.0	Ana5 - 5: T.Raum	9999.9
2021-03-11 15:05:28.0	Ana9 - 9: T.Zuluft WRG warm	20.0
2021-03-11 15:05:38.0	Ana1 - 1: T.Au?en	14.9
2021-03-11 15:05:38.0	Ana2 - 2: T.Zuluft	18.7
2021-03-11 15:05:38.0	Ana3 - 3: T.Abluft	20.8
2021-03-11 15:05:38.0	Ana4 - 4: T.Fortluft	17.3
2021-03-11 15:05:38.0	Ana5 - 5: T.Raum	9999.9
2021-03-11 15:05:38.0	Ana9 - 9: T.Zuluft WRG warm	20.0
2021-03-11 15:05:48.0	Ana1 - 1: T.Au?en	14.9
2021-03-11 15:05:48.0	Ana2 - 2: T.Zuluft	18.8
2021-03-11 15:05:48.0	Ana3 - 3: T.Abluft	20.8
2021-03-11 15:05:48.0	Ana4 - 4: T.Fortluft	17.3
2021-03-11 15:05:48.0	Ana5 - 5: T.Raum	9999.9
2021-03-11 15:05:48.0	Ana9 - 9: T.Zuluft WRG warm	20.0
2021-03-11 15:05:58.0	Ana1 - 1: T.Au?en	14.9
2021-03-11 15:05:58.0	Ana2 - 2: T.Zuluft	18.8
2021-03-11 15:05:58.0	Ana3 - 3: T.Abluft	20.8
2021-03-11 15:05:58.0	Ana4 - 4: T.Fortluft	17.3
2021-03-11 15:05:58.0	Ana5 - 5: T.Raum	9999.9
2021-03-11 15:05:58.0	Ana9 - 9: T.Zuluft WRG warm	20.0
2021-03-11 15:06:08.0	Ana1 - 1: T.Au?en	14.9
2021-03-11 15:06:08.0	Ana2 - 2: T.Zuluft	18.8
2021-03-11 15:06:08.0	Ana3 - 3: T.Abluft	20.8
2021-03-11 15:06:08.0	Ana4 - 4: T.Fortluft	17.3
2021-03-11 15:06:08.0	Ana5 - 5: T.Raum	9999.9
2021-03-11 15:06:08.0	Ana9 - 9: T.Zuluft WRG warm	20.0
2021-03-11 15:06:18.0	Ana1 - 1: T.Au?en	14.9
2021-03-11 15:06:18.0	Ana2 - 2: T.Zuluft	18.8
2021-03-11 15:06:18.0	Ana3 - 3: T.Abluft	20.8
2021-03-11 15:06:18.0	Ana4 - 4: T.Fortluft	17.3
2021-03-11 15:06:18.0	Ana5 - 5: T.Raum	9999.9
2021-03-11 15:06:18.0	Ana9 - 9: T.Zuluft WRG warm	20.0
2021-03-11 15:06:28.0	Ana1 - 1: T.Au?en	14.9
2021-03-11 15:06:28.0	Ana2 - 2: T.Zuluft	18.8
2021-03-11 15:06:28.0	Ana3 - 3: T.Abluft	20.8
2021-03-11 15:06:28.0	Ana4 - 4: T.Fortluft	17.3
2021-03-11 15:06:28.0	Ana5 - 5: T.Raum	9999.9
2021-03-11 15:06:28.0	Ana9 - 9: T.Zuluft WRG warm	20.0
2021-03-11 15:06:38.0	Ana1 - 1: T.Au?en	14.9
2021-03-11 15:06:38.0	Ana2 - 2: T.Zuluft	18.8
2021-03-11 15:06:38.0	Ana3 - 3: T.Abluft	20.8
2021-03-11 15:06:38.0	Ana4 - 4: T.Fortluft	17.3
2021-03-11 15:06:38.0	Ana5 - 5: T.Raum	9999.9
2021-03-11 15:06:38.0	Ana9 - 9: T.Zuluft WRG warm	20.0
2021-03-11 15:06:48.0	Ana1 - 1: T.Au?en	14.9
2021-03-11 15:06:48.0	Ana2 - 2: T.Zuluft	18.8
2021-03-11 15:06:48.0	Ana3 - 3: T.Abluft	20.8
2021-03-11 15:06:48.0	Ana4 - 4: T.Fortluft	17.3
2021-03-11 15:06:48.0	Ana5 - 5: T.Raum	9999.9
2021-03-11 15:06:48.0	Ana9 - 9: T.Zuluft WRG warm	20.0
2021-03-11 15:06:58.0	Ana1 - 1: T.Au?en	14.9
2021-03-11 15:06:58.0	Ana2 - 2: T.Zuluft	18.8
2021-03-11 15:06:58.0	Ana3 - 3: T.Abluft	20.8
2021-03-11 15:06:58.0	Ana4 - 4: T.Fortluft	17.3
2021-03-11 15:06:58.0	Ana5 - 5: T.Raum	9999.9
2021-03-11 15:06:58.0	Ana9 - 9: T.Zuluft WRG warm	20.1
2021-03-11 15:07:08.0	Ana1 - 1: T.Au?en	15.0
2021-03-11 15:07:08.0	Ana2 - 2: T.Zuluft	18.8
2021-03-11 15:07:08.0	Ana3 - 3: T.Abluft	20.8
2021-03-11 15:07:08.0	Ana4 - 4: T.Fortluft	17.3
2021-03-11 15:07:08.0	Ana5 - 5: T.Raum	9999.9
2021-03-11 15:07:08.0	Ana9 - 9: T.Zuluft WRG warm	20.1
2021-03-11 15:07:18.0	Ana1 - 1: T.Au?en	15.0
2021-03-11 15:07:18.0	Ana2 - 2: T.Zuluft	18.8
2021-03-11 15:07:18.0	Ana3 - 3: T.Abluft	20.8
2021-03-11 15:07:18.0	Ana4 - 4: T.Fortluft	17.3
2021-03-11 15:07:18.0	Ana5 - 5: T.Raum	9999.9
2021-03-11 15:07:18.0	Ana9 - 9: T.Zuluft WRG warm	20.1
2021-03-11 15:07:28.0	Ana1 - 1: T.Au?en	14.9
2021-03-11 15:07:28.0	Ana2 - 2: T.Zuluft	18.8
2021-03-11 15:07:28.0	Ana3 - 3: T.Abluft	20.8
2021-03-11 15:07:28.0	Ana4 - 4: T.Fortluft	17.3
2021-03-11 15:07:28.0	Ana5 - 5: T.Raum	9999.9
2021-03-11 15:07:28.0	Ana9 - 9: T.Zuluft WRG warm	20.1
2021-03-11 15:07:38.0	Ana1 - 1: T.Au?en	14.9
2021-03-11 15:07:38.0	Ana2 - 2: T.Zuluft	18.8
2021-03-11 15:07:38.0	Ana3 - 3: T.Abluft	20.8
2021-03-11 15:07:38.0	Ana4 - 4: T.Fortluft	17.3
2021-03-11 15:07:38.0	Ana5 - 5: T.Raum	9999.9
2021-03-11 15:07:38.0	Ana9 - 9: T.Zuluft WRG warm	20.1
2021-03-11 15:07:48.0	Ana1 - 1: T.Au?en	14.9
2021-03-11 15:07:48.0	Ana2 - 2: T.Zuluft	18.8
2021-03-11 15:07:48.0	Ana3 - 3: T.Abluft	20.8
2021-03-11 15:07:48.0	Ana4 - 4: T.Fortluft	17.3
2021-03-11 15:07:48.0	Ana5 - 5: T.Raum	9999.9
2021-03-11 15:07:48.0	Ana9 - 9: T.Zuluft WRG warm	20.1
2021-03-11 15:07:58.0	Ana1 - 1: T.Au?en	15.0
2021-03-11 15:07:58.0	Ana2 - 2: T.Zuluft	18.8
2021-03-11 15:07:58.0	Ana3 - 3: T.Abluft	20.8
2021-03-11 15:07:58.0	Ana4 - 4: T.Fortluft	17.3
2021-03-11 15:07:58.0	Ana5 - 5: T.Raum	9999.9
2021-03-11 15:07:58.0	Ana9 - 9: T.Zuluft WRG warm	20.1
2021-03-11 15:08:08.0	Ana1 - 1: T.Au?en	15.0
2021-03-11 15:08:08.0	Ana2 - 2: T.Zuluft	18.8
2021-03-11 15:08:08.0	Ana3 - 3: T.Abluft	20.8
2021-03-11 15:08:08.0	Ana4 - 4: T.Fortluft	17.3
2021-03-11 15:08:08.0	Ana5 - 5: T.Raum	9999.9
2021-03-11 15:08:08.0	Ana9 - 9: T.Zuluft WRG warm	20.1
2021-03-11 15:08:18.0	Ana1 - 1: T.Au?en	15.0
2021-03-11 15:08:18.0	Ana2 - 2: T.Zuluft	18.8
2021-03-11 15:08:18.0	Ana3 - 3: T.Abluft	20.8
2021-03-11 15:08:18.0	Ana4 - 4: T.Fortluft	17.3
2021-03-11 15:08:18.0	Ana5 - 5: T.Raum	9999.9
2021-03-11 15:08:18.0	Ana9 - 9: T.Zuluft WRG warm	20.1
2021-03-11 15:08:28.0	Ana1 - 1: T.Au?en	15.0
2021-03-11 15:08:28.0	Ana2 - 2: T.Zuluft	18.8
2021-03-11 15:08:28.0	Ana3 - 3: T.Abluft	20.8
2021-03-11 15:08:28.0	Ana4 - 4: T.Fortluft	17.3
2021-03-11 15:08:28.0	Ana5 - 5: T.Raum	9999.9
2021-03-11 15:08:28.0	Ana9 - 9: T.Zuluft WRG warm	20.1
2021-03-11 15:08:38.0	Ana1 - 1: T.Au?en	15.1
2021-03-11 15:08:38.0	Ana2 - 2: T.Zuluft	18.8
2021-03-11 15:08:38.0	Ana3 - 3: T.Abluft	20.8
2021-03-11 15:08:38.0	Ana4 - 4: T.Fortluft	17.3
2021-03-11 15:08:38.0	Ana5 - 5: T.Raum	9999.9
2021-03-11 15:08:38.0	Ana9 - 9: T.Zuluft WRG warm	20.1
2021-03-11 15:08:48.0	Ana1 - 1: T.Au?en	15.1
2021-03-11 15:08:48.0	Ana2 - 2: T.Zuluft	18.8
2021-03-11 15:08:48.0	Ana3 - 3: T.Abluft	20.8
2021-03-11 15:08:48.0	Ana4 - 4: T.Fortluft	17.3
2021-03-11 15:08:48.0	Ana5 - 5: T.Raum	9999.9
2021-03-11 15:08:48.0	Ana9 - 9: T.Zuluft WRG warm	20.1
2021-03-11 15:08:58.0	Ana1 - 1: T.Au?en	15.0
2021-03-11 15:08:58.0	Ana2 - 2: T.Zuluft	18.8
2021-03-11 15:08:58.0	Ana3 - 3: T.Abluft	20.8
2021-03-11 15:08:58.0	Ana4 - 4: T.Fortluft	17.3
2021-03-11 15:08:58.0	Ana5 - 5: T.Raum	9999.9
2021-03-11 15:08:58.0	Ana9 - 9: T.Zuluft WRG warm	20.1
2021-03-11 15:09:08.0	Ana1 - 1: T.Au?en	15.0
2021-03-11 15:09:08.0	Ana2 - 2: T.Zuluft	18.8
2021-03-11 15:09:08.0	Ana3 - 3: T.Abluft	20.8
2021-03-11 15:09:08.0	Ana4 - 4: T.Fortluft	17.3
2021-03-11 15:09:08.0	Ana5 - 5: T.Raum	9999.9
2021-03-11 15:09:08.0	Ana9 - 9: T.Zuluft WRG warm	20.1
2021-03-11 15:09:18.0	Ana1 - 1: T.Au?en	15.0
2021-03-11 15:09:18.0	Ana2 - 2: T.Zuluft	18.8
2021-03-11 15:09:18.0	Ana3 - 3: T.Abluft	20.8
2021-03-11 15:09:18.0	Ana4 - 4: T.Fortluft	17.3
2021-03-11 15:09:18.0	Ana5 - 5: T.Raum	9999.9
2021-03-11 15:09:18.0	Ana9 - 9: T.Zuluft WRG warm	20.1
2021-03-11 15:09:28.0	Ana1 - 1: T.Au?en	15.0
2021-03-11 15:09:28.0	Ana2 - 2: T.Zuluft	18.8
2021-03-11 15:09:28.0	Ana3 - 3: T.Abluft	20.8
2021-03-11 15:09:28.0	Ana4 - 4: T.Fortluft	17.3
2021-03-11 15:09:28.0	Ana5 - 5: T.Raum	9999.9
2021-03-11 15:09:28.0	Ana9 - 9: T.Zuluft WRG warm	20.1
2021-03-11 15:09:38.0	Ana1 - 1: T.Au?en	15.0
2021-03-11 15:09:38.0	Ana2 - 2: T.Zuluft	18.8
2021-03-11 15:09:38.0	Ana3 - 3: T.Abluft	20.8
2021-03-11 15:09:38.0	Ana4 - 4: T.Fortluft	17.3
2021-03-11 15:09:38.0	Ana5 - 5: T.Raum	9999.9
2021-03-11 15:09:38.0	Ana9 - 9: T.Zuluft WRG warm	20.1
2021-03-11 15:09:48.0	Ana1 - 1: T.Au?en	15.0
2021-03-11 15:09:48.0	Ana2 - 2: T.Zuluft	18.8
2021-03-11 15:09:48.0	Ana3 - 3: T.Abluft	20.8
2021-03-11 15:09:48.0	Ana4 - 4: T.Fortluft	17.3
2021-03-11 15:09:48.0	Ana5 - 5: T.Raum	9999.9
2021-03-11 15:09:48.0	Ana9 - 9: T.Zuluft WRG warm	20.1
2021-03-11 15:09:58.0	Ana1 - 1: T.Au?en	15.0
2021-03-11 15:09:58.0	Ana2 - 2: T.Zuluft	18.8
2021-03-11 15:09:58.0	Ana3 - 3: T.Abluft	20.8
2021-03-11 15:09:58.0	Ana4 - 4: T.Fortluft	17.3
2021-03-11 15:09:58.0	Ana5 - 5: T.Raum	9999.9
2021-03-11 15:09:58.0	Ana9 - 9: T.Zuluft WRG warm	20.1
2021-03-11 15:10:08.0	Ana1 - 1: T.Au?en	15.0
2021-03-11 15:10:08.0	Ana2 - 2: T.Zuluft	18.8
2021-03-11 15:10:08.0	Ana3 - 3: T.Abluft	20.9
2021-03-11 15:10:08.0	Ana4 - 4: T.Fortluft	17.3
2021-03-11 15:10:08.0	Ana5 - 5: T.Raum	9999.9
2021-03-11 15:10:08.0	Ana9 - 9: T.Zuluft WRG warm	20.1
2021-03-11 15:10:18.0	Ana1 - 1: T.Au?en	15.0
2021-03-11 15:10:18.0	Ana2 - 2: T.Zuluft	18.8
2021-03-11 15:10:18.0	Ana3 - 3: T.Abluft	20.9
2021-03-11 15:10:18.0	Ana4 - 4: T.Fortluft	17.3
2021-03-11 15:10:18.0	Ana5 - 5: T.Raum	9999.9
2021-03-11 15:10:18.0	Ana9 - 9: T.Zuluft WRG warm	20.1
2021-03-11 15:10:28.0	Ana1 - 1: T.Au?en	15.0
2021-03-11 15:10:28.0	Ana2 - 2: T.Zuluft	18.8
2021-03-11 15:10:28.0	Ana3 - 3: T.Abluft	20.9
2021-03-11 15:10:28.0	Ana4 - 4: T.Fortluft	17.3
2021-03-11 15:10:28.0	Ana5 - 5: T.Raum	9999.9
2021-03-11 15:10:28.0	Ana9 - 9: T.Zuluft WRG warm	20.1
2021-03-11 15:10:38.0	Ana1 - 1: T.Au?en	15.0
2021-03-11 15:10:38.0	Ana2 - 2: T.Zuluft	18.8
2021-03-11 15:10:38.0	Ana3 - 3: T.Abluft	20.9
2021-03-11 15:10:38.0	Ana4 - 4: T.Fortluft	17.3
2021-03-11 15:10:38.0	Ana5 - 5: T.Raum	9999.9
2021-03-11 15:10:38.0	Ana9 - 9: T.Zuluft WRG warm	20.1
2021-03-11 15:10:48.0	Ana1 - 1: T.Au?en	15.0
2021-03-11 15:10:48.0	Ana2 - 2: T.Zuluft	18.8
2021-03-11 15:10:48.0	Ana3 - 3: T.Abluft	20.9
2021-03-11 15:10:48.0	Ana4 - 4: T.Fortluft	17.3
2021-03-11 15:10:48.0	Ana5 - 5: T.Raum	9999.9
2021-03-11 15:10:48.0	Ana9 - 9: T.Zuluft WRG warm	20.1
2021-03-11 15:10:58.0	Ana1 - 1: T.Au?en	15.0
2021-03-11 15:10:58.0	Ana2 - 2: T.Zuluft	18.8
2021-03-11 15:10:58.0	Ana3 - 3: T.Abluft	20.9
2021-03-11 15:10:58.0	Ana4 - 4: T.Fortluft	17.3
2021-03-11 15:10:58.0	Ana5 - 5: T.Raum	9999.9
2021-03-11 15:10:58.0	Ana9 - 9: T.Zuluft WRG warm	20.1
2021-03-11 15:11:08.0	Ana1 - 1: T.Au?en	15.0
2021-03-11 15:11:08.0	Ana2 - 2: T.Zuluft	18.8
2021-03-11 15:11:08.0	Ana3 - 3: T.Abluft	20.9
2021-03-11 15:11:08.0	Ana4 - 4: T.Fortluft	17.3
2021-03-11 15:11:08.0	Ana5 - 5: T.Raum	9999.9
2021-03-11 15:11:08.0	Ana9 - 9: T.Zuluft WRG warm	20.1
2021-03-11 15:11:18.0	Ana1 - 1: T.Au?en	15.0
2021-03-11 15:11:18.0	Ana2 - 2: T.Zuluft	18.8
2021-03-11 15:11:18.0	Ana3 - 3: T.Abluft	20.9
2021-03-11 15:11:18.0	Ana4 - 4: T.Fortluft	17.3
2021-03-11 15:11:18.0	Ana5 - 5: T.Raum	9999.9
2021-03-11 15:11:18.0	Ana9 - 9: T.Zuluft WRG warm	20.1
2021-03-11 15:11:28.0	Ana1 - 1: T.Au?en	15.0
2021-03-11 15:11:28.0	Ana2 - 2: T.Zuluft	18.8
2021-03-11 15:11:28.0	Ana3 - 3: T.Abluft	20.9
2021-03-11 15:11:28.0	Ana4 - 4: T.Fortluft	17.3
2021-03-11 15:11:28.0	Ana5 - 5: T.Raum	9999.9
2021-03-11 15:11:28.0	Ana9 - 9: T.Zuluft WRG warm	20.1
2021-03-11 15:11:38.0	Ana1 - 1: T.Au?en	15.0
2021-03-11 15:11:38.0	Ana2 - 2: T.Zuluft	18.8
2021-03-11 15:11:38.0	Ana3 - 3: T.Abluft	20.9
2021-03-11 15:11:38.0	Ana4 - 4: T.Fortluft	17.3
2021-03-11 15:11:38.0	Ana5 - 5: T.Raum	9999.9
2021-03-11 15:11:38.0	Ana9 - 9: T.Zuluft WRG warm	20.1
2021-03-11 15:11:48.0	Ana1 - 1: T.Au?en	15.0
2021-03-11 15:11:48.0	Ana2 - 2: T.Zuluft	18.8
2021-03-11 15:11:48.0	Ana3 - 3: T.Abluft	20.9
2021-03-11 15:11:48.0	Ana4 - 4: T.Fortluft	17.3
2021-03-11 15:11:48.0	Ana5 - 5: T.Raum	9999.9
2021-03-11 15:11:48.0	Ana9 - 9: T.Zuluft WRG warm	20.1
2021-03-11 15:11:58.0	Ana1 - 1: T.Au?en	15.1
2021-03-11 15:11:58.0	Ana2 - 2: T.Zuluft	18.8
2021-03-11 15:11:58.0	Ana3 - 3: T.Abluft	20.9
2021-03-11 15:11:58.0	Ana4 - 4: T.Fortluft	17.3
2021-03-11 15:11:58.0	Ana5 - 5: T.Raum	9999.9
2021-03-11 15:11:58.0	Ana9 - 9: T.Zuluft WRG warm	20.2
2021-03-11 15:12:08.0	Ana1 - 1: T.Au?en	15.2
2021-03-11 15:12:08.0	Ana2 - 2: T.Zuluft	18.8
2021-03-11 15:12:08.0	Ana3 - 3: T.Abluft	20.9
2021-03-11 15:12:08.0	Ana4 - 4: T.Fortluft	17.3
2021-03-11 15:12:08.0	Ana5 - 5: T.Raum	9999.9
2021-03-11 15:12:08.0	Ana9 - 9: T.Zuluft WRG warm	20.2
2021-03-11 15:12:18.0	Ana1 - 1: T.Au?en	15.2
2021-03-11 15:12:18.0	Ana2 - 2: T.Zuluft	18.8
2021-03-11 15:12:18.0	Ana3 - 3: T.Abluft	20.9
2021-03-11 15:12:18.0	Ana4 - 4: T.Fortluft	17.3
2021-03-11 15:12:18.0	Ana5 - 5: T.Raum	9999.9
2021-03-11 15:12:18.0	Ana9 - 9: T.Zuluft WRG warm	20.2
2021-03-11 15:12:28.0	Ana1 - 1: T.Au?en	15.2
2021-03-11 15:12:28.0	Ana2 - 2: T.Zuluft	18.8
2021-03-11 15:12:28.0	Ana3 - 3: T.Abluft	20.9
2021-03-11 15:12:28.0	Ana4 - 4: T.Fortluft	17.3
2021-03-11 15:12:28.0	Ana5 - 5: T.Raum	9999.9
2021-03-11 15:12:28.0	Ana9 - 9: T.Zuluft WRG warm	20.2
2021-03-11 15:12:38.0	Ana1 - 1: T.Au?en	15.3
2021-03-11 15:12:38.0	Ana2 - 2: T.Zuluft	18.9
2021-03-11 15:12:38.0	Ana3 - 3: T.Abluft	20.9
2021-03-11 15:12:38.0	Ana4 - 4: T.Fortluft	17.3
2021-03-11 15:12:38.0	Ana5 - 5: T.Raum	9999.9
2021-03-11 15:12:38.0	Ana9 - 9: T.Zuluft WRG warm	20.2
2021-03-11 15:12:48.0	Ana1 - 1: T.Au?en	15.4
2021-03-11 15:12:48.0	Ana2 - 2: T.Zuluft	18.9
2021-03-11 15:12:48.0	Ana3 - 3: T.Abluft	20.9
2021-03-11 15:12:48.0	Ana4 - 4: T.Fortluft	17.3
2021-03-11 15:12:48.0	Ana5 - 5: T.Raum	9999.9
2021-03-11 15:12:48.0	Ana9 - 9: T.Zuluft WRG warm	20.2
2021-03-11 15:12:58.0	Ana1 - 1: T.Au?en	15.4
2021-03-11 15:12:58.0	Ana2 - 2: T.Zuluft	18.9
2021-03-11 15:12:58.0	Ana3 - 3: T.Abluft	20.9
2021-03-11 15:12:58.0	Ana4 - 4: T.Fortluft	17.3
2021-03-11 15:12:58.0	Ana5 - 5: T.Raum	9999.9
2021-03-11 15:12:58.0	Ana9 - 9: T.Zuluft WRG warm	20.2
2021-03-11 15:13:08.0	Ana1 - 1: T.Au?en	15.5
2021-03-11 15:13:08.0	Ana2 - 2: T.Zuluft	18.9
2021-03-11 15:13:08.0	Ana3 - 3: T.Abluft	20.9
2021-03-11 15:13:08.0	Ana4 - 4: T.Fortluft	17.4
2021-03-11 15:13:08.0	Ana5 - 5: T.Raum	9999.9
2021-03-11 15:13:08.0	Ana9 - 9: T.Zuluft WRG warm	20.2
2021-03-11 15:13:18.0	Ana1 - 1: T.Au?en	15.4
2021-03-11 15:13:18.0	Ana2 - 2: T.Zuluft	18.9
2021-03-11 15:13:18.0	Ana3 - 3: T.Abluft	20.9
2021-03-11 15:13:18.0	Ana4 - 4: T.Fortluft	17.4
2021-03-11 15:13:18.0	Ana5 - 5: T.Raum	9999.9
2021-03-11 15:13:18.0	Ana9 - 9: T.Zuluft WRG warm	20.2
2021-03-11 15:13:28.0	Ana1 - 1: T.Au?en	15.3
2021-03-11 15:13:28.0	Ana2 - 2: T.Zuluft	18.9
2021-03-11 15:13:28.0	Ana3 - 3: T.Abluft	20.9
2021-03-11 15:13:28.0	Ana4 - 4: T.Fortluft	17.4
2021-03-11 15:13:28.0	Ana5 - 5: T.Raum	9999.9
2021-03-11 15:13:28.0	Ana9 - 9: T.Zuluft WRG warm	20.2
2021-03-11 15:13:38.0	Ana1 - 1: T.Au?en	15.3
2021-03-11 15:13:38.0	Ana2 - 2: T.Zuluft	18.9
2021-03-11 15:13:38.0	Ana3 - 3: T.Abluft	20.9
2021-03-11 15:13:38.0	Ana4 - 4: T.Fortluft	17.4
2021-03-11 15:13:38.0	Ana5 - 5: T.Raum	9999.9
2021-03-11 15:13:38.0	Ana9 - 9: T.Zuluft WRG warm	20.2
2021-03-11 15:13:48.0	Ana1 - 1: T.Au?en	15.3
2021-03-11 15:13:48.0	Ana2 - 2: T.Zuluft	18.9
2021-03-11 15:13:48.0	Ana3 - 3: T.Abluft	20.9
2021-03-11 15:13:48.0	Ana4 - 4: T.Fortluft	17.4
2021-03-11 15:13:48.0	Ana5 - 5: T.Raum	9999.9
2021-03-11 15:13:48.0	Ana9 - 9: T.Zuluft WRG warm	20.2
2021-03-11 15:13:58.0	Ana1 - 1: T.Au?en	15.3
2021-03-11 15:13:58.0	Ana2 - 2: T.Zuluft	18.9
2021-03-11 15:13:58.0	Ana3 - 3: T.Abluft	20.9
2021-03-11 15:13:58.0	Ana4 - 4: T.Fortluft	17.4
2021-03-11 15:13:58.0	Ana5 - 5: T.Raum	9999.9
2021-03-11 15:13:58.0	Ana9 - 9: T.Zuluft WRG warm	20.2
2021-03-11 15:14:08.0	Ana1 - 1: T.Au?en	15.3
2021-03-11 15:14:08.0	Ana2 - 2: T.Zuluft	18.9
2021-03-11 15:14:08.0	Ana3 - 3: T.Abluft	20.9
2021-03-11 15:14:08.0	Ana4 - 4: T.Fortluft	17.4
2021-03-11 15:14:08.0	Ana5 - 5: T.Raum	9999.9
2021-03-11 15:14:08.0	Ana9 - 9: T.Zuluft WRG warm	20.2
2021-03-11 15:14:18.0	Ana1 - 1: T.Au?en	15.3
2021-03-11 15:14:18.0	Ana2 - 2: T.Zuluft	18.9
2021-03-11 15:14:18.0	Ana3 - 3: T.Abluft	20.9
2021-03-11 15:14:18.0	Ana4 - 4: T.Fortluft	17.4
2021-03-11 15:14:18.0	Ana5 - 5: T.Raum	9999.9
2021-03-11 15:14:18.0	Ana9 - 9: T.Zuluft WRG warm	20.2
2021-03-11 15:14:28.0	Ana1 - 1: T.Au?en	15.3
2021-03-11 15:14:28.0	Ana2 - 2: T.Zuluft	18.9
2021-03-11 15:14:28.0	Ana3 - 3: T.Abluft	20.9
2021-03-11 15:14:28.0	Ana4 - 4: T.Fortluft	17.4
2021-03-11 15:14:28.0	Ana5 - 5: T.Raum	9999.9
2021-03-11 15:14:28.0	Ana9 - 9: T.Zuluft WRG warm	20.2
2021-03-11 15:14:38.0	Ana1 - 1: T.Au?en	15.3
2021-03-11 15:14:38.0	Ana2 - 2: T.Zuluft	18.9
2021-03-11 15:14:38.0	Ana3 - 3: T.Abluft	20.9
2021-03-11 15:14:38.0	Ana4 - 4: T.Fortluft	17.4
2021-03-11 15:14:38.0	Ana5 - 5: T.Raum	9999.9
2021-03-11 15:14:38.0	Ana9 - 9: T.Zuluft WRG warm	20.2
2021-03-11 15:14:48.0	Ana1 - 1: T.Au?en	15.4
2021-03-11 15:14:48.0	Ana2 - 2: T.Zuluft	18.9
2021-03-11 15:14:48.0	Ana3 - 3: T.Abluft	20.9
2021-03-11 15:14:48.0	Ana4 - 4: T.Fortluft	17.4
2021-03-11 15:14:48.0	Ana5 - 5: T.Raum	9999.9
2021-03-11 15:14:48.0	Ana9 - 9: T.Zuluft WRG warm	20.2
2021-03-11 15:14:58.0	Ana1 - 1: T.Au?en	15.4
2021-03-11 15:14:58.0	Ana2 - 2: T.Zuluft	18.9
2021-03-11 15:14:58.0	Ana3 - 3: T.Abluft	20.9
2021-03-11 15:14:58.0	Ana4 - 4: T.Fortluft	17.4
2021-03-11 15:14:58.0	Ana5 - 5: T.Raum	9999.9
2021-03-11 15:14:58.0	Ana9 - 9: T.Zuluft WRG warm	20.2
2021-03-11 15:15:08.0	Ana1 - 1: T.Au?en	15.3
2021-03-11 15:15:08.0	Ana2 - 2: T.Zuluft	18.9
2021-03-11 15:15:08.0	Ana3 - 3: T.Abluft	20.9
2021-03-11 15:15:08.0	Ana4 - 4: T.Fortluft	17.4
2021-03-11 15:15:08.0	Ana5 - 5: T.Raum	9999.9
2021-03-11 15:15:08.0	Ana9 - 9: T.Zuluft WRG warm	20.2
2021-03-11 15:15:18.0	Ana1 - 1: T.Au?en	15.3
2021-03-11 15:15:18.0	Ana2 - 2: T.Zuluft	18.9
2021-03-11 15:15:18.0	Ana3 - 3: T.Abluft	20.9
2021-03-11 15:15:18.0	Ana4 - 4: T.Fortluft	17.4
2021-03-11 15:15:18.0	Ana5 - 5: T.Raum	9999.9
2021-03-11 15:15:18.0	Ana9 - 9: T.Zuluft WRG warm	20.2
2021-03-11 15:15:28.0	Ana1 - 1: T.Au?en	15.3
2021-03-11 15:15:28.0	Ana2 - 2: T.Zuluft	18.9
2021-03-11 15:15:28.0	Ana3 - 3: T.Abluft	20.9
2021-03-11 15:15:28.0	Ana4 - 4: T.Fortluft	17.4
2021-03-11 15:15:28.0	Ana5 - 5: T.Raum	9999.9
2021-03-11 15:15:28.0	Ana9 - 9: T.Zuluft WRG warm	20.2
2021-03-11 15:15:38.0	Ana1 - 1: T.Au?en	15.2
2021-03-11 15:15:38.0	Ana2 - 2: T.Zuluft	18.9
2021-03-11 15:15:38.0	Ana3 - 3: T.Abluft	20.9
2021-03-11 15:15:38.0	Ana4 - 4: T.Fortluft	17.4
2021-03-11 15:15:38.0	Ana5 - 5: T.Raum	9999.9
2021-03-11 15:15:38.0	Ana9 - 9: T.Zuluft WRG warm	20.2
2021-03-11 15:15:48.0	Ana1 - 1: T.Au?en	15.1
2021-03-11 15:15:48.0	Ana2 - 2: T.Zuluft	18.9
2021-03-11 15:15:48.0	Ana3 - 3: T.Abluft	20.9
2021-03-11 15:15:48.0	Ana4 - 4: T.Fortluft	17.4
2021-03-11 15:15:48.0	Ana5 - 5: T.Raum	9999.9
2021-03-11 15:15:48.0	Ana9 - 9: T.Zuluft WRG warm	20.2
2021-03-11 15:15:58.0	Ana1 - 1: T.Au?en	15.1
2021-03-11 15:15:58.0	Ana2 - 2: T.Zuluft	18.9
2021-03-11 15:15:58.0	Ana3 - 3: T.Abluft	21.0
2021-03-11 15:15:58.0	Ana4 - 4: T.Fortluft	17.4
2021-03-11 15:15:58.0	Ana5 - 5: T.Raum	9999.9
2021-03-11 15:15:58.0	Ana9 - 9: T.Zuluft WRG warm	20.2
2021-03-11 15:16:08.0	Ana1 - 1: T.Au?en	15.1
2021-03-11 15:16:08.0	Ana2 - 2: T.Zuluft	18.9
2021-03-11 15:16:08.0	Ana3 - 3: T.Abluft	20.9
2021-03-11 15:16:08.0	Ana4 - 4: T.Fortluft	17.4
2021-03-11 15:16:08.0	Ana5 - 5: T.Raum	9999.9
2021-03-11 15:16:08.0	Ana9 - 9: T.Zuluft WRG warm	20.2
2021-03-11 15:16:18.0	Ana1 - 1: T.Au?en	15.1
2021-03-11 15:16:18.0	Ana2 - 2: T.Zuluft	18.9
2021-03-11 15:16:18.0	Ana3 - 3: T.Abluft	21.0
2021-03-11 15:16:18.0	Ana4 - 4: T.Fortluft	17.4
2021-03-11 15:16:18.0	Ana5 - 5: T.Raum	9999.9
2021-03-11 15:16:18.0	Ana9 - 9: T.Zuluft WRG warm	20.2
2021-03-11 15:16:28.0	Ana1 - 1: T.Au?en	15.1
2021-03-11 15:16:28.0	Ana2 - 2: T.Zuluft	18.9
2021-03-11 15:16:28.0	Ana3 - 3: T.Abluft	21.0
2021-03-11 15:16:28.0	Ana4 - 4: T.Fortluft	17.4
2021-03-11 15:16:28.0	Ana5 - 5: T.Raum	9999.9
2021-03-11 15:16:28.0	Ana9 - 9: T.Zuluft WRG warm	20.2
2021-03-11 15:16:38.0	Ana1 - 1: T.Au?en	15.1
2021-03-11 15:16:38.0	Ana2 - 2: T.Zuluft	18.9
2021-03-11 15:16:38.0	Ana3 - 3: T.Abluft	21.0
2021-03-11 15:16:38.0	Ana4 - 4: T.Fortluft	17.4
2021-03-11 15:16:38.0	Ana5 - 5: T.Raum	9999.9
2021-03-11 15:16:38.0	Ana9 - 9: T.Zuluft WRG warm	20.2
2021-03-11 15:16:48.0	Ana1 - 1: T.Au?en	15.1
2021-03-11 15:16:48.0	Ana2 - 2: T.Zuluft	18.9
2021-03-11 15:16:48.0	Ana3 - 3: T.Abluft	21.0
2021-03-11 15:16:48.0	Ana4 - 4: T.Fortluft	17.4
2021-03-11 15:16:48.0	Ana5 - 5: T.Raum	9999.9
2021-03-11 15:16:48.0	Ana9 - 9: T.Zuluft WRG warm	20.3
2021-03-11 15:16:58.0	Ana1 - 1: T.Au?en	15.0
2021-03-11 15:16:58.0	Ana2 - 2: T.Zuluft	18.9
2021-03-11 15:16:58.0	Ana3 - 3: T.Abluft	21.0
2021-03-11 15:16:58.0	Ana4 - 4: T.Fortluft	17.4
2021-03-11 15:16:58.0	Ana5 - 5: T.Raum	9999.9
2021-03-11 15:16:58.0	Ana9 - 9: T.Zuluft WRG warm	20.3
2021-03-11 15:17:08.0	Ana1 - 1: T.Au?en	15.1
2021-03-11 15:17:08.0	Ana2 - 2: T.Zuluft	18.9
2021-03-11 15:17:08.0	Ana3 - 3: T.Abluft	21.0
2021-03-11 15:17:08.0	Ana4 - 4: T.Fortluft	17.4
2021-03-11 15:17:08.0	Ana5 - 5: T.Raum	9999.9
2021-03-11 15:17:08.0	Ana9 - 9: T.Zuluft WRG warm	20.3
2021-03-11 15:17:18.0	Ana1 - 1: T.Au?en	15.1
2021-03-11 15:17:18.0	Ana2 - 2: T.Zuluft	18.9
2021-03-11 15:17:18.0	Ana3 - 3: T.Abluft	21.0
2021-03-11 15:17:18.0	Ana4 - 4: T.Fortluft	17.4
2021-03-11 15:17:18.0	Ana5 - 5: T.Raum	9999.9
2021-03-11 15:17:18.0	Ana9 - 9: T.Zuluft WRG warm	20.3
2021-03-11 15:17:28.0	Ana1 - 1: T.Au?en	15.1
2021-03-11 15:17:28.0	Ana2 - 2: T.Zuluft	18.9
2021-03-11 15:17:28.0	Ana3 - 3: T.Abluft	21.0
2021-03-11 15:17:28.0	Ana4 - 4: T.Fortluft	17.4
2021-03-11 15:17:28.0	Ana5 - 5: T.Raum	9999.9
2021-03-11 15:17:28.0	Ana9 - 9: T.Zuluft WRG warm	20.3
2021-03-11 15:17:38.0	Ana1 - 1: T.Au?en	15.1
2021-03-11 15:17:38.0	Ana2 - 2: T.Zuluft	18.9
2021-03-11 15:17:38.0	Ana3 - 3: T.Abluft	21.0
2021-03-11 15:17:38.0	Ana4 - 4: T.Fortluft	17.4
2021-03-11 15:17:38.0	Ana5 - 5: T.Raum	9999.9
2021-03-11 15:17:38.0	Ana9 - 9: T.Zuluft WRG warm	20.3
2021-03-11 15:17:48.0	Ana1 - 1: T.Au?en	15.1
2021-03-11 15:17:48.0	Ana2 - 2: T.Zuluft	18.9
2021-03-11 15:17:48.0	Ana3 - 3: T.Abluft	21.0
2021-03-11 15:17:48.0	Ana4 - 4: T.Fortluft	17.4
2021-03-11 15:17:48.0	Ana5 - 5: T.Raum	9999.9
2021-03-11 15:17:48.0	Ana9 - 9: T.Zuluft WRG warm	20.3
2021-03-11 15:17:58.0	Ana1 - 1: T.Au?en	15.1
2021-03-11 15:17:58.0	Ana2 - 2: T.Zuluft	18.9
2021-03-11 15:17:58.0	Ana3 - 3: T.Abluft	21.0
2021-03-11 15:17:58.0	Ana4 - 4: T.Fortluft	17.4
2021-03-11 15:17:58.0	Ana5 - 5: T.Raum	9999.9
2021-03-11 15:17:58.0	Ana9 - 9: T.Zuluft WRG warm	20.3
2021-03-11 15:18:08.0	Ana1 - 1: T.Au?en	15.0
2021-03-11 15:18:08.0	Ana2 - 2: T.Zuluft	19.0
2021-03-11 15:18:08.0	Ana3 - 3: T.Abluft	21.0
2021-03-11 15:18:08.0	Ana4 - 4: T.Fortluft	17.4
2021-03-11 15:18:08.0	Ana5 - 5: T.Raum	9999.9
2021-03-11 15:18:08.0	Ana9 - 9: T.Zuluft WRG warm	20.3
2021-03-11 15:18:18.0	Ana1 - 1: T.Au?en	15.1
2021-03-11 15:18:18.0	Ana2 - 2: T.Zuluft	18.9
2021-03-11 15:18:18.0	Ana3 - 3: T.Abluft	21.0
2021-03-11 15:18:18.0	Ana4 - 4: T.Fortluft	17.4
2021-03-11 15:18:18.0	Ana5 - 5: T.Raum	9999.9
2021-03-11 15:18:18.0	Ana9 - 9: T.Zuluft WRG warm	20.3
2021-03-11 15:18:28.0	Ana1 - 1: T.Au?en	15.1
2021-03-11 15:18:28.0	Ana2 - 2: T.Zuluft	18.9
2021-03-11 15:18:28.0	Ana3 - 3: T.Abluft	21.0
2021-03-11 15:18:28.0	Ana4 - 4: T.Fortluft	17.4
2021-03-11 15:18:28.0	Ana5 - 5: T.Raum	9999.9
2021-03-11 15:18:28.0	Ana9 - 9: T.Zuluft WRG warm	20.3
2021-03-11 15:18:38.0	Ana1 - 1: T.Au?en	15.1
2021-03-11 15:18:38.0	Ana2 - 2: T.Zuluft	18.9
2021-03-11 15:18:38.0	Ana3 - 3: T.Abluft	21.0
2021-03-11 15:18:38.0	Ana4 - 4: T.Fortluft	17.4
2021-03-11 15:18:38.0	Ana5 - 5: T.Raum	9999.9
2021-03-11 15:18:38.0	Ana9 - 9: T.Zuluft WRG warm	20.3
2021-03-11 15:18:48.0	Ana1 - 1: T.Au?en	15.0
2021-03-11 15:18:48.0	Ana2 - 2: T.Zuluft	18.9
2021-03-11 15:18:48.0	Ana3 - 3: T.Abluft	21.0
2021-03-11 15:18:48.0	Ana4 - 4: T.Fortluft	17.5
2021-03-11 15:18:48.0	Ana5 - 5: T.Raum	9999.9
2021-03-11 15:18:48.0	Ana9 - 9: T.Zuluft WRG warm	20.3
2021-03-11 15:18:58.0	Ana1 - 1: T.Au?en	15.0
2021-03-11 15:18:58.0	Ana2 - 2: T.Zuluft	19.0
2021-03-11 15:18:58.0	Ana3 - 3: T.Abluft	21.0
2021-03-11 15:18:58.0	Ana4 - 4: T.Fortluft	17.4
2021-03-11 15:18:58.0	Ana5 - 5: T.Raum	9999.9
2021-03-11 15:18:58.0	Ana9 - 9: T.Zuluft WRG warm	20.3
2021-03-11 15:19:08.0	Ana1 - 1: T.Au?en	15.0
2021-03-11 15:19:08.0	Ana2 - 2: T.Zuluft	19.0
2021-03-11 15:19:08.0	Ana3 - 3: T.Abluft	21.0
2021-03-11 15:19:08.0	Ana4 - 4: T.Fortluft	17.4
2021-03-11 15:19:08.0	Ana5 - 5: T.Raum	9999.9
2021-03-11 15:19:08.0	Ana9 - 9: T.Zuluft WRG warm	20.3
2021-03-11 15:19:18.0	Ana1 - 1: T.Au?en	15.1
2021-03-11 15:19:18.0	Ana2 - 2: T.Zuluft	19.0
2021-03-11 15:19:18.0	Ana3 - 3: T.Abluft	21.0
2021-03-11 15:19:18.0	Ana4 - 4: T.Fortluft	17.5
2021-03-11 15:19:18.0	Ana5 - 5: T.Raum	9999.9
2021-03-11 15:19:18.0	Ana9 - 9: T.Zuluft WRG warm	20.3
2021-03-11 15:19:28.0	Ana1 - 1: T.Au?en	15.1
2021-03-11 15:19:28.0	Ana2 - 2: T.Zuluft	19.0
2021-03-11 15:19:28.0	Ana3 - 3: T.Abluft	21.0
2021-03-11 15:19:28.0	Ana4 - 4: T.Fortluft	17.5
2021-03-11 15:19:28.0	Ana5 - 5: T.Raum	9999.9
2021-03-11 15:19:28.0	Ana9 - 9: T.Zuluft WRG warm	20.3
2021-03-11 15:19:38.0	Ana1 - 1: T.Au?en	15.0
2021-03-11 15:19:38.0	Ana2 - 2: T.Zuluft	19.0
2021-03-11 15:19:38.0	Ana3 - 3: T.Abluft	21.0
2021-03-11 15:19:38.0	Ana4 - 4: T.Fortluft	17.4
2021-03-11 15:19:38.0	Ana5 - 5: T.Raum	9999.9
2021-03-11 15:19:38.0	Ana9 - 9: T.Zuluft WRG warm	20.3
2021-03-11 15:19:48.0	Ana1 - 1: T.Au?en	15.0
2021-03-11 15:19:48.0	Ana2 - 2: T.Zuluft	19.0
2021-03-11 15:19:48.0	Ana3 - 3: T.Abluft	21.0
2021-03-11 15:19:48.0	Ana4 - 4: T.Fortluft	17.5
2021-03-11 15:19:48.0	Ana5 - 5: T.Raum	9999.9
2021-03-11 15:19:48.0	Ana9 - 9: T.Zuluft WRG warm	20.3
2021-03-11 15:19:58.0	Ana1 - 1: T.Au?en	15.0
2021-03-11 15:19:58.0	Ana2 - 2: T.Zuluft	19.0
2021-03-11 15:19:58.0	Ana3 - 3: T.Abluft	21.0
2021-03-11 15:19:58.0	Ana4 - 4: T.Fortluft	17.5
2021-03-11 15:19:58.0	Ana5 - 5: T.Raum	9999.9
2021-03-11 15:19:58.0	Ana9 - 9: T.Zuluft WRG warm	20.3
2021-03-11 15:20:08.0	Ana1 - 1: T.Au?en	15.0
2021-03-11 15:20:08.0	Ana2 - 2: T.Zuluft	19.0
2021-03-11 15:20:08.0	Ana3 - 3: T.Abluft	21.0
2021-03-11 15:20:08.0	Ana4 - 4: T.Fortluft	17.5
2021-03-11 15:20:08.0	Ana5 - 5: T.Raum	9999.9
2021-03-11 15:20:08.0	Ana9 - 9: T.Zuluft WRG warm	20.3
2021-03-11 15:20:18.0	Ana1 - 1: T.Au?en	15.0
2021-03-11 15:20:18.0	Ana2 - 2: T.Zuluft	19.0
2021-03-11 15:20:18.0	Ana3 - 3: T.Abluft	21.0
2021-03-11 15:20:18.0	Ana4 - 4: T.Fortluft	17.5
2021-03-11 15:20:18.0	Ana5 - 5: T.Raum	9999.9
2021-03-11 15:20:18.0	Ana9 - 9: T.Zuluft WRG warm	20.3
2021-03-11 15:20:28.0	Ana1 - 1: T.Au?en	15.0
2021-03-11 15:20:28.0	Ana2 - 2: T.Zuluft	19.0
2021-03-11 15:20:28.0	Ana3 - 3: T.Abluft	21.0
2021-03-11 15:20:28.0	Ana4 - 4: T.Fortluft	17.5
2021-03-11 15:20:28.0	Ana5 - 5: T.Raum	9999.9
2021-03-11 15:20:28.0	Ana9 - 9: T.Zuluft WRG warm	20.3
2021-03-11 15:20:38.0	Ana1 - 1: T.Au?en	15.0
2021-03-11 15:20:38.0	Ana2 - 2: T.Zuluft	19.0
2021-03-11 15:20:38.0	Ana3 - 3: T.Abluft	21.0
2021-03-11 15:20:38.0	Ana4 - 4: T.Fortluft	17.5
2021-03-11 15:20:38.0	Ana5 - 5: T.Raum	9999.9
2021-03-11 15:20:38.0	Ana9 - 9: T.Zuluft WRG warm	20.3
2021-03-11 15:20:48.0	Ana1 - 1: T.Au?en	15.0
2021-03-11 15:20:48.0	Ana2 - 2: T.Zuluft	19.0
2021-03-11 15:20:48.0	Ana3 - 3: T.Abluft	21.0
2021-03-11 15:20:48.0	Ana4 - 4: T.Fortluft	17.5
2021-03-11 15:20:48.0	Ana5 - 5: T.Raum	9999.9
2021-03-11 15:20:48.0	Ana9 - 9: T.Zuluft WRG warm	20.3
2021-03-11 15:20:58.0	Ana1 - 1: T.Au?en	15.0
2021-03-11 15:20:58.0	Ana2 - 2: T.Zuluft	19.0
2021-03-11 15:20:58.0	Ana3 - 3: T.Abluft	21.0
2021-03-11 15:20:58.0	Ana4 - 4: T.Fortluft	17.5
2021-03-11 15:20:58.0	Ana5 - 5: T.Raum	9999.9
2021-03-11 15:20:58.0	Ana9 - 9: T.Zuluft WRG warm	20.3
2021-03-11 15:21:08.0	Ana1 - 1: T.Au?en	15.0
2021-03-11 15:21:08.0	Ana2 - 2: T.Zuluft	19.0
2021-03-11 15:21:08.0	Ana3 - 3: T.Abluft	21.0
2021-03-11 15:21:08.0	Ana4 - 4: T.Fortluft	17.5
2021-03-11 15:21:08.0	Ana5 - 5: T.Raum	9999.9
2021-03-11 15:21:08.0	Ana9 - 9: T.Zuluft WRG warm	20.3
2021-03-11 15:21:18.0	Ana1 - 1: T.Au?en	15.0
2021-03-11 15:21:18.0	Ana2 - 2: T.Zuluft	19.0
2021-03-11 15:21:18.0	Ana3 - 3: T.Abluft	21.0
2021-03-11 15:21:18.0	Ana4 - 4: T.Fortluft	17.5
2021-03-11 15:21:18.0	Ana5 - 5: T.Raum	9999.9
2021-03-11 15:21:18.0	Ana9 - 9: T.Zuluft WRG warm	20.3
2021-03-11 15:21:28.0	Ana1 - 1: T.Au?en	15.0
2021-03-11 15:21:28.0	Ana2 - 2: T.Zuluft	19.0
2021-03-11 15:21:28.0	Ana3 - 3: T.Abluft	21.0
2021-03-11 15:21:28.0	Ana4 - 4: T.Fortluft	17.5
2021-03-11 15:21:28.0	Ana5 - 5: T.Raum	9999.9
2021-03-11 15:21:28.0	Ana9 - 9: T.Zuluft WRG warm	20.3
2021-03-11 15:21:38.0	Ana1 - 1: T.Au?en	14.9
2021-03-11 15:21:38.0	Ana2 - 2: T.Zuluft	19.0
2021-03-11 15:21:38.0	Ana3 - 3: T.Abluft	21.0
2021-03-11 15:21:38.0	Ana4 - 4: T.Fortluft	17.5
2021-03-11 15:21:38.0	Ana5 - 5: T.Raum	9999.9
2021-03-11 15:21:38.0	Ana9 - 9: T.Zuluft WRG warm	20.3
2021-03-11 15:21:48.0	Ana1 - 1: T.Au?en	14.9
2021-03-11 15:21:48.0	Ana2 - 2: T.Zuluft	19.0
2021-03-11 15:21:48.0	Ana3 - 3: T.Abluft	21.0
2021-03-11 15:21:48.0	Ana4 - 4: T.Fortluft	17.5
2021-03-11 15:21:48.0	Ana5 - 5: T.Raum	9999.9
2021-03-11 15:21:48.0	Ana9 - 9: T.Zuluft WRG warm	20.3
2021-03-11 15:21:58.0	Ana1 - 1: T.Au?en	14.9
2021-03-11 15:21:58.0	Ana2 - 2: T.Zuluft	19.0
2021-03-11 15:21:58.0	Ana3 - 3: T.Abluft	21.0
2021-03-11 15:21:58.0	Ana4 - 4: T.Fortluft	17.5
2021-03-11 15:21:58.0	Ana5 - 5: T.Raum	9999.9
2021-03-11 15:21:58.0	Ana9 - 9: T.Zuluft WRG warm	20.3
2021-03-11 15:22:08.0	Ana1 - 1: T.Au?en	14.8
2021-03-11 15:22:08.0	Ana2 - 2: T.Zuluft	19.0
2021-03-11 15:22:08.0	Ana3 - 3: T.Abluft	21.0
2021-03-11 15:22:08.0	Ana4 - 4: T.Fortluft	17.5
2021-03-11 15:22:08.0	Ana5 - 5: T.Raum	9999.9
2021-03-11 15:22:08.0	Ana9 - 9: T.Zuluft WRG warm	20.3
2021-03-11 15:22:18.0	Ana1 - 1: T.Au?en	14.8
2021-03-11 15:22:18.0	Ana2 - 2: T.Zuluft	19.0
2021-03-11 15:22:18.0	Ana3 - 3: T.Abluft	21.0
2021-03-11 15:22:18.0	Ana4 - 4: T.Fortluft	17.5
2021-03-11 15:22:18.0	Ana5 - 5: T.Raum	9999.9
2021-03-11 15:22:18.0	Ana9 - 9: T.Zuluft WRG warm	20.3
2021-03-11 15:22:28.0	Ana1 - 1: T.Au?en	14.9
2021-03-11 15:22:28.0	Ana2 - 2: T.Zuluft	19.0
2021-03-11 15:22:28.0	Ana3 - 3: T.Abluft	21.0
2021-03-11 15:22:28.0	Ana4 - 4: T.Fortluft	17.5
2021-03-11 15:22:28.0	Ana5 - 5: T.Raum	9999.9
2021-03-11 15:22:28.0	Ana9 - 9: T.Zuluft WRG warm	20.3
2021-03-11 15:22:38.0	Ana1 - 1: T.Au?en	15.0
2021-03-11 15:22:38.0	Ana2 - 2: T.Zuluft	19.0
2021-03-11 15:22:38.0	Ana3 - 3: T.Abluft	21.0
2021-03-11 15:22:38.0	Ana4 - 4: T.Fortluft	17.5
2021-03-11 15:22:38.0	Ana5 - 5: T.Raum	9999.9
2021-03-11 15:22:38.0	Ana9 - 9: T.Zuluft WRG warm	20.3
2021-03-11 15:22:48.0	Ana1 - 1: T.Au?en	15.1
2021-03-11 15:22:48.0	Ana2 - 2: T.Zuluft	19.0
2021-03-11 15:22:48.0	Ana3 - 3: T.Abluft	21.0
2021-03-11 15:22:48.0	Ana4 - 4: T.Fortluft	17.5
2021-03-11 15:22:48.0	Ana5 - 5: T.Raum	9999.9
2021-03-11 15:22:48.0	Ana9 - 9: T.Zuluft WRG warm	20.3
2021-03-11 15:22:58.0	Ana1 - 1: T.Au?en	15.1
2021-03-11 15:22:58.0	Ana2 - 2: T.Zuluft	19.0
2021-03-11 15:22:58.0	Ana3 - 3: T.Abluft	21.0
2021-03-11 15:22:58.0	Ana4 - 4: T.Fortluft	17.5
2021-03-11 15:22:58.0	Ana5 - 5: T.Raum	9999.9
2021-03-11 15:22:58.0	Ana9 - 9: T.Zuluft WRG warm	20.3
2021-03-11 15:23:08.0	Ana1 - 1: T.Au?en	15.1
2021-03-11 15:23:08.0	Ana2 - 2: T.Zuluft	19.0
2021-03-11 15:23:08.0	Ana3 - 3: T.Abluft	21.0
2021-03-11 15:23:08.0	Ana4 - 4: T.Fortluft	17.5
2021-03-11 15:23:08.0	Ana5 - 5: T.Raum	9999.9
2021-03-11 15:23:08.0	Ana9 - 9: T.Zuluft WRG warm	20.3
2021-03-11 15:23:18.0	Ana1 - 1: T.Au?en	15.0
2021-03-11 15:23:18.0	Ana2 - 2: T.Zuluft	19.0
2021-03-11 15:23:18.0	Ana3 - 3: T.Abluft	21.0
2021-03-11 15:23:18.0	Ana4 - 4: T.Fortluft	17.5
2021-03-11 15:23:18.0	Ana5 - 5: T.Raum	9999.9
2021-03-11 15:23:18.0	Ana9 - 9: T.Zuluft WRG warm	20.3
2021-03-11 15:23:28.0	Ana1 - 1: T.Au?en	15.0
2021-03-11 15:23:28.0	Ana2 - 2: T.Zuluft	19.0
2021-03-11 15:23:28.0	Ana3 - 3: T.Abluft	21.0
2021-03-11 15:23:28.0	Ana4 - 4: T.Fortluft	17.5
2021-03-11 15:23:28.0	Ana5 - 5: T.Raum	9999.9
2021-03-11 15:23:28.0	Ana9 - 9: T.Zuluft WRG warm	20.3
2021-03-11 15:23:38.0	Ana1 - 1: T.Au?en	14.9
2021-03-11 15:23:38.0	Ana2 - 2: T.Zuluft	19.0
2021-03-11 15:23:38.0	Ana3 - 3: T.Abluft	21.0
2021-03-11 15:23:38.0	Ana4 - 4: T.Fortluft	17.5
2021-03-11 15:23:38.0	Ana5 - 5: T.Raum	9999.9
2021-03-11 15:23:38.0	Ana9 - 9: T.Zuluft WRG warm	20.3
2021-03-11 15:23:48.0	Ana1 - 1: T.Au?en	14.9
2021-03-11 15:23:48.0	Ana2 - 2: T.Zuluft	19.0
2021-03-11 15:23:48.0	Ana3 - 3: T.Abluft	21.0
2021-03-11 15:23:48.0	Ana4 - 4: T.Fortluft	17.5
2021-03-11 15:23:48.0	Ana5 - 5: T.Raum	9999.9
2021-03-11 15:23:48.0	Ana9 - 9: T.Zuluft WRG warm	20.3
2021-03-11 15:23:58.0	Ana1 - 1: T.Au?en	14.9
2021-03-11 15:23:58.0	Ana2 - 2: T.Zuluft	19.0
2021-03-11 15:23:58.0	Ana3 - 3: T.Abluft	21.0
2021-03-11 15:23:58.0	Ana4 - 4: T.Fortluft	17.5
2021-03-11 15:23:58.0	Ana5 - 5: T.Raum	9999.9
2021-03-11 15:23:58.0	Ana9 - 9: T.Zuluft WRG warm	20.3
2021-03-11 15:24:08.0	Ana1 - 1: T.Au?en	15.0
2021-03-11 15:24:08.0	Ana2 - 2: T.Zuluft	19.0
2021-03-11 15:24:08.0	Ana3 - 3: T.Abluft	21.0
2021-03-11 15:24:08.0	Ana4 - 4: T.Fortluft	17.5
2021-03-11 15:24:08.0	Ana5 - 5: T.Raum	9999.9
2021-03-11 15:24:08.0	Ana9 - 9: T.Zuluft WRG warm	20.3
2021-03-11 15:24:18.0	Ana1 - 1: T.Au?en	15.0
2021-03-11 15:24:18.0	Ana2 - 2: T.Zuluft	19.0
2021-03-11 15:24:18.0	Ana3 - 3: T.Abluft	21.0
2021-03-11 15:24:18.0	Ana4 - 4: T.Fortluft	17.5
2021-03-11 15:24:18.0	Ana5 - 5: T.Raum	9999.9
2021-03-11 15:24:18.0	Ana9 - 9: T.Zuluft WRG warm	20.3
2021-03-11 15:24:28.0	Ana1 - 1: T.Au?en	15.0
2021-03-11 15:24:28.0	Ana2 - 2: T.Zuluft	19.0
2021-03-11 15:24:28.0	Ana3 - 3: T.Abluft	21.0
2021-03-11 15:24:28.0	Ana4 - 4: T.Fortluft	17.5
2021-03-11 15:24:28.0	Ana5 - 5: T.Raum	9999.9
2021-03-11 15:24:28.0	Ana9 - 9: T.Zuluft WRG warm	20.3
2021-03-11 15:24:38.0	Ana1 - 1: T.Au?en	15.1
2021-03-11 15:24:38.0	Ana2 - 2: T.Zuluft	19.0
2021-03-11 15:24:38.0	Ana3 - 3: T.Abluft	21.0
2021-03-11 15:24:38.0	Ana4 - 4: T.Fortluft	17.5
2021-03-11 15:24:38.0	Ana5 - 5: T.Raum	9999.9
2021-03-11 15:24:38.0	Ana9 - 9: T.Zuluft WRG warm	20.3
2021-03-11 15:24:48.0	Ana1 - 1: T.Au?en	15.1
2021-03-11 15:24:48.0	Ana2 - 2: T.Zuluft	19.1
2021-03-11 15:24:48.0	Ana3 - 3: T.Abluft	21.0
2021-03-11 15:24:48.0	Ana4 - 4: T.Fortluft	17.5
2021-03-11 15:24:48.0	Ana5 - 5: T.Raum	9999.9
2021-03-11 15:24:48.0	Ana9 - 9: T.Zuluft WRG warm	20.3
2021-03-11 15:24:58.0	Ana1 - 1: T.Au?en	15.1
2021-03-11 15:24:58.0	Ana2 - 2: T.Zuluft	19.0
2021-03-11 15:24:58.0	Ana3 - 3: T.Abluft	21.0
2021-03-11 15:24:58.0	Ana4 - 4: T.Fortluft	17.5
2021-03-11 15:24:58.0	Ana5 - 5: T.Raum	9999.9
2021-03-11 15:24:58.0	Ana9 - 9: T.Zuluft WRG warm	20.3
2021-03-11 15:25:08.0	Ana1 - 1: T.Au?en	15.2
2021-03-11 15:25:08.0	Ana2 - 2: T.Zuluft	19.1
2021-03-11 15:25:08.0	Ana3 - 3: T.Abluft	21.0
2021-03-11 15:25:08.0	Ana4 - 4: T.Fortluft	17.5
2021-03-11 15:25:08.0	Ana5 - 5: T.Raum	9999.9
2021-03-11 15:25:08.0	Ana9 - 9: T.Zuluft WRG warm	20.3
2021-03-11 15:25:18.0	Ana1 - 1: T.Au?en	15.2
2021-03-11 15:25:18.0	Ana2 - 2: T.Zuluft	19.1
2021-03-11 15:25:18.0	Ana3 - 3: T.Abluft	21.0
2021-03-11 15:25:18.0	Ana4 - 4: T.Fortluft	17.5
2021-03-11 15:25:18.0	Ana5 - 5: T.Raum	9999.9
2021-03-11 15:25:18.0	Ana9 - 9: T.Zuluft WRG warm	20.3
2021-03-11 15:25:28.0	Ana1 - 1: T.Au?en	15.2
2021-03-11 15:25:28.0	Ana2 - 2: T.Zuluft	19.0
2021-03-11 15:25:28.0	Ana3 - 3: T.Abluft	21.0
2021-03-11 15:25:28.0	Ana4 - 4: T.Fortluft	17.5
2021-03-11 15:25:28.0	Ana5 - 5: T.Raum	9999.9
2021-03-11 15:25:28.0	Ana9 - 9: T.Zuluft WRG warm	20.3
2021-03-11 15:25:38.0	Ana1 - 1: T.Au?en	15.2
2021-03-11 15:25:38.0	Ana2 - 2: T.Zuluft	19.0
2021-03-11 15:25:38.0	Ana3 - 3: T.Abluft	21.0
2021-03-11 15:25:38.0	Ana4 - 4: T.Fortluft	17.5
2021-03-11 15:25:38.0	Ana5 - 5: T.Raum	9999.9
2021-03-11 15:25:38.0	Ana9 - 9: T.Zuluft WRG warm	20.3
2021-03-11 15:25:48.0	Ana1 - 1: T.Au?en	15.2
2021-03-11 15:25:48.0	Ana2 - 2: T.Zuluft	19.0
2021-03-11 15:25:48.0	Ana3 - 3: T.Abluft	21.0
2021-03-11 15:25:48.0	Ana4 - 4: T.Fortluft	17.5
2021-03-11 15:25:48.0	Ana5 - 5: T.Raum	9999.9
2021-03-11 15:25:48.0	Ana9 - 9: T.Zuluft WRG warm	20.3
2021-03-11 15:25:58.0	Ana1 - 1: T.Au?en	15.3
2021-03-11 15:25:58.0	Ana2 - 2: T.Zuluft	19.0
2021-03-11 15:25:58.0	Ana3 - 3: T.Abluft	21.0
2021-03-11 15:25:58.0	Ana4 - 4: T.Fortluft	17.5
2021-03-11 15:25:58.0	Ana5 - 5: T.Raum	9999.9
2021-03-11 15:25:58.0	Ana9 - 9: T.Zuluft WRG warm	20.3
2021-03-11 15:26:08.0	Ana1 - 1: T.Au?en	15.3
2021-03-11 15:26:08.0	Ana2 - 2: T.Zuluft	19.1
2021-03-11 15:26:08.0	Ana3 - 3: T.Abluft	21.0
2021-03-11 15:26:08.0	Ana4 - 4: T.Fortluft	17.5
2021-03-11 15:26:08.0	Ana5 - 5: T.Raum	9999.9
2021-03-11 15:26:08.0	Ana9 - 9: T.Zuluft WRG warm	20.3
2021-03-11 15:26:18.0	Ana1 - 1: T.Au?en	15.3
2021-03-11 15:26:18.0	Ana2 - 2: T.Zuluft	19.1
2021-03-11 15:26:18.0	Ana3 - 3: T.Abluft	21.0
2021-03-11 15:26:18.0	Ana4 - 4: T.Fortluft	17.5
2021-03-11 15:26:18.0	Ana5 - 5: T.Raum	9999.9
2021-03-11 15:26:18.0	Ana9 - 9: T.Zuluft WRG warm	20.3
2021-03-11 15:26:28.0	Ana1 - 1: T.Au?en	15.3
2021-03-11 15:26:28.0	Ana2 - 2: T.Zuluft	19.1
2021-03-11 15:26:28.0	Ana3 - 3: T.Abluft	21.0
2021-03-11 15:26:28.0	Ana4 - 4: T.Fortluft	17.5
2021-03-11 15:26:28.0	Ana5 - 5: T.Raum	9999.9
2021-03-11 15:26:28.0	Ana9 - 9: T.Zuluft WRG warm	20.3
2021-03-11 15:26:38.0	Ana1 - 1: T.Au?en	15.3
2021-03-11 15:26:38.0	Ana2 - 2: T.Zuluft	19.1
2021-03-11 15:26:38.0	Ana3 - 3: T.Abluft	21.0
2021-03-11 15:26:38.0	Ana4 - 4: T.Fortluft	17.5
2021-03-11 15:26:38.0	Ana5 - 5: T.Raum	9999.9
2021-03-11 15:26:38.0	Ana9 - 9: T.Zuluft WRG warm	20.3
2021-03-11 15:26:48.0	Ana1 - 1: T.Au?en	15.3
2021-03-11 15:26:48.0	Ana2 - 2: T.Zuluft	19.1
2021-03-11 15:26:48.0	Ana3 - 3: T.Abluft	21.0
2021-03-11 15:26:48.0	Ana4 - 4: T.Fortluft	17.5
2021-03-11 15:26:48.0	Ana5 - 5: T.Raum	9999.9
2021-03-11 15:26:48.0	Ana9 - 9: T.Zuluft WRG warm	20.3
2021-03-11 15:26:58.0	Ana1 - 1: T.Au?en	15.3
2021-03-11 15:26:58.0	Ana2 - 2: T.Zuluft	19.1
2021-03-11 15:26:58.0	Ana3 - 3: T.Abluft	21.1
2021-03-11 15:26:58.0	Ana4 - 4: T.Fortluft	17.5
2021-03-11 15:26:58.0	Ana5 - 5: T.Raum	9999.9
2021-03-11 15:26:58.0	Ana9 - 9: T.Zuluft WRG warm	20.3
2021-03-11 15:27:08.0	Ana1 - 1: T.Au?en	15.4
2021-03-11 15:27:08.0	Ana2 - 2: T.Zuluft	19.1
2021-03-11 15:27:08.0	Ana3 - 3: T.Abluft	21.1
2021-03-11 15:27:08.0	Ana4 - 4: T.Fortluft	17.5
2021-03-11 15:27:08.0	Ana5 - 5: T.Raum	9999.9
2021-03-11 15:27:08.0	Ana9 - 9: T.Zuluft WRG warm	20.3
2021-03-11 15:27:18.0	Ana1 - 1: T.Au?en	15.4
2021-03-11 15:27:18.0	Ana2 - 2: T.Zuluft	19.1
2021-03-11 15:27:18.0	Ana3 - 3: T.Abluft	21.0
2021-03-11 15:27:18.0	Ana4 - 4: T.Fortluft	17.6
2021-03-11 15:27:18.0	Ana5 - 5: T.Raum	9999.9
2021-03-11 15:27:18.0	Ana9 - 9: T.Zuluft WRG warm	20.3
2021-03-11 15:27:28.0	Ana1 - 1: T.Au?en	15.4
2021-03-11 15:27:28.0	Ana2 - 2: T.Zuluft	19.1
2021-03-11 15:27:28.0	Ana3 - 3: T.Abluft	21.0
2021-03-11 15:27:28.0	Ana4 - 4: T.Fortluft	17.5
2021-03-11 15:27:28.0	Ana5 - 5: T.Raum	9999.9
2021-03-11 15:27:28.0	Ana9 - 9: T.Zuluft WRG warm	20.3
2021-03-11 15:27:38.0	Ana1 - 1: T.Au?en	15.4
2021-03-11 15:27:38.0	Ana2 - 2: T.Zuluft	19.1
2021-03-11 15:27:38.0	Ana3 - 3: T.Abluft	21.0
2021-03-11 15:27:38.0	Ana4 - 4: T.Fortluft	17.6
2021-03-11 15:27:38.0	Ana5 - 5: T.Raum	9999.9
2021-03-11 15:27:38.0	Ana9 - 9: T.Zuluft WRG warm	20.3
2021-03-11 15:27:48.0	Ana1 - 1: T.Au?en	15.4
2021-03-11 15:27:48.0	Ana2 - 2: T.Zuluft	19.1
2021-03-11 15:27:48.0	Ana3 - 3: T.Abluft	21.1
2021-03-11 15:27:48.0	Ana4 - 4: T.Fortluft	17.6
2021-03-11 15:27:48.0	Ana5 - 5: T.Raum	9999.9
2021-03-11 15:27:48.0	Ana9 - 9: T.Zuluft WRG warm	20.3
2021-03-11 15:27:58.0	Ana1 - 1: T.Au?en	15.4
2021-03-11 15:27:58.0	Ana2 - 2: T.Zuluft	19.1
2021-03-11 15:27:58.0	Ana3 - 3: T.Abluft	21.1
2021-03-11 15:27:58.0	Ana4 - 4: T.Fortluft	17.5
2021-03-11 15:27:58.0	Ana5 - 5: T.Raum	9999.9
2021-03-11 15:27:58.0	Ana9 - 9: T.Zuluft WRG warm	20.3
2021-03-11 15:28:08.0	Ana1 - 1: T.Au?en	15.3
2021-03-11 15:28:08.0	Ana2 - 2: T.Zuluft	19.1
2021-03-11 15:28:08.0	Ana3 - 3: T.Abluft	21.0
2021-03-11 15:28:08.0	Ana4 - 4: T.Fortluft	17.6
2021-03-11 15:28:08.0	Ana5 - 5: T.Raum	9999.9
2021-03-11 15:28:08.0	Ana9 - 9: T.Zuluft WRG warm	20.3
2021-03-11 15:28:18.0	Ana1 - 1: T.Au?en	15.3
2021-03-11 15:28:18.0	Ana2 - 2: T.Zuluft	19.1
2021-03-11 15:28:18.0	Ana3 - 3: T.Abluft	21.0
2021-03-11 15:28:18.0	Ana4 - 4: T.Fortluft	17.5
2021-03-11 15:28:18.0	Ana5 - 5: T.Raum	9999.9
2021-03-11 15:28:18.0	Ana9 - 9: T.Zuluft WRG warm	20.3
2021-03-11 15:28:28.0	Ana1 - 1: T.Au?en	15.3
2021-03-11 15:28:28.0	Ana2 - 2: T.Zuluft	19.1
2021-03-11 15:28:28.0	Ana3 - 3: T.Abluft	21.1
2021-03-11 15:28:28.0	Ana4 - 4: T.Fortluft	17.6
2021-03-11 15:28:28.0	Ana5 - 5: T.Raum	9999.9
2021-03-11 15:28:28.0	Ana9 - 9: T.Zuluft WRG warm	20.3
2021-03-11 15:28:38.0	Ana1 - 1: T.Au?en	15.3
2021-03-11 15:28:38.0	Ana2 - 2: T.Zuluft	19.1
2021-03-11 15:28:38.0	Ana3 - 3: T.Abluft	21.1
2021-03-11 15:28:38.0	Ana4 - 4: T.Fortluft	17.6
2021-03-11 15:28:38.0	Ana5 - 5: T.Raum	9999.9
2021-03-11 15:28:38.0	Ana9 - 9: T.Zuluft WRG warm	20.3
2021-03-11 15:28:48.0	Ana1 - 1: T.Au?en	15.3
2021-03-11 15:28:48.0	Ana2 - 2: T.Zuluft	19.1
2021-03-11 15:28:48.0	Ana3 - 3: T.Abluft	21.1
2021-03-11 15:28:48.0	Ana4 - 4: T.Fortluft	17.6
2021-03-11 15:28:48.0	Ana5 - 5: T.Raum	9999.9
2021-03-11 15:28:48.0	Ana9 - 9: T.Zuluft WRG warm	20.3
2021-03-11 15:28:58.0	Ana1 - 1: T.Au?en	15.3
2021-03-11 15:28:58.0	Ana2 - 2: T.Zuluft	19.1
2021-03-11 15:28:58.0	Ana3 - 3: T.Abluft	21.1
2021-03-11 15:28:58.0	Ana4 - 4: T.Fortluft	17.6
2021-03-11 15:28:58.0	Ana5 - 5: T.Raum	9999.9
2021-03-11 15:28:58.0	Ana9 - 9: T.Zuluft WRG warm	20.3
2021-03-11 15:29:08.0	Ana1 - 1: T.Au?en	15.3
2021-03-11 15:29:08.0	Ana2 - 2: T.Zuluft	19.1
2021-03-11 15:29:08.0	Ana3 - 3: T.Abluft	21.1
2021-03-11 15:29:08.0	Ana4 - 4: T.Fortluft	17.6
2021-03-11 15:29:08.0	Ana5 - 5: T.Raum	9999.9
2021-03-11 15:29:08.0	Ana9 - 9: T.Zuluft WRG warm	20.3
2021-03-11 15:29:18.0	Ana1 - 1: T.Au?en	15.3
2021-03-11 15:29:18.0	Ana2 - 2: T.Zuluft	19.1
2021-03-11 15:29:18.0	Ana3 - 3: T.Abluft	21.1
2021-03-11 15:29:18.0	Ana4 - 4: T.Fortluft	17.6
2021-03-11 15:29:18.0	Ana5 - 5: T.Raum	9999.9
2021-03-11 15:29:18.0	Ana9 - 9: T.Zuluft WRG warm	20.3
2021-03-11 15:29:28.0	Ana1 - 1: T.Au?en	15.4
2021-03-11 15:29:28.0	Ana2 - 2: T.Zuluft	19.1
2021-03-11 15:29:28.0	Ana3 - 3: T.Abluft	21.1
2021-03-11 15:29:28.0	Ana4 - 4: T.Fortluft	17.6
2021-03-11 15:29:28.0	Ana5 - 5: T.Raum	9999.9
2021-03-11 15:29:28.0	Ana9 - 9: T.Zuluft WRG warm	20.3
2021-03-11 15:29:38.0	Ana1 - 1: T.Au?en	15.4
2021-03-11 15:29:38.0	Ana2 - 2: T.Zuluft	19.1
2021-03-11 15:29:38.0	Ana3 - 3: T.Abluft	21.1
2021-03-11 15:29:38.0	Ana4 - 4: T.Fortluft	17.6
2021-03-11 15:29:38.0	Ana5 - 5: T.Raum	9999.9
2021-03-11 15:29:38.0	Ana9 - 9: T.Zuluft WRG warm	20.3
2021-03-11 15:29:48.0	Ana1 - 1: T.Au?en	15.4
2021-03-11 15:29:48.0	Ana2 - 2: T.Zuluft	19.1
2021-03-11 15:29:48.0	Ana3 - 3: T.Abluft	21.1
2021-03-11 15:29:48.0	Ana4 - 4: T.Fortluft	17.6
2021-03-11 15:29:48.0	Ana5 - 5: T.Raum	9999.9
2021-03-11 15:29:48.0	Ana9 - 9: T.Zuluft WRG warm	20.3
2021-03-11 15:29:58.0	Ana1 - 1: T.Au?en	15.4
2021-03-11 15:29:58.0	Ana2 - 2: T.Zuluft	19.1
2021-03-11 15:29:58.0	Ana3 - 3: T.Abluft	21.1
2021-03-11 15:29:58.0	Ana4 - 4: T.Fortluft	17.6
2021-03-11 15:29:58.0	Ana5 - 5: T.Raum	9999.9
2021-03-11 15:29:58.0	Ana9 - 9: T.Zuluft WRG warm	20.3
2021-03-11 15:30:08.0	Ana1 - 1: T.Au?en	15.4
2021-03-11 15:30:08.0	Ana2 - 2: T.Zuluft	19.1
2021-03-11 15:30:08.0	Ana3 - 3: T.Abluft	21.1
2021-03-11 15:30:08.0	Ana4 - 4: T.Fortluft	17.6
2021-03-11 15:30:08.0	Ana5 - 5: T.Raum	9999.9
2021-03-11 15:30:08.0	Ana9 - 9: T.Zuluft WRG warm	20.3
2021-03-11 15:30:18.0	Ana1 - 1: T.Au?en	15.4
2021-03-11 15:30:18.0	Ana2 - 2: T.Zuluft	19.1
2021-03-11 15:30:18.0	Ana3 - 3: T.Abluft	21.1
2021-03-11 15:30:18.0	Ana4 - 4: T.Fortluft	17.6
2021-03-11 15:30:18.0	Ana5 - 5: T.Raum	9999.9
2021-03-11 15:30:18.0	Ana9 - 9: T.Zuluft WRG warm	20.3
2021-03-11 15:30:28.0	Ana1 - 1: T.Au?en	15.4
2021-03-11 15:30:28.0	Ana2 - 2: T.Zuluft	19.1
2021-03-11 15:30:28.0	Ana3 - 3: T.Abluft	21.1
2021-03-11 15:30:28.0	Ana4 - 4: T.Fortluft	17.6
2021-03-11 15:30:28.0	Ana5 - 5: T.Raum	9999.9
2021-03-11 15:30:28.0	Ana9 - 9: T.Zuluft WRG warm	20.3
2021-03-11 15:30:38.0	Ana1 - 1: T.Au?en	15.5
2021-03-11 15:30:38.0	Ana2 - 2: T.Zuluft	19.1
2021-03-11 15:30:38.0	Ana3 - 3: T.Abluft	21.1
2021-03-11 15:30:38.0	Ana4 - 4: T.Fortluft	17.6
2021-03-11 15:30:38.0	Ana5 - 5: T.Raum	9999.9
2021-03-11 15:30:38.0	Ana9 - 9: T.Zuluft WRG warm	20.3
2021-03-11 15:30:48.0	Ana1 - 1: T.Au?en	15.5
2021-03-11 15:30:48.0	Ana2 - 2: T.Zuluft	19.1
2021-03-11 15:30:48.0	Ana3 - 3: T.Abluft	21.1
2021-03-11 15:30:48.0	Ana4 - 4: T.Fortluft	17.6
2021-03-11 15:30:48.0	Ana5 - 5: T.Raum	9999.9
2021-03-11 15:30:48.0	Ana9 - 9: T.Zuluft WRG warm	20.3
2021-03-11 15:30:58.0	Ana1 - 1: T.Au?en	15.4
2021-03-11 15:30:58.0	Ana2 - 2: T.Zuluft	19.1
2021-03-11 15:30:58.0	Ana3 - 3: T.Abluft	21.1
2021-03-11 15:30:58.0	Ana4 - 4: T.Fortluft	17.6
2021-03-11 15:30:58.0	Ana5 - 5: T.Raum	9999.9
2021-03-11 15:30:58.0	Ana9 - 9: T.Zuluft WRG warm	20.3
2021-03-11 15:31:08.0	Ana1 - 1: T.Au?en	15.4
2021-03-11 15:31:08.0	Ana2 - 2: T.Zuluft	19.1
2021-03-11 15:31:08.0	Ana3 - 3: T.Abluft	21.1
2021-03-11 15:31:08.0	Ana4 - 4: T.Fortluft	17.6
2021-03-11 15:31:08.0	Ana5 - 5: T.Raum	9999.9
2021-03-11 15:31:08.0	Ana9 - 9: T.Zuluft WRG warm	20.3
2021-03-11 15:31:18.0	Ana1 - 1: T.Au?en	15.3
2021-03-11 15:31:18.0	Ana2 - 2: T.Zuluft	19.1
2021-03-11 15:31:18.0	Ana3 - 3: T.Abluft	21.1
2021-03-11 15:31:18.0	Ana4 - 4: T.Fortluft	17.6
2021-03-11 15:31:18.0	Ana5 - 5: T.Raum	9999.9
2021-03-11 15:31:18.0	Ana9 - 9: T.Zuluft WRG warm	20.3
2021-03-11 15:31:28.0	Ana1 - 1: T.Au?en	15.2
2021-03-11 15:31:28.0	Ana2 - 2: T.Zuluft	19.1
2021-03-11 15:31:28.0	Ana3 - 3: T.Abluft	21.1
2021-03-11 15:31:28.0	Ana4 - 4: T.Fortluft	17.6
2021-03-11 15:31:28.0	Ana5 - 5: T.Raum	9999.9
2021-03-11 15:31:28.0	Ana9 - 9: T.Zuluft WRG warm	20.3
2021-03-11 15:31:38.0	Ana1 - 1: T.Au?en	15.2
2021-03-11 15:31:38.0	Ana2 - 2: T.Zuluft	19.1
2021-03-11 15:31:38.0	Ana3 - 3: T.Abluft	21.1
2021-03-11 15:31:38.0	Ana4 - 4: T.Fortluft	17.6
2021-03-11 15:31:38.0	Ana5 - 5: T.Raum	9999.9
2021-03-11 15:31:38.0	Ana9 - 9: T.Zuluft WRG warm	20.3
2021-03-11 15:31:48.0	Ana1 - 1: T.Au?en	15.2
2021-03-11 15:31:48.0	Ana2 - 2: T.Zuluft	19.1
2021-03-11 15:31:48.0	Ana3 - 3: T.Abluft	21.1
2021-03-11 15:31:48.0	Ana4 - 4: T.Fortluft	17.6
2021-03-11 15:31:48.0	Ana5 - 5: T.Raum	9999.9
2021-03-11 15:31:48.0	Ana9 - 9: T.Zuluft WRG warm	20.3
2021-03-11 15:31:58.0	Ana1 - 1: T.Au?en	15.2
2021-03-11 15:31:58.0	Ana2 - 2: T.Zuluft	19.1
2021-03-11 15:31:58.0	Ana3 - 3: T.Abluft	21.1
2021-03-11 15:31:58.0	Ana4 - 4: T.Fortluft	17.6
2021-03-11 15:31:58.0	Ana5 - 5: T.Raum	9999.9
2021-03-11 15:31:58.0	Ana9 - 9: T.Zuluft WRG warm	20.3
2021-03-11 15:32:08.0	Ana1 - 1: T.Au?en	15.2
2021-03-11 15:32:08.0	Ana2 - 2: T.Zuluft	19.1
2021-03-11 15:32:08.0	Ana3 - 3: T.Abluft	21.1
2021-03-11 15:32:08.0	Ana4 - 4: T.Fortluft	17.6
2021-03-11 15:32:08.0	Ana5 - 5: T.Raum	9999.9
2021-03-11 15:32:08.0	Ana9 - 9: T.Zuluft WRG warm	20.3
2021-03-11 15:32:18.0	Ana1 - 1: T.Au?en	15.3
2021-03-11 15:32:18.0	Ana2 - 2: T.Zuluft	19.1
2021-03-11 15:32:18.0	Ana3 - 3: T.Abluft	21.1
2021-03-11 15:32:18.0	Ana4 - 4: T.Fortluft	17.6
2021-03-11 15:32:18.0	Ana5 - 5: T.Raum	9999.9
2021-03-11 15:32:18.0	Ana9 - 9: T.Zuluft WRG warm	20.3
2021-03-11 15:32:28.0	Ana1 - 1: T.Au?en	15.3
2021-03-11 15:32:28.0	Ana2 - 2: T.Zuluft	19.1
2021-03-11 15:32:28.0	Ana3 - 3: T.Abluft	21.1
2021-03-11 15:32:28.0	Ana4 - 4: T.Fortluft	17.6
2021-03-11 15:32:28.0	Ana5 - 5: T.Raum	9999.9
2021-03-11 15:32:28.0	Ana9 - 9: T.Zuluft WRG warm	20.3
2021-03-11 15:32:38.0	Ana1 - 1: T.Au?en	15.2
2021-03-11 15:32:38.0	Ana2 - 2: T.Zuluft	19.1
2021-03-11 15:32:38.0	Ana3 - 3: T.Abluft	21.1
2021-03-11 15:32:38.0	Ana4 - 4: T.Fortluft	17.6
2021-03-11 15:32:38.0	Ana5 - 5: T.Raum	9999.9
2021-03-11 15:32:38.0	Ana9 - 9: T.Zuluft WRG warm	20.3
2021-03-11 15:32:48.0	Ana1 - 1: T.Au?en	15.3
2021-03-11 15:32:48.0	Ana2 - 2: T.Zuluft	19.1
2021-03-11 15:32:48.0	Ana3 - 3: T.Abluft	21.1
2021-03-11 15:32:48.0	Ana4 - 4: T.Fortluft	17.6
2021-03-11 15:32:48.0	Ana5 - 5: T.Raum	9999.9
2021-03-11 15:32:48.0	Ana9 - 9: T.Zuluft WRG warm	20.3
2021-03-11 15:32:58.0	Ana1 - 1: T.Au?en	15.3
2021-03-11 15:32:58.0	Ana2 - 2: T.Zuluft	19.1
2021-03-11 15:32:58.0	Ana3 - 3: T.Abluft	21.1
2021-03-11 15:32:58.0	Ana4 - 4: T.Fortluft	17.6
2021-03-11 15:32:58.0	Ana5 - 5: T.Raum	9999.9
2021-03-11 15:32:58.0	Ana9 - 9: T.Zuluft WRG warm	20.3
2021-03-11 15:33:08.0	Ana1 - 1: T.Au?en	15.3
2021-03-11 15:33:08.0	Ana2 - 2: T.Zuluft	19.1
2021-03-11 15:33:08.0	Ana3 - 3: T.Abluft	21.1
2021-03-11 15:33:08.0	Ana4 - 4: T.Fortluft	17.6
2021-03-11 15:33:08.0	Ana5 - 5: T.Raum	9999.9
2021-03-11 15:33:08.0	Ana9 - 9: T.Zuluft WRG warm	20.3
2021-03-11 15:33:18.0	Ana1 - 1: T.Au?en	15.4
2021-03-11 15:33:18.0	Ana2 - 2: T.Zuluft	19.1
2021-03-11 15:33:18.0	Ana3 - 3: T.Abluft	21.1
2021-03-11 15:33:18.0	Ana4 - 4: T.Fortluft	17.6
2021-03-11 15:33:18.0	Ana5 - 5: T.Raum	9999.9
2021-03-11 15:33:18.0	Ana9 - 9: T.Zuluft WRG warm	20.3
2021-03-11 15:33:28.0	Ana1 - 1: T.Au?en	15.3
2021-03-11 15:33:28.0	Ana2 - 2: T.Zuluft	19.1
2021-03-11 15:33:28.0	Ana3 - 3: T.Abluft	21.1
2021-03-11 15:33:28.0	Ana4 - 4: T.Fortluft	17.6
2021-03-11 15:33:28.0	Ana5 - 5: T.Raum	9999.9
2021-03-11 15:33:28.0	Ana9 - 9: T.Zuluft WRG warm	20.3
2021-03-11 15:33:38.0	Ana1 - 1: T.Au?en	15.3
2021-03-11 15:33:38.0	Ana2 - 2: T.Zuluft	19.1
2021-03-11 15:33:38.0	Ana3 - 3: T.Abluft	21.1
2021-03-11 15:33:38.0	Ana4 - 4: T.Fortluft	17.6
2021-03-11 15:33:38.0	Ana5 - 5: T.Raum	9999.9
2021-03-11 15:33:38.0	Ana9 - 9: T.Zuluft WRG warm	20.3
2021-03-11 15:33:48.0	Ana1 - 1: T.Au?en	15.3
2021-03-11 15:33:48.0	Ana2 - 2: T.Zuluft	19.1
2021-03-11 15:33:48.0	Ana3 - 3: T.Abluft	21.1
2021-03-11 15:33:48.0	Ana4 - 4: T.Fortluft	17.6
2021-03-11 15:33:48.0	Ana5 - 5: T.Raum	9999.9
2021-03-11 15:33:48.0	Ana9 - 9: T.Zuluft WRG warm	20.3
2021-03-11 15:33:58.0	Ana1 - 1: T.Au?en	15.3
2021-03-11 15:33:58.0	Ana2 - 2: T.Zuluft	19.1
2021-03-11 15:33:58.0	Ana3 - 3: T.Abluft	21.1
2021-03-11 15:33:58.0	Ana4 - 4: T.Fortluft	17.6
2021-03-11 15:33:58.0	Ana5 - 5: T.Raum	9999.9
2021-03-11 15:33:58.0	Ana9 - 9: T.Zuluft WRG warm	20.3
2021-03-11 15:34:08.0	Ana1 - 1: T.Au?en	15.3
2021-03-11 15:34:08.0	Ana2 - 2: T.Zuluft	19.1
2021-03-11 15:34:08.0	Ana3 - 3: T.Abluft	21.1
2021-03-11 15:34:08.0	Ana4 - 4: T.Fortluft	17.6
2021-03-11 15:34:08.0	Ana5 - 5: T.Raum	9999.9
2021-03-11 15:34:08.0	Ana9 - 9: T.Zuluft WRG warm	20.3
2021-03-11 15:34:18.0	Ana1 - 1: T.Au?en	15.3
2021-03-11 15:34:18.0	Ana2 - 2: T.Zuluft	19.1
2021-03-11 15:34:18.0	Ana3 - 3: T.Abluft	21.1
2021-03-11 15:34:18.0	Ana4 - 4: T.Fortluft	17.6
2021-03-11 15:34:18.0	Ana5 - 5: T.Raum	9999.9
2021-03-11 15:34:18.0	Ana9 - 9: T.Zuluft WRG warm	20.3
2021-03-11 15:34:28.0	Ana1 - 1: T.Au?en	15.3
2021-03-11 15:34:28.0	Ana2 - 2: T.Zuluft	19.1
2021-03-11 15:34:28.0	Ana3 - 3: T.Abluft	21.1
2021-03-11 15:34:28.0	Ana4 - 4: T.Fortluft	17.6
2021-03-11 15:34:28.0	Ana5 - 5: T.Raum	9999.9
2021-03-11 15:34:28.0	Ana9 - 9: T.Zuluft WRG warm	20.3
2021-03-11 15:34:38.0	Ana1 - 1: T.Au?en	15.2
2021-03-11 15:34:38.0	Ana2 - 2: T.Zuluft	19.1
2021-03-11 15:34:38.0	Ana3 - 3: T.Abluft	21.1
2021-03-11 15:34:38.0	Ana4 - 4: T.Fortluft	17.6
2021-03-11 15:34:38.0	Ana5 - 5: T.Raum	9999.9
2021-03-11 15:34:38.0	Ana9 - 9: T.Zuluft WRG warm	20.3
2021-03-11 15:34:48.0	Ana1 - 1: T.Au?en	15.1
2021-03-11 15:34:48.0	Ana2 - 2: T.Zuluft	19.1
2021-03-11 15:34:48.0	Ana3 - 3: T.Abluft	21.1
2021-03-11 15:34:48.0	Ana4 - 4: T.Fortluft	17.6
2021-03-11 15:34:48.0	Ana5 - 5: T.Raum	9999.9
2021-03-11 15:34:48.0	Ana9 - 9: T.Zuluft WRG warm	20.3
2021-03-11 15:34:58.0	Ana1 - 1: T.Au?en	15.1
2021-03-11 15:34:58.0	Ana2 - 2: T.Zuluft	19.1
2021-03-11 15:34:58.0	Ana3 - 3: T.Abluft	21.1
2021-03-11 15:34:58.0	Ana4 - 4: T.Fortluft	17.6
2021-03-11 15:34:58.0	Ana5 - 5: T.Raum	9999.9
2021-03-11 15:34:58.0	Ana9 - 9: T.Zuluft WRG warm	20.3
2021-03-11 15:35:08.0	Ana1 - 1: T.Au?en	15.1
2021-03-11 15:35:08.0	Ana2 - 2: T.Zuluft	19.1
2021-03-11 15:35:08.0	Ana3 - 3: T.Abluft	21.1
2021-03-11 15:35:08.0	Ana4 - 4: T.Fortluft	17.6
2021-03-11 15:35:08.0	Ana5 - 5: T.Raum	9999.9
2021-03-11 15:35:08.0	Ana9 - 9: T.Zuluft WRG warm	20.3
2021-03-11 15:35:18.0	Ana1 - 1: T.Au?en	15.1
2021-03-11 15:35:18.0	Ana2 - 2: T.Zuluft	19.1
2021-03-11 15:35:18.0	Ana3 - 3: T.Abluft	21.1
2021-03-11 15:35:18.0	Ana4 - 4: T.Fortluft	17.6
2021-03-11 15:35:18.0	Ana5 - 5: T.Raum	9999.9
2021-03-11 15:35:18.0	Ana9 - 9: T.Zuluft WRG warm	20.3
2021-03-11 15:35:28.0	Ana1 - 1: T.Au?en	15.1
2021-03-11 15:35:28.0	Ana2 - 2: T.Zuluft	19.1
2021-03-11 15:35:28.0	Ana3 - 3: T.Abluft	21.1
2021-03-11 15:35:28.0	Ana4 - 4: T.Fortluft	17.6
2021-03-11 15:35:28.0	Ana5 - 5: T.Raum	9999.9
2021-03-11 15:35:28.0	Ana9 - 9: T.Zuluft WRG warm	20.3
2021-03-11 15:35:38.0	Ana1 - 1: T.Au?en	15.1
2021-03-11 15:35:38.0	Ana2 - 2: T.Zuluft	19.1
2021-03-11 15:35:38.0	Ana3 - 3: T.Abluft	21.1
2021-03-11 15:35:38.0	Ana4 - 4: T.Fortluft	17.6
2021-03-11 15:35:38.0	Ana5 - 5: T.Raum	9999.9
2021-03-11 15:35:38.0	Ana9 - 9: T.Zuluft WRG warm	20.3
2021-03-11 15:35:48.0	Ana1 - 1: T.Au?en	15.1
2021-03-11 15:35:48.0	Ana2 - 2: T.Zuluft	19.1
2021-03-11 15:35:48.0	Ana3 - 3: T.Abluft	21.1
2021-03-11 15:35:48.0	Ana4 - 4: T.Fortluft	17.6
2021-03-11 15:35:48.0	Ana5 - 5: T.Raum	9999.9
2021-03-11 15:35:48.0	Ana9 - 9: T.Zuluft WRG warm	20.3
2021-03-11 15:35:58.0	Ana1 - 1: T.Au?en	15.1
2021-03-11 15:35:58.0	Ana2 - 2: T.Zuluft	19.1
2021-03-11 15:35:58.0	Ana3 - 3: T.Abluft	21.1
2021-03-11 15:35:58.0	Ana4 - 4: T.Fortluft	17.6
2021-03-11 15:35:58.0	Ana5 - 5: T.Raum	9999.9
2021-03-11 15:35:58.0	Ana9 - 9: T.Zuluft WRG warm	20.4
2021-03-11 15:36:08.0	Ana1 - 1: T.Au?en	15.1
2021-03-11 15:36:08.0	Ana2 - 2: T.Zuluft	19.1
2021-03-11 15:36:08.0	Ana3 - 3: T.Abluft	21.1
2021-03-11 15:36:08.0	Ana4 - 4: T.Fortluft	17.6
2021-03-11 15:36:08.0	Ana5 - 5: T.Raum	9999.9
2021-03-11 15:36:08.0	Ana9 - 9: T.Zuluft WRG warm	20.3
2021-03-11 15:36:18.0	Ana1 - 1: T.Au?en	15.1
2021-03-11 15:36:18.0	Ana2 - 2: T.Zuluft	19.2
2021-03-11 15:36:18.0	Ana3 - 3: T.Abluft	21.1
2021-03-11 15:36:18.0	Ana4 - 4: T.Fortluft	17.6
2021-03-11 15:36:18.0	Ana5 - 5: T.Raum	9999.9
2021-03-11 15:36:18.0	Ana9 - 9: T.Zuluft WRG warm	20.3
2021-03-11 15:36:28.0	Ana1 - 1: T.Au?en	15.1
2021-03-11 15:36:28.0	Ana2 - 2: T.Zuluft	19.2
2021-03-11 15:36:28.0	Ana3 - 3: T.Abluft	21.1
2021-03-11 15:36:28.0	Ana4 - 4: T.Fortluft	17.7
2021-03-11 15:36:28.0	Ana5 - 5: T.Raum	9999.9
2021-03-11 15:36:28.0	Ana9 - 9: T.Zuluft WRG warm	20.3
2021-03-11 15:36:38.0	Ana1 - 1: T.Au?en	15.1
2021-03-11 15:36:38.0	Ana2 - 2: T.Zuluft	19.2
2021-03-11 15:36:38.0	Ana3 - 3: T.Abluft	21.1
2021-03-11 15:36:38.0	Ana4 - 4: T.Fortluft	17.6
2021-03-11 15:36:38.0	Ana5 - 5: T.Raum	9999.9
2021-03-11 15:36:38.0	Ana9 - 9: T.Zuluft WRG warm	20.3
2021-03-11 15:36:48.0	Ana1 - 1: T.Au?en	15.1
2021-03-11 15:36:48.0	Ana2 - 2: T.Zuluft	19.2
2021-03-11 15:36:48.0	Ana3 - 3: T.Abluft	21.1
2021-03-11 15:36:48.0	Ana4 - 4: T.Fortluft	17.6
2021-03-11 15:36:48.0	Ana5 - 5: T.Raum	9999.9
2021-03-11 15:36:48.0	Ana9 - 9: T.Zuluft WRG warm	20.3
2021-03-11 15:36:58.0	Ana1 - 1: T.Au?en	15.2
2021-03-11 15:36:58.0	Ana2 - 2: T.Zuluft	19.2
2021-03-11 15:36:58.0	Ana3 - 3: T.Abluft	21.1
2021-03-11 15:36:58.0	Ana4 - 4: T.Fortluft	17.6
2021-03-11 15:36:58.0	Ana5 - 5: T.Raum	9999.9
2021-03-11 15:36:58.0	Ana9 - 9: T.Zuluft WRG warm	20.3
2021-03-11 15:37:08.0	Ana1 - 1: T.Au?en	15.2
2021-03-11 15:37:08.0	Ana2 - 2: T.Zuluft	19.2
2021-03-11 15:37:08.0	Ana3 - 3: T.Abluft	21.1
2021-03-11 15:37:08.0	Ana4 - 4: T.Fortluft	17.7
2021-03-11 15:37:08.0	Ana5 - 5: T.Raum	9999.9
2021-03-11 15:37:08.0	Ana9 - 9: T.Zuluft WRG warm	20.3
2021-03-11 15:37:18.0	Ana1 - 1: T.Au?en	15.2
2021-03-11 15:37:18.0	Ana2 - 2: T.Zuluft	19.2
2021-03-11 15:37:18.0	Ana3 - 3: T.Abluft	21.1
2021-03-11 15:37:18.0	Ana4 - 4: T.Fortluft	17.6
2021-03-11 15:37:18.0	Ana5 - 5: T.Raum	9999.9
2021-03-11 15:37:18.0	Ana9 - 9: T.Zuluft WRG warm	20.3
2021-03-11 15:37:28.0	Ana1 - 1: T.Au?en	15.2
2021-03-11 15:37:28.0	Ana2 - 2: T.Zuluft	19.2
2021-03-11 15:37:28.0	Ana3 - 3: T.Abluft	21.1
2021-03-11 15:37:28.0	Ana4 - 4: T.Fortluft	17.7
2021-03-11 15:37:28.0	Ana5 - 5: T.Raum	9999.9
2021-03-11 15:37:28.0	Ana9 - 9: T.Zuluft WRG warm	20.3
2021-03-11 15:37:38.0	Ana1 - 1: T.Au?en	15.3
2021-03-11 15:37:38.0	Ana2 - 2: T.Zuluft	19.1
2021-03-11 15:37:38.0	Ana3 - 3: T.Abluft	21.1
2021-03-11 15:37:38.0	Ana4 - 4: T.Fortluft	17.7
2021-03-11 15:37:38.0	Ana5 - 5: T.Raum	9999.9
2021-03-11 15:37:38.0	Ana9 - 9: T.Zuluft WRG warm	20.4
2021-03-11 15:37:48.0	Ana1 - 1: T.Au?en	15.3
2021-03-11 15:37:48.0	Ana2 - 2: T.Zuluft	19.2
2021-03-11 15:37:48.0	Ana3 - 3: T.Abluft	21.1
2021-03-11 15:37:48.0	Ana4 - 4: T.Fortluft	17.7
2021-03-11 15:37:48.0	Ana5 - 5: T.Raum	9999.9
2021-03-11 15:37:48.0	Ana9 - 9: T.Zuluft WRG warm	20.4
2021-03-11 15:37:58.0	Ana1 - 1: T.Au?en	15.3
2021-03-11 15:37:58.0	Ana2 - 2: T.Zuluft	19.2
2021-03-11 15:37:58.0	Ana3 - 3: T.Abluft	21.1
2021-03-11 15:37:58.0	Ana4 - 4: T.Fortluft	17.7
2021-03-11 15:37:58.0	Ana5 - 5: T.Raum	9999.9
2021-03-11 15:37:58.0	Ana9 - 9: T.Zuluft WRG warm	20.4
2021-03-11 15:38:08.0	Ana1 - 1: T.Au?en	15.3
2021-03-11 15:38:08.0	Ana2 - 2: T.Zuluft	19.2
2021-03-11 15:38:08.0	Ana3 - 3: T.Abluft	21.1
2021-03-11 15:38:08.0	Ana4 - 4: T.Fortluft	17.7
2021-03-11 15:38:08.0	Ana5 - 5: T.Raum	9999.9
2021-03-11 15:38:08.0	Ana9 - 9: T.Zuluft WRG warm	20.4
2021-03-11 15:38:18.0	Ana1 - 1: T.Au?en	15.3
2021-03-11 15:38:18.0	Ana2 - 2: T.Zuluft	19.2
2021-03-11 15:38:18.0	Ana3 - 3: T.Abluft	21.1
2021-03-11 15:38:18.0	Ana4 - 4: T.Fortluft	17.7
2021-03-11 15:38:18.0	Ana5 - 5: T.Raum	9999.9
2021-03-11 15:38:18.0	Ana9 - 9: T.Zuluft WRG warm	20.4
2021-03-11 15:38:28.0	Ana1 - 1: T.Au?en	15.2
2021-03-11 15:38:28.0	Ana2 - 2: T.Zuluft	19.2
2021-03-11 15:38:28.0	Ana3 - 3: T.Abluft	21.1
2021-03-11 15:38:28.0	Ana4 - 4: T.Fortluft	17.7
2021-03-11 15:38:28.0	Ana5 - 5: T.Raum	9999.9
2021-03-11 15:38:28.0	Ana9 - 9: T.Zuluft WRG warm	20.4
2021-03-11 15:38:38.0	Ana1 - 1: T.Au?en	15.2
2021-03-11 15:38:38.0	Ana2 - 2: T.Zuluft	19.2
2021-03-11 15:38:38.0	Ana3 - 3: T.Abluft	21.1
2021-03-11 15:38:38.0	Ana4 - 4: T.Fortluft	17.7
2021-03-11 15:38:38.0	Ana5 - 5: T.Raum	9999.9
2021-03-11 15:38:38.0	Ana9 - 9: T.Zuluft WRG warm	20.4
2021-03-11 15:38:48.0	Ana1 - 1: T.Au?en	15.2
2021-03-11 15:38:48.0	Ana2 - 2: T.Zuluft	19.2
2021-03-11 15:38:48.0	Ana3 - 3: T.Abluft	21.1
2021-03-11 15:38:48.0	Ana4 - 4: T.Fortluft	17.7
2021-03-11 15:38:48.0	Ana5 - 5: T.Raum	9999.9
2021-03-11 15:38:48.0	Ana9 - 9: T.Zuluft WRG warm	20.4
2021-03-11 15:38:58.0	Ana1 - 1: T.Au?en	15.1
2021-03-11 15:38:58.0	Ana2 - 2: T.Zuluft	19.2
2021-03-11 15:38:58.0	Ana3 - 3: T.Abluft	21.1
2021-03-11 15:38:58.0	Ana4 - 4: T.Fortluft	17.7
2021-03-11 15:38:58.0	Ana5 - 5: T.Raum	9999.9
2021-03-11 15:38:58.0	Ana9 - 9: T.Zuluft WRG warm	20.4
2021-03-11 15:39:08.0	Ana1 - 1: T.Au?en	15.1
2021-03-11 15:39:08.0	Ana2 - 2: T.Zuluft	19.2
2021-03-11 15:39:08.0	Ana3 - 3: T.Abluft	21.1
2021-03-11 15:39:08.0	Ana4 - 4: T.Fortluft	17.7
2021-03-11 15:39:08.0	Ana5 - 5: T.Raum	9999.9
2021-03-11 15:39:08.0	Ana9 - 9: T.Zuluft WRG warm	20.4
2021-03-11 15:39:18.0	Ana1 - 1: T.Au?en	15.1
2021-03-11 15:39:18.0	Ana2 - 2: T.Zuluft	19.2
2021-03-11 15:39:18.0	Ana3 - 3: T.Abluft	21.1
2021-03-11 15:39:18.0	Ana4 - 4: T.Fortluft	17.7
2021-03-11 15:39:18.0	Ana5 - 5: T.Raum	9999.9
2021-03-11 15:39:18.0	Ana9 - 9: T.Zuluft WRG warm	20.4
2021-03-11 15:39:28.0	Ana1 - 1: T.Au?en	15.1
2021-03-11 15:39:28.0	Ana2 - 2: T.Zuluft	19.2
2021-03-11 15:39:28.0	Ana3 - 3: T.Abluft	21.1
2021-03-11 15:39:28.0	Ana4 - 4: T.Fortluft	17.7
2021-03-11 15:39:28.0	Ana5 - 5: T.Raum	9999.9
2021-03-11 15:39:28.0	Ana9 - 9: T.Zuluft WRG warm	20.4
2021-03-11 15:39:38.0	Ana1 - 1: T.Au?en	15.1
2021-03-11 15:39:38.0	Ana2 - 2: T.Zuluft	19.2
2021-03-11 15:39:38.0	Ana3 - 3: T.Abluft	21.1
2021-03-11 15:39:38.0	Ana4 - 4: T.Fortluft	17.7
2021-03-11 15:39:38.0	Ana5 - 5: T.Raum	9999.9
2021-03-11 15:39:38.0	Ana9 - 9: T.Zuluft WRG warm	20.4
2021-03-11 15:39:48.0	Ana1 - 1: T.Au?en	15.1
2021-03-11 15:39:48.0	Ana2 - 2: T.Zuluft	19.2
2021-03-11 15:39:48.0	Ana3 - 3: T.Abluft	21.1
2021-03-11 15:39:48.0	Ana4 - 4: T.Fortluft	17.7
2021-03-11 15:39:48.0	Ana5 - 5: T.Raum	9999.9
2021-03-11 15:39:48.0	Ana9 - 9: T.Zuluft WRG warm	20.4
2021-03-11 15:39:58.0	Ana1 - 1: T.Au?en	15.1
2021-03-11 15:39:58.0	Ana2 - 2: T.Zuluft	19.2
2021-03-11 15:39:58.0	Ana3 - 3: T.Abluft	21.1
2021-03-11 15:39:58.0	Ana4 - 4: T.Fortluft	17.7
2021-03-11 15:39:58.0	Ana5 - 5: T.Raum	9999.9
2021-03-11 15:39:58.0	Ana9 - 9: T.Zuluft WRG warm	20.4
2021-03-11 15:40:08.0	Ana1 - 1: T.Au?en	15.0
2021-03-11 15:40:08.0	Ana2 - 2: T.Zuluft	19.2
2021-03-11 15:40:08.0	Ana3 - 3: T.Abluft	21.1
2021-03-11 15:40:08.0	Ana4 - 4: T.Fortluft	17.7
2021-03-11 15:40:08.0	Ana5 - 5: T.Raum	9999.9
2021-03-11 15:40:08.0	Ana9 - 9: T.Zuluft WRG warm	20.4
2021-03-11 15:40:18.0	Ana1 - 1: T.Au?en	15.0
2021-03-11 15:40:18.0	Ana2 - 2: T.Zuluft	19.2
2021-03-11 15:40:18.0	Ana3 - 3: T.Abluft	21.1
2021-03-11 15:40:18.0	Ana4 - 4: T.Fortluft	17.7
2021-03-11 15:40:18.0	Ana5 - 5: T.Raum	9999.9
2021-03-11 15:40:18.0	Ana9 - 9: T.Zuluft WRG warm	20.4
2021-03-11 15:40:28.0	Ana1 - 1: T.Au?en	15.0
2021-03-11 15:40:28.0	Ana2 - 2: T.Zuluft	19.2
2021-03-11 15:40:28.0	Ana3 - 3: T.Abluft	21.1
2021-03-11 15:40:28.0	Ana4 - 4: T.Fortluft	17.7
2021-03-11 15:40:28.0	Ana5 - 5: T.Raum	9999.9
2021-03-11 15:40:28.0	Ana9 - 9: T.Zuluft WRG warm	20.4
2021-03-11 15:40:38.0	Ana1 - 1: T.Au?en	15.0
2021-03-11 15:40:38.0	Ana2 - 2: T.Zuluft	19.2
2021-03-11 15:40:38.0	Ana3 - 3: T.Abluft	21.1
2021-03-11 15:40:38.0	Ana4 - 4: T.Fortluft	17.7
2021-03-11 15:40:38.0	Ana5 - 5: T.Raum	9999.9
2021-03-11 15:40:38.0	Ana9 - 9: T.Zuluft WRG warm	20.4
2021-03-11 15:40:48.0	Ana1 - 1: T.Au?en	15.0
2021-03-11 15:40:48.0	Ana2 - 2: T.Zuluft	19.2
2021-03-11 15:40:48.0	Ana3 - 3: T.Abluft	21.1
2021-03-11 15:40:48.0	Ana4 - 4: T.Fortluft	17.7
2021-03-11 15:40:48.0	Ana5 - 5: T.Raum	9999.9
2021-03-11 15:40:48.0	Ana9 - 9: T.Zuluft WRG warm	20.4
2021-03-11 15:40:58.0	Ana1 - 1: T.Au?en	15.0
2021-03-11 15:40:58.0	Ana2 - 2: T.Zuluft	19.2
2021-03-11 15:40:58.0	Ana3 - 3: T.Abluft	21.1
2021-03-11 15:40:58.0	Ana4 - 4: T.Fortluft	17.7
2021-03-11 15:40:58.0	Ana5 - 5: T.Raum	9999.9
2021-03-11 15:40:58.0	Ana9 - 9: T.Zuluft WRG warm	20.4
2021-03-11 15:41:08.0	Ana1 - 1: T.Au?en	15.0
2021-03-11 15:41:08.0	Ana2 - 2: T.Zuluft	19.2
2021-03-11 15:41:08.0	Ana3 - 3: T.Abluft	21.1
2021-03-11 15:41:08.0	Ana4 - 4: T.Fortluft	17.7
2021-03-11 15:41:08.0	Ana5 - 5: T.Raum	9999.9
2021-03-11 15:41:08.0	Ana9 - 9: T.Zuluft WRG warm	20.4
2021-03-11 15:41:18.0	Ana1 - 1: T.Au?en	15.0
2021-03-11 15:41:18.0	Ana2 - 2: T.Zuluft	19.2
2021-03-11 15:41:18.0	Ana3 - 3: T.Abluft	21.1
2021-03-11 15:41:18.0	Ana4 - 4: T.Fortluft	17.7
2021-03-11 15:41:18.0	Ana5 - 5: T.Raum	9999.9
2021-03-11 15:41:18.0	Ana9 - 9: T.Zuluft WRG warm	20.4
2021-03-11 15:41:28.0	Ana1 - 1: T.Au?en	15.0
2021-03-11 15:41:28.0	Ana2 - 2: T.Zuluft	19.2
2021-03-11 15:41:28.0	Ana3 - 3: T.Abluft	21.1
2021-03-11 15:41:28.0	Ana4 - 4: T.Fortluft	17.7
2021-03-11 15:41:28.0	Ana5 - 5: T.Raum	9999.9
2021-03-11 15:41:28.0	Ana9 - 9: T.Zuluft WRG warm	20.4
2021-03-11 15:41:38.0	Ana1 - 1: T.Au?en	15.0
2021-03-11 15:41:38.0	Ana2 - 2: T.Zuluft	19.2
2021-03-11 15:41:38.0	Ana3 - 3: T.Abluft	21.1
2021-03-11 15:41:38.0	Ana4 - 4: T.Fortluft	17.7
2021-03-11 15:41:38.0	Ana5 - 5: T.Raum	9999.9
2021-03-11 15:41:38.0	Ana9 - 9: T.Zuluft WRG warm	20.4
2021-03-11 15:41:48.0	Ana1 - 1: T.Au?en	15.0
2021-03-11 15:41:48.0	Ana2 - 2: T.Zuluft	19.2
2021-03-11 15:41:48.0	Ana3 - 3: T.Abluft	21.1
2021-03-11 15:41:48.0	Ana4 - 4: T.Fortluft	17.7
2021-03-11 15:41:48.0	Ana5 - 5: T.Raum	9999.9
2021-03-11 15:41:48.0	Ana9 - 9: T.Zuluft WRG warm	20.4
2021-03-11 15:41:58.0	Ana1 - 1: T.Au?en	15.0
2021-03-11 15:41:58.0	Ana2 - 2: T.Zuluft	19.2
2021-03-11 15:41:58.0	Ana3 - 3: T.Abluft	21.1
2021-03-11 15:41:58.0	Ana4 - 4: T.Fortluft	17.7
2021-03-11 15:41:58.0	Ana5 - 5: T.Raum	9999.9
2021-03-11 15:41:58.0	Ana9 - 9: T.Zuluft WRG warm	20.4
2021-03-11 15:42:08.0	Ana1 - 1: T.Au?en	14.9
2021-03-11 15:42:08.0	Ana2 - 2: T.Zuluft	19.2
2021-03-11 15:42:08.0	Ana3 - 3: T.Abluft	21.1
2021-03-11 15:42:08.0	Ana4 - 4: T.Fortluft	17.7
2021-03-11 15:42:08.0	Ana5 - 5: T.Raum	9999.9
2021-03-11 15:42:08.0	Ana9 - 9: T.Zuluft WRG warm	20.4
2021-03-11 15:42:18.0	Ana1 - 1: T.Au?en	14.9
2021-03-11 15:42:18.0	Ana2 - 2: T.Zuluft	19.2
2021-03-11 15:42:18.0	Ana3 - 3: T.Abluft	21.1
2021-03-11 15:42:18.0	Ana4 - 4: T.Fortluft	17.7
2021-03-11 15:42:18.0	Ana5 - 5: T.Raum	9999.9
2021-03-11 15:42:18.0	Ana9 - 9: T.Zuluft WRG warm	20.4
2021-03-11 15:42:28.0	Ana1 - 1: T.Au?en	14.9
2021-03-11 15:42:28.0	Ana2 - 2: T.Zuluft	19.2
2021-03-11 15:42:28.0	Ana3 - 3: T.Abluft	21.1
2021-03-11 15:42:28.0	Ana4 - 4: T.Fortluft	17.7
2021-03-11 15:42:28.0	Ana5 - 5: T.Raum	9999.9
2021-03-11 15:42:28.0	Ana9 - 9: T.Zuluft WRG warm	20.4
2021-03-11 15:42:38.0	Ana1 - 1: T.Au?en	14.9
2021-03-11 15:42:38.0	Ana2 - 2: T.Zuluft	19.2
2021-03-11 15:42:38.0	Ana3 - 3: T.Abluft	21.1
2021-03-11 15:42:38.0	Ana4 - 4: T.Fortluft	17.7
2021-03-11 15:42:38.0	Ana5 - 5: T.Raum	9999.9
2021-03-11 15:42:38.0	Ana9 - 9: T.Zuluft WRG warm	20.4
2021-03-11 15:42:48.0	Ana1 - 1: T.Au?en	14.9
2021-03-11 15:42:48.0	Ana2 - 2: T.Zuluft	19.2
2021-03-11 15:42:48.0	Ana3 - 3: T.Abluft	21.1
2021-03-11 15:42:48.0	Ana4 - 4: T.Fortluft	17.7
2021-03-11 15:42:48.0	Ana5 - 5: T.Raum	9999.9
2021-03-11 15:42:48.0	Ana9 - 9: T.Zuluft WRG warm	20.4
2021-03-11 15:42:58.0	Ana1 - 1: T.Au?en	14.9
2021-03-11 15:42:58.0	Ana2 - 2: T.Zuluft	19.2
2021-03-11 15:42:58.0	Ana3 - 3: T.Abluft	21.1
2021-03-11 15:42:58.0	Ana4 - 4: T.Fortluft	17.7
2021-03-11 15:42:58.0	Ana5 - 5: T.Raum	9999.9
2021-03-11 15:42:58.0	Ana9 - 9: T.Zuluft WRG warm	20.4
2021-03-11 15:43:08.0	Ana1 - 1: T.Au?en	14.9
2021-03-11 15:43:08.0	Ana2 - 2: T.Zuluft	19.2
2021-03-11 15:43:08.0	Ana3 - 3: T.Abluft	21.1
2021-03-11 15:43:08.0	Ana4 - 4: T.Fortluft	17.7
2021-03-11 15:43:08.0	Ana5 - 5: T.Raum	9999.9
2021-03-11 15:43:08.0	Ana9 - 9: T.Zuluft WRG warm	20.4
2021-03-11 15:43:18.0	Ana1 - 1: T.Au?en	14.9
2021-03-11 15:43:18.0	Ana2 - 2: T.Zuluft	19.2
2021-03-11 15:43:18.0	Ana3 - 3: T.Abluft	21.1
2021-03-11 15:43:18.0	Ana4 - 4: T.Fortluft	17.7
2021-03-11 15:43:18.0	Ana5 - 5: T.Raum	9999.9
2021-03-11 15:43:18.0	Ana9 - 9: T.Zuluft WRG warm	20.4
2021-03-11 15:43:28.0	Ana1 - 1: T.Au?en	14.9
2021-03-11 15:43:28.0	Ana2 - 2: T.Zuluft	19.2
2021-03-11 15:43:28.0	Ana3 - 3: T.Abluft	21.1
2021-03-11 15:43:28.0	Ana4 - 4: T.Fortluft	17.7
2021-03-11 15:43:28.0	Ana5 - 5: T.Raum	9999.9
2021-03-11 15:43:28.0	Ana9 - 9: T.Zuluft WRG warm	20.4
2021-03-11 15:43:38.0	Ana1 - 1: T.Au?en	14.9
2021-03-11 15:43:38.0	Ana2 - 2: T.Zuluft	19.2
2021-03-11 15:43:38.0	Ana3 - 3: T.Abluft	21.1
2021-03-11 15:43:38.0	Ana4 - 4: T.Fortluft	17.7
2021-03-11 15:43:38.0	Ana5 - 5: T.Raum	9999.9
2021-03-11 15:43:38.0	Ana9 - 9: T.Zuluft WRG warm	20.4
2021-03-11 15:43:48.0	Ana1 - 1: T.Au?en	14.9
2021-03-11 15:43:48.0	Ana2 - 2: T.Zuluft	19.2
2021-03-11 15:43:48.0	Ana3 - 3: T.Abluft	21.1
2021-03-11 15:43:48.0	Ana4 - 4: T.Fortluft	17.7
2021-03-11 15:43:48.0	Ana5 - 5: T.Raum	9999.9
2021-03-11 15:43:48.0	Ana9 - 9: T.Zuluft WRG warm	20.4
2021-03-11 15:43:58.0	Ana1 - 1: T.Au?en	14.9
2021-03-11 15:43:58.0	Ana2 - 2: T.Zuluft	19.2
2021-03-11 15:43:58.0	Ana3 - 3: T.Abluft	21.1
2021-03-11 15:43:58.0	Ana4 - 4: T.Fortluft	17.7
2021-03-11 15:43:58.0	Ana5 - 5: T.Raum	9999.9
2021-03-11 15:43:58.0	Ana9 - 9: T.Zuluft WRG warm	20.4
2021-03-11 15:44:08.0	Ana1 - 1: T.Au?en	14.9
2021-03-11 15:44:08.0	Ana2 - 2: T.Zuluft	19.2
2021-03-11 15:44:08.0	Ana3 - 3: T.Abluft	21.1
2021-03-11 15:44:08.0	Ana4 - 4: T.Fortluft	17.7
2021-03-11 15:44:08.0	Ana5 - 5: T.Raum	9999.9
2021-03-11 15:44:08.0	Ana9 - 9: T.Zuluft WRG warm	20.4
2021-03-11 15:44:18.0	Ana1 - 1: T.Au?en	14.9
2021-03-11 15:44:18.0	Ana2 - 2: T.Zuluft	19.2
2021-03-11 15:44:18.0	Ana3 - 3: T.Abluft	21.1
2021-03-11 15:44:18.0	Ana4 - 4: T.Fortluft	17.7
2021-03-11 15:44:18.0	Ana5 - 5: T.Raum	9999.9
2021-03-11 15:44:18.0	Ana9 - 9: T.Zuluft WRG warm	20.4
2021-03-11 15:44:28.0	Ana1 - 1: T.Au?en	14.9
2021-03-11 15:44:28.0	Ana2 - 2: T.Zuluft	19.2
2021-03-11 15:44:28.0	Ana3 - 3: T.Abluft	21.1
2021-03-11 15:44:28.0	Ana4 - 4: T.Fortluft	17.7
2021-03-11 15:44:28.0	Ana5 - 5: T.Raum	9999.9
2021-03-11 15:44:28.0	Ana9 - 9: T.Zuluft WRG warm	20.4
2021-03-11 15:44:38.0	Ana1 - 1: T.Au?en	14.9
2021-03-11 15:44:38.0	Ana2 - 2: T.Zuluft	19.2
2021-03-11 15:44:38.0	Ana3 - 3: T.Abluft	21.1
2021-03-11 15:44:38.0	Ana4 - 4: T.Fortluft	17.7
2021-03-11 15:44:38.0	Ana5 - 5: T.Raum	9999.9
2021-03-11 15:44:38.0	Ana9 - 9: T.Zuluft WRG warm	20.4
2021-03-11 15:44:48.0	Ana1 - 1: T.Au?en	15.0
2021-03-11 15:44:48.0	Ana2 - 2: T.Zuluft	19.2
2021-03-11 15:44:48.0	Ana3 - 3: T.Abluft	21.1
2021-03-11 15:44:48.0	Ana4 - 4: T.Fortluft	17.7
2021-03-11 15:44:48.0	Ana5 - 5: T.Raum	9999.9
2021-03-11 15:44:48.0	Ana9 - 9: T.Zuluft WRG warm	20.4
2021-03-11 15:44:58.0	Ana1 - 1: T.Au?en	14.9
2021-03-11 15:44:58.0	Ana2 - 2: T.Zuluft	19.2
2021-03-11 15:44:58.0	Ana3 - 3: T.Abluft	21.1
2021-03-11 15:44:58.0	Ana4 - 4: T.Fortluft	17.7
2021-03-11 15:44:58.0	Ana5 - 5: T.Raum	9999.9
2021-03-11 15:44:58.0	Ana9 - 9: T.Zuluft WRG warm	20.4
2021-03-11 15:45:08.0	Ana1 - 1: T.Au?en	15.0
2021-03-11 15:45:08.0	Ana2 - 2: T.Zuluft	19.2
2021-03-11 15:45:08.0	Ana3 - 3: T.Abluft	21.1
2021-03-11 15:45:08.0	Ana4 - 4: T.Fortluft	17.7
2021-03-11 15:45:08.0	Ana5 - 5: T.Raum	9999.9
2021-03-11 15:45:08.0	Ana9 - 9: T.Zuluft WRG warm	20.4
2021-03-11 15:45:18.0	Ana1 - 1: T.Au?en	15.0
2021-03-11 15:45:18.0	Ana2 - 2: T.Zuluft	19.2
2021-03-11 15:45:18.0	Ana3 - 3: T.Abluft	21.1
2021-03-11 15:45:18.0	Ana4 - 4: T.Fortluft	17.7
2021-03-11 15:45:18.0	Ana5 - 5: T.Raum	9999.9
2021-03-11 15:45:18.0	Ana9 - 9: T.Zuluft WRG warm	20.4
2021-03-11 15:45:28.0	Ana1 - 1: T.Au?en	15.0
2021-03-11 15:45:28.0	Ana2 - 2: T.Zuluft	19.2
2021-03-11 15:45:28.0	Ana3 - 3: T.Abluft	21.1
2021-03-11 15:45:28.0	Ana4 - 4: T.Fortluft	17.7
2021-03-11 15:45:28.0	Ana5 - 5: T.Raum	9999.9
2021-03-11 15:45:28.0	Ana9 - 9: T.Zuluft WRG warm	20.4
2021-03-11 15:45:38.0	Ana1 - 1: T.Au?en	15.1
2021-03-11 15:45:38.0	Ana2 - 2: T.Zuluft	19.2
2021-03-11 15:45:38.0	Ana3 - 3: T.Abluft	21.1
2021-03-11 15:45:38.0	Ana4 - 4: T.Fortluft	17.7
2021-03-11 15:45:38.0	Ana5 - 5: T.Raum	9999.9
2021-03-11 15:45:38.0	Ana9 - 9: T.Zuluft WRG warm	20.4
2021-03-11 15:45:48.0	Ana1 - 1: T.Au?en	15.0
2021-03-11 15:45:48.0	Ana2 - 2: T.Zuluft	19.2
2021-03-11 15:45:48.0	Ana3 - 3: T.Abluft	21.1
2021-03-11 15:45:48.0	Ana4 - 4: T.Fortluft	17.7
2021-03-11 15:45:48.0	Ana5 - 5: T.Raum	9999.9
2021-03-11 15:45:48.0	Ana9 - 9: T.Zuluft WRG warm	20.4
2021-03-11 15:45:58.0	Ana1 - 1: T.Au?en	15.0
2021-03-11 15:45:58.0	Ana2 - 2: T.Zuluft	19.2
2021-03-11 15:45:58.0	Ana3 - 3: T.Abluft	21.1
2021-03-11 15:45:58.0	Ana4 - 4: T.Fortluft	17.7
2021-03-11 15:45:58.0	Ana5 - 5: T.Raum	9999.9
2021-03-11 15:45:58.0	Ana9 - 9: T.Zuluft WRG warm	20.4
2021-03-11 15:46:08.0	Ana1 - 1: T.Au?en	15.1
2021-03-11 15:46:08.0	Ana2 - 2: T.Zuluft	19.2
2021-03-11 15:46:08.0	Ana3 - 3: T.Abluft	21.1
2021-03-11 15:46:08.0	Ana4 - 4: T.Fortluft	17.7
2021-03-11 15:46:08.0	Ana5 - 5: T.Raum	9999.9
2021-03-11 15:46:08.0	Ana9 - 9: T.Zuluft WRG warm	20.4
2021-03-11 15:46:18.0	Ana1 - 1: T.Au?en	15.1
2021-03-11 15:46:18.0	Ana2 - 2: T.Zuluft	19.2
2021-03-11 15:46:18.0	Ana3 - 3: T.Abluft	21.1
2021-03-11 15:46:18.0	Ana4 - 4: T.Fortluft	17.7
2021-03-11 15:46:18.0	Ana5 - 5: T.Raum	9999.9
2021-03-11 15:46:18.0	Ana9 - 9: T.Zuluft WRG warm	20.4
2021-03-11 15:46:28.0	Ana1 - 1: T.Au?en	15.1
2021-03-11 15:46:28.0	Ana2 - 2: T.Zuluft	19.2
2021-03-11 15:46:28.0	Ana3 - 3: T.Abluft	21.1
2021-03-11 15:46:28.0	Ana4 - 4: T.Fortluft	17.7
2021-03-11 15:46:28.0	Ana5 - 5: T.Raum	9999.9
2021-03-11 15:46:28.0	Ana9 - 9: T.Zuluft WRG warm	20.4
2021-03-11 15:46:38.0	Ana1 - 1: T.Au?en	15.1
2021-03-11 15:46:38.0	Ana2 - 2: T.Zuluft	19.2
2021-03-11 15:46:38.0	Ana3 - 3: T.Abluft	21.1
2021-03-11 15:46:38.0	Ana4 - 4: T.Fortluft	17.7
2021-03-11 15:46:38.0	Ana5 - 5: T.Raum	9999.9
2021-03-11 15:46:38.0	Ana9 - 9: T.Zuluft WRG warm	20.4
2021-03-11 15:46:48.0	Ana1 - 1: T.Au?en	15.2
2021-03-11 15:46:48.0	Ana2 - 2: T.Zuluft	19.2
2021-03-11 15:46:48.0	Ana3 - 3: T.Abluft	21.1
2021-03-11 15:46:48.0	Ana4 - 4: T.Fortluft	17.7
2021-03-11 15:46:48.0	Ana5 - 5: T.Raum	9999.9
2021-03-11 15:46:48.0	Ana9 - 9: T.Zuluft WRG warm	20.4
2021-03-11 15:46:58.0	Ana1 - 1: T.Au?en	15.2
2021-03-11 15:46:58.0	Ana2 - 2: T.Zuluft	19.2
2021-03-11 15:46:58.0	Ana3 - 3: T.Abluft	21.1
2021-03-11 15:46:58.0	Ana4 - 4: T.Fortluft	17.7
2021-03-11 15:46:58.0	Ana5 - 5: T.Raum	9999.9
2021-03-11 15:46:58.0	Ana9 - 9: T.Zuluft WRG warm	20.4
2021-03-11 15:47:08.0	Ana1 - 1: T.Au?en	15.2
2021-03-11 15:47:08.0	Ana2 - 2: T.Zuluft	19.2
2021-03-11 15:47:08.0	Ana3 - 3: T.Abluft	21.1
2021-03-11 15:47:08.0	Ana4 - 4: T.Fortluft	17.7
2021-03-11 15:47:08.0	Ana5 - 5: T.Raum	9999.9
2021-03-11 15:47:08.0	Ana9 - 9: T.Zuluft WRG warm	20.4
2021-03-11 15:47:18.0	Ana1 - 1: T.Au?en	15.2
2021-03-11 15:47:18.0	Ana2 - 2: T.Zuluft	19.2
2021-03-11 15:47:18.0	Ana3 - 3: T.Abluft	21.1
2021-03-11 15:47:18.0	Ana4 - 4: T.Fortluft	17.7
2021-03-11 15:47:18.0	Ana5 - 5: T.Raum	9999.9
2021-03-11 15:47:18.0	Ana9 - 9: T.Zuluft WRG warm	20.4
2021-03-11 15:47:28.0	Ana1 - 1: T.Au?en	15.2
2021-03-11 15:47:28.0	Ana2 - 2: T.Zuluft	19.2
2021-03-11 15:47:28.0	Ana3 - 3: T.Abluft	21.1
2021-03-11 15:47:28.0	Ana4 - 4: T.Fortluft	17.7
2021-03-11 15:47:28.0	Ana5 - 5: T.Raum	9999.9
2021-03-11 15:47:28.0	Ana9 - 9: T.Zuluft WRG warm	20.4
2021-03-11 15:47:38.0	Ana1 - 1: T.Au?en	15.2
2021-03-11 15:47:38.0	Ana2 - 2: T.Zuluft	19.2
2021-03-11 15:47:38.0	Ana3 - 3: T.Abluft	21.1
2021-03-11 15:47:38.0	Ana4 - 4: T.Fortluft	17.7
2021-03-11 15:47:38.0	Ana5 - 5: T.Raum	9999.9
2021-03-11 15:47:38.0	Ana9 - 9: T.Zuluft WRG warm	20.4
2021-03-11 15:47:48.0	Ana1 - 1: T.Au?en	15.2
2021-03-11 15:47:48.0	Ana2 - 2: T.Zuluft	19.2
2021-03-11 15:47:48.0	Ana3 - 3: T.Abluft	21.1
2021-03-11 15:47:48.0	Ana4 - 4: T.Fortluft	17.7
2021-03-11 15:47:48.0	Ana5 - 5: T.Raum	9999.9
2021-03-11 15:47:48.0	Ana9 - 9: T.Zuluft WRG warm	20.4
2021-03-11 15:47:58.0	Ana1 - 1: T.Au?en	15.2
2021-03-11 15:47:58.0	Ana2 - 2: T.Zuluft	19.2
2021-03-11 15:47:58.0	Ana3 - 3: T.Abluft	21.1
2021-03-11 15:47:58.0	Ana4 - 4: T.Fortluft	17.7
2021-03-11 15:47:58.0	Ana5 - 5: T.Raum	9999.9
2021-03-11 15:47:58.0	Ana9 - 9: T.Zuluft WRG warm	20.4
2021-03-11 15:48:08.0	Ana1 - 1: T.Au?en	15.2
2021-03-11 15:48:08.0	Ana2 - 2: T.Zuluft	19.2
2021-03-11 15:48:08.0	Ana3 - 3: T.Abluft	21.1
2021-03-11 15:48:08.0	Ana4 - 4: T.Fortluft	17.7
2021-03-11 15:48:08.0	Ana5 - 5: T.Raum	9999.9
2021-03-11 15:48:08.0	Ana9 - 9: T.Zuluft WRG warm	20.4
2021-03-11 15:48:18.0	Ana1 - 1: T.Au?en	15.2
2021-03-11 15:48:18.0	Ana2 - 2: T.Zuluft	19.2
2021-03-11 15:48:18.0	Ana3 - 3: T.Abluft	21.1
2021-03-11 15:48:18.0	Ana4 - 4: T.Fortluft	17.7
2021-03-11 15:48:18.0	Ana5 - 5: T.Raum	9999.9
2021-03-11 15:48:18.0	Ana9 - 9: T.Zuluft WRG warm	20.4
2021-03-11 15:48:28.0	Ana1 - 1: T.Au?en	15.2
2021-03-11 15:48:28.0	Ana2 - 2: T.Zuluft	19.2
2021-03-11 15:48:28.0	Ana3 - 3: T.Abluft	21.1
2021-03-11 15:48:28.0	Ana4 - 4: T.Fortluft	17.7
2021-03-11 15:48:28.0	Ana5 - 5: T.Raum	9999.9
2021-03-11 15:48:28.0	Ana9 - 9: T.Zuluft WRG warm	20.4
2021-03-11 15:48:38.0	Ana1 - 1: T.Au?en	15.2
2021-03-11 15:48:38.0	Ana2 - 2: T.Zuluft	19.2
2021-03-11 15:48:38.0	Ana3 - 3: T.Abluft	21.1
2021-03-11 15:48:38.0	Ana4 - 4: T.Fortluft	17.7
2021-03-11 15:48:38.0	Ana5 - 5: T.Raum	9999.9
2021-03-11 15:48:38.0	Ana9 - 9: T.Zuluft WRG warm	20.4
2021-03-11 15:48:48.0	Ana1 - 1: T.Au?en	15.2
2021-03-11 15:48:48.0	Ana2 - 2: T.Zuluft	19.2
2021-03-11 15:48:48.0	Ana3 - 3: T.Abluft	21.1
2021-03-11 15:48:48.0	Ana4 - 4: T.Fortluft	17.7
2021-03-11 15:48:48.0	Ana5 - 5: T.Raum	9999.9
2021-03-11 15:48:48.0	Ana9 - 9: T.Zuluft WRG warm	20.4
2021-03-11 15:48:58.0	Ana1 - 1: T.Au?en	15.2
2021-03-11 15:48:58.0	Ana2 - 2: T.Zuluft	19.2
2021-03-11 15:48:58.0	Ana3 - 3: T.Abluft	21.1
2021-03-11 15:48:58.0	Ana4 - 4: T.Fortluft	17.7
2021-03-11 15:48:58.0	Ana5 - 5: T.Raum	9999.9
2021-03-11 15:48:58.0	Ana9 - 9: T.Zuluft WRG warm	20.4
2021-03-11 15:49:08.0	Ana1 - 1: T.Au?en	15.1
2021-03-11 15:49:08.0	Ana2 - 2: T.Zuluft	19.2
2021-03-11 15:49:08.0	Ana3 - 3: T.Abluft	21.1
2021-03-11 15:49:08.0	Ana4 - 4: T.Fortluft	17.7
2021-03-11 15:49:08.0	Ana5 - 5: T.Raum	9999.9
2021-03-11 15:49:08.0	Ana9 - 9: T.Zuluft WRG warm	20.4
2021-03-11 15:49:18.0	Ana1 - 1: T.Au?en	15.1
2021-03-11 15:49:18.0	Ana2 - 2: T.Zuluft	19.2
2021-03-11 15:49:18.0	Ana3 - 3: T.Abluft	21.1
2021-03-11 15:49:18.0	Ana4 - 4: T.Fortluft	17.7
2021-03-11 15:49:18.0	Ana5 - 5: T.Raum	9999.9
2021-03-11 15:49:18.0	Ana9 - 9: T.Zuluft WRG warm	20.4
2021-03-11 15:49:28.0	Ana1 - 1: T.Au?en	15.1
2021-03-11 15:49:28.0	Ana2 - 2: T.Zuluft	19.2
2021-03-11 15:49:28.0	Ana3 - 3: T.Abluft	21.1
2021-03-11 15:49:28.0	Ana4 - 4: T.Fortluft	17.7
2021-03-11 15:49:28.0	Ana5 - 5: T.Raum	9999.9
2021-03-11 15:49:28.0	Ana9 - 9: T.Zuluft WRG warm	20.4
2021-03-11 15:49:38.0	Ana1 - 1: T.Au?en	15.1
2021-03-11 15:49:38.0	Ana2 - 2: T.Zuluft	19.2
2021-03-11 15:49:38.0	Ana3 - 3: T.Abluft	21.1
2021-03-11 15:49:38.0	Ana4 - 4: T.Fortluft	17.7
2021-03-11 15:49:38.0	Ana5 - 5: T.Raum	9999.9
2021-03-11 15:49:38.0	Ana9 - 9: T.Zuluft WRG warm	20.4
2021-03-11 15:49:48.0	Ana1 - 1: T.Au?en	15.1
2021-03-11 15:49:48.0	Ana2 - 2: T.Zuluft	19.2
2021-03-11 15:49:48.0	Ana3 - 3: T.Abluft	21.1
2021-03-11 15:49:48.0	Ana4 - 4: T.Fortluft	17.7
2021-03-11 15:49:48.0	Ana5 - 5: T.Raum	9999.9
2021-03-11 15:49:48.0	Ana9 - 9: T.Zuluft WRG warm	20.4
2021-03-11 15:49:58.0	Ana1 - 1: T.Au?en	15.1
2021-03-11 15:49:58.0	Ana2 - 2: T.Zuluft	19.2
2021-03-11 15:49:58.0	Ana3 - 3: T.Abluft	21.1
2021-03-11 15:49:58.0	Ana4 - 4: T.Fortluft	17.7
2021-03-11 15:49:58.0	Ana5 - 5: T.Raum	9999.9
2021-03-11 15:49:58.0	Ana9 - 9: T.Zuluft WRG warm	20.4
2021-03-11 15:50:08.0	Ana1 - 1: T.Au?en	15.1
2021-03-11 15:50:08.0	Ana2 - 2: T.Zuluft	19.2
2021-03-11 15:50:08.0	Ana3 - 3: T.Abluft	21.2
2021-03-11 15:50:08.0	Ana4 - 4: T.Fortluft	17.7
2021-03-11 15:50:08.0	Ana5 - 5: T.Raum	9999.9
2021-03-11 15:50:08.0	Ana9 - 9: T.Zuluft WRG warm	20.4
2021-03-11 15:50:18.0	Ana1 - 1: T.Au?en	15.1
2021-03-11 15:50:18.0	Ana2 - 2: T.Zuluft	19.2
2021-03-11 15:50:18.0	Ana3 - 3: T.Abluft	21.2
2021-03-11 15:50:18.0	Ana4 - 4: T.Fortluft	17.7
2021-03-11 15:50:18.0	Ana5 - 5: T.Raum	9999.9
2021-03-11 15:50:18.0	Ana9 - 9: T.Zuluft WRG warm	20.4
2021-03-11 15:50:28.0	Ana1 - 1: T.Au?en	15.1
2021-03-11 15:50:28.0	Ana2 - 2: T.Zuluft	19.2
2021-03-11 15:50:28.0	Ana3 - 3: T.Abluft	21.1
2021-03-11 15:50:28.0	Ana4 - 4: T.Fortluft	17.7
2021-03-11 15:50:28.0	Ana5 - 5: T.Raum	9999.9
2021-03-11 15:50:28.0	Ana9 - 9: T.Zuluft WRG warm	20.4
2021-03-11 15:50:38.0	Ana1 - 1: T.Au?en	15.1
2021-03-11 15:50:38.0	Ana2 - 2: T.Zuluft	19.2
2021-03-11 15:50:38.0	Ana3 - 3: T.Abluft	21.2
2021-03-11 15:50:38.0	Ana4 - 4: T.Fortluft	17.7
2021-03-11 15:50:38.0	Ana5 - 5: T.Raum	9999.9
2021-03-11 15:50:38.0	Ana9 - 9: T.Zuluft WRG warm	20.4
2021-03-11 15:50:48.0	Ana1 - 1: T.Au?en	15.0
2021-03-11 15:50:48.0	Ana2 - 2: T.Zuluft	19.2
2021-03-11 15:50:48.0	Ana3 - 3: T.Abluft	21.2
2021-03-11 15:50:48.0	Ana4 - 4: T.Fortluft	17.7
2021-03-11 15:50:48.0	Ana5 - 5: T.Raum	9999.9
2021-03-11 15:50:48.0	Ana9 - 9: T.Zuluft WRG warm	20.4
2021-03-11 15:50:58.0	Ana1 - 1: T.Au?en	15.0
2021-03-11 15:50:58.0	Ana2 - 2: T.Zuluft	19.2
2021-03-11 15:50:58.0	Ana3 - 3: T.Abluft	21.2
2021-03-11 15:50:58.0	Ana4 - 4: T.Fortluft	17.7
2021-03-11 15:50:58.0	Ana5 - 5: T.Raum	9999.9
2021-03-11 15:50:58.0	Ana9 - 9: T.Zuluft WRG warm	20.4
2021-03-11 15:51:08.0	Ana1 - 1: T.Au?en	15.0
2021-03-11 15:51:08.0	Ana2 - 2: T.Zuluft	19.2
2021-03-11 15:51:08.0	Ana3 - 3: T.Abluft	21.1
2021-03-11 15:51:08.0	Ana4 - 4: T.Fortluft	17.7
2021-03-11 15:51:08.0	Ana5 - 5: T.Raum	9999.9
2021-03-11 15:51:08.0	Ana9 - 9: T.Zuluft WRG warm	20.4
2021-03-11 15:51:18.0	Ana1 - 1: T.Au?en	14.9
2021-03-11 15:51:18.0	Ana2 - 2: T.Zuluft	19.2
2021-03-11 15:51:18.0	Ana3 - 3: T.Abluft	21.2
2021-03-11 15:51:18.0	Ana4 - 4: T.Fortluft	17.7
2021-03-11 15:51:18.0	Ana5 - 5: T.Raum	9999.9
2021-03-11 15:51:18.0	Ana9 - 9: T.Zuluft WRG warm	20.4
2021-03-11 15:51:28.0	Ana1 - 1: T.Au?en	14.9
2021-03-11 15:51:28.0	Ana2 - 2: T.Zuluft	19.2
2021-03-11 15:51:28.0	Ana3 - 3: T.Abluft	21.2
2021-03-11 15:51:28.0	Ana4 - 4: T.Fortluft	17.7
2021-03-11 15:51:28.0	Ana5 - 5: T.Raum	9999.9
2021-03-11 15:51:28.0	Ana9 - 9: T.Zuluft WRG warm	20.4
2021-03-11 15:51:38.0	Ana1 - 1: T.Au?en	14.9
2021-03-11 15:51:38.0	Ana2 - 2: T.Zuluft	19.2
2021-03-11 15:51:38.0	Ana3 - 3: T.Abluft	21.2
2021-03-11 15:51:38.0	Ana4 - 4: T.Fortluft	17.7
2021-03-11 15:51:38.0	Ana5 - 5: T.Raum	9999.9
2021-03-11 15:51:38.0	Ana9 - 9: T.Zuluft WRG warm	20.4
2021-03-11 15:51:48.0	Ana1 - 1: T.Au?en	14.9
2021-03-11 15:51:48.0	Ana2 - 2: T.Zuluft	19.2
2021-03-11 15:51:48.0	Ana3 - 3: T.Abluft	21.2
2021-03-11 15:51:48.0	Ana4 - 4: T.Fortluft	17.7
2021-03-11 15:51:48.0	Ana5 - 5: T.Raum	9999.9
2021-03-11 15:51:48.0	Ana9 - 9: T.Zuluft WRG warm	20.4
2021-03-11 15:51:58.0	Ana1 - 1: T.Au?en	15.0
2021-03-11 15:51:58.0	Ana2 - 2: T.Zuluft	19.2
2021-03-11 15:51:58.0	Ana3 - 3: T.Abluft	21.2
2021-03-11 15:51:58.0	Ana4 - 4: T.Fortluft	17.7
2021-03-11 15:51:58.0	Ana5 - 5: T.Raum	9999.9
2021-03-11 15:51:58.0	Ana9 - 9: T.Zuluft WRG warm	20.4
2021-03-11 15:52:08.0	Ana1 - 1: T.Au?en	15.0
2021-03-11 15:52:08.0	Ana2 - 2: T.Zuluft	19.2
2021-03-11 15:52:08.0	Ana3 - 3: T.Abluft	21.2
2021-03-11 15:52:08.0	Ana4 - 4: T.Fortluft	17.7
2021-03-11 15:52:08.0	Ana5 - 5: T.Raum	9999.9
2021-03-11 15:52:08.0	Ana9 - 9: T.Zuluft WRG warm	20.4
2021-03-11 15:52:18.0	Ana1 - 1: T.Au?en	15.0
2021-03-11 15:52:18.0	Ana2 - 2: T.Zuluft	19.2
2021-03-11 15:52:18.0	Ana3 - 3: T.Abluft	21.2
2021-03-11 15:52:18.0	Ana4 - 4: T.Fortluft	17.7
2021-03-11 15:52:18.0	Ana5 - 5: T.Raum	9999.9
2021-03-11 15:52:18.0	Ana9 - 9: T.Zuluft WRG warm	20.4
2021-03-11 15:52:28.0	Ana1 - 1: T.Au?en	15.0
2021-03-11 15:52:28.0	Ana2 - 2: T.Zuluft	19.2
2021-03-11 15:52:28.0	Ana3 - 3: T.Abluft	21.2
2021-03-11 15:52:28.0	Ana4 - 4: T.Fortluft	17.7
2021-03-11 15:52:28.0	Ana5 - 5: T.Raum	9999.9
2021-03-11 15:52:28.0	Ana9 - 9: T.Zuluft WRG warm	20.4
2021-03-11 15:52:38.0	Ana1 - 1: T.Au?en	15.0
2021-03-11 15:52:38.0	Ana2 - 2: T.Zuluft	19.2
2021-03-11 15:52:38.0	Ana3 - 3: T.Abluft	21.2
2021-03-11 15:52:38.0	Ana4 - 4: T.Fortluft	17.7
2021-03-11 15:52:38.0	Ana5 - 5: T.Raum	9999.9
2021-03-11 15:52:38.0	Ana9 - 9: T.Zuluft WRG warm	20.5
2021-03-11 15:52:48.0	Ana1 - 1: T.Au?en	15.0
2021-03-11 15:52:48.0	Ana2 - 2: T.Zuluft	19.2
2021-03-11 15:52:48.0	Ana3 - 3: T.Abluft	21.2
2021-03-11 15:52:48.0	Ana4 - 4: T.Fortluft	17.7
2021-03-11 15:52:48.0	Ana5 - 5: T.Raum	9999.9
2021-03-11 15:52:48.0	Ana9 - 9: T.Zuluft WRG warm	20.5
2021-03-11 15:52:58.0	Ana1 - 1: T.Au?en	15.0
2021-03-11 15:52:58.0	Ana2 - 2: T.Zuluft	19.2
2021-03-11 15:52:58.0	Ana3 - 3: T.Abluft	21.2
2021-03-11 15:52:58.0	Ana4 - 4: T.Fortluft	17.7
2021-03-11 15:52:58.0	Ana5 - 5: T.Raum	9999.9
2021-03-11 15:52:58.0	Ana9 - 9: T.Zuluft WRG warm	20.5
2021-03-11 15:53:08.0	Ana1 - 1: T.Au?en	15.0
2021-03-11 15:53:08.0	Ana2 - 2: T.Zuluft	19.2
2021-03-11 15:53:08.0	Ana3 - 3: T.Abluft	21.2
2021-03-11 15:53:08.0	Ana4 - 4: T.Fortluft	17.7
2021-03-11 15:53:08.0	Ana5 - 5: T.Raum	9999.9
2021-03-11 15:53:08.0	Ana9 - 9: T.Zuluft WRG warm	20.5
2021-03-11 15:53:18.0	Ana1 - 1: T.Au?en	15.0
2021-03-11 15:53:18.0	Ana2 - 2: T.Zuluft	19.2
2021-03-11 15:53:18.0	Ana3 - 3: T.Abluft	21.2
2021-03-11 15:53:18.0	Ana4 - 4: T.Fortluft	17.7
2021-03-11 15:53:18.0	Ana5 - 5: T.Raum	9999.9
2021-03-11 15:53:18.0	Ana9 - 9: T.Zuluft WRG warm	20.5
2021-03-11 15:53:28.0	Ana1 - 1: T.Au?en	15.0
2021-03-11 15:53:28.0	Ana2 - 2: T.Zuluft	19.2
2021-03-11 15:53:28.0	Ana3 - 3: T.Abluft	21.1
2021-03-11 15:53:28.0	Ana4 - 4: T.Fortluft	17.7
2021-03-11 15:53:28.0	Ana5 - 5: T.Raum	9999.9
2021-03-11 15:53:28.0	Ana9 - 9: T.Zuluft WRG warm	20.5
2021-03-11 15:53:38.0	Ana1 - 1: T.Au?en	15.0
2021-03-11 15:53:38.0	Ana2 - 2: T.Zuluft	19.2
2021-03-11 15:53:38.0	Ana3 - 3: T.Abluft	21.2
2021-03-11 15:53:38.0	Ana4 - 4: T.Fortluft	17.7
2021-03-11 15:53:38.0	Ana5 - 5: T.Raum	9999.9
2021-03-11 15:53:38.0	Ana9 - 9: T.Zuluft WRG warm	20.5
2021-03-11 15:53:48.0	Ana1 - 1: T.Au?en	15.0
2021-03-11 15:53:48.0	Ana2 - 2: T.Zuluft	19.2
2021-03-11 15:53:48.0	Ana3 - 3: T.Abluft	21.2
2021-03-11 15:53:48.0	Ana4 - 4: T.Fortluft	17.7
2021-03-11 15:53:48.0	Ana5 - 5: T.Raum	9999.9
2021-03-11 15:53:48.0	Ana9 - 9: T.Zuluft WRG warm	20.5
2021-03-11 15:53:58.0	Ana1 - 1: T.Au?en	15.0
2021-03-11 15:53:58.0	Ana2 - 2: T.Zuluft	19.2
2021-03-11 15:53:58.0	Ana3 - 3: T.Abluft	21.2
2021-03-11 15:53:58.0	Ana4 - 4: T.Fortluft	17.7
2021-03-11 15:53:58.0	Ana5 - 5: T.Raum	9999.9
2021-03-11 15:53:58.0	Ana9 - 9: T.Zuluft WRG warm	20.5
2021-03-11 15:54:08.0	Ana1 - 1: T.Au?en	15.0
2021-03-11 15:54:08.0	Ana2 - 2: T.Zuluft	19.2
2021-03-11 15:54:08.0	Ana3 - 3: T.Abluft	21.2
2021-03-11 15:54:08.0	Ana4 - 4: T.Fortluft	17.7
2021-03-11 15:54:08.0	Ana5 - 5: T.Raum	9999.9
2021-03-11 15:54:08.0	Ana9 - 9: T.Zuluft WRG warm	20.5
2021-03-11 15:54:18.0	Ana1 - 1: T.Au?en	15.0
2021-03-11 15:54:18.0	Ana2 - 2: T.Zuluft	19.2
2021-03-11 15:54:18.0	Ana3 - 3: T.Abluft	21.2
2021-03-11 15:54:18.0	Ana4 - 4: T.Fortluft	17.7
2021-03-11 15:54:18.0	Ana5 - 5: T.Raum	9999.9
2021-03-11 15:54:18.0	Ana9 - 9: T.Zuluft WRG warm	20.5
2021-03-11 15:54:28.0	Ana1 - 1: T.Au?en	15.0
2021-03-11 15:54:28.0	Ana2 - 2: T.Zuluft	19.2
2021-03-11 15:54:28.0	Ana3 - 3: T.Abluft	21.2
2021-03-11 15:54:28.0	Ana4 - 4: T.Fortluft	17.7
2021-03-11 15:54:28.0	Ana5 - 5: T.Raum	9999.9
2021-03-11 15:54:28.0	Ana9 - 9: T.Zuluft WRG warm	20.5
2021-03-11 15:54:38.0	Ana1 - 1: T.Au?en	15.0
2021-03-11 15:54:38.0	Ana2 - 2: T.Zuluft	19.2
2021-03-11 15:54:38.0	Ana3 - 3: T.Abluft	21.2
2021-03-11 15:54:38.0	Ana4 - 4: T.Fortluft	17.7
2021-03-11 15:54:38.0	Ana5 - 5: T.Raum	9999.9
2021-03-11 15:54:38.0	Ana9 - 9: T.Zuluft WRG warm	20.5
2021-03-11 15:54:48.0	Ana1 - 1: T.Au?en	15.0
2021-03-11 15:54:48.0	Ana2 - 2: T.Zuluft	19.2
2021-03-11 15:54:48.0	Ana3 - 3: T.Abluft	21.2
2021-03-11 15:54:48.0	Ana4 - 4: T.Fortluft	17.7
2021-03-11 15:54:48.0	Ana5 - 5: T.Raum	9999.9
2021-03-11 15:54:48.0	Ana9 - 9: T.Zuluft WRG warm	20.5
2021-03-11 15:54:58.0	Ana1 - 1: T.Au?en	15.0
2021-03-11 15:54:58.0	Ana2 - 2: T.Zuluft	19.2
2021-03-11 15:54:58.0	Ana3 - 3: T.Abluft	21.2
2021-03-11 15:54:58.0	Ana4 - 4: T.Fortluft	17.7
2021-03-11 15:54:58.0	Ana5 - 5: T.Raum	9999.9
2021-03-11 15:54:58.0	Ana9 - 9: T.Zuluft WRG warm	20.5
2021-03-11 15:55:08.0	Ana1 - 1: T.Au?en	14.9
2021-03-11 15:55:08.0	Ana2 - 2: T.Zuluft	19.2
2021-03-11 15:55:08.0	Ana3 - 3: T.Abluft	21.2
2021-03-11 15:55:08.0	Ana4 - 4: T.Fortluft	17.7
2021-03-11 15:55:08.0	Ana5 - 5: T.Raum	9999.9
2021-03-11 15:55:08.0	Ana9 - 9: T.Zuluft WRG warm	20.4
2021-03-11 15:55:18.0	Ana1 - 1: T.Au?en	14.9
2021-03-11 15:55:18.0	Ana2 - 2: T.Zuluft	19.2
2021-03-11 15:55:18.0	Ana3 - 3: T.Abluft	21.2
2021-03-11 15:55:18.0	Ana4 - 4: T.Fortluft	17.7
2021-03-11 15:55:18.0	Ana5 - 5: T.Raum	9999.9
2021-03-11 15:55:18.0	Ana9 - 9: T.Zuluft WRG warm	20.5
2021-03-11 15:55:28.0	Ana1 - 1: T.Au?en	14.9
2021-03-11 15:55:28.0	Ana2 - 2: T.Zuluft	19.2
2021-03-11 15:55:28.0	Ana3 - 3: T.Abluft	21.1
2021-03-11 15:55:28.0	Ana4 - 4: T.Fortluft	17.7
2021-03-11 15:55:28.0	Ana5 - 5: T.Raum	9999.9
2021-03-11 15:55:28.0	Ana9 - 9: T.Zuluft WRG warm	20.5
2021-03-11 15:55:38.0	Ana1 - 1: T.Au?en	14.9
2021-03-11 15:55:38.0	Ana2 - 2: T.Zuluft	19.2
2021-03-11 15:55:38.0	Ana3 - 3: T.Abluft	21.1
2021-03-11 15:55:38.0	Ana4 - 4: T.Fortluft	17.7
2021-03-11 15:55:38.0	Ana5 - 5: T.Raum	9999.9
2021-03-11 15:55:38.0	Ana9 - 9: T.Zuluft WRG warm	20.5
2021-03-11 15:55:48.0	Ana1 - 1: T.Au?en	14.9
2021-03-11 15:55:48.0	Ana2 - 2: T.Zuluft	19.2
2021-03-11 15:55:48.0	Ana3 - 3: T.Abluft	21.2
2021-03-11 15:55:48.0	Ana4 - 4: T.Fortluft	17.7
2021-03-11 15:55:48.0	Ana5 - 5: T.Raum	9999.9
2021-03-11 15:55:48.0	Ana9 - 9: T.Zuluft WRG warm	20.5
2021-03-11 15:55:58.0	Ana1 - 1: T.Au?en	14.9
2021-03-11 15:55:58.0	Ana2 - 2: T.Zuluft	19.2
2021-03-11 15:55:58.0	Ana3 - 3: T.Abluft	21.2
2021-03-11 15:55:58.0	Ana4 - 4: T.Fortluft	17.7
2021-03-11 15:55:58.0	Ana5 - 5: T.Raum	9999.9
2021-03-11 15:55:58.0	Ana9 - 9: T.Zuluft WRG warm	20.5
2021-03-11 15:56:08.0	Ana1 - 1: T.Au?en	14.9
2021-03-11 15:56:08.0	Ana2 - 2: T.Zuluft	19.2
2021-03-11 15:56:08.0	Ana3 - 3: T.Abluft	21.2
2021-03-11 15:56:08.0	Ana4 - 4: T.Fortluft	17.7
2021-03-11 15:56:08.0	Ana5 - 5: T.Raum	9999.9
2021-03-11 15:56:08.0	Ana9 - 9: T.Zuluft WRG warm	20.5
2021-03-11 15:56:18.0	Ana1 - 1: T.Au?en	14.9
2021-03-11 15:56:18.0	Ana2 - 2: T.Zuluft	19.2
2021-03-11 15:56:18.0	Ana3 - 3: T.Abluft	21.2
2021-03-11 15:56:18.0	Ana4 - 4: T.Fortluft	17.7
2021-03-11 15:56:18.0	Ana5 - 5: T.Raum	9999.9
2021-03-11 15:56:18.0	Ana9 - 9: T.Zuluft WRG warm	20.4
2021-03-11 15:56:28.0	Ana1 - 1: T.Au?en	14.9
2021-03-11 15:56:28.0	Ana2 - 2: T.Zuluft	19.2
2021-03-11 15:56:28.0	Ana3 - 3: T.Abluft	21.2
2021-03-11 15:56:28.0	Ana4 - 4: T.Fortluft	17.7
2021-03-11 15:56:28.0	Ana5 - 5: T.Raum	9999.9
2021-03-11 15:56:28.0	Ana9 - 9: T.Zuluft WRG warm	20.5
2021-03-11 15:56:38.0	Ana1 - 1: T.Au?en	14.9
2021-03-11 15:56:38.0	Ana2 - 2: T.Zuluft	19.2
2021-03-11 15:56:38.0	Ana3 - 3: T.Abluft	21.2
2021-03-11 15:56:38.0	Ana4 - 4: T.Fortluft	17.7
2021-03-11 15:56:38.0	Ana5 - 5: T.Raum	9999.9
2021-03-11 15:56:38.0	Ana9 - 9: T.Zuluft WRG warm	20.4
2021-03-11 15:56:48.0	Ana1 - 1: T.Au?en	14.8
2021-03-11 15:56:48.0	Ana2 - 2: T.Zuluft	19.2
2021-03-11 15:56:48.0	Ana3 - 3: T.Abluft	21.2
2021-03-11 15:56:48.0	Ana4 - 4: T.Fortluft	17.7
2021-03-11 15:56:48.0	Ana5 - 5: T.Raum	9999.9
2021-03-11 15:56:48.0	Ana9 - 9: T.Zuluft WRG warm	20.4
2021-03-11 15:56:58.0	Ana1 - 1: T.Au?en	14.8
2021-03-11 15:56:58.0	Ana2 - 2: T.Zuluft	19.2
2021-03-11 15:56:58.0	Ana3 - 3: T.Abluft	21.2
2021-03-11 15:56:58.0	Ana4 - 4: T.Fortluft	17.7
2021-03-11 15:56:58.0	Ana5 - 5: T.Raum	9999.9
2021-03-11 15:56:58.0	Ana9 - 9: T.Zuluft WRG warm	20.4
2021-03-11 15:57:08.0	Ana1 - 1: T.Au?en	14.8
2021-03-11 15:57:08.0	Ana2 - 2: T.Zuluft	19.2
2021-03-11 15:57:08.0	Ana3 - 3: T.Abluft	21.1
2021-03-11 15:57:08.0	Ana4 - 4: T.Fortluft	17.7
2021-03-11 15:57:08.0	Ana5 - 5: T.Raum	9999.9
2021-03-11 15:57:08.0	Ana9 - 9: T.Zuluft WRG warm	20.4
2021-03-11 15:57:18.0	Ana1 - 1: T.Au?en	14.8
2021-03-11 15:57:18.0	Ana2 - 2: T.Zuluft	19.2
2021-03-11 15:57:18.0	Ana3 - 3: T.Abluft	21.1
2021-03-11 15:57:18.0	Ana4 - 4: T.Fortluft	17.7
2021-03-11 15:57:18.0	Ana5 - 5: T.Raum	9999.9
2021-03-11 15:57:18.0	Ana9 - 9: T.Zuluft WRG warm	20.4
2021-03-11 15:57:28.0	Ana1 - 1: T.Au?en	14.8
2021-03-11 15:57:28.0	Ana2 - 2: T.Zuluft	19.2
2021-03-11 15:57:28.0	Ana3 - 3: T.Abluft	21.2
2021-03-11 15:57:28.0	Ana4 - 4: T.Fortluft	17.7
2021-03-11 15:57:28.0	Ana5 - 5: T.Raum	9999.9
2021-03-11 15:57:28.0	Ana9 - 9: T.Zuluft WRG warm	20.4
2021-03-11 15:57:38.0	Ana1 - 1: T.Au?en	14.8
2021-03-11 15:57:38.0	Ana2 - 2: T.Zuluft	19.2
2021-03-11 15:57:38.0	Ana3 - 3: T.Abluft	21.2
2021-03-11 15:57:38.0	Ana4 - 4: T.Fortluft	17.7
2021-03-11 15:57:38.0	Ana5 - 5: T.Raum	9999.9
2021-03-11 15:57:38.0	Ana9 - 9: T.Zuluft WRG warm	20.4
2021-03-11 15:57:48.0	Ana1 - 1: T.Au?en	14.7
2021-03-11 15:57:48.0	Ana2 - 2: T.Zuluft	19.2
2021-03-11 15:57:48.0	Ana3 - 3: T.Abluft	21.2
2021-03-11 15:57:48.0	Ana4 - 4: T.Fortluft	17.7
2021-03-11 15:57:48.0	Ana5 - 5: T.Raum	9999.9
2021-03-11 15:57:48.0	Ana9 - 9: T.Zuluft WRG warm	20.4
2021-03-11 15:57:58.0	Ana1 - 1: T.Au?en	14.7
2021-03-11 15:57:58.0	Ana2 - 2: T.Zuluft	19.2
2021-03-11 15:57:58.0	Ana3 - 3: T.Abluft	21.2
2021-03-11 15:57:58.0	Ana4 - 4: T.Fortluft	17.7
2021-03-11 15:57:58.0	Ana5 - 5: T.Raum	9999.9
2021-03-11 15:57:58.0	Ana9 - 9: T.Zuluft WRG warm	20.5
2021-03-11 15:58:08.0	Ana1 - 1: T.Au?en	14.7
2021-03-11 15:58:08.0	Ana2 - 2: T.Zuluft	19.2
2021-03-11 15:58:08.0	Ana3 - 3: T.Abluft	21.2
2021-03-11 15:58:08.0	Ana4 - 4: T.Fortluft	17.7
2021-03-11 15:58:08.0	Ana5 - 5: T.Raum	9999.9
2021-03-11 15:58:08.0	Ana9 - 9: T.Zuluft WRG warm	20.5
2021-03-11 15:58:18.0	Ana1 - 1: T.Au?en	14.7
2021-03-11 15:58:18.0	Ana2 - 2: T.Zuluft	19.2
2021-03-11 15:58:18.0	Ana3 - 3: T.Abluft	21.2
2021-03-11 15:58:18.0	Ana4 - 4: T.Fortluft	17.7
2021-03-11 15:58:18.0	Ana5 - 5: T.Raum	9999.9
2021-03-11 15:58:18.0	Ana9 - 9: T.Zuluft WRG warm	20.4
2021-03-11 15:58:28.0	Ana1 - 1: T.Au?en	14.7
2021-03-11 15:58:28.0	Ana2 - 2: T.Zuluft	19.2
2021-03-11 15:58:28.0	Ana3 - 3: T.Abluft	21.1
2021-03-11 15:58:28.0	Ana4 - 4: T.Fortluft	17.7
2021-03-11 15:58:28.0	Ana5 - 5: T.Raum	9999.9
2021-03-11 15:58:28.0	Ana9 - 9: T.Zuluft WRG warm	20.5
2021-03-11 15:58:38.0	Ana1 - 1: T.Au?en	14.7
2021-03-11 15:58:38.0	Ana2 - 2: T.Zuluft	19.2
2021-03-11 15:58:38.0	Ana3 - 3: T.Abluft	21.1
2021-03-11 15:58:38.0	Ana4 - 4: T.Fortluft	17.7
2021-03-11 15:58:38.0	Ana5 - 5: T.Raum	9999.9
2021-03-11 15:58:38.0	Ana9 - 9: T.Zuluft WRG warm	20.4
2021-03-11 15:58:48.0	Ana1 - 1: T.Au?en	14.7
2021-03-11 15:58:48.0	Ana2 - 2: T.Zuluft	19.2
2021-03-11 15:58:48.0	Ana3 - 3: T.Abluft	21.2
2021-03-11 15:58:48.0	Ana4 - 4: T.Fortluft	17.7
2021-03-11 15:58:48.0	Ana5 - 5: T.Raum	9999.9
2021-03-11 15:58:48.0	Ana9 - 9: T.Zuluft WRG warm	20.4
2021-03-11 15:58:58.0	Ana1 - 1: T.Au?en	14.7
2021-03-11 15:58:58.0	Ana2 - 2: T.Zuluft	19.2
2021-03-11 15:58:58.0	Ana3 - 3: T.Abluft	21.2
2021-03-11 15:58:58.0	Ana4 - 4: T.Fortluft	17.7
2021-03-11 15:58:58.0	Ana5 - 5: T.Raum	9999.9
2021-03-11 15:58:58.0	Ana9 - 9: T.Zuluft WRG warm	20.5
2021-03-11 15:59:08.0	Ana1 - 1: T.Au?en	14.7
2021-03-11 15:59:08.0	Ana2 - 2: T.Zuluft	19.2
2021-03-11 15:59:08.0	Ana3 - 3: T.Abluft	21.2
2021-03-11 15:59:08.0	Ana4 - 4: T.Fortluft	17.7
2021-03-11 15:59:08.0	Ana5 - 5: T.Raum	9999.9
2021-03-11 15:59:08.0	Ana9 - 9: T.Zuluft WRG warm	20.4
2021-03-11 15:59:18.0	Ana1 - 1: T.Au?en	14.7
2021-03-11 15:59:18.0	Ana2 - 2: T.Zuluft	19.2
2021-03-11 15:59:18.0	Ana3 - 3: T.Abluft	21.1
2021-03-11 15:59:18.0	Ana4 - 4: T.Fortluft	17.7
2021-03-11 15:59:18.0	Ana5 - 5: T.Raum	9999.9
2021-03-11 15:59:18.0	Ana9 - 9: T.Zuluft WRG warm	20.4
2021-03-11 15:59:28.0	Ana1 - 1: T.Au?en	14.7
2021-03-11 15:59:28.0	Ana2 - 2: T.Zuluft	19.2
2021-03-11 15:59:28.0	Ana3 - 3: T.Abluft	21.2
2021-03-11 15:59:28.0	Ana4 - 4: T.Fortluft	17.7
2021-03-11 15:59:28.0	Ana5 - 5: T.Raum	9999.9
2021-03-11 15:59:28.0	Ana9 - 9: T.Zuluft WRG warm	20.4
2021-03-11 15:59:38.0	Ana1 - 1: T.Au?en	14.6
2021-03-11 15:59:38.0	Ana2 - 2: T.Zuluft	19.2
2021-03-11 15:59:38.0	Ana3 - 3: T.Abluft	21.1
2021-03-11 15:59:38.0	Ana4 - 4: T.Fortluft	17.7
2021-03-11 15:59:38.0	Ana5 - 5: T.Raum	9999.9
2021-03-11 15:59:38.0	Ana9 - 9: T.Zuluft WRG warm	20.4
2021-03-11 15:59:48.0	Ana1 - 1: T.Au?en	14.6
2021-03-11 15:59:48.0	Ana2 - 2: T.Zuluft	19.2
2021-03-11 15:59:48.0	Ana3 - 3: T.Abluft	21.1
2021-03-11 15:59:48.0	Ana4 - 4: T.Fortluft	17.7
2021-03-11 15:59:48.0	Ana5 - 5: T.Raum	9999.9
2021-03-11 15:59:48.0	Ana9 - 9: T.Zuluft WRG warm	20.4
2021-03-11 15:59:58.0	Ana1 - 1: T.Au?en	14.6
2021-03-11 15:59:58.0	Ana2 - 2: T.Zuluft	19.2
2021-03-11 15:59:58.0	Ana3 - 3: T.Abluft	21.1
2021-03-11 15:59:58.0	Ana4 - 4: T.Fortluft	17.7
2021-03-11 15:59:58.0	Ana5 - 5: T.Raum	9999.9
2021-03-11 15:59:58.0	Ana9 - 9: T.Zuluft WRG warm	20.4
2021-03-11 16:00:08.0	Ana1 - 1: T.Au?en	14.6
2021-03-11 16:00:08.0	Ana2 - 2: T.Zuluft	19.2
2021-03-11 16:00:08.0	Ana3 - 3: T.Abluft	21.1
2021-03-11 16:00:08.0	Ana4 - 4: T.Fortluft	17.7
2021-03-11 16:00:08.0	Ana5 - 5: T.Raum	9999.9
2021-03-11 16:00:08.0	Ana9 - 9: T.Zuluft WRG warm	20.4
2021-03-11 16:00:18.0	Ana1 - 1: T.Au?en	14.6
2021-03-11 16:00:18.0	Ana2 - 2: T.Zuluft	19.2
2021-03-11 16:00:18.0	Ana3 - 3: T.Abluft	21.1
2021-03-11 16:00:18.0	Ana4 - 4: T.Fortluft	17.7
2021-03-11 16:00:18.0	Ana5 - 5: T.Raum	9999.9
2021-03-11 16:00:18.0	Ana9 - 9: T.Zuluft WRG warm	20.4
2021-03-11 16:00:28.0	Ana1 - 1: T.Au?en	14.6
2021-03-11 16:00:28.0	Ana2 - 2: T.Zuluft	19.2
2021-03-11 16:00:28.0	Ana3 - 3: T.Abluft	21.2
2021-03-11 16:00:28.0	Ana4 - 4: T.Fortluft	17.7
2021-03-11 16:00:28.0	Ana5 - 5: T.Raum	9999.9
2021-03-11 16:00:28.0	Ana9 - 9: T.Zuluft WRG warm	20.4
2021-03-11 16:00:38.0	Ana1 - 1: T.Au?en	14.6
2021-03-11 16:00:38.0	Ana2 - 2: T.Zuluft	19.2
2021-03-11 16:00:38.0	Ana3 - 3: T.Abluft	21.1
2021-03-11 16:00:38.0	Ana4 - 4: T.Fortluft	17.7
2021-03-11 16:00:38.0	Ana5 - 5: T.Raum	9999.9
2021-03-11 16:00:38.0	Ana9 - 9: T.Zuluft WRG warm	20.4
2021-03-11 16:00:48.0	Ana1 - 1: T.Au?en	14.6
2021-03-11 16:00:48.0	Ana2 - 2: T.Zuluft	19.2
2021-03-11 16:00:48.0	Ana3 - 3: T.Abluft	21.1
2021-03-11 16:00:48.0	Ana4 - 4: T.Fortluft	17.7
2021-03-11 16:00:48.0	Ana5 - 5: T.Raum	9999.9
2021-03-11 16:00:48.0	Ana9 - 9: T.Zuluft WRG warm	20.4
2021-03-11 16:00:58.0	Ana1 - 1: T.Au?en	14.6
2021-03-11 16:00:58.0	Ana2 - 2: T.Zuluft	19.2
2021-03-11 16:00:58.0	Ana3 - 3: T.Abluft	21.1
2021-03-11 16:00:58.0	Ana4 - 4: T.Fortluft	17.7
2021-03-11 16:00:58.0	Ana5 - 5: T.Raum	9999.9
2021-03-11 16:00:58.0	Ana9 - 9: T.Zuluft WRG warm	20.4
2021-03-11 16:01:08.0	Ana1 - 1: T.Au?en	14.6
2021-03-11 16:01:08.0	Ana2 - 2: T.Zuluft	19.2
2021-03-11 16:01:08.0	Ana3 - 3: T.Abluft	21.1
2021-03-11 16:01:08.0	Ana4 - 4: T.Fortluft	17.7
2021-03-11 16:01:08.0	Ana5 - 5: T.Raum	9999.9
2021-03-11 16:01:08.0	Ana9 - 9: T.Zuluft WRG warm	20.4
2021-03-11 16:01:18.0	Ana1 - 1: T.Au?en	14.6
2021-03-11 16:01:18.0	Ana2 - 2: T.Zuluft	19.2
2021-03-11 16:01:18.0	Ana3 - 3: T.Abluft	21.1
2021-03-11 16:01:18.0	Ana4 - 4: T.Fortluft	17.6
2021-03-11 16:01:18.0	Ana5 - 5: T.Raum	9999.9
2021-03-11 16:01:18.0	Ana9 - 9: T.Zuluft WRG warm	20.4
2021-03-11 16:01:28.0	Ana1 - 1: T.Au?en	14.6
2021-03-11 16:01:28.0	Ana2 - 2: T.Zuluft	19.2
2021-03-11 16:01:28.0	Ana3 - 3: T.Abluft	21.1
2021-03-11 16:01:28.0	Ana4 - 4: T.Fortluft	17.7
2021-03-11 16:01:28.0	Ana5 - 5: T.Raum	9999.9
2021-03-11 16:01:28.0	Ana9 - 9: T.Zuluft WRG warm	20.4
2021-03-11 16:01:38.0	Ana1 - 1: T.Au?en	14.5
2021-03-11 16:01:38.0	Ana2 - 2: T.Zuluft	19.2
2021-03-11 16:01:38.0	Ana3 - 3: T.Abluft	21.1
2021-03-11 16:01:38.0	Ana4 - 4: T.Fortluft	17.6
2021-03-11 16:01:38.0	Ana5 - 5: T.Raum	9999.9
2021-03-11 16:01:38.0	Ana9 - 9: T.Zuluft WRG warm	20.4
2021-03-11 16:01:48.0	Ana1 - 1: T.Au?en	14.5
2021-03-11 16:01:48.0	Ana2 - 2: T.Zuluft	19.2
2021-03-11 16:01:48.0	Ana3 - 3: T.Abluft	21.1
2021-03-11 16:01:48.0	Ana4 - 4: T.Fortluft	17.7
2021-03-11 16:01:48.0	Ana5 - 5: T.Raum	9999.9
2021-03-11 16:01:48.0	Ana9 - 9: T.Zuluft WRG warm	20.4
2021-03-11 16:01:58.0	Ana1 - 1: T.Au?en	14.5
2021-03-11 16:01:58.0	Ana2 - 2: T.Zuluft	19.2
2021-03-11 16:01:58.0	Ana3 - 3: T.Abluft	21.1
2021-03-11 16:01:58.0	Ana4 - 4: T.Fortluft	17.7
2021-03-11 16:01:58.0	Ana5 - 5: T.Raum	9999.9
2021-03-11 16:01:58.0	Ana9 - 9: T.Zuluft WRG warm	20.4
2021-03-11 16:02:08.0	Ana1 - 1: T.Au?en	14.5
2021-03-11 16:02:08.0	Ana2 - 2: T.Zuluft	19.2
2021-03-11 16:02:08.0	Ana3 - 3: T.Abluft	21.2
2021-03-11 16:02:08.0	Ana4 - 4: T.Fortluft	17.7
2021-03-11 16:02:08.0	Ana5 - 5: T.Raum	9999.9
2021-03-11 16:02:08.0	Ana9 - 9: T.Zuluft WRG warm	20.4
2021-03-11 16:02:18.0	Ana1 - 1: T.Au?en	14.5
2021-03-11 16:02:18.0	Ana2 - 2: T.Zuluft	19.2
2021-03-11 16:02:18.0	Ana3 - 3: T.Abluft	21.1
2021-03-11 16:02:18.0	Ana4 - 4: T.Fortluft	17.6
2021-03-11 16:02:18.0	Ana5 - 5: T.Raum	9999.9
2021-03-11 16:02:18.0	Ana9 - 9: T.Zuluft WRG warm	20.4
2021-03-11 16:02:28.0	Ana1 - 1: T.Au?en	14.5
2021-03-11 16:02:28.0	Ana2 - 2: T.Zuluft	19.2
2021-03-11 16:02:28.0	Ana3 - 3: T.Abluft	21.1
2021-03-11 16:02:28.0	Ana4 - 4: T.Fortluft	17.7
2021-03-11 16:02:28.0	Ana5 - 5: T.Raum	9999.9
2021-03-11 16:02:28.0	Ana9 - 9: T.Zuluft WRG warm	20.4
2021-03-11 16:02:38.0	Ana1 - 1: T.Au?en	14.5
2021-03-11 16:02:38.0	Ana2 - 2: T.Zuluft	19.2
2021-03-11 16:02:38.0	Ana3 - 3: T.Abluft	21.1
2021-03-11 16:02:38.0	Ana4 - 4: T.Fortluft	17.6
2021-03-11 16:02:38.0	Ana5 - 5: T.Raum	9999.9
2021-03-11 16:02:38.0	Ana9 - 9: T.Zuluft WRG warm	20.4
2021-03-11 16:02:48.0	Ana1 - 1: T.Au?en	14.5
2021-03-11 16:02:48.0	Ana2 - 2: T.Zuluft	19.2
2021-03-11 16:02:48.0	Ana3 - 3: T.Abluft	21.1
2021-03-11 16:02:48.0	Ana4 - 4: T.Fortluft	17.6
2021-03-11 16:02:48.0	Ana5 - 5: T.Raum	9999.9
2021-03-11 16:02:48.0	Ana9 - 9: T.Zuluft WRG warm	20.4
2021-03-11 16:02:58.0	Ana1 - 1: T.Au?en	14.5
2021-03-11 16:02:58.0	Ana2 - 2: T.Zuluft	19.2
2021-03-11 16:02:58.0	Ana3 - 3: T.Abluft	21.1
2021-03-11 16:02:58.0	Ana4 - 4: T.Fortluft	17.7
2021-03-11 16:02:58.0	Ana5 - 5: T.Raum	9999.9
2021-03-11 16:02:58.0	Ana9 - 9: T.Zuluft WRG warm	20.4
2021-03-11 16:03:08.0	Ana1 - 1: T.Au?en	14.4
2021-03-11 16:03:08.0	Ana2 - 2: T.Zuluft	19.2
2021-03-11 16:03:08.0	Ana3 - 3: T.Abluft	21.1
2021-03-11 16:03:08.0	Ana4 - 4: T.Fortluft	17.6
2021-03-11 16:03:08.0	Ana5 - 5: T.Raum	9999.9
2021-03-11 16:03:08.0	Ana9 - 9: T.Zuluft WRG warm	20.4
2021-03-11 16:03:18.0	Ana1 - 1: T.Au?en	14.4
2021-03-11 16:03:18.0	Ana2 - 2: T.Zuluft	19.2
2021-03-11 16:03:18.0	Ana3 - 3: T.Abluft	21.1
2021-03-11 16:03:18.0	Ana4 - 4: T.Fortluft	17.6
2021-03-11 16:03:18.0	Ana5 - 5: T.Raum	9999.9
2021-03-11 16:03:18.0	Ana9 - 9: T.Zuluft WRG warm	20.4
2021-03-11 16:03:28.0	Ana1 - 1: T.Au?en	14.4
2021-03-11 16:03:28.0	Ana2 - 2: T.Zuluft	19.2
2021-03-11 16:03:28.0	Ana3 - 3: T.Abluft	21.1
2021-03-11 16:03:28.0	Ana4 - 4: T.Fortluft	17.6
2021-03-11 16:03:28.0	Ana5 - 5: T.Raum	9999.9
2021-03-11 16:03:28.0	Ana9 - 9: T.Zuluft WRG warm	20.4
2021-03-11 16:03:38.0	Ana1 - 1: T.Au?en	14.4
2021-03-11 16:03:38.0	Ana2 - 2: T.Zuluft	19.2
2021-03-11 16:03:38.0	Ana3 - 3: T.Abluft	21.1
2021-03-11 16:03:38.0	Ana4 - 4: T.Fortluft	17.6
2021-03-11 16:03:38.0	Ana5 - 5: T.Raum	9999.9
2021-03-11 16:03:38.0	Ana9 - 9: T.Zuluft WRG warm	20.4
2021-03-11 16:03:48.0	Ana1 - 1: T.Au?en	14.4
2021-03-11 16:03:48.0	Ana2 - 2: T.Zuluft	19.2
2021-03-11 16:03:48.0	Ana3 - 3: T.Abluft	21.1
2021-03-11 16:03:48.0	Ana4 - 4: T.Fortluft	17.6
2021-03-11 16:03:48.0	Ana5 - 5: T.Raum	9999.9
2021-03-11 16:03:48.0	Ana9 - 9: T.Zuluft WRG warm	20.4
2021-03-11 16:03:58.0	Ana1 - 1: T.Au?en	14.4
2021-03-11 16:03:58.0	Ana2 - 2: T.Zuluft	19.2
2021-03-11 16:03:58.0	Ana3 - 3: T.Abluft	21.1
2021-03-11 16:03:58.0	Ana4 - 4: T.Fortluft	17.6
2021-03-11 16:03:58.0	Ana5 - 5: T.Raum	9999.9
2021-03-11 16:03:58.0	Ana9 - 9: T.Zuluft WRG warm	20.5
2021-03-11 16:04:08.0	Ana1 - 1: T.Au?en	14.4
2021-03-11 16:04:08.0	Ana2 - 2: T.Zuluft	19.2
2021-03-11 16:04:08.0	Ana3 - 3: T.Abluft	21.1
2021-03-11 16:04:08.0	Ana4 - 4: T.Fortluft	17.6
2021-03-11 16:04:08.0	Ana5 - 5: T.Raum	9999.9
2021-03-11 16:04:08.0	Ana9 - 9: T.Zuluft WRG warm	20.4
2021-03-11 16:04:18.0	Ana1 - 1: T.Au?en	14.4
2021-03-11 16:04:18.0	Ana2 - 2: T.Zuluft	19.2
2021-03-11 16:04:18.0	Ana3 - 3: T.Abluft	21.1
2021-03-11 16:04:18.0	Ana4 - 4: T.Fortluft	17.6
2021-03-11 16:04:18.0	Ana5 - 5: T.Raum	9999.9
2021-03-11 16:04:18.0	Ana9 - 9: T.Zuluft WRG warm	20.4
2021-03-11 16:04:28.0	Ana1 - 1: T.Au?en	14.4
2021-03-11 16:04:28.0	Ana2 - 2: T.Zuluft	19.2
2021-03-11 16:04:28.0	Ana3 - 3: T.Abluft	21.1
2021-03-11 16:04:28.0	Ana4 - 4: T.Fortluft	17.6
2021-03-11 16:04:28.0	Ana5 - 5: T.Raum	9999.9
2021-03-11 16:04:28.0	Ana9 - 9: T.Zuluft WRG warm	20.4
2021-03-11 16:04:38.0	Ana1 - 1: T.Au?en	14.4
2021-03-11 16:04:38.0	Ana2 - 2: T.Zuluft	19.2
2021-03-11 16:04:38.0	Ana3 - 3: T.Abluft	21.1
2021-03-11 16:04:38.0	Ana4 - 4: T.Fortluft	17.6
2021-03-11 16:04:38.0	Ana5 - 5: T.Raum	9999.9
2021-03-11 16:04:38.0	Ana9 - 9: T.Zuluft WRG warm	20.4
2021-03-11 16:04:48.0	Ana1 - 1: T.Au?en	14.4
2021-03-11 16:04:48.0	Ana2 - 2: T.Zuluft	19.2
2021-03-11 16:04:48.0	Ana3 - 3: T.Abluft	21.1
2021-03-11 16:04:48.0	Ana4 - 4: T.Fortluft	17.6
2021-03-11 16:04:48.0	Ana5 - 5: T.Raum	9999.9
2021-03-11 16:04:48.0	Ana9 - 9: T.Zuluft WRG warm	20.4
2021-03-11 16:04:58.0	Ana1 - 1: T.Au?en	14.4
2021-03-11 16:04:58.0	Ana2 - 2: T.Zuluft	19.2
2021-03-11 16:04:58.0	Ana3 - 3: T.Abluft	21.1
2021-03-11 16:04:58.0	Ana4 - 4: T.Fortluft	17.6
2021-03-11 16:04:58.0	Ana5 - 5: T.Raum	9999.9
2021-03-11 16:04:58.0	Ana9 - 9: T.Zuluft WRG warm	20.4
2021-03-11 16:05:08.0	Ana1 - 1: T.Au?en	14.4
2021-03-11 16:05:08.0	Ana2 - 2: T.Zuluft	19.2
2021-03-11 16:05:08.0	Ana3 - 3: T.Abluft	21.1
2021-03-11 16:05:08.0	Ana4 - 4: T.Fortluft	17.6
2021-03-11 16:05:08.0	Ana5 - 5: T.Raum	9999.9
2021-03-11 16:05:08.0	Ana9 - 9: T.Zuluft WRG warm	20.4
2021-03-11 16:05:18.0	Ana1 - 1: T.Au?en	14.4
2021-03-11 16:05:18.0	Ana2 - 2: T.Zuluft	19.2
2021-03-11 16:05:18.0	Ana3 - 3: T.Abluft	21.1
2021-03-11 16:05:18.0	Ana4 - 4: T.Fortluft	17.6
2021-03-11 16:05:18.0	Ana5 - 5: T.Raum	9999.9
2021-03-11 16:05:18.0	Ana9 - 9: T.Zuluft WRG warm	20.4
2021-03-11 16:05:28.0	Ana1 - 1: T.Au?en	14.4
2021-03-11 16:05:28.0	Ana2 - 2: T.Zuluft	19.2
2021-03-11 16:05:28.0	Ana3 - 3: T.Abluft	21.1
2021-03-11 16:05:28.0	Ana4 - 4: T.Fortluft	17.6
2021-03-11 16:05:28.0	Ana5 - 5: T.Raum	9999.9
2021-03-11 16:05:28.0	Ana9 - 9: T.Zuluft WRG warm	20.4
2021-03-11 16:05:38.0	Ana1 - 1: T.Au?en	14.3
2021-03-11 16:05:38.0	Ana2 - 2: T.Zuluft	19.2
2021-03-11 16:05:38.0	Ana3 - 3: T.Abluft	21.1
2021-03-11 16:05:38.0	Ana4 - 4: T.Fortluft	17.6
2021-03-11 16:05:38.0	Ana5 - 5: T.Raum	9999.9
2021-03-11 16:05:38.0	Ana9 - 9: T.Zuluft WRG warm	20.4
2021-03-11 16:05:48.0	Ana1 - 1: T.Au?en	14.3
2021-03-11 16:05:48.0	Ana2 - 2: T.Zuluft	19.2
2021-03-11 16:05:48.0	Ana3 - 3: T.Abluft	21.1
2021-03-11 16:05:48.0	Ana4 - 4: T.Fortluft	17.6
2021-03-11 16:05:48.0	Ana5 - 5: T.Raum	9999.9
2021-03-11 16:05:48.0	Ana9 - 9: T.Zuluft WRG warm	20.4
2021-03-11 16:05:58.0	Ana1 - 1: T.Au?en	14.3
2021-03-11 16:05:58.0	Ana2 - 2: T.Zuluft	19.2
2021-03-11 16:05:58.0	Ana3 - 3: T.Abluft	21.1
2021-03-11 16:05:58.0	Ana4 - 4: T.Fortluft	17.6
2021-03-11 16:05:58.0	Ana5 - 5: T.Raum	9999.9
2021-03-11 16:05:58.0	Ana9 - 9: T.Zuluft WRG warm	20.4
2021-03-11 16:06:08.0	Ana1 - 1: T.Au?en	14.3
2021-03-11 16:06:08.0	Ana2 - 2: T.Zuluft	19.2
2021-03-11 16:06:08.0	Ana3 - 3: T.Abluft	21.1
2021-03-11 16:06:08.0	Ana4 - 4: T.Fortluft	17.6
2021-03-11 16:06:08.0	Ana5 - 5: T.Raum	9999.9
2021-03-11 16:06:08.0	Ana9 - 9: T.Zuluft WRG warm	20.4
2021-03-11 16:06:18.0	Ana1 - 1: T.Au?en	14.3
2021-03-11 16:06:18.0	Ana2 - 2: T.Zuluft	19.2
2021-03-11 16:06:18.0	Ana3 - 3: T.Abluft	21.1
2021-03-11 16:06:18.0	Ana4 - 4: T.Fortluft	17.6
2021-03-11 16:06:18.0	Ana5 - 5: T.Raum	9999.9
2021-03-11 16:06:18.0	Ana9 - 9: T.Zuluft WRG warm	20.4
2021-03-11 16:06:28.0	Ana1 - 1: T.Au?en	14.3
2021-03-11 16:06:28.0	Ana2 - 2: T.Zuluft	19.2
2021-03-11 16:06:28.0	Ana3 - 3: T.Abluft	21.1
2021-03-11 16:06:28.0	Ana4 - 4: T.Fortluft	17.6
2021-03-11 16:06:28.0	Ana5 - 5: T.Raum	9999.9
2021-03-11 16:06:28.0	Ana9 - 9: T.Zuluft WRG warm	20.4
2021-03-11 16:06:38.0	Ana1 - 1: T.Au?en	14.3
2021-03-11 16:06:38.0	Ana2 - 2: T.Zuluft	19.2
2021-03-11 16:06:38.0	Ana3 - 3: T.Abluft	21.1
2021-03-11 16:06:38.0	Ana4 - 4: T.Fortluft	17.6
2021-03-11 16:06:38.0	Ana5 - 5: T.Raum	9999.9
2021-03-11 16:06:38.0	Ana9 - 9: T.Zuluft WRG warm	20.4
2021-03-11 16:06:48.0	Ana1 - 1: T.Au?en	14.3
2021-03-11 16:06:48.0	Ana2 - 2: T.Zuluft	19.2
2021-03-11 16:06:48.0	Ana3 - 3: T.Abluft	21.1
2021-03-11 16:06:48.0	Ana4 - 4: T.Fortluft	17.6
2021-03-11 16:06:48.0	Ana5 - 5: T.Raum	9999.9
2021-03-11 16:06:48.0	Ana9 - 9: T.Zuluft WRG warm	20.4
2021-03-11 16:06:58.0	Ana1 - 1: T.Au?en	14.3
2021-03-11 16:06:58.0	Ana2 - 2: T.Zuluft	19.2
2021-03-11 16:06:58.0	Ana3 - 3: T.Abluft	21.1
2021-03-11 16:06:58.0	Ana4 - 4: T.Fortluft	17.6
2021-03-11 16:06:58.0	Ana5 - 5: T.Raum	9999.9
2021-03-11 16:06:58.0	Ana9 - 9: T.Zuluft WRG warm	20.4
2021-03-11 16:07:08.0	Ana1 - 1: T.Au?en	14.3
2021-03-11 16:07:08.0	Ana2 - 2: T.Zuluft	19.2
2021-03-11 16:07:08.0	Ana3 - 3: T.Abluft	21.1
2021-03-11 16:07:08.0	Ana4 - 4: T.Fortluft	17.6
2021-03-11 16:07:08.0	Ana5 - 5: T.Raum	9999.9
2021-03-11 16:07:08.0	Ana9 - 9: T.Zuluft WRG warm	20.4
2021-03-11 16:07:18.0	Ana1 - 1: T.Au?en	14.3
2021-03-11 16:07:18.0	Ana2 - 2: T.Zuluft	19.2
2021-03-11 16:07:18.0	Ana3 - 3: T.Abluft	21.1
2021-03-11 16:07:18.0	Ana4 - 4: T.Fortluft	17.6
2021-03-11 16:07:18.0	Ana5 - 5: T.Raum	9999.9
2021-03-11 16:07:18.0	Ana9 - 9: T.Zuluft WRG warm	20.4
2021-03-11 16:07:28.0	Ana1 - 1: T.Au?en	14.3
2021-03-11 16:07:28.0	Ana2 - 2: T.Zuluft	19.2
2021-03-11 16:07:28.0	Ana3 - 3: T.Abluft	21.1
2021-03-11 16:07:28.0	Ana4 - 4: T.Fortluft	17.6
2021-03-11 16:07:28.0	Ana5 - 5: T.Raum	9999.9
2021-03-11 16:07:28.0	Ana9 - 9: T.Zuluft WRG warm	20.4
2021-03-11 16:07:38.0	Ana1 - 1: T.Au?en	14.3
2021-03-11 16:07:38.0	Ana2 - 2: T.Zuluft	19.2
2021-03-11 16:07:38.0	Ana3 - 3: T.Abluft	21.1
2021-03-11 16:07:38.0	Ana4 - 4: T.Fortluft	17.6
2021-03-11 16:07:38.0	Ana5 - 5: T.Raum	9999.9
2021-03-11 16:07:38.0	Ana9 - 9: T.Zuluft WRG warm	20.4
2021-03-11 16:07:48.0	Ana1 - 1: T.Au?en	14.3
2021-03-11 16:07:48.0	Ana2 - 2: T.Zuluft	19.2
2021-03-11 16:07:48.0	Ana3 - 3: T.Abluft	21.1
2021-03-11 16:07:48.0	Ana4 - 4: T.Fortluft	17.6
2021-03-11 16:07:48.0	Ana5 - 5: T.Raum	9999.9
2021-03-11 16:07:48.0	Ana9 - 9: T.Zuluft WRG warm	20.4
2021-03-11 16:07:58.0	Ana1 - 1: T.Au?en	14.3
2021-03-11 16:07:58.0	Ana2 - 2: T.Zuluft	19.2
2021-03-11 16:07:58.0	Ana3 - 3: T.Abluft	21.1
2021-03-11 16:07:58.0	Ana4 - 4: T.Fortluft	17.6
2021-03-11 16:07:58.0	Ana5 - 5: T.Raum	9999.9
2021-03-11 16:07:58.0	Ana9 - 9: T.Zuluft WRG warm	20.4
2021-03-11 16:08:08.0	Ana1 - 1: T.Au?en	14.4
2021-03-11 16:08:08.0	Ana2 - 2: T.Zuluft	19.2
2021-03-11 16:08:08.0	Ana3 - 3: T.Abluft	21.1
2021-03-11 16:08:08.0	Ana4 - 4: T.Fortluft	17.6
2021-03-11 16:08:08.0	Ana5 - 5: T.Raum	9999.9
2021-03-11 16:08:08.0	Ana9 - 9: T.Zuluft WRG warm	20.4
2021-03-11 16:08:18.0	Ana1 - 1: T.Au?en	14.3
2021-03-11 16:08:18.0	Ana2 - 2: T.Zuluft	19.2
2021-03-11 16:08:18.0	Ana3 - 3: T.Abluft	21.1
2021-03-11 16:08:18.0	Ana4 - 4: T.Fortluft	17.6
2021-03-11 16:08:18.0	Ana5 - 5: T.Raum	9999.9
2021-03-11 16:08:18.0	Ana9 - 9: T.Zuluft WRG warm	20.4
2021-03-11 16:08:28.0	Ana1 - 1: T.Au?en	14.4
2021-03-11 16:08:28.0	Ana2 - 2: T.Zuluft	19.2
2021-03-11 16:08:28.0	Ana3 - 3: T.Abluft	21.1
2021-03-11 16:08:28.0	Ana4 - 4: T.Fortluft	17.6
2021-03-11 16:08:28.0	Ana5 - 5: T.Raum	9999.9
2021-03-11 16:08:28.0	Ana9 - 9: T.Zuluft WRG warm	20.4
2021-03-11 16:08:38.0	Ana1 - 1: T.Au?en	14.4
2021-03-11 16:08:38.0	Ana2 - 2: T.Zuluft	19.2
2021-03-11 16:08:38.0	Ana3 - 3: T.Abluft	21.1
2021-03-11 16:08:38.0	Ana4 - 4: T.Fortluft	17.6
2021-03-11 16:08:38.0	Ana5 - 5: T.Raum	9999.9
2021-03-11 16:08:38.0	Ana9 - 9: T.Zuluft WRG warm	20.4
2021-03-11 16:08:48.0	Ana1 - 1: T.Au?en	14.4
2021-03-11 16:08:48.0	Ana2 - 2: T.Zuluft	19.2
2021-03-11 16:08:48.0	Ana3 - 3: T.Abluft	21.1
2021-03-11 16:08:48.0	Ana4 - 4: T.Fortluft	17.6
2021-03-11 16:08:48.0	Ana5 - 5: T.Raum	9999.9
2021-03-11 16:08:48.0	Ana9 - 9: T.Zuluft WRG warm	20.4
2021-03-11 16:08:58.0	Ana1 - 1: T.Au?en	14.4
2021-03-11 16:08:58.0	Ana2 - 2: T.Zuluft	19.2
2021-03-11 16:08:58.0	Ana3 - 3: T.Abluft	21.1
2021-03-11 16:08:58.0	Ana4 - 4: T.Fortluft	17.6
2021-03-11 16:08:58.0	Ana5 - 5: T.Raum	9999.9
2021-03-11 16:08:58.0	Ana9 - 9: T.Zuluft WRG warm	20.4
2021-03-11 16:09:08.0	Ana1 - 1: T.Au?en	14.4
2021-03-11 16:09:08.0	Ana2 - 2: T.Zuluft	19.2
2021-03-11 16:09:08.0	Ana3 - 3: T.Abluft	21.1
2021-03-11 16:09:08.0	Ana4 - 4: T.Fortluft	17.6
2021-03-11 16:09:08.0	Ana5 - 5: T.Raum	9999.9
2021-03-11 16:09:08.0	Ana9 - 9: T.Zuluft WRG warm	20.4
2021-03-11 16:09:18.0	Ana1 - 1: T.Au?en	14.4
2021-03-11 16:09:18.0	Ana2 - 2: T.Zuluft	19.2
2021-03-11 16:09:18.0	Ana3 - 3: T.Abluft	21.1
2021-03-11 16:09:18.0	Ana4 - 4: T.Fortluft	17.5
2021-03-11 16:09:18.0	Ana5 - 5: T.Raum	9999.9
2021-03-11 16:09:18.0	Ana9 - 9: T.Zuluft WRG warm	20.4
2021-03-11 16:09:28.0	Ana1 - 1: T.Au?en	14.3
2021-03-11 16:09:28.0	Ana2 - 2: T.Zuluft	19.2
2021-03-11 16:09:28.0	Ana3 - 3: T.Abluft	21.1
2021-03-11 16:09:28.0	Ana4 - 4: T.Fortluft	17.5
2021-03-11 16:09:28.0	Ana5 - 5: T.Raum	9999.9
2021-03-11 16:09:28.0	Ana9 - 9: T.Zuluft WRG warm	20.4
2021-03-11 16:09:38.0	Ana1 - 1: T.Au?en	14.3
2021-03-11 16:09:38.0	Ana2 - 2: T.Zuluft	19.2
2021-03-11 16:09:38.0	Ana3 - 3: T.Abluft	21.1
2021-03-11 16:09:38.0	Ana4 - 4: T.Fortluft	17.5
2021-03-11 16:09:38.0	Ana5 - 5: T.Raum	9999.9
2021-03-11 16:09:38.0	Ana9 - 9: T.Zuluft WRG warm	20.4
2021-03-11 16:09:48.0	Ana1 - 1: T.Au?en	14.3
2021-03-11 16:09:48.0	Ana2 - 2: T.Zuluft	19.2
2021-03-11 16:09:48.0	Ana3 - 3: T.Abluft	21.1
2021-03-11 16:09:48.0	Ana4 - 4: T.Fortluft	17.5
2021-03-11 16:09:48.0	Ana5 - 5: T.Raum	9999.9
2021-03-11 16:09:48.0	Ana9 - 9: T.Zuluft WRG warm	20.4
2021-03-11 16:09:58.0	Ana1 - 1: T.Au?en	14.3
2021-03-11 16:09:58.0	Ana2 - 2: T.Zuluft	19.2
2021-03-11 16:09:58.0	Ana3 - 3: T.Abluft	21.1
2021-03-11 16:09:58.0	Ana4 - 4: T.Fortluft	17.5
2021-03-11 16:09:58.0	Ana5 - 5: T.Raum	9999.9
2021-03-11 16:09:58.0	Ana9 - 9: T.Zuluft WRG warm	20.4
2021-03-11 16:10:08.0	Ana1 - 1: T.Au?en	14.3
2021-03-11 16:10:08.0	Ana2 - 2: T.Zuluft	19.2
2021-03-11 16:10:08.0	Ana3 - 3: T.Abluft	21.1
2021-03-11 16:10:08.0	Ana4 - 4: T.Fortluft	17.5
2021-03-11 16:10:08.0	Ana5 - 5: T.Raum	9999.9
2021-03-11 16:10:08.0	Ana9 - 9: T.Zuluft WRG warm	20.4
2021-03-11 16:10:18.0	Ana1 - 1: T.Au?en	14.3
2021-03-11 16:10:18.0	Ana2 - 2: T.Zuluft	19.2
2021-03-11 16:10:18.0	Ana3 - 3: T.Abluft	21.1
2021-03-11 16:10:18.0	Ana4 - 4: T.Fortluft	17.5
2021-03-11 16:10:18.0	Ana5 - 5: T.Raum	9999.9
2021-03-11 16:10:18.0	Ana9 - 9: T.Zuluft WRG warm	20.4
2021-03-11 16:10:28.0	Ana1 - 1: T.Au?en	14.3
2021-03-11 16:10:28.0	Ana2 - 2: T.Zuluft	19.2
2021-03-11 16:10:28.0	Ana3 - 3: T.Abluft	21.1
2021-03-11 16:10:28.0	Ana4 - 4: T.Fortluft	17.5
2021-03-11 16:10:28.0	Ana5 - 5: T.Raum	9999.9
2021-03-11 16:10:28.0	Ana9 - 9: T.Zuluft WRG warm	20.4
2021-03-11 16:10:38.0	Ana1 - 1: T.Au?en	14.2
2021-03-11 16:10:38.0	Ana2 - 2: T.Zuluft	19.2
2021-03-11 16:10:38.0	Ana3 - 3: T.Abluft	21.1
2021-03-11 16:10:38.0	Ana4 - 4: T.Fortluft	17.5
2021-03-11 16:10:38.0	Ana5 - 5: T.Raum	9999.9
2021-03-11 16:10:38.0	Ana9 - 9: T.Zuluft WRG warm	20.4
2021-03-11 16:10:48.0	Ana1 - 1: T.Au?en	14.2
2021-03-11 16:10:48.0	Ana2 - 2: T.Zuluft	19.2
2021-03-11 16:10:48.0	Ana3 - 3: T.Abluft	21.1
2021-03-11 16:10:48.0	Ana4 - 4: T.Fortluft	17.5
2021-03-11 16:10:48.0	Ana5 - 5: T.Raum	9999.9
2021-03-11 16:10:48.0	Ana9 - 9: T.Zuluft WRG warm	20.4
2021-03-11 16:10:58.0	Ana1 - 1: T.Au?en	14.3
2021-03-11 16:10:58.0	Ana2 - 2: T.Zuluft	19.2
2021-03-11 16:10:58.0	Ana3 - 3: T.Abluft	21.1
2021-03-11 16:10:58.0	Ana4 - 4: T.Fortluft	17.5
2021-03-11 16:10:58.0	Ana5 - 5: T.Raum	9999.9
2021-03-11 16:10:58.0	Ana9 - 9: T.Zuluft WRG warm	20.4
2021-03-11 16:11:08.0	Ana1 - 1: T.Au?en	14.3
2021-03-11 16:11:08.0	Ana2 - 2: T.Zuluft	19.2
2021-03-11 16:11:08.0	Ana3 - 3: T.Abluft	21.1
2021-03-11 16:11:08.0	Ana4 - 4: T.Fortluft	17.5
2021-03-11 16:11:08.0	Ana5 - 5: T.Raum	9999.9
2021-03-11 16:11:08.0	Ana9 - 9: T.Zuluft WRG warm	20.4
2021-03-11 16:11:18.0	Ana1 - 1: T.Au?en	14.3
2021-03-11 16:11:18.0	Ana2 - 2: T.Zuluft	19.2
2021-03-11 16:11:18.0	Ana3 - 3: T.Abluft	21.1
2021-03-11 16:11:18.0	Ana4 - 4: T.Fortluft	17.5
2021-03-11 16:11:18.0	Ana5 - 5: T.Raum	9999.9
2021-03-11 16:11:18.0	Ana9 - 9: T.Zuluft WRG warm	20.4
2021-03-11 16:11:28.0	Ana1 - 1: T.Au?en	14.3
2021-03-11 16:11:28.0	Ana2 - 2: T.Zuluft	19.2
2021-03-11 16:11:28.0	Ana3 - 3: T.Abluft	21.1
2021-03-11 16:11:28.0	Ana4 - 4: T.Fortluft	17.5
2021-03-11 16:11:28.0	Ana5 - 5: T.Raum	9999.9
2021-03-11 16:11:28.0	Ana9 - 9: T.Zuluft WRG warm	20.4
2021-03-11 16:11:38.0	Ana1 - 1: T.Au?en	14.3
2021-03-11 16:11:38.0	Ana2 - 2: T.Zuluft	19.1
2021-03-11 16:11:38.0	Ana3 - 3: T.Abluft	21.1
2021-03-11 16:11:38.0	Ana4 - 4: T.Fortluft	17.5
2021-03-11 16:11:38.0	Ana5 - 5: T.Raum	9999.9
2021-03-11 16:11:38.0	Ana9 - 9: T.Zuluft WRG warm	20.4
2021-03-11 16:11:48.0	Ana1 - 1: T.Au?en	14.3
2021-03-11 16:11:48.0	Ana2 - 2: T.Zuluft	19.2
2021-03-11 16:11:48.0	Ana3 - 3: T.Abluft	21.1
2021-03-11 16:11:48.0	Ana4 - 4: T.Fortluft	17.5
2021-03-11 16:11:48.0	Ana5 - 5: T.Raum	9999.9
2021-03-11 16:11:48.0	Ana9 - 9: T.Zuluft WRG warm	20.4
2021-03-11 16:11:58.0	Ana1 - 1: T.Au?en	14.3
2021-03-11 16:11:58.0	Ana2 - 2: T.Zuluft	19.2
2021-03-11 16:11:58.0	Ana3 - 3: T.Abluft	21.1
2021-03-11 16:11:58.0	Ana4 - 4: T.Fortluft	17.5
2021-03-11 16:11:58.0	Ana5 - 5: T.Raum	9999.9
2021-03-11 16:11:58.0	Ana9 - 9: T.Zuluft WRG warm	20.4
2021-03-11 16:12:08.0	Ana1 - 1: T.Au?en	14.3
2021-03-11 16:12:08.0	Ana2 - 2: T.Zuluft	19.2
2021-03-11 16:12:08.0	Ana3 - 3: T.Abluft	21.1
2021-03-11 16:12:08.0	Ana4 - 4: T.Fortluft	17.5
2021-03-11 16:12:08.0	Ana5 - 5: T.Raum	9999.9
2021-03-11 16:12:08.0	Ana9 - 9: T.Zuluft WRG warm	20.4
2021-03-11 16:12:18.0	Ana1 - 1: T.Au?en	14.3
2021-03-11 16:12:18.0	Ana2 - 2: T.Zuluft	19.2
2021-03-11 16:12:18.0	Ana3 - 3: T.Abluft	21.1
2021-03-11 16:12:18.0	Ana4 - 4: T.Fortluft	17.5
2021-03-11 16:12:18.0	Ana5 - 5: T.Raum	9999.9
2021-03-11 16:12:18.0	Ana9 - 9: T.Zuluft WRG warm	20.4
2021-03-11 16:12:28.0	Ana1 - 1: T.Au?en	14.3
2021-03-11 16:12:28.0	Ana2 - 2: T.Zuluft	19.2
2021-03-11 16:12:28.0	Ana3 - 3: T.Abluft	21.1
2021-03-11 16:12:28.0	Ana4 - 4: T.Fortluft	17.5
2021-03-11 16:12:28.0	Ana5 - 5: T.Raum	9999.9
2021-03-11 16:12:28.0	Ana9 - 9: T.Zuluft WRG warm	20.4
2021-03-11 16:12:38.0	Ana1 - 1: T.Au?en	14.3
2021-03-11 16:12:38.0	Ana2 - 2: T.Zuluft	19.1
2021-03-11 16:12:38.0	Ana3 - 3: T.Abluft	21.1
2021-03-11 16:12:38.0	Ana4 - 4: T.Fortluft	17.5
2021-03-11 16:12:38.0	Ana5 - 5: T.Raum	9999.9
2021-03-11 16:12:38.0	Ana9 - 9: T.Zuluft WRG warm	20.4
2021-03-11 16:12:48.0	Ana1 - 1: T.Au?en	14.3
2021-03-11 16:12:48.0	Ana2 - 2: T.Zuluft	19.1
2021-03-11 16:12:48.0	Ana3 - 3: T.Abluft	21.1
2021-03-11 16:12:48.0	Ana4 - 4: T.Fortluft	17.5
2021-03-11 16:12:48.0	Ana5 - 5: T.Raum	9999.9
2021-03-11 16:12:48.0	Ana9 - 9: T.Zuluft WRG warm	20.4
2021-03-11 16:12:58.0	Ana1 - 1: T.Au?en	14.3
2021-03-11 16:12:58.0	Ana2 - 2: T.Zuluft	19.1
2021-03-11 16:12:58.0	Ana3 - 3: T.Abluft	21.1
2021-03-11 16:12:58.0	Ana4 - 4: T.Fortluft	17.5
2021-03-11 16:12:58.0	Ana5 - 5: T.Raum	9999.9
2021-03-11 16:12:58.0	Ana9 - 9: T.Zuluft WRG warm	20.4
2021-03-11 16:13:08.0	Ana1 - 1: T.Au?en	14.3
2021-03-11 16:13:08.0	Ana2 - 2: T.Zuluft	19.1
2021-03-11 16:13:08.0	Ana3 - 3: T.Abluft	21.1
2021-03-11 16:13:08.0	Ana4 - 4: T.Fortluft	17.5
2021-03-11 16:13:08.0	Ana5 - 5: T.Raum	9999.9
2021-03-11 16:13:08.0	Ana9 - 9: T.Zuluft WRG warm	20.4
2021-03-11 16:13:18.0	Ana1 - 1: T.Au?en	14.3
2021-03-11 16:13:18.0	Ana2 - 2: T.Zuluft	19.1
2021-03-11 16:13:18.0	Ana3 - 3: T.Abluft	21.1
2021-03-11 16:13:18.0	Ana4 - 4: T.Fortluft	17.5
2021-03-11 16:13:18.0	Ana5 - 5: T.Raum	9999.9
2021-03-11 16:13:18.0	Ana9 - 9: T.Zuluft WRG warm	20.4
2021-03-11 16:13:28.0	Ana1 - 1: T.Au?en	14.3
2021-03-11 16:13:28.0	Ana2 - 2: T.Zuluft	19.1
2021-03-11 16:13:28.0	Ana3 - 3: T.Abluft	21.1
2021-03-11 16:13:28.0	Ana4 - 4: T.Fortluft	17.5
2021-03-11 16:13:28.0	Ana5 - 5: T.Raum	9999.9
2021-03-11 16:13:28.0	Ana9 - 9: T.Zuluft WRG warm	20.4
2021-03-11 16:13:38.0	Ana1 - 1: T.Au?en	14.3
2021-03-11 16:13:38.0	Ana2 - 2: T.Zuluft	19.1
2021-03-11 16:13:38.0	Ana3 - 3: T.Abluft	21.1
2021-03-11 16:13:38.0	Ana4 - 4: T.Fortluft	17.5
2021-03-11 16:13:38.0	Ana5 - 5: T.Raum	9999.9
2021-03-11 16:13:38.0	Ana9 - 9: T.Zuluft WRG warm	20.4
2021-03-11 16:13:48.0	Ana1 - 1: T.Au?en	14.3
2021-03-11 16:13:48.0	Ana2 - 2: T.Zuluft	19.1
2021-03-11 16:13:48.0	Ana3 - 3: T.Abluft	21.1
2021-03-11 16:13:48.0	Ana4 - 4: T.Fortluft	17.4
2021-03-11 16:13:48.0	Ana5 - 5: T.Raum	9999.9
2021-03-11 16:13:48.0	Ana9 - 9: T.Zuluft WRG warm	20.4
2021-03-11 16:13:58.0	Ana1 - 1: T.Au?en	14.3
2021-03-11 16:13:58.0	Ana2 - 2: T.Zuluft	19.1
2021-03-11 16:13:58.0	Ana3 - 3: T.Abluft	21.1
2021-03-11 16:13:58.0	Ana4 - 4: T.Fortluft	17.4
2021-03-11 16:13:58.0	Ana5 - 5: T.Raum	9999.9
2021-03-11 16:13:58.0	Ana9 - 9: T.Zuluft WRG warm	20.4
2021-03-11 16:14:08.0	Ana1 - 1: T.Au?en	14.3
2021-03-11 16:14:08.0	Ana2 - 2: T.Zuluft	19.1
2021-03-11 16:14:08.0	Ana3 - 3: T.Abluft	21.1
2021-03-11 16:14:08.0	Ana4 - 4: T.Fortluft	17.4
2021-03-11 16:14:08.0	Ana5 - 5: T.Raum	9999.9
2021-03-11 16:14:08.0	Ana9 - 9: T.Zuluft WRG warm	20.4
2021-03-11 16:14:18.0	Ana1 - 1: T.Au?en	14.3
2021-03-11 16:14:18.0	Ana2 - 2: T.Zuluft	19.1
2021-03-11 16:14:18.0	Ana3 - 3: T.Abluft	21.1
2021-03-11 16:14:18.0	Ana4 - 4: T.Fortluft	17.4
2021-03-11 16:14:18.0	Ana5 - 5: T.Raum	9999.9
2021-03-11 16:14:18.0	Ana9 - 9: T.Zuluft WRG warm	20.4
2021-03-11 16:14:28.0	Ana1 - 1: T.Au?en	14.3
2021-03-11 16:14:28.0	Ana2 - 2: T.Zuluft	19.1
2021-03-11 16:14:28.0	Ana3 - 3: T.Abluft	21.1
2021-03-11 16:14:28.0	Ana4 - 4: T.Fortluft	17.4
2021-03-11 16:14:28.0	Ana5 - 5: T.Raum	9999.9
2021-03-11 16:14:28.0	Ana9 - 9: T.Zuluft WRG warm	20.4
2021-03-11 16:14:38.0	Ana1 - 1: T.Au?en	14.3
2021-03-11 16:14:38.0	Ana2 - 2: T.Zuluft	19.1
2021-03-11 16:14:38.0	Ana3 - 3: T.Abluft	21.1
2021-03-11 16:14:38.0	Ana4 - 4: T.Fortluft	17.4
2021-03-11 16:14:38.0	Ana5 - 5: T.Raum	9999.9
2021-03-11 16:14:38.0	Ana9 - 9: T.Zuluft WRG warm	20.4
2021-03-11 16:14:48.0	Ana1 - 1: T.Au?en	14.3
2021-03-11 16:14:48.0	Ana2 - 2: T.Zuluft	19.1
2021-03-11 16:14:48.0	Ana3 - 3: T.Abluft	21.1
2021-03-11 16:14:48.0	Ana4 - 4: T.Fortluft	17.4
2021-03-11 16:14:48.0	Ana5 - 5: T.Raum	9999.9
2021-03-11 16:14:48.0	Ana9 - 9: T.Zuluft WRG warm	20.4
2021-03-11 16:14:58.0	Ana1 - 1: T.Au?en	14.3
2021-03-11 16:14:58.0	Ana2 - 2: T.Zuluft	19.1
2021-03-11 16:14:58.0	Ana3 - 3: T.Abluft	21.1
2021-03-11 16:14:58.0	Ana4 - 4: T.Fortluft	17.4
2021-03-11 16:14:58.0	Ana5 - 5: T.Raum	9999.9
2021-03-11 16:14:58.0	Ana9 - 9: T.Zuluft WRG warm	20.4
2021-03-11 16:15:08.0	Ana1 - 1: T.Au?en	14.3
2021-03-11 16:15:08.0	Ana2 - 2: T.Zuluft	19.1
2021-03-11 16:15:08.0	Ana3 - 3: T.Abluft	21.1
2021-03-11 16:15:08.0	Ana4 - 4: T.Fortluft	17.4
2021-03-11 16:15:08.0	Ana5 - 5: T.Raum	9999.9
2021-03-11 16:15:08.0	Ana9 - 9: T.Zuluft WRG warm	20.4
2021-03-11 16:15:18.0	Ana1 - 1: T.Au?en	14.3
2021-03-11 16:15:18.0	Ana2 - 2: T.Zuluft	19.1
2021-03-11 16:15:18.0	Ana3 - 3: T.Abluft	21.1
2021-03-11 16:15:18.0	Ana4 - 4: T.Fortluft	17.4
2021-03-11 16:15:18.0	Ana5 - 5: T.Raum	9999.9
2021-03-11 16:15:18.0	Ana9 - 9: T.Zuluft WRG warm	20.4
2021-03-11 16:15:28.0	Ana1 - 1: T.Au?en	14.2
2021-03-11 16:15:28.0	Ana2 - 2: T.Zuluft	19.1
2021-03-11 16:15:28.0	Ana3 - 3: T.Abluft	21.1
2021-03-11 16:15:28.0	Ana4 - 4: T.Fortluft	17.4
2021-03-11 16:15:28.0	Ana5 - 5: T.Raum	9999.9
2021-03-11 16:15:28.0	Ana9 - 9: T.Zuluft WRG warm	20.4
2021-03-11 16:15:38.0	Ana1 - 1: T.Au?en	14.2
2021-03-11 16:15:38.0	Ana2 - 2: T.Zuluft	19.1
2021-03-11 16:15:38.0	Ana3 - 3: T.Abluft	21.1
2021-03-11 16:15:38.0	Ana4 - 4: T.Fortluft	17.4
2021-03-11 16:15:38.0	Ana5 - 5: T.Raum	9999.9
2021-03-11 16:15:38.0	Ana9 - 9: T.Zuluft WRG warm	20.4
2021-03-11 16:15:48.0	Ana1 - 1: T.Au?en	14.2
2021-03-11 16:15:48.0	Ana2 - 2: T.Zuluft	19.1
2021-03-11 16:15:48.0	Ana3 - 3: T.Abluft	21.1
2021-03-11 16:15:48.0	Ana4 - 4: T.Fortluft	17.4
2021-03-11 16:15:48.0	Ana5 - 5: T.Raum	9999.9
2021-03-11 16:15:48.0	Ana9 - 9: T.Zuluft WRG warm	20.4
2021-03-11 16:15:58.0	Ana1 - 1: T.Au?en	14.2
2021-03-11 16:15:58.0	Ana2 - 2: T.Zuluft	19.1
2021-03-11 16:15:58.0	Ana3 - 3: T.Abluft	21.1
2021-03-11 16:15:58.0	Ana4 - 4: T.Fortluft	17.4
2021-03-11 16:15:58.0	Ana5 - 5: T.Raum	9999.9
2021-03-11 16:15:58.0	Ana9 - 9: T.Zuluft WRG warm	20.4
2021-03-11 16:16:08.0	Ana1 - 1: T.Au?en	14.2
2021-03-11 16:16:08.0	Ana2 - 2: T.Zuluft	19.1
2021-03-11 16:16:08.0	Ana3 - 3: T.Abluft	21.1
2021-03-11 16:16:08.0	Ana4 - 4: T.Fortluft	17.4
2021-03-11 16:16:08.0	Ana5 - 5: T.Raum	9999.9
2021-03-11 16:16:08.0	Ana9 - 9: T.Zuluft WRG warm	20.4
2021-03-11 16:16:18.0	Ana1 - 1: T.Au?en	14.2
2021-03-11 16:16:18.0	Ana2 - 2: T.Zuluft	19.1
2021-03-11 16:16:18.0	Ana3 - 3: T.Abluft	21.1
2021-03-11 16:16:18.0	Ana4 - 4: T.Fortluft	17.4
2021-03-11 16:16:18.0	Ana5 - 5: T.Raum	9999.9
2021-03-11 16:16:18.0	Ana9 - 9: T.Zuluft WRG warm	20.4
2021-03-11 16:16:28.0	Ana1 - 1: T.Au?en	14.2
2021-03-11 16:16:28.0	Ana2 - 2: T.Zuluft	19.1
2021-03-11 16:16:28.0	Ana3 - 3: T.Abluft	21.1
2021-03-11 16:16:28.0	Ana4 - 4: T.Fortluft	17.4
2021-03-11 16:16:28.0	Ana5 - 5: T.Raum	9999.9
2021-03-11 16:16:28.0	Ana9 - 9: T.Zuluft WRG warm	20.4
2021-03-11 16:16:38.0	Ana1 - 1: T.Au?en	14.2
2021-03-11 16:16:38.0	Ana2 - 2: T.Zuluft	19.1
2021-03-11 16:16:38.0	Ana3 - 3: T.Abluft	21.1
2021-03-11 16:16:38.0	Ana4 - 4: T.Fortluft	17.4
2021-03-11 16:16:38.0	Ana5 - 5: T.Raum	9999.9
2021-03-11 16:16:38.0	Ana9 - 9: T.Zuluft WRG warm	20.4
2021-03-11 16:16:48.0	Ana1 - 1: T.Au?en	14.2
2021-03-11 16:16:48.0	Ana2 - 2: T.Zuluft	19.1
2021-03-11 16:16:48.0	Ana3 - 3: T.Abluft	21.1
2021-03-11 16:16:48.0	Ana4 - 4: T.Fortluft	17.4
2021-03-11 16:16:48.0	Ana5 - 5: T.Raum	9999.9
2021-03-11 16:16:48.0	Ana9 - 9: T.Zuluft WRG warm	20.4
2021-03-11 16:16:58.0	Ana1 - 1: T.Au?en	14.1
2021-03-11 16:16:58.0	Ana2 - 2: T.Zuluft	19.1
2021-03-11 16:16:58.0	Ana3 - 3: T.Abluft	21.1
2021-03-11 16:16:58.0	Ana4 - 4: T.Fortluft	17.4
2021-03-11 16:16:58.0	Ana5 - 5: T.Raum	9999.9
2021-03-11 16:16:58.0	Ana9 - 9: T.Zuluft WRG warm	20.4
2021-03-11 16:17:08.0	Ana1 - 1: T.Au?en	14.1
2021-03-11 16:17:08.0	Ana2 - 2: T.Zuluft	19.1
2021-03-11 16:17:08.0	Ana3 - 3: T.Abluft	21.1
2021-03-11 16:17:08.0	Ana4 - 4: T.Fortluft	17.4
2021-03-11 16:17:08.0	Ana5 - 5: T.Raum	9999.9
2021-03-11 16:17:08.0	Ana9 - 9: T.Zuluft WRG warm	20.4
2021-03-11 16:17:18.0	Ana1 - 1: T.Au?en	14.1
2021-03-11 16:17:18.0	Ana2 - 2: T.Zuluft	19.1
2021-03-11 16:17:18.0	Ana3 - 3: T.Abluft	21.1
2021-03-11 16:17:18.0	Ana4 - 4: T.Fortluft	17.4
2021-03-11 16:17:18.0	Ana5 - 5: T.Raum	9999.9
2021-03-11 16:17:18.0	Ana9 - 9: T.Zuluft WRG warm	20.4
2021-03-11 16:17:28.0	Ana1 - 1: T.Au?en	14.1
2021-03-11 16:17:28.0	Ana2 - 2: T.Zuluft	19.1
2021-03-11 16:17:28.0	Ana3 - 3: T.Abluft	21.1
2021-03-11 16:17:28.0	Ana4 - 4: T.Fortluft	17.4
2021-03-11 16:17:28.0	Ana5 - 5: T.Raum	9999.9
2021-03-11 16:17:28.0	Ana9 - 9: T.Zuluft WRG warm	20.4
2021-03-11 16:17:38.0	Ana1 - 1: T.Au?en	14.1
2021-03-11 16:17:38.0	Ana2 - 2: T.Zuluft	19.1
2021-03-11 16:17:38.0	Ana3 - 3: T.Abluft	21.1
2021-03-11 16:17:38.0	Ana4 - 4: T.Fortluft	17.4
2021-03-11 16:17:38.0	Ana5 - 5: T.Raum	9999.9
2021-03-11 16:17:38.0	Ana9 - 9: T.Zuluft WRG warm	20.4
2021-03-11 16:17:48.0	Ana1 - 1: T.Au?en	14.1
2021-03-11 16:17:48.0	Ana2 - 2: T.Zuluft	19.1
2021-03-11 16:17:48.0	Ana3 - 3: T.Abluft	21.1
2021-03-11 16:17:48.0	Ana4 - 4: T.Fortluft	17.4
2021-03-11 16:17:48.0	Ana5 - 5: T.Raum	9999.9
2021-03-11 16:17:48.0	Ana9 - 9: T.Zuluft WRG warm	20.4
2021-03-11 16:17:58.0	Ana1 - 1: T.Au?en	14.1
2021-03-11 16:17:58.0	Ana2 - 2: T.Zuluft	19.1
2021-03-11 16:17:58.0	Ana3 - 3: T.Abluft	21.1
2021-03-11 16:17:58.0	Ana4 - 4: T.Fortluft	17.4
2021-03-11 16:17:58.0	Ana5 - 5: T.Raum	9999.9
2021-03-11 16:17:58.0	Ana9 - 9: T.Zuluft WRG warm	20.4
2021-03-11 16:18:08.0	Ana1 - 1: T.Au?en	14.1
2021-03-11 16:18:08.0	Ana2 - 2: T.Zuluft	19.1
2021-03-11 16:18:08.0	Ana3 - 3: T.Abluft	21.1
2021-03-11 16:18:08.0	Ana4 - 4: T.Fortluft	17.4
2021-03-11 16:18:08.0	Ana5 - 5: T.Raum	9999.9
2021-03-11 16:18:08.0	Ana9 - 9: T.Zuluft WRG warm	20.4
2021-03-11 16:18:18.0	Ana1 - 1: T.Au?en	14.1
2021-03-11 16:18:18.0	Ana2 - 2: T.Zuluft	19.1
2021-03-11 16:18:18.0	Ana3 - 3: T.Abluft	21.1
2021-03-11 16:18:18.0	Ana4 - 4: T.Fortluft	17.4
2021-03-11 16:18:18.0	Ana5 - 5: T.Raum	9999.9
2021-03-11 16:18:18.0	Ana9 - 9: T.Zuluft WRG warm	20.4
2021-03-11 16:18:28.0	Ana1 - 1: T.Au?en	14.1
2021-03-11 16:18:28.0	Ana2 - 2: T.Zuluft	19.1
2021-03-11 16:18:28.0	Ana3 - 3: T.Abluft	21.1
2021-03-11 16:18:28.0	Ana4 - 4: T.Fortluft	17.4
2021-03-11 16:18:28.0	Ana5 - 5: T.Raum	9999.9
2021-03-11 16:18:28.0	Ana9 - 9: T.Zuluft WRG warm	20.4
2021-03-11 16:18:38.0	Ana1 - 1: T.Au?en	14.1
2021-03-11 16:18:38.0	Ana2 - 2: T.Zuluft	19.1
2021-03-11 16:18:38.0	Ana3 - 3: T.Abluft	21.1
2021-03-11 16:18:38.0	Ana4 - 4: T.Fortluft	17.4
2021-03-11 16:18:38.0	Ana5 - 5: T.Raum	9999.9
2021-03-11 16:18:38.0	Ana9 - 9: T.Zuluft WRG warm	20.4
2021-03-11 16:18:48.0	Ana1 - 1: T.Au?en	14.1
2021-03-11 16:18:48.0	Ana2 - 2: T.Zuluft	19.1
2021-03-11 16:18:48.0	Ana3 - 3: T.Abluft	21.1
2021-03-11 16:18:48.0	Ana4 - 4: T.Fortluft	17.4
2021-03-11 16:18:48.0	Ana5 - 5: T.Raum	9999.9
2021-03-11 16:18:48.0	Ana9 - 9: T.Zuluft WRG warm	20.4
2021-03-11 16:18:58.0	Ana1 - 1: T.Au?en	14.1
2021-03-11 16:18:58.0	Ana2 - 2: T.Zuluft	19.1
2021-03-11 16:18:58.0	Ana3 - 3: T.Abluft	21.1
2021-03-11 16:18:58.0	Ana4 - 4: T.Fortluft	17.4
2021-03-11 16:18:58.0	Ana5 - 5: T.Raum	9999.9
2021-03-11 16:18:58.0	Ana9 - 9: T.Zuluft WRG warm	20.4
2021-03-11 16:19:08.0	Ana1 - 1: T.Au?en	14.1
2021-03-11 16:19:08.0	Ana2 - 2: T.Zuluft	19.1
2021-03-11 16:19:08.0	Ana3 - 3: T.Abluft	21.1
2021-03-11 16:19:08.0	Ana4 - 4: T.Fortluft	17.4
2021-03-11 16:19:08.0	Ana5 - 5: T.Raum	9999.9
2021-03-11 16:19:08.0	Ana9 - 9: T.Zuluft WRG warm	20.4
2021-03-11 16:19:18.0	Ana1 - 1: T.Au?en	14.1
2021-03-11 16:19:18.0	Ana2 - 2: T.Zuluft	19.1
2021-03-11 16:19:18.0	Ana3 - 3: T.Abluft	21.1
2021-03-11 16:19:18.0	Ana4 - 4: T.Fortluft	17.4
2021-03-11 16:19:18.0	Ana5 - 5: T.Raum	9999.9
2021-03-11 16:19:18.0	Ana9 - 9: T.Zuluft WRG warm	20.4
2021-03-11 16:19:28.0	Ana1 - 1: T.Au?en	14.1
2021-03-11 16:19:28.0	Ana2 - 2: T.Zuluft	19.1
2021-03-11 16:19:28.0	Ana3 - 3: T.Abluft	21.1
2021-03-11 16:19:28.0	Ana4 - 4: T.Fortluft	17.4
2021-03-11 16:19:28.0	Ana5 - 5: T.Raum	9999.9
2021-03-11 16:19:28.0	Ana9 - 9: T.Zuluft WRG warm	20.4
2021-03-11 16:19:38.0	Ana1 - 1: T.Au?en	14.1
2021-03-11 16:19:38.0	Ana2 - 2: T.Zuluft	19.1
2021-03-11 16:19:38.0	Ana3 - 3: T.Abluft	21.1
2021-03-11 16:19:38.0	Ana4 - 4: T.Fortluft	17.4
2021-03-11 16:19:38.0	Ana5 - 5: T.Raum	9999.9
2021-03-11 16:19:38.0	Ana9 - 9: T.Zuluft WRG warm	20.4
2021-03-11 16:19:48.0	Ana1 - 1: T.Au?en	14.1
2021-03-11 16:19:48.0	Ana2 - 2: T.Zuluft	19.1
2021-03-11 16:19:48.0	Ana3 - 3: T.Abluft	21.1
2021-03-11 16:19:48.0	Ana4 - 4: T.Fortluft	17.4
2021-03-11 16:19:48.0	Ana5 - 5: T.Raum	9999.9
2021-03-11 16:19:48.0	Ana9 - 9: T.Zuluft WRG warm	20.4
2021-03-11 16:19:58.0	Ana1 - 1: T.Au?en	14.1
2021-03-11 16:19:58.0	Ana2 - 2: T.Zuluft	19.1
2021-03-11 16:19:58.0	Ana3 - 3: T.Abluft	21.1
2021-03-11 16:19:58.0	Ana4 - 4: T.Fortluft	17.4
2021-03-11 16:19:58.0	Ana5 - 5: T.Raum	9999.9
2021-03-11 16:19:58.0	Ana9 - 9: T.Zuluft WRG warm	20.4
2021-03-11 16:20:08.0	Ana1 - 1: T.Au?en	14.1
2021-03-11 16:20:08.0	Ana2 - 2: T.Zuluft	19.1
2021-03-11 16:20:08.0	Ana3 - 3: T.Abluft	21.1
2021-03-11 16:20:08.0	Ana4 - 4: T.Fortluft	17.4
2021-03-11 16:20:08.0	Ana5 - 5: T.Raum	9999.9
2021-03-11 16:20:08.0	Ana9 - 9: T.Zuluft WRG warm	20.4
2021-03-11 16:20:18.0	Ana1 - 1: T.Au?en	14.1
2021-03-11 16:20:18.0	Ana2 - 2: T.Zuluft	19.1
2021-03-11 16:20:18.0	Ana3 - 3: T.Abluft	21.1
2021-03-11 16:20:18.0	Ana4 - 4: T.Fortluft	17.4
2021-03-11 16:20:18.0	Ana5 - 5: T.Raum	9999.9
2021-03-11 16:20:18.0	Ana9 - 9: T.Zuluft WRG warm	20.4
2021-03-11 16:20:28.0	Ana1 - 1: T.Au?en	14.1
2021-03-11 16:20:28.0	Ana2 - 2: T.Zuluft	19.1
2021-03-11 16:20:28.0	Ana3 - 3: T.Abluft	21.1
2021-03-11 16:20:28.0	Ana4 - 4: T.Fortluft	17.4
2021-03-11 16:20:28.0	Ana5 - 5: T.Raum	9999.9
2021-03-11 16:20:28.0	Ana9 - 9: T.Zuluft WRG warm	20.4
2021-03-11 16:20:38.0	Ana1 - 1: T.Au?en	14.0
2021-03-11 16:20:38.0	Ana2 - 2: T.Zuluft	19.1
2021-03-11 16:20:38.0	Ana3 - 3: T.Abluft	21.1
2021-03-11 16:20:38.0	Ana4 - 4: T.Fortluft	17.4
2021-03-11 16:20:38.0	Ana5 - 5: T.Raum	9999.9
2021-03-11 16:20:38.0	Ana9 - 9: T.Zuluft WRG warm	20.4
2021-03-11 16:20:48.0	Ana1 - 1: T.Au?en	14.0
2021-03-11 16:20:48.0	Ana2 - 2: T.Zuluft	19.1
2021-03-11 16:20:48.0	Ana3 - 3: T.Abluft	21.1
2021-03-11 16:20:48.0	Ana4 - 4: T.Fortluft	17.4
2021-03-11 16:20:48.0	Ana5 - 5: T.Raum	9999.9
2021-03-11 16:20:48.0	Ana9 - 9: T.Zuluft WRG warm	20.4
2021-03-11 16:20:58.0	Ana1 - 1: T.Au?en	14.0
2021-03-11 16:20:58.0	Ana2 - 2: T.Zuluft	19.1
2021-03-11 16:20:58.0	Ana3 - 3: T.Abluft	21.1
2021-03-11 16:20:58.0	Ana4 - 4: T.Fortluft	17.4
2021-03-11 16:20:58.0	Ana5 - 5: T.Raum	9999.9
2021-03-11 16:20:58.0	Ana9 - 9: T.Zuluft WRG warm	20.4
2021-03-11 16:21:08.0	Ana1 - 1: T.Au?en	14.0
2021-03-11 16:21:08.0	Ana2 - 2: T.Zuluft	19.1
2021-03-11 16:21:08.0	Ana3 - 3: T.Abluft	21.1
2021-03-11 16:21:08.0	Ana4 - 4: T.Fortluft	17.4
2021-03-11 16:21:08.0	Ana5 - 5: T.Raum	9999.9
2021-03-11 16:21:08.0	Ana9 - 9: T.Zuluft WRG warm	20.4
2021-03-11 16:21:18.0	Ana1 - 1: T.Au?en	14.0
2021-03-11 16:21:18.0	Ana2 - 2: T.Zuluft	19.1
2021-03-11 16:21:18.0	Ana3 - 3: T.Abluft	21.1
2021-03-11 16:21:18.0	Ana4 - 4: T.Fortluft	17.4
2021-03-11 16:21:18.0	Ana5 - 5: T.Raum	9999.9
2021-03-11 16:21:18.0	Ana9 - 9: T.Zuluft WRG warm	20.4
2021-03-11 16:21:28.0	Ana1 - 1: T.Au?en	14.1
2021-03-11 16:21:28.0	Ana2 - 2: T.Zuluft	19.1
2021-03-11 16:21:28.0	Ana3 - 3: T.Abluft	21.1
2021-03-11 16:21:28.0	Ana4 - 4: T.Fortluft	17.3
2021-03-11 16:21:28.0	Ana5 - 5: T.Raum	9999.9
2021-03-11 16:21:28.0	Ana9 - 9: T.Zuluft WRG warm	20.4
2021-03-11 16:21:38.0	Ana1 - 1: T.Au?en	14.1
2021-03-11 16:21:38.0	Ana2 - 2: T.Zuluft	19.1
2021-03-11 16:21:38.0	Ana3 - 3: T.Abluft	21.1
2021-03-11 16:21:38.0	Ana4 - 4: T.Fortluft	17.3
2021-03-11 16:21:38.0	Ana5 - 5: T.Raum	9999.9
2021-03-11 16:21:38.0	Ana9 - 9: T.Zuluft WRG warm	20.4
2021-03-11 16:21:48.0	Ana1 - 1: T.Au?en	14.1
2021-03-11 16:21:48.0	Ana2 - 2: T.Zuluft	19.1
2021-03-11 16:21:48.0	Ana3 - 3: T.Abluft	21.1
2021-03-11 16:21:48.0	Ana4 - 4: T.Fortluft	17.3
2021-03-11 16:21:48.0	Ana5 - 5: T.Raum	9999.9
2021-03-11 16:21:48.0	Ana9 - 9: T.Zuluft WRG warm	20.4
2021-03-11 16:21:58.0	Ana1 - 1: T.Au?en	14.1
2021-03-11 16:21:58.0	Ana2 - 2: T.Zuluft	19.1
2021-03-11 16:21:58.0	Ana3 - 3: T.Abluft	21.1
2021-03-11 16:21:58.0	Ana4 - 4: T.Fortluft	17.3
2021-03-11 16:21:58.0	Ana5 - 5: T.Raum	9999.9
2021-03-11 16:21:58.0	Ana9 - 9: T.Zuluft WRG warm	20.4
2021-03-11 16:22:08.0	Ana1 - 1: T.Au?en	14.1
2021-03-11 16:22:08.0	Ana2 - 2: T.Zuluft	19.1
2021-03-11 16:22:08.0	Ana3 - 3: T.Abluft	21.1
2021-03-11 16:22:08.0	Ana4 - 4: T.Fortluft	17.3
2021-03-11 16:22:08.0	Ana5 - 5: T.Raum	9999.9
2021-03-11 16:22:08.0	Ana9 - 9: T.Zuluft WRG warm	20.4
2021-03-11 16:22:18.0	Ana1 - 1: T.Au?en	14.1
2021-03-11 16:22:18.0	Ana2 - 2: T.Zuluft	19.1
2021-03-11 16:22:18.0	Ana3 - 3: T.Abluft	21.1
2021-03-11 16:22:18.0	Ana4 - 4: T.Fortluft	17.3
2021-03-11 16:22:18.0	Ana5 - 5: T.Raum	9999.9
2021-03-11 16:22:18.0	Ana9 - 9: T.Zuluft WRG warm	20.4
2021-03-11 16:22:28.0	Ana1 - 1: T.Au?en	14.1
2021-03-11 16:22:28.0	Ana2 - 2: T.Zuluft	19.1
2021-03-11 16:22:28.0	Ana3 - 3: T.Abluft	21.1
2021-03-11 16:22:28.0	Ana4 - 4: T.Fortluft	17.3
2021-03-11 16:22:28.0	Ana5 - 5: T.Raum	9999.9
2021-03-11 16:22:28.0	Ana9 - 9: T.Zuluft WRG warm	20.4
2021-03-11 16:22:38.0	Ana1 - 1: T.Au?en	14.0
2021-03-11 16:22:38.0	Ana2 - 2: T.Zuluft	19.1
2021-03-11 16:22:38.0	Ana3 - 3: T.Abluft	21.1
2021-03-11 16:22:38.0	Ana4 - 4: T.Fortluft	17.3
2021-03-11 16:22:38.0	Ana5 - 5: T.Raum	9999.9
2021-03-11 16:22:38.0	Ana9 - 9: T.Zuluft WRG warm	20.4
2021-03-11 16:22:48.0	Ana1 - 1: T.Au?en	14.0
2021-03-11 16:22:48.0	Ana2 - 2: T.Zuluft	19.1
2021-03-11 16:22:48.0	Ana3 - 3: T.Abluft	21.1
2021-03-11 16:22:48.0	Ana4 - 4: T.Fortluft	17.3
2021-03-11 16:22:48.0	Ana5 - 5: T.Raum	9999.9
2021-03-11 16:22:48.0	Ana9 - 9: T.Zuluft WRG warm	20.4
2021-03-11 16:22:58.0	Ana1 - 1: T.Au?en	14.0
2021-03-11 16:22:58.0	Ana2 - 2: T.Zuluft	19.1
2021-03-11 16:22:58.0	Ana3 - 3: T.Abluft	21.1
2021-03-11 16:22:58.0	Ana4 - 4: T.Fortluft	17.3
2021-03-11 16:22:58.0	Ana5 - 5: T.Raum	9999.9
2021-03-11 16:22:58.0	Ana9 - 9: T.Zuluft WRG warm	20.4
2021-03-11 16:23:08.0	Ana1 - 1: T.Au?en	14.1
2021-03-11 16:23:08.0	Ana2 - 2: T.Zuluft	19.1
2021-03-11 16:23:08.0	Ana3 - 3: T.Abluft	21.1
2021-03-11 16:23:08.0	Ana4 - 4: T.Fortluft	17.3
2021-03-11 16:23:08.0	Ana5 - 5: T.Raum	9999.9
2021-03-11 16:23:08.0	Ana9 - 9: T.Zuluft WRG warm	20.4
2021-03-11 16:23:18.0	Ana1 - 1: T.Au?en	14.1
2021-03-11 16:23:18.0	Ana2 - 2: T.Zuluft	19.0
2021-03-11 16:23:18.0	Ana3 - 3: T.Abluft	21.1
2021-03-11 16:23:18.0	Ana4 - 4: T.Fortluft	17.3
2021-03-11 16:23:18.0	Ana5 - 5: T.Raum	9999.9
2021-03-11 16:23:18.0	Ana9 - 9: T.Zuluft WRG warm	20.4
2021-03-11 16:23:28.0	Ana1 - 1: T.Au?en	14.1
2021-03-11 16:23:28.0	Ana2 - 2: T.Zuluft	19.1
2021-03-11 16:23:28.0	Ana3 - 3: T.Abluft	21.1
2021-03-11 16:23:28.0	Ana4 - 4: T.Fortluft	17.3
2021-03-11 16:23:28.0	Ana5 - 5: T.Raum	9999.9
2021-03-11 16:23:28.0	Ana9 - 9: T.Zuluft WRG warm	20.4
2021-03-11 16:23:38.0	Ana1 - 1: T.Au?en	14.1
2021-03-11 16:23:38.0	Ana2 - 2: T.Zuluft	19.1
2021-03-11 16:23:38.0	Ana3 - 3: T.Abluft	21.1
2021-03-11 16:23:38.0	Ana4 - 4: T.Fortluft	17.3
2021-03-11 16:23:38.0	Ana5 - 5: T.Raum	9999.9
2021-03-11 16:23:38.0	Ana9 - 9: T.Zuluft WRG warm	20.4
2021-03-11 16:23:48.0	Ana1 - 1: T.Au?en	14.1
2021-03-11 16:23:48.0	Ana2 - 2: T.Zuluft	19.1
2021-03-11 16:23:48.0	Ana3 - 3: T.Abluft	21.1
2021-03-11 16:23:48.0	Ana4 - 4: T.Fortluft	17.3
2021-03-11 16:23:48.0	Ana5 - 5: T.Raum	9999.9
2021-03-11 16:23:48.0	Ana9 - 9: T.Zuluft WRG warm	20.4
2021-03-11 16:23:58.0	Ana1 - 1: T.Au?en	14.1
2021-03-11 16:23:58.0	Ana2 - 2: T.Zuluft	19.0
2021-03-11 16:23:58.0	Ana3 - 3: T.Abluft	21.1
2021-03-11 16:23:58.0	Ana4 - 4: T.Fortluft	17.3
2021-03-11 16:23:58.0	Ana5 - 5: T.Raum	9999.9
2021-03-11 16:23:58.0	Ana9 - 9: T.Zuluft WRG warm	20.4
2021-03-11 16:24:08.0	Ana1 - 1: T.Au?en	14.1
2021-03-11 16:24:08.0	Ana2 - 2: T.Zuluft	19.0
2021-03-11 16:24:08.0	Ana3 - 3: T.Abluft	21.1
2021-03-11 16:24:08.0	Ana4 - 4: T.Fortluft	17.3
2021-03-11 16:24:08.0	Ana5 - 5: T.Raum	9999.9
2021-03-11 16:24:08.0	Ana9 - 9: T.Zuluft WRG warm	20.4
2021-03-11 16:24:18.0	Ana1 - 1: T.Au?en	14.1
2021-03-11 16:24:18.0	Ana2 - 2: T.Zuluft	19.0
2021-03-11 16:24:18.0	Ana3 - 3: T.Abluft	21.1
2021-03-11 16:24:18.0	Ana4 - 4: T.Fortluft	17.3
2021-03-11 16:24:18.0	Ana5 - 5: T.Raum	9999.9
2021-03-11 16:24:18.0	Ana9 - 9: T.Zuluft WRG warm	20.4
2021-03-11 16:24:28.0	Ana1 - 1: T.Au?en	14.1
2021-03-11 16:24:28.0	Ana2 - 2: T.Zuluft	19.0
2021-03-11 16:24:28.0	Ana3 - 3: T.Abluft	21.1
2021-03-11 16:24:28.0	Ana4 - 4: T.Fortluft	17.3
2021-03-11 16:24:28.0	Ana5 - 5: T.Raum	9999.9
2021-03-11 16:24:28.0	Ana9 - 9: T.Zuluft WRG warm	20.4
2021-03-11 16:24:38.0	Ana1 - 1: T.Au?en	14.2
2021-03-11 16:24:38.0	Ana2 - 2: T.Zuluft	19.0
2021-03-11 16:24:38.0	Ana3 - 3: T.Abluft	21.1
2021-03-11 16:24:38.0	Ana4 - 4: T.Fortluft	17.3
2021-03-11 16:24:38.0	Ana5 - 5: T.Raum	9999.9
2021-03-11 16:24:38.0	Ana9 - 9: T.Zuluft WRG warm	20.4
2021-03-11 16:24:48.0	Ana1 - 1: T.Au?en	14.2
2021-03-11 16:24:48.0	Ana2 - 2: T.Zuluft	19.0
2021-03-11 16:24:48.0	Ana3 - 3: T.Abluft	21.1
2021-03-11 16:24:48.0	Ana4 - 4: T.Fortluft	17.3
2021-03-11 16:24:48.0	Ana5 - 5: T.Raum	9999.9
2021-03-11 16:24:48.0	Ana9 - 9: T.Zuluft WRG warm	20.4
2021-03-11 16:24:58.0	Ana1 - 1: T.Au?en	14.2
2021-03-11 16:24:58.0	Ana2 - 2: T.Zuluft	19.0
2021-03-11 16:24:58.0	Ana3 - 3: T.Abluft	21.1
2021-03-11 16:24:58.0	Ana4 - 4: T.Fortluft	17.3
2021-03-11 16:24:58.0	Ana5 - 5: T.Raum	9999.9
2021-03-11 16:24:58.0	Ana9 - 9: T.Zuluft WRG warm	20.4
2021-03-11 16:25:08.0	Ana1 - 1: T.Au?en	14.2
2021-03-11 16:25:08.0	Ana2 - 2: T.Zuluft	19.0
2021-03-11 16:25:08.0	Ana3 - 3: T.Abluft	21.1
2021-03-11 16:25:08.0	Ana4 - 4: T.Fortluft	17.3
2021-03-11 16:25:08.0	Ana5 - 5: T.Raum	9999.9
2021-03-11 16:25:08.0	Ana9 - 9: T.Zuluft WRG warm	20.4
2021-03-11 16:25:18.0	Ana1 - 1: T.Au?en	14.2
2021-03-11 16:25:18.0	Ana2 - 2: T.Zuluft	19.0
2021-03-11 16:25:18.0	Ana3 - 3: T.Abluft	21.1
2021-03-11 16:25:18.0	Ana4 - 4: T.Fortluft	17.3
2021-03-11 16:25:18.0	Ana5 - 5: T.Raum	9999.9
2021-03-11 16:25:18.0	Ana9 - 9: T.Zuluft WRG warm	20.4
2021-03-11 16:25:28.0	Ana1 - 1: T.Au?en	14.2
2021-03-11 16:25:28.0	Ana2 - 2: T.Zuluft	19.0
2021-03-11 16:25:28.0	Ana3 - 3: T.Abluft	21.1
2021-03-11 16:25:28.0	Ana4 - 4: T.Fortluft	17.3
2021-03-11 16:25:28.0	Ana5 - 5: T.Raum	9999.9
2021-03-11 16:25:28.0	Ana9 - 9: T.Zuluft WRG warm	20.4
2021-03-11 16:25:38.0	Ana1 - 1: T.Au?en	14.2
2021-03-11 16:25:38.0	Ana2 - 2: T.Zuluft	19.0
2021-03-11 16:25:38.0	Ana3 - 3: T.Abluft	21.1
2021-03-11 16:25:38.0	Ana4 - 4: T.Fortluft	17.3
2021-03-11 16:25:38.0	Ana5 - 5: T.Raum	9999.9
2021-03-11 16:25:38.0	Ana9 - 9: T.Zuluft WRG warm	20.4
2021-03-11 16:25:48.0	Ana1 - 1: T.Au?en	14.1
2021-03-11 16:25:48.0	Ana2 - 2: T.Zuluft	19.0
2021-03-11 16:25:48.0	Ana3 - 3: T.Abluft	21.1
2021-03-11 16:25:48.0	Ana4 - 4: T.Fortluft	17.3
2021-03-11 16:25:48.0	Ana5 - 5: T.Raum	9999.9
2021-03-11 16:25:48.0	Ana9 - 9: T.Zuluft WRG warm	20.4
2021-03-11 16:25:58.0	Ana1 - 1: T.Au?en	14.1
2021-03-11 16:25:58.0	Ana2 - 2: T.Zuluft	19.0
2021-03-11 16:25:58.0	Ana3 - 3: T.Abluft	21.1
2021-03-11 16:25:58.0	Ana4 - 4: T.Fortluft	17.3
2021-03-11 16:25:58.0	Ana5 - 5: T.Raum	9999.9
2021-03-11 16:25:58.0	Ana9 - 9: T.Zuluft WRG warm	20.4
2021-03-11 16:26:08.0	Ana1 - 1: T.Au?en	14.1
2021-03-11 16:26:08.0	Ana2 - 2: T.Zuluft	19.0
2021-03-11 16:26:08.0	Ana3 - 3: T.Abluft	21.1
2021-03-11 16:26:08.0	Ana4 - 4: T.Fortluft	17.3
2021-03-11 16:26:08.0	Ana5 - 5: T.Raum	9999.9
2021-03-11 16:26:08.0	Ana9 - 9: T.Zuluft WRG warm	20.4
2021-03-11 16:26:18.0	Ana1 - 1: T.Au?en	14.1
2021-03-11 16:26:18.0	Ana2 - 2: T.Zuluft	19.0
2021-03-11 16:26:18.0	Ana3 - 3: T.Abluft	21.1
2021-03-11 16:26:18.0	Ana4 - 4: T.Fortluft	17.3
2021-03-11 16:26:18.0	Ana5 - 5: T.Raum	9999.9
2021-03-11 16:26:18.0	Ana9 - 9: T.Zuluft WRG warm	20.4
2021-03-11 16:26:28.0	Ana1 - 1: T.Au?en	14.1
2021-03-11 16:26:28.0	Ana2 - 2: T.Zuluft	19.0
2021-03-11 16:26:28.0	Ana3 - 3: T.Abluft	21.1
2021-03-11 16:26:28.0	Ana4 - 4: T.Fortluft	17.3
2021-03-11 16:26:28.0	Ana5 - 5: T.Raum	9999.9
2021-03-11 16:26:28.0	Ana9 - 9: T.Zuluft WRG warm	20.4
2021-03-11 16:26:38.0	Ana1 - 1: T.Au?en	14.1
2021-03-11 16:26:38.0	Ana2 - 2: T.Zuluft	19.0
2021-03-11 16:26:38.0	Ana3 - 3: T.Abluft	21.1
2021-03-11 16:26:38.0	Ana4 - 4: T.Fortluft	17.3
2021-03-11 16:26:38.0	Ana5 - 5: T.Raum	9999.9
2021-03-11 16:26:38.0	Ana9 - 9: T.Zuluft WRG warm	20.4
2021-03-11 16:26:48.0	Ana1 - 1: T.Au?en	14.1
2021-03-11 16:26:48.0	Ana2 - 2: T.Zuluft	19.0
2021-03-11 16:26:48.0	Ana3 - 3: T.Abluft	21.1
2021-03-11 16:26:48.0	Ana4 - 4: T.Fortluft	17.3
2021-03-11 16:26:48.0	Ana5 - 5: T.Raum	9999.9
2021-03-11 16:26:48.0	Ana9 - 9: T.Zuluft WRG warm	20.4
2021-03-11 16:26:58.0	Ana1 - 1: T.Au?en	14.1
2021-03-11 16:26:58.0	Ana2 - 2: T.Zuluft	19.0
2021-03-11 16:26:58.0	Ana3 - 3: T.Abluft	21.1
2021-03-11 16:26:58.0	Ana4 - 4: T.Fortluft	17.3
2021-03-11 16:26:58.0	Ana5 - 5: T.Raum	9999.9
2021-03-11 16:26:58.0	Ana9 - 9: T.Zuluft WRG warm	20.4
2021-03-11 16:27:08.0	Ana1 - 1: T.Au?en	14.1
2021-03-11 16:27:08.0	Ana2 - 2: T.Zuluft	19.0
2021-03-11 16:27:08.0	Ana3 - 3: T.Abluft	21.2
2021-03-11 16:27:08.0	Ana4 - 4: T.Fortluft	17.3
2021-03-11 16:27:08.0	Ana5 - 5: T.Raum	9999.9
2021-03-11 16:27:08.0	Ana9 - 9: T.Zuluft WRG warm	20.4
2021-03-11 16:27:18.0	Ana1 - 1: T.Au?en	14.1
2021-03-11 16:27:18.0	Ana2 - 2: T.Zuluft	19.0
2021-03-11 16:27:18.0	Ana3 - 3: T.Abluft	21.1
2021-03-11 16:27:18.0	Ana4 - 4: T.Fortluft	17.3
2021-03-11 16:27:18.0	Ana5 - 5: T.Raum	9999.9
2021-03-11 16:27:18.0	Ana9 - 9: T.Zuluft WRG warm	20.4
2021-03-11 16:27:28.0	Ana1 - 1: T.Au?en	14.1
2021-03-11 16:27:28.0	Ana2 - 2: T.Zuluft	19.0
2021-03-11 16:27:28.0	Ana3 - 3: T.Abluft	21.1
2021-03-11 16:27:28.0	Ana4 - 4: T.Fortluft	17.3
2021-03-11 16:27:28.0	Ana5 - 5: T.Raum	9999.9
2021-03-11 16:27:28.0	Ana9 - 9: T.Zuluft WRG warm	20.4
2021-03-11 16:27:38.0	Ana1 - 1: T.Au?en	14.1
2021-03-11 16:27:38.0	Ana2 - 2: T.Zuluft	19.0
2021-03-11 16:27:38.0	Ana3 - 3: T.Abluft	21.1
2021-03-11 16:27:38.0	Ana4 - 4: T.Fortluft	17.3
2021-03-11 16:27:38.0	Ana5 - 5: T.Raum	9999.9
2021-03-11 16:27:38.0	Ana9 - 9: T.Zuluft WRG warm	20.4
2021-03-11 16:27:48.0	Ana1 - 1: T.Au?en	14.1
2021-03-11 16:27:48.0	Ana2 - 2: T.Zuluft	19.0
2021-03-11 16:27:48.0	Ana3 - 3: T.Abluft	21.2
2021-03-11 16:27:48.0	Ana4 - 4: T.Fortluft	17.3
2021-03-11 16:27:48.0	Ana5 - 5: T.Raum	9999.9
2021-03-11 16:27:48.0	Ana9 - 9: T.Zuluft WRG warm	20.4
2021-03-11 16:27:58.0	Ana1 - 1: T.Au?en	14.2
2021-03-11 16:27:58.0	Ana2 - 2: T.Zuluft	19.0
2021-03-11 16:27:58.0	Ana3 - 3: T.Abluft	21.1
2021-03-11 16:27:58.0	Ana4 - 4: T.Fortluft	17.3
2021-03-11 16:27:58.0	Ana5 - 5: T.Raum	9999.9
2021-03-11 16:27:58.0	Ana9 - 9: T.Zuluft WRG warm	20.4
2021-03-11 16:28:08.0	Ana1 - 1: T.Au?en	14.2
2021-03-11 16:28:08.0	Ana2 - 2: T.Zuluft	19.0
2021-03-11 16:28:08.0	Ana3 - 3: T.Abluft	21.1
2021-03-11 16:28:08.0	Ana4 - 4: T.Fortluft	17.3
2021-03-11 16:28:08.0	Ana5 - 5: T.Raum	9999.9
2021-03-11 16:28:08.0	Ana9 - 9: T.Zuluft WRG warm	20.4
2021-03-11 16:28:18.0	Ana1 - 1: T.Au?en	14.2
2021-03-11 16:28:18.0	Ana2 - 2: T.Zuluft	19.0
2021-03-11 16:28:18.0	Ana3 - 3: T.Abluft	21.1
2021-03-11 16:28:18.0	Ana4 - 4: T.Fortluft	17.3
2021-03-11 16:28:18.0	Ana5 - 5: T.Raum	9999.9
2021-03-11 16:28:18.0	Ana9 - 9: T.Zuluft WRG warm	20.4
2021-03-11 16:28:28.0	Ana1 - 1: T.Au?en	14.2
2021-03-11 16:28:28.0	Ana2 - 2: T.Zuluft	19.0
2021-03-11 16:28:28.0	Ana3 - 3: T.Abluft	21.1
2021-03-11 16:28:28.0	Ana4 - 4: T.Fortluft	17.2
2021-03-11 16:28:28.0	Ana5 - 5: T.Raum	9999.9
2021-03-11 16:28:28.0	Ana9 - 9: T.Zuluft WRG warm	20.4
2021-03-11 16:28:38.0	Ana1 - 1: T.Au?en	14.2
2021-03-11 16:28:38.0	Ana2 - 2: T.Zuluft	19.0
2021-03-11 16:28:38.0	Ana3 - 3: T.Abluft	21.1
2021-03-11 16:28:38.0	Ana4 - 4: T.Fortluft	17.2
2021-03-11 16:28:38.0	Ana5 - 5: T.Raum	9999.9
2021-03-11 16:28:38.0	Ana9 - 9: T.Zuluft WRG warm	20.4
2021-03-11 16:28:48.0	Ana1 - 1: T.Au?en	14.2
2021-03-11 16:28:48.0	Ana2 - 2: T.Zuluft	19.0
2021-03-11 16:28:48.0	Ana3 - 3: T.Abluft	21.1
2021-03-11 16:28:48.0	Ana4 - 4: T.Fortluft	17.2
2021-03-11 16:28:48.0	Ana5 - 5: T.Raum	9999.9
2021-03-11 16:28:48.0	Ana9 - 9: T.Zuluft WRG warm	20.4
2021-03-11 16:28:58.0	Ana1 - 1: T.Au?en	14.2
2021-03-11 16:28:58.0	Ana2 - 2: T.Zuluft	19.0
2021-03-11 16:28:58.0	Ana3 - 3: T.Abluft	21.1
2021-03-11 16:28:58.0	Ana4 - 4: T.Fortluft	17.2
2021-03-11 16:28:58.0	Ana5 - 5: T.Raum	9999.9
2021-03-11 16:28:58.0	Ana9 - 9: T.Zuluft WRG warm	20.4
2021-03-11 16:29:08.0	Ana1 - 1: T.Au?en	14.2
2021-03-11 16:29:08.0	Ana2 - 2: T.Zuluft	19.0
2021-03-11 16:29:08.0	Ana3 - 3: T.Abluft	21.1
2021-03-11 16:29:08.0	Ana4 - 4: T.Fortluft	17.2
2021-03-11 16:29:08.0	Ana5 - 5: T.Raum	9999.9
2021-03-11 16:29:08.0	Ana9 - 9: T.Zuluft WRG warm	20.4
2021-03-11 16:29:18.0	Ana1 - 1: T.Au?en	14.2
2021-03-11 16:29:18.0	Ana2 - 2: T.Zuluft	19.0
2021-03-11 16:29:18.0	Ana3 - 3: T.Abluft	21.1
2021-03-11 16:29:18.0	Ana4 - 4: T.Fortluft	17.2
2021-03-11 16:29:18.0	Ana5 - 5: T.Raum	9999.9
2021-03-11 16:29:18.0	Ana9 - 9: T.Zuluft WRG warm	20.4
2021-03-11 16:29:28.0	Ana1 - 1: T.Au?en	14.2
2021-03-11 16:29:28.0	Ana2 - 2: T.Zuluft	19.0
2021-03-11 16:29:28.0	Ana3 - 3: T.Abluft	21.1
2021-03-11 16:29:28.0	Ana4 - 4: T.Fortluft	17.2
2021-03-11 16:29:28.0	Ana5 - 5: T.Raum	9999.9
2021-03-11 16:29:28.0	Ana9 - 9: T.Zuluft WRG warm	20.4
2021-03-11 16:29:38.0	Ana1 - 1: T.Au?en	14.2
2021-03-11 16:29:38.0	Ana2 - 2: T.Zuluft	19.0
2021-03-11 16:29:38.0	Ana3 - 3: T.Abluft	21.1
2021-03-11 16:29:38.0	Ana4 - 4: T.Fortluft	17.2
2021-03-11 16:29:38.0	Ana5 - 5: T.Raum	9999.9
2021-03-11 16:29:38.0	Ana9 - 9: T.Zuluft WRG warm	20.4
2021-03-11 16:29:48.0	Ana1 - 1: T.Au?en	14.2
2021-03-11 16:29:48.0	Ana2 - 2: T.Zuluft	19.0
2021-03-11 16:29:48.0	Ana3 - 3: T.Abluft	21.1
2021-03-11 16:29:48.0	Ana4 - 4: T.Fortluft	17.2
2021-03-11 16:29:48.0	Ana5 - 5: T.Raum	9999.9
2021-03-11 16:29:48.0	Ana9 - 9: T.Zuluft WRG warm	20.4
2021-03-11 16:29:58.0	Ana1 - 1: T.Au?en	14.2
2021-03-11 16:29:58.0	Ana2 - 2: T.Zuluft	19.0
2021-03-11 16:29:58.0	Ana3 - 3: T.Abluft	21.1
2021-03-11 16:29:58.0	Ana4 - 4: T.Fortluft	17.2
2021-03-11 16:29:58.0	Ana5 - 5: T.Raum	9999.9
2021-03-11 16:29:58.0	Ana9 - 9: T.Zuluft WRG warm	20.4
2021-03-11 16:30:08.0	Ana1 - 1: T.Au?en	14.2
2021-03-11 16:30:08.0	Ana2 - 2: T.Zuluft	19.0
2021-03-11 16:30:08.0	Ana3 - 3: T.Abluft	21.2
2021-03-11 16:30:08.0	Ana4 - 4: T.Fortluft	17.2
2021-03-11 16:30:08.0	Ana5 - 5: T.Raum	9999.9
2021-03-11 16:30:08.0	Ana9 - 9: T.Zuluft WRG warm	20.4
2021-03-11 16:30:18.0	Ana1 - 1: T.Au?en	14.1
2021-03-11 16:30:18.0	Ana2 - 2: T.Zuluft	19.0
2021-03-11 16:30:18.0	Ana3 - 3: T.Abluft	21.1
2021-03-11 16:30:18.0	Ana4 - 4: T.Fortluft	17.2
2021-03-11 16:30:18.0	Ana5 - 5: T.Raum	9999.9
2021-03-11 16:30:18.0	Ana9 - 9: T.Zuluft WRG warm	20.4
2021-03-11 16:30:28.0	Ana1 - 1: T.Au?en	14.1
2021-03-11 16:30:28.0	Ana2 - 2: T.Zuluft	19.0
2021-03-11 16:30:28.0	Ana3 - 3: T.Abluft	21.1
2021-03-11 16:30:28.0	Ana4 - 4: T.Fortluft	17.2
2021-03-11 16:30:28.0	Ana5 - 5: T.Raum	9999.9
2021-03-11 16:30:28.0	Ana9 - 9: T.Zuluft WRG warm	20.4
2021-03-11 16:30:38.0	Ana1 - 1: T.Au?en	14.1
2021-03-11 16:30:38.0	Ana2 - 2: T.Zuluft	19.0
2021-03-11 16:30:38.0	Ana3 - 3: T.Abluft	21.1
2021-03-11 16:30:38.0	Ana4 - 4: T.Fortluft	17.2
2021-03-11 16:30:38.0	Ana5 - 5: T.Raum	9999.9
2021-03-11 16:30:38.0	Ana9 - 9: T.Zuluft WRG warm	20.4
2021-03-11 16:30:48.0	Ana1 - 1: T.Au?en	14.1
2021-03-11 16:30:48.0	Ana2 - 2: T.Zuluft	19.0
2021-03-11 16:30:48.0	Ana3 - 3: T.Abluft	21.1
2021-03-11 16:30:48.0	Ana4 - 4: T.Fortluft	17.2
2021-03-11 16:30:48.0	Ana5 - 5: T.Raum	9999.9
2021-03-11 16:30:48.0	Ana9 - 9: T.Zuluft WRG warm	20.4
2021-03-11 16:30:58.0	Ana1 - 1: T.Au?en	14.1
2021-03-11 16:30:58.0	Ana2 - 2: T.Zuluft	19.0
2021-03-11 16:30:58.0	Ana3 - 3: T.Abluft	21.1
2021-03-11 16:30:58.0	Ana4 - 4: T.Fortluft	17.2
2021-03-11 16:30:58.0	Ana5 - 5: T.Raum	9999.9
2021-03-11 16:30:58.0	Ana9 - 9: T.Zuluft WRG warm	20.4
2021-03-11 16:31:08.0	Ana1 - 1: T.Au?en	14.0
2021-03-11 16:31:08.0	Ana2 - 2: T.Zuluft	19.0
2021-03-11 16:31:08.0	Ana3 - 3: T.Abluft	21.1
2021-03-11 16:31:08.0	Ana4 - 4: T.Fortluft	17.2
2021-03-11 16:31:08.0	Ana5 - 5: T.Raum	9999.9
2021-03-11 16:31:08.0	Ana9 - 9: T.Zuluft WRG warm	20.4
2021-03-11 16:31:18.0	Ana1 - 1: T.Au?en	14.0
2021-03-11 16:31:18.0	Ana2 - 2: T.Zuluft	19.0
2021-03-11 16:31:18.0	Ana3 - 3: T.Abluft	21.1
2021-03-11 16:31:18.0	Ana4 - 4: T.Fortluft	17.2
2021-03-11 16:31:18.0	Ana5 - 5: T.Raum	9999.9
2021-03-11 16:31:18.0	Ana9 - 9: T.Zuluft WRG warm	20.4
2021-03-11 16:31:28.0	Ana1 - 1: T.Au?en	14.0
2021-03-11 16:31:28.0	Ana2 - 2: T.Zuluft	19.0
2021-03-11 16:31:28.0	Ana3 - 3: T.Abluft	21.1
2021-03-11 16:31:28.0	Ana4 - 4: T.Fortluft	17.2
2021-03-11 16:31:28.0	Ana5 - 5: T.Raum	9999.9
2021-03-11 16:31:28.0	Ana9 - 9: T.Zuluft WRG warm	20.4
2021-03-11 16:31:38.0	Ana1 - 1: T.Au?en	14.0
2021-03-11 16:31:38.0	Ana2 - 2: T.Zuluft	19.0
2021-03-11 16:31:38.0	Ana3 - 3: T.Abluft	21.1
2021-03-11 16:31:38.0	Ana4 - 4: T.Fortluft	17.2
2021-03-11 16:31:38.0	Ana5 - 5: T.Raum	9999.9
2021-03-11 16:31:38.0	Ana9 - 9: T.Zuluft WRG warm	20.4
2021-03-11 16:31:48.0	Ana1 - 1: T.Au?en	14.0
2021-03-11 16:31:48.0	Ana2 - 2: T.Zuluft	19.0
2021-03-11 16:31:48.0	Ana3 - 3: T.Abluft	21.1
2021-03-11 16:31:48.0	Ana4 - 4: T.Fortluft	17.2
2021-03-11 16:31:48.0	Ana5 - 5: T.Raum	9999.9
2021-03-11 16:31:48.0	Ana9 - 9: T.Zuluft WRG warm	20.4
2021-03-11 16:31:58.0	Ana1 - 1: T.Au?en	14.1
2021-03-11 16:31:58.0	Ana2 - 2: T.Zuluft	19.0
2021-03-11 16:31:58.0	Ana3 - 3: T.Abluft	21.1
2021-03-11 16:31:58.0	Ana4 - 4: T.Fortluft	17.2
2021-03-11 16:31:58.0	Ana5 - 5: T.Raum	9999.9
2021-03-11 16:31:58.0	Ana9 - 9: T.Zuluft WRG warm	20.4
2021-03-11 16:32:08.0	Ana1 - 1: T.Au?en	14.0
2021-03-11 16:32:08.0	Ana2 - 2: T.Zuluft	19.0
2021-03-11 16:32:08.0	Ana3 - 3: T.Abluft	21.1
2021-03-11 16:32:08.0	Ana4 - 4: T.Fortluft	17.2
2021-03-11 16:32:08.0	Ana5 - 5: T.Raum	9999.9
2021-03-11 16:32:08.0	Ana9 - 9: T.Zuluft WRG warm	20.4
2021-03-11 16:32:18.0	Ana1 - 1: T.Au?en	14.0
2021-03-11 16:32:18.0	Ana2 - 2: T.Zuluft	19.0
2021-03-11 16:32:18.0	Ana3 - 3: T.Abluft	21.1
2021-03-11 16:32:18.0	Ana4 - 4: T.Fortluft	17.2
2021-03-11 16:32:18.0	Ana5 - 5: T.Raum	9999.9
2021-03-11 16:32:18.0	Ana9 - 9: T.Zuluft WRG warm	20.4
2021-03-11 16:32:28.0	Ana1 - 1: T.Au?en	14.0
2021-03-11 16:32:28.0	Ana2 - 2: T.Zuluft	19.0
2021-03-11 16:32:28.0	Ana3 - 3: T.Abluft	21.1
2021-03-11 16:32:28.0	Ana4 - 4: T.Fortluft	17.2
2021-03-11 16:32:28.0	Ana5 - 5: T.Raum	9999.9
2021-03-11 16:32:28.0	Ana9 - 9: T.Zuluft WRG warm	20.4
2021-03-11 16:32:38.0	Ana1 - 1: T.Au?en	14.0
2021-03-11 16:32:38.0	Ana2 - 2: T.Zuluft	19.0
2021-03-11 16:32:38.0	Ana3 - 3: T.Abluft	21.1
2021-03-11 16:32:38.0	Ana4 - 4: T.Fortluft	17.2
2021-03-11 16:32:38.0	Ana5 - 5: T.Raum	9999.9
2021-03-11 16:32:38.0	Ana9 - 9: T.Zuluft WRG warm	20.4
2021-03-11 16:32:48.0	Ana1 - 1: T.Au?en	14.0
2021-03-11 16:32:48.0	Ana2 - 2: T.Zuluft	19.0
2021-03-11 16:32:48.0	Ana3 - 3: T.Abluft	21.1
2021-03-11 16:32:48.0	Ana4 - 4: T.Fortluft	17.2
2021-03-11 16:32:48.0	Ana5 - 5: T.Raum	9999.9
2021-03-11 16:32:48.0	Ana9 - 9: T.Zuluft WRG warm	20.4
2021-03-11 16:32:58.0	Ana1 - 1: T.Au?en	14.0
2021-03-11 16:32:58.0	Ana2 - 2: T.Zuluft	19.0
2021-03-11 16:32:58.0	Ana3 - 3: T.Abluft	21.1
2021-03-11 16:32:58.0	Ana4 - 4: T.Fortluft	17.2
2021-03-11 16:32:58.0	Ana5 - 5: T.Raum	9999.9
2021-03-11 16:32:58.0	Ana9 - 9: T.Zuluft WRG warm	20.4
2021-03-11 16:33:08.0	Ana1 - 1: T.Au?en	14.0
2021-03-11 16:33:08.0	Ana2 - 2: T.Zuluft	19.0
2021-03-11 16:33:08.0	Ana3 - 3: T.Abluft	21.1
2021-03-11 16:33:08.0	Ana4 - 4: T.Fortluft	17.2
2021-03-11 16:33:08.0	Ana5 - 5: T.Raum	9999.9
2021-03-11 16:33:08.0	Ana9 - 9: T.Zuluft WRG warm	20.4
2021-03-11 16:33:18.0	Ana1 - 1: T.Au?en	14.0
2021-03-11 16:33:18.0	Ana2 - 2: T.Zuluft	19.0
2021-03-11 16:33:18.0	Ana3 - 3: T.Abluft	21.1
2021-03-11 16:33:18.0	Ana4 - 4: T.Fortluft	17.2
2021-03-11 16:33:18.0	Ana5 - 5: T.Raum	9999.9
2021-03-11 16:33:18.0	Ana9 - 9: T.Zuluft WRG warm	20.4
2021-03-11 16:33:28.0	Ana1 - 1: T.Au?en	14.0
2021-03-11 16:33:28.0	Ana2 - 2: T.Zuluft	19.0
2021-03-11 16:33:28.0	Ana3 - 3: T.Abluft	21.1
2021-03-11 16:33:28.0	Ana4 - 4: T.Fortluft	17.2
2021-03-11 16:33:28.0	Ana5 - 5: T.Raum	9999.9
2021-03-11 16:33:28.0	Ana9 - 9: T.Zuluft WRG warm	20.4
2021-03-11 16:33:38.0	Ana1 - 1: T.Au?en	14.0
2021-03-11 16:33:38.0	Ana2 - 2: T.Zuluft	19.0
2021-03-11 16:33:38.0	Ana3 - 3: T.Abluft	21.1
2021-03-11 16:33:38.0	Ana4 - 4: T.Fortluft	17.2
2021-03-11 16:33:38.0	Ana5 - 5: T.Raum	9999.9
2021-03-11 16:33:38.0	Ana9 - 9: T.Zuluft WRG warm	20.4
2021-03-11 16:33:48.0	Ana1 - 1: T.Au?en	14.0
2021-03-11 16:33:48.0	Ana2 - 2: T.Zuluft	19.0
2021-03-11 16:33:48.0	Ana3 - 3: T.Abluft	21.1
2021-03-11 16:33:48.0	Ana4 - 4: T.Fortluft	17.2
2021-03-11 16:33:48.0	Ana5 - 5: T.Raum	9999.9
2021-03-11 16:33:48.0	Ana9 - 9: T.Zuluft WRG warm	20.4
2021-03-11 16:33:58.0	Ana1 - 1: T.Au?en	14.0
2021-03-11 16:33:58.0	Ana2 - 2: T.Zuluft	18.9
2021-03-11 16:33:58.0	Ana3 - 3: T.Abluft	21.1
2021-03-11 16:33:58.0	Ana4 - 4: T.Fortluft	17.2
2021-03-11 16:33:58.0	Ana5 - 5: T.Raum	9999.9
2021-03-11 16:33:58.0	Ana9 - 9: T.Zuluft WRG warm	20.4
2021-03-11 16:34:08.0	Ana1 - 1: T.Au?en	14.0
2021-03-11 16:34:08.0	Ana2 - 2: T.Zuluft	18.9
2021-03-11 16:34:08.0	Ana3 - 3: T.Abluft	21.1
2021-03-11 16:34:08.0	Ana4 - 4: T.Fortluft	17.2
2021-03-11 16:34:08.0	Ana5 - 5: T.Raum	9999.9
2021-03-11 16:34:08.0	Ana9 - 9: T.Zuluft WRG warm	20.4
2021-03-11 16:34:18.0	Ana1 - 1: T.Au?en	13.9
2021-03-11 16:34:18.0	Ana2 - 2: T.Zuluft	19.0
2021-03-11 16:34:18.0	Ana3 - 3: T.Abluft	21.1
2021-03-11 16:34:18.0	Ana4 - 4: T.Fortluft	17.2
2021-03-11 16:34:18.0	Ana5 - 5: T.Raum	9999.9
2021-03-11 16:34:18.0	Ana9 - 9: T.Zuluft WRG warm	20.4
2021-03-11 16:34:28.0	Ana1 - 1: T.Au?en	13.9
2021-03-11 16:34:28.0	Ana2 - 2: T.Zuluft	19.0
2021-03-11 16:34:28.0	Ana3 - 3: T.Abluft	21.1
2021-03-11 16:34:28.0	Ana4 - 4: T.Fortluft	17.2
2021-03-11 16:34:28.0	Ana5 - 5: T.Raum	9999.9
2021-03-11 16:34:28.0	Ana9 - 9: T.Zuluft WRG warm	20.4
2021-03-11 16:34:38.0	Ana1 - 1: T.Au?en	13.9
2021-03-11 16:34:38.0	Ana2 - 2: T.Zuluft	19.0
2021-03-11 16:34:38.0	Ana3 - 3: T.Abluft	21.1
2021-03-11 16:34:38.0	Ana4 - 4: T.Fortluft	17.2
2021-03-11 16:34:38.0	Ana5 - 5: T.Raum	9999.9
2021-03-11 16:34:38.0	Ana9 - 9: T.Zuluft WRG warm	20.4
2021-03-11 16:34:48.0	Ana1 - 1: T.Au?en	13.9
2021-03-11 16:34:48.0	Ana2 - 2: T.Zuluft	19.0
2021-03-11 16:34:48.0	Ana3 - 3: T.Abluft	21.1
2021-03-11 16:34:48.0	Ana4 - 4: T.Fortluft	17.2
2021-03-11 16:34:48.0	Ana5 - 5: T.Raum	9999.9
2021-03-11 16:34:48.0	Ana9 - 9: T.Zuluft WRG warm	20.4
2021-03-11 16:34:58.0	Ana1 - 1: T.Au?en	13.9
2021-03-11 16:34:58.0	Ana2 - 2: T.Zuluft	19.0
2021-03-11 16:34:58.0	Ana3 - 3: T.Abluft	21.1
2021-03-11 16:34:58.0	Ana4 - 4: T.Fortluft	17.2
2021-03-11 16:34:58.0	Ana5 - 5: T.Raum	9999.9
2021-03-11 16:34:58.0	Ana9 - 9: T.Zuluft WRG warm	20.4
2021-03-11 16:35:08.0	Ana1 - 1: T.Au?en	13.9
2021-03-11 16:35:08.0	Ana2 - 2: T.Zuluft	19.0
2021-03-11 16:35:08.0	Ana3 - 3: T.Abluft	21.1
2021-03-11 16:35:08.0	Ana4 - 4: T.Fortluft	17.2
2021-03-11 16:35:08.0	Ana5 - 5: T.Raum	9999.9
2021-03-11 16:35:08.0	Ana9 - 9: T.Zuluft WRG warm	20.4
2021-03-11 16:35:18.0	Ana1 - 1: T.Au?en	13.9
2021-03-11 16:35:18.0	Ana2 - 2: T.Zuluft	18.9
2021-03-11 16:35:18.0	Ana3 - 3: T.Abluft	21.1
2021-03-11 16:35:18.0	Ana4 - 4: T.Fortluft	17.2
2021-03-11 16:35:18.0	Ana5 - 5: T.Raum	9999.9
2021-03-11 16:35:18.0	Ana9 - 9: T.Zuluft WRG warm	20.4
2021-03-11 16:35:28.0	Ana1 - 1: T.Au?en	13.9
2021-03-11 16:35:28.0	Ana2 - 2: T.Zuluft	19.0
2021-03-11 16:35:28.0	Ana3 - 3: T.Abluft	21.1
2021-03-11 16:35:28.0	Ana4 - 4: T.Fortluft	17.2
2021-03-11 16:35:28.0	Ana5 - 5: T.Raum	9999.9
2021-03-11 16:35:28.0	Ana9 - 9: T.Zuluft WRG warm	20.4
2021-03-11 16:35:38.0	Ana1 - 1: T.Au?en	13.9
2021-03-11 16:35:38.0	Ana2 - 2: T.Zuluft	18.9
2021-03-11 16:35:38.0	Ana3 - 3: T.Abluft	21.1
2021-03-11 16:35:38.0	Ana4 - 4: T.Fortluft	17.2
2021-03-11 16:35:38.0	Ana5 - 5: T.Raum	9999.9
2021-03-11 16:35:38.0	Ana9 - 9: T.Zuluft WRG warm	20.4
2021-03-11 16:35:48.0	Ana1 - 1: T.Au?en	13.9
2021-03-11 16:35:48.0	Ana2 - 2: T.Zuluft	18.9
2021-03-11 16:35:48.0	Ana3 - 3: T.Abluft	21.1
2021-03-11 16:35:48.0	Ana4 - 4: T.Fortluft	17.2
2021-03-11 16:35:48.0	Ana5 - 5: T.Raum	9999.9
2021-03-11 16:35:48.0	Ana9 - 9: T.Zuluft WRG warm	20.4
2021-03-11 16:35:58.0	Ana1 - 1: T.Au?en	13.9
2021-03-11 16:35:58.0	Ana2 - 2: T.Zuluft	18.9
2021-03-11 16:35:58.0	Ana3 - 3: T.Abluft	21.1
2021-03-11 16:35:58.0	Ana4 - 4: T.Fortluft	17.2
2021-03-11 16:35:58.0	Ana5 - 5: T.Raum	9999.9
2021-03-11 16:35:58.0	Ana9 - 9: T.Zuluft WRG warm	20.4
2021-03-11 16:36:08.0	Ana1 - 1: T.Au?en	13.9
2021-03-11 16:36:08.0	Ana2 - 2: T.Zuluft	19.0
2021-03-11 16:36:08.0	Ana3 - 3: T.Abluft	21.1
2021-03-11 16:36:08.0	Ana4 - 4: T.Fortluft	17.2
2021-03-11 16:36:08.0	Ana5 - 5: T.Raum	9999.9
2021-03-11 16:36:08.0	Ana9 - 9: T.Zuluft WRG warm	20.4
2021-03-11 16:36:18.0	Ana1 - 1: T.Au?en	13.9
2021-03-11 16:36:18.0	Ana2 - 2: T.Zuluft	19.0
2021-03-11 16:36:18.0	Ana3 - 3: T.Abluft	21.1
2021-03-11 16:36:18.0	Ana4 - 4: T.Fortluft	17.2
2021-03-11 16:36:18.0	Ana5 - 5: T.Raum	9999.9
2021-03-11 16:36:18.0	Ana9 - 9: T.Zuluft WRG warm	20.4
2021-03-11 16:36:28.0	Ana1 - 1: T.Au?en	13.9
2021-03-11 16:36:28.0	Ana2 - 2: T.Zuluft	19.0
2021-03-11 16:36:28.0	Ana3 - 3: T.Abluft	21.1
2021-03-11 16:36:28.0	Ana4 - 4: T.Fortluft	17.2
2021-03-11 16:36:28.0	Ana5 - 5: T.Raum	9999.9
2021-03-11 16:36:28.0	Ana9 - 9: T.Zuluft WRG warm	20.4
2021-03-11 16:36:38.0	Ana1 - 1: T.Au?en	13.9
2021-03-11 16:36:38.0	Ana2 - 2: T.Zuluft	19.0
2021-03-11 16:36:38.0	Ana3 - 3: T.Abluft	21.1
2021-03-11 16:36:38.0	Ana4 - 4: T.Fortluft	17.2
2021-03-11 16:36:38.0	Ana5 - 5: T.Raum	9999.9
2021-03-11 16:36:38.0	Ana9 - 9: T.Zuluft WRG warm	20.4
2021-03-11 16:36:48.0	Ana1 - 1: T.Au?en	13.9
2021-03-11 16:36:48.0	Ana2 - 2: T.Zuluft	18.9
2021-03-11 16:36:48.0	Ana3 - 3: T.Abluft	21.1
2021-03-11 16:36:48.0	Ana4 - 4: T.Fortluft	17.2
2021-03-11 16:36:48.0	Ana5 - 5: T.Raum	9999.9
2021-03-11 16:36:48.0	Ana9 - 9: T.Zuluft WRG warm	20.4
2021-03-11 16:36:58.0	Ana1 - 1: T.Au?en	13.9
2021-03-11 16:36:58.0	Ana2 - 2: T.Zuluft	19.0
2021-03-11 16:36:58.0	Ana3 - 3: T.Abluft	21.1
2021-03-11 16:36:58.0	Ana4 - 4: T.Fortluft	17.2
2021-03-11 16:36:58.0	Ana5 - 5: T.Raum	9999.9
2021-03-11 16:36:58.0	Ana9 - 9: T.Zuluft WRG warm	20.4
2021-03-11 16:37:08.0	Ana1 - 1: T.Au?en	13.9
2021-03-11 16:37:08.0	Ana2 - 2: T.Zuluft	18.9
2021-03-11 16:37:08.0	Ana3 - 3: T.Abluft	21.1
2021-03-11 16:37:08.0	Ana4 - 4: T.Fortluft	17.2
2021-03-11 16:37:08.0	Ana5 - 5: T.Raum	9999.9
2021-03-11 16:37:08.0	Ana9 - 9: T.Zuluft WRG warm	20.4
2021-03-11 16:37:18.0	Ana1 - 1: T.Au?en	13.9
2021-03-11 16:37:18.0	Ana2 - 2: T.Zuluft	18.9
2021-03-11 16:37:18.0	Ana3 - 3: T.Abluft	21.1
2021-03-11 16:37:18.0	Ana4 - 4: T.Fortluft	17.2
2021-03-11 16:37:18.0	Ana5 - 5: T.Raum	9999.9
2021-03-11 16:37:18.0	Ana9 - 9: T.Zuluft WRG warm	20.4
2021-03-11 16:37:28.0	Ana1 - 1: T.Au?en	13.9
2021-03-11 16:37:28.0	Ana2 - 2: T.Zuluft	18.9
2021-03-11 16:37:28.0	Ana3 - 3: T.Abluft	21.2
2021-03-11 16:37:28.0	Ana4 - 4: T.Fortluft	17.2
2021-03-11 16:37:28.0	Ana5 - 5: T.Raum	9999.9
2021-03-11 16:37:28.0	Ana9 - 9: T.Zuluft WRG warm	20.4
2021-03-11 16:37:38.0	Ana1 - 1: T.Au?en	13.9
2021-03-11 16:37:38.0	Ana2 - 2: T.Zuluft	18.9
2021-03-11 16:37:38.0	Ana3 - 3: T.Abluft	21.1
2021-03-11 16:37:38.0	Ana4 - 4: T.Fortluft	17.2
2021-03-11 16:37:38.0	Ana5 - 5: T.Raum	9999.9
2021-03-11 16:37:38.0	Ana9 - 9: T.Zuluft WRG warm	20.4
2021-03-11 16:37:48.0	Ana1 - 1: T.Au?en	13.9
2021-03-11 16:37:48.0	Ana2 - 2: T.Zuluft	18.9
2021-03-11 16:37:48.0	Ana3 - 3: T.Abluft	21.2
2021-03-11 16:37:48.0	Ana4 - 4: T.Fortluft	17.2
2021-03-11 16:37:48.0	Ana5 - 5: T.Raum	9999.9
2021-03-11 16:37:48.0	Ana9 - 9: T.Zuluft WRG warm	20.4
2021-03-11 16:37:58.0	Ana1 - 1: T.Au?en	13.9
2021-03-11 16:37:58.0	Ana2 - 2: T.Zuluft	18.9
2021-03-11 16:37:58.0	Ana3 - 3: T.Abluft	21.1
2021-03-11 16:37:58.0	Ana4 - 4: T.Fortluft	17.2
2021-03-11 16:37:58.0	Ana5 - 5: T.Raum	9999.9
2021-03-11 16:37:58.0	Ana9 - 9: T.Zuluft WRG warm	20.4
2021-03-11 16:38:08.0	Ana1 - 1: T.Au?en	13.9
2021-03-11 16:38:08.0	Ana2 - 2: T.Zuluft	18.9
2021-03-11 16:38:08.0	Ana3 - 3: T.Abluft	21.1
2021-03-11 16:38:08.0	Ana4 - 4: T.Fortluft	17.2
2021-03-11 16:38:08.0	Ana5 - 5: T.Raum	9999.9
2021-03-11 16:38:08.0	Ana9 - 9: T.Zuluft WRG warm	20.4
2021-03-11 16:38:18.0	Ana1 - 1: T.Au?en	13.9
2021-03-11 16:38:18.0	Ana2 - 2: T.Zuluft	18.9
2021-03-11 16:38:18.0	Ana3 - 3: T.Abluft	21.1
2021-03-11 16:38:18.0	Ana4 - 4: T.Fortluft	17.2
2021-03-11 16:38:18.0	Ana5 - 5: T.Raum	9999.9
2021-03-11 16:38:18.0	Ana9 - 9: T.Zuluft WRG warm	20.4
2021-03-11 16:38:28.0	Ana1 - 1: T.Au?en	13.9
2021-03-11 16:38:28.0	Ana2 - 2: T.Zuluft	18.9
2021-03-11 16:38:28.0	Ana3 - 3: T.Abluft	21.1
2021-03-11 16:38:28.0	Ana4 - 4: T.Fortluft	17.2
2021-03-11 16:38:28.0	Ana5 - 5: T.Raum	9999.9
2021-03-11 16:38:28.0	Ana9 - 9: T.Zuluft WRG warm	20.4
2021-03-11 16:38:38.0	Ana1 - 1: T.Au?en	13.9
2021-03-11 16:38:38.0	Ana2 - 2: T.Zuluft	18.9
2021-03-11 16:38:38.0	Ana3 - 3: T.Abluft	21.1
2021-03-11 16:38:38.0	Ana4 - 4: T.Fortluft	17.2
2021-03-11 16:38:38.0	Ana5 - 5: T.Raum	9999.9
2021-03-11 16:38:38.0	Ana9 - 9: T.Zuluft WRG warm	20.4
2021-03-11 16:38:48.0	Ana1 - 1: T.Au?en	13.8
2021-03-11 16:38:48.0	Ana2 - 2: T.Zuluft	18.9
2021-03-11 16:38:48.0	Ana3 - 3: T.Abluft	21.1
2021-03-11 16:38:48.0	Ana4 - 4: T.Fortluft	17.2
2021-03-11 16:38:48.0	Ana5 - 5: T.Raum	9999.9
2021-03-11 16:38:48.0	Ana9 - 9: T.Zuluft WRG warm	20.4
2021-03-11 16:38:58.0	Ana1 - 1: T.Au?en	13.8
2021-03-11 16:38:58.0	Ana2 - 2: T.Zuluft	18.9
2021-03-11 16:38:58.0	Ana3 - 3: T.Abluft	21.1
2021-03-11 16:38:58.0	Ana4 - 4: T.Fortluft	17.2
2021-03-11 16:38:58.0	Ana5 - 5: T.Raum	9999.9
2021-03-11 16:38:58.0	Ana9 - 9: T.Zuluft WRG warm	20.4
2021-03-11 16:39:08.0	Ana1 - 1: T.Au?en	13.8
2021-03-11 16:39:08.0	Ana2 - 2: T.Zuluft	18.9
2021-03-11 16:39:08.0	Ana3 - 3: T.Abluft	21.2
2021-03-11 16:39:08.0	Ana4 - 4: T.Fortluft	17.2
2021-03-11 16:39:08.0	Ana5 - 5: T.Raum	9999.9
2021-03-11 16:39:08.0	Ana9 - 9: T.Zuluft WRG warm	20.4
2021-03-11 16:39:18.0	Ana1 - 1: T.Au?en	13.8
2021-03-11 16:39:18.0	Ana2 - 2: T.Zuluft	18.9
2021-03-11 16:39:18.0	Ana3 - 3: T.Abluft	21.1
2021-03-11 16:39:18.0	Ana4 - 4: T.Fortluft	17.2
2021-03-11 16:39:18.0	Ana5 - 5: T.Raum	9999.9
2021-03-11 16:39:18.0	Ana9 - 9: T.Zuluft WRG warm	20.4
2021-03-11 16:39:28.0	Ana1 - 1: T.Au?en	13.8
2021-03-11 16:39:28.0	Ana2 - 2: T.Zuluft	18.9
2021-03-11 16:39:28.0	Ana3 - 3: T.Abluft	21.1
2021-03-11 16:39:28.0	Ana4 - 4: T.Fortluft	17.2
2021-03-11 16:39:28.0	Ana5 - 5: T.Raum	9999.9
2021-03-11 16:39:28.0	Ana9 - 9: T.Zuluft WRG warm	20.4
2021-03-11 16:39:38.0	Ana1 - 1: T.Au?en	13.8
2021-03-11 16:39:38.0	Ana2 - 2: T.Zuluft	18.9
2021-03-11 16:39:38.0	Ana3 - 3: T.Abluft	21.1
2021-03-11 16:39:38.0	Ana4 - 4: T.Fortluft	17.2
2021-03-11 16:39:38.0	Ana5 - 5: T.Raum	9999.9
2021-03-11 16:39:38.0	Ana9 - 9: T.Zuluft WRG warm	20.4
2021-03-11 16:39:48.0	Ana1 - 1: T.Au?en	13.8
2021-03-11 16:39:48.0	Ana2 - 2: T.Zuluft	18.9
2021-03-11 16:39:48.0	Ana3 - 3: T.Abluft	21.1
2021-03-11 16:39:48.0	Ana4 - 4: T.Fortluft	17.2
2021-03-11 16:39:48.0	Ana5 - 5: T.Raum	9999.9
2021-03-11 16:39:48.0	Ana9 - 9: T.Zuluft WRG warm	20.4
2021-03-11 16:39:58.0	Ana1 - 1: T.Au?en	13.8
2021-03-11 16:39:58.0	Ana2 - 2: T.Zuluft	18.9
2021-03-11 16:39:58.0	Ana3 - 3: T.Abluft	21.1
2021-03-11 16:39:58.0	Ana4 - 4: T.Fortluft	17.2
2021-03-11 16:39:58.0	Ana5 - 5: T.Raum	9999.9
2021-03-11 16:39:58.0	Ana9 - 9: T.Zuluft WRG warm	20.4
2021-03-11 16:40:08.0	Ana1 - 1: T.Au?en	13.8
2021-03-11 16:40:08.0	Ana2 - 2: T.Zuluft	18.9
2021-03-11 16:40:08.0	Ana3 - 3: T.Abluft	21.2
2021-03-11 16:40:08.0	Ana4 - 4: T.Fortluft	17.2
2021-03-11 16:40:08.0	Ana5 - 5: T.Raum	9999.9
2021-03-11 16:40:08.0	Ana9 - 9: T.Zuluft WRG warm	20.4
2021-03-11 16:40:18.0	Ana1 - 1: T.Au?en	13.8
2021-03-11 16:40:18.0	Ana2 - 2: T.Zuluft	18.9
2021-03-11 16:40:18.0	Ana3 - 3: T.Abluft	21.1
2021-03-11 16:40:18.0	Ana4 - 4: T.Fortluft	17.2
2021-03-11 16:40:18.0	Ana5 - 5: T.Raum	9999.9
2021-03-11 16:40:18.0	Ana9 - 9: T.Zuluft WRG warm	20.4
2021-03-11 16:40:28.0	Ana1 - 1: T.Au?en	13.8
2021-03-11 16:40:28.0	Ana2 - 2: T.Zuluft	18.9
2021-03-11 16:40:28.0	Ana3 - 3: T.Abluft	21.2
2021-03-11 16:40:28.0	Ana4 - 4: T.Fortluft	17.2
2021-03-11 16:40:28.0	Ana5 - 5: T.Raum	9999.9
2021-03-11 16:40:28.0	Ana9 - 9: T.Zuluft WRG warm	20.4
2021-03-11 16:40:38.0	Ana1 - 1: T.Au?en	13.9
2021-03-11 16:40:38.0	Ana2 - 2: T.Zuluft	18.9
2021-03-11 16:40:38.0	Ana3 - 3: T.Abluft	21.1
2021-03-11 16:40:38.0	Ana4 - 4: T.Fortluft	17.2
2021-03-11 16:40:38.0	Ana5 - 5: T.Raum	9999.9
2021-03-11 16:40:38.0	Ana9 - 9: T.Zuluft WRG warm	20.4
2021-03-11 16:40:48.0	Ana1 - 1: T.Au?en	13.9
2021-03-11 16:40:48.0	Ana2 - 2: T.Zuluft	18.9
2021-03-11 16:40:48.0	Ana3 - 3: T.Abluft	21.1
2021-03-11 16:40:48.0	Ana4 - 4: T.Fortluft	17.2
2021-03-11 16:40:48.0	Ana5 - 5: T.Raum	9999.9
2021-03-11 16:40:48.0	Ana9 - 9: T.Zuluft WRG warm	20.4
2021-03-11 16:40:58.0	Ana1 - 1: T.Au?en	13.9
2021-03-11 16:40:58.0	Ana2 - 2: T.Zuluft	18.9
2021-03-11 16:40:58.0	Ana3 - 3: T.Abluft	21.1
2021-03-11 16:40:58.0	Ana4 - 4: T.Fortluft	17.1
2021-03-11 16:40:58.0	Ana5 - 5: T.Raum	9999.9
2021-03-11 16:40:58.0	Ana9 - 9: T.Zuluft WRG warm	20.4
2021-03-11 16:41:08.0	Ana1 - 1: T.Au?en	13.8
2021-03-11 16:41:08.0	Ana2 - 2: T.Zuluft	18.9
2021-03-11 16:41:08.0	Ana3 - 3: T.Abluft	21.1
2021-03-11 16:41:08.0	Ana4 - 4: T.Fortluft	17.2
2021-03-11 16:41:08.0	Ana5 - 5: T.Raum	9999.9
2021-03-11 16:41:08.0	Ana9 - 9: T.Zuluft WRG warm	20.4
2021-03-11 16:41:18.0	Ana1 - 1: T.Au?en	13.8
2021-03-11 16:41:18.0	Ana2 - 2: T.Zuluft	18.9
2021-03-11 16:41:18.0	Ana3 - 3: T.Abluft	21.2
2021-03-11 16:41:18.0	Ana4 - 4: T.Fortluft	17.2
2021-03-11 16:41:18.0	Ana5 - 5: T.Raum	9999.9
2021-03-11 16:41:18.0	Ana9 - 9: T.Zuluft WRG warm	20.4
2021-03-11 16:41:28.0	Ana1 - 1: T.Au?en	13.9
2021-03-11 16:41:28.0	Ana2 - 2: T.Zuluft	18.9
2021-03-11 16:41:28.0	Ana3 - 3: T.Abluft	21.1
2021-03-11 16:41:28.0	Ana4 - 4: T.Fortluft	17.2
2021-03-11 16:41:28.0	Ana5 - 5: T.Raum	9999.9
2021-03-11 16:41:28.0	Ana9 - 9: T.Zuluft WRG warm	20.4
2021-03-11 16:41:38.0	Ana1 - 1: T.Au?en	13.9
2021-03-11 16:41:38.0	Ana2 - 2: T.Zuluft	18.9
2021-03-11 16:41:38.0	Ana3 - 3: T.Abluft	21.1
2021-03-11 16:41:38.0	Ana4 - 4: T.Fortluft	17.2
2021-03-11 16:41:38.0	Ana5 - 5: T.Raum	9999.9
2021-03-11 16:41:38.0	Ana9 - 9: T.Zuluft WRG warm	20.4
2021-03-11 16:41:48.0	Ana1 - 1: T.Au?en	13.9
2021-03-11 16:41:48.0	Ana2 - 2: T.Zuluft	18.9
2021-03-11 16:41:48.0	Ana3 - 3: T.Abluft	21.1
2021-03-11 16:41:48.0	Ana4 - 4: T.Fortluft	17.1
2021-03-11 16:41:48.0	Ana5 - 5: T.Raum	9999.9
2021-03-11 16:41:48.0	Ana9 - 9: T.Zuluft WRG warm	20.4
2021-03-11 16:41:58.0	Ana1 - 1: T.Au?en	13.9
2021-03-11 16:41:58.0	Ana2 - 2: T.Zuluft	18.9
2021-03-11 16:41:58.0	Ana3 - 3: T.Abluft	21.1
2021-03-11 16:41:58.0	Ana4 - 4: T.Fortluft	17.1
2021-03-11 16:41:58.0	Ana5 - 5: T.Raum	9999.9
2021-03-11 16:41:58.0	Ana9 - 9: T.Zuluft WRG warm	20.4
2021-03-11 16:42:08.0	Ana1 - 1: T.Au?en	13.9
2021-03-11 16:42:08.0	Ana2 - 2: T.Zuluft	18.9
2021-03-11 16:42:08.0	Ana3 - 3: T.Abluft	21.1
2021-03-11 16:42:08.0	Ana4 - 4: T.Fortluft	17.1
2021-03-11 16:42:08.0	Ana5 - 5: T.Raum	9999.9
2021-03-11 16:42:08.0	Ana9 - 9: T.Zuluft WRG warm	20.4
2021-03-11 16:42:18.0	Ana1 - 1: T.Au?en	13.9
2021-03-11 16:42:18.0	Ana2 - 2: T.Zuluft	18.9
2021-03-11 16:42:18.0	Ana3 - 3: T.Abluft	21.1
2021-03-11 16:42:18.0	Ana4 - 4: T.Fortluft	17.1
2021-03-11 16:42:18.0	Ana5 - 5: T.Raum	9999.9
2021-03-11 16:42:18.0	Ana9 - 9: T.Zuluft WRG warm	20.4
2021-03-11 16:42:28.0	Ana1 - 1: T.Au?en	13.9
2021-03-11 16:42:28.0	Ana2 - 2: T.Zuluft	18.9
2021-03-11 16:42:28.0	Ana3 - 3: T.Abluft	21.1
2021-03-11 16:42:28.0	Ana4 - 4: T.Fortluft	17.1
2021-03-11 16:42:28.0	Ana5 - 5: T.Raum	9999.9
2021-03-11 16:42:28.0	Ana9 - 9: T.Zuluft WRG warm	20.4
2021-03-11 16:42:38.0	Ana1 - 1: T.Au?en	13.8
2021-03-11 16:42:38.0	Ana2 - 2: T.Zuluft	18.9
2021-03-11 16:42:38.0	Ana3 - 3: T.Abluft	21.1
2021-03-11 16:42:38.0	Ana4 - 4: T.Fortluft	17.1
2021-03-11 16:42:38.0	Ana5 - 5: T.Raum	9999.9
2021-03-11 16:42:38.0	Ana9 - 9: T.Zuluft WRG warm	20.4
2021-03-11 16:42:48.0	Ana1 - 1: T.Au?en	13.8
2021-03-11 16:42:48.0	Ana2 - 2: T.Zuluft	18.9
2021-03-11 16:42:48.0	Ana3 - 3: T.Abluft	21.1
2021-03-11 16:42:48.0	Ana4 - 4: T.Fortluft	17.1
2021-03-11 16:42:48.0	Ana5 - 5: T.Raum	9999.9
2021-03-11 16:42:48.0	Ana9 - 9: T.Zuluft WRG warm	20.4
2021-03-11 16:42:58.0	Ana1 - 1: T.Au?en	13.8
2021-03-11 16:42:58.0	Ana2 - 2: T.Zuluft	18.9
2021-03-11 16:42:58.0	Ana3 - 3: T.Abluft	21.1
2021-03-11 16:42:58.0	Ana4 - 4: T.Fortluft	17.1
2021-03-11 16:42:58.0	Ana5 - 5: T.Raum	9999.9
2021-03-11 16:42:58.0	Ana9 - 9: T.Zuluft WRG warm	20.4
2021-03-11 16:43:08.0	Ana1 - 1: T.Au?en	13.8
2021-03-11 16:43:08.0	Ana2 - 2: T.Zuluft	18.9
2021-03-11 16:43:08.0	Ana3 - 3: T.Abluft	21.1
2021-03-11 16:43:08.0	Ana4 - 4: T.Fortluft	17.1
2021-03-11 16:43:08.0	Ana5 - 5: T.Raum	9999.9
2021-03-11 16:43:08.0	Ana9 - 9: T.Zuluft WRG warm	20.4
2021-03-11 16:43:18.0	Ana1 - 1: T.Au?en	13.8
2021-03-11 16:43:18.0	Ana2 - 2: T.Zuluft	18.9
2021-03-11 16:43:18.0	Ana3 - 3: T.Abluft	21.1
2021-03-11 16:43:18.0	Ana4 - 4: T.Fortluft	17.1
2021-03-11 16:43:18.0	Ana5 - 5: T.Raum	9999.9
2021-03-11 16:43:18.0	Ana9 - 9: T.Zuluft WRG warm	20.4
2021-03-11 16:43:28.0	Ana1 - 1: T.Au?en	13.8
2021-03-11 16:43:28.0	Ana2 - 2: T.Zuluft	18.9
2021-03-11 16:43:28.0	Ana3 - 3: T.Abluft	21.1
2021-03-11 16:43:28.0	Ana4 - 4: T.Fortluft	17.1
2021-03-11 16:43:28.0	Ana5 - 5: T.Raum	9999.9
2021-03-11 16:43:28.0	Ana9 - 9: T.Zuluft WRG warm	20.4
2021-03-11 16:43:38.0	Ana1 - 1: T.Au?en	13.8
2021-03-11 16:43:38.0	Ana2 - 2: T.Zuluft	18.9
2021-03-11 16:43:38.0	Ana3 - 3: T.Abluft	21.1
2021-03-11 16:43:38.0	Ana4 - 4: T.Fortluft	17.1
2021-03-11 16:43:38.0	Ana5 - 5: T.Raum	9999.9
2021-03-11 16:43:38.0	Ana9 - 9: T.Zuluft WRG warm	20.4
2021-03-11 16:43:48.0	Ana1 - 1: T.Au?en	13.8
2021-03-11 16:43:48.0	Ana2 - 2: T.Zuluft	18.9
2021-03-11 16:43:48.0	Ana3 - 3: T.Abluft	21.1
2021-03-11 16:43:48.0	Ana4 - 4: T.Fortluft	17.1
2021-03-11 16:43:48.0	Ana5 - 5: T.Raum	9999.9
2021-03-11 16:43:48.0	Ana9 - 9: T.Zuluft WRG warm	20.4
2021-03-11 16:43:58.0	Ana1 - 1: T.Au?en	13.8
2021-03-11 16:43:58.0	Ana2 - 2: T.Zuluft	18.9
2021-03-11 16:43:58.0	Ana3 - 3: T.Abluft	21.2
2021-03-11 16:43:58.0	Ana4 - 4: T.Fortluft	17.1
2021-03-11 16:43:58.0	Ana5 - 5: T.Raum	9999.9
2021-03-11 16:43:58.0	Ana9 - 9: T.Zuluft WRG warm	20.4
2021-03-11 16:44:08.0	Ana1 - 1: T.Au?en	13.8
2021-03-11 16:44:08.0	Ana2 - 2: T.Zuluft	18.9
2021-03-11 16:44:08.0	Ana3 - 3: T.Abluft	21.1
2021-03-11 16:44:08.0	Ana4 - 4: T.Fortluft	17.1
2021-03-11 16:44:08.0	Ana5 - 5: T.Raum	9999.9
2021-03-11 16:44:08.0	Ana9 - 9: T.Zuluft WRG warm	20.4
2021-03-11 16:44:18.0	Ana1 - 1: T.Au?en	13.7
2021-03-11 16:44:18.0	Ana2 - 2: T.Zuluft	18.9
2021-03-11 16:44:18.0	Ana3 - 3: T.Abluft	21.1
2021-03-11 16:44:18.0	Ana4 - 4: T.Fortluft	17.1
2021-03-11 16:44:18.0	Ana5 - 5: T.Raum	9999.9
2021-03-11 16:44:18.0	Ana9 - 9: T.Zuluft WRG warm	20.4
2021-03-11 16:44:28.0	Ana1 - 1: T.Au?en	13.7
2021-03-11 16:44:28.0	Ana2 - 2: T.Zuluft	18.9
2021-03-11 16:44:28.0	Ana3 - 3: T.Abluft	21.1
2021-03-11 16:44:28.0	Ana4 - 4: T.Fortluft	17.1
2021-03-11 16:44:28.0	Ana5 - 5: T.Raum	9999.9
2021-03-11 16:44:28.0	Ana9 - 9: T.Zuluft WRG warm	20.4
2021-03-11 16:44:38.0	Ana1 - 1: T.Au?en	13.7
2021-03-11 16:44:38.0	Ana2 - 2: T.Zuluft	18.9
2021-03-11 16:44:38.0	Ana3 - 3: T.Abluft	21.1
2021-03-11 16:44:38.0	Ana4 - 4: T.Fortluft	17.1
2021-03-11 16:44:38.0	Ana5 - 5: T.Raum	9999.9
2021-03-11 16:44:38.0	Ana9 - 9: T.Zuluft WRG warm	20.4
2021-03-11 16:44:48.0	Ana1 - 1: T.Au?en	13.7
2021-03-11 16:44:48.0	Ana2 - 2: T.Zuluft	18.9
2021-03-11 16:44:48.0	Ana3 - 3: T.Abluft	21.1
2021-03-11 16:44:48.0	Ana4 - 4: T.Fortluft	17.1
2021-03-11 16:44:48.0	Ana5 - 5: T.Raum	9999.9
2021-03-11 16:44:48.0	Ana9 - 9: T.Zuluft WRG warm	20.4
2021-03-11 16:44:58.0	Ana1 - 1: T.Au?en	13.7
2021-03-11 16:44:58.0	Ana2 - 2: T.Zuluft	18.9
2021-03-11 16:44:58.0	Ana3 - 3: T.Abluft	21.1
2021-03-11 16:44:58.0	Ana4 - 4: T.Fortluft	17.1
2021-03-11 16:44:58.0	Ana5 - 5: T.Raum	9999.9
2021-03-11 16:44:58.0	Ana9 - 9: T.Zuluft WRG warm	20.4
2021-03-11 16:45:08.0	Ana1 - 1: T.Au?en	13.7
2021-03-11 16:45:08.0	Ana2 - 2: T.Zuluft	18.9
2021-03-11 16:45:08.0	Ana3 - 3: T.Abluft	21.1
2021-03-11 16:45:08.0	Ana4 - 4: T.Fortluft	17.1
2021-03-11 16:45:08.0	Ana5 - 5: T.Raum	9999.9
2021-03-11 16:45:08.0	Ana9 - 9: T.Zuluft WRG warm	20.4
2021-03-11 16:45:18.0	Ana1 - 1: T.Au?en	13.7
2021-03-11 16:45:18.0	Ana2 - 2: T.Zuluft	18.9
2021-03-11 16:45:18.0	Ana3 - 3: T.Abluft	21.1
2021-03-11 16:45:18.0	Ana4 - 4: T.Fortluft	17.1
2021-03-11 16:45:18.0	Ana5 - 5: T.Raum	9999.9
2021-03-11 16:45:18.0	Ana9 - 9: T.Zuluft WRG warm	20.4
2021-03-11 16:45:28.0	Ana1 - 1: T.Au?en	13.6
2021-03-11 16:45:28.0	Ana2 - 2: T.Zuluft	18.9
2021-03-11 16:45:28.0	Ana3 - 3: T.Abluft	21.1
2021-03-11 16:45:28.0	Ana4 - 4: T.Fortluft	17.1
2021-03-11 16:45:28.0	Ana5 - 5: T.Raum	9999.9
2021-03-11 16:45:28.0	Ana9 - 9: T.Zuluft WRG warm	20.4
2021-03-11 16:45:38.0	Ana1 - 1: T.Au?en	13.6
2021-03-11 16:45:38.0	Ana2 - 2: T.Zuluft	18.9
2021-03-11 16:45:38.0	Ana3 - 3: T.Abluft	21.1
2021-03-11 16:45:38.0	Ana4 - 4: T.Fortluft	17.1
2021-03-11 16:45:38.0	Ana5 - 5: T.Raum	9999.9
2021-03-11 16:45:38.0	Ana9 - 9: T.Zuluft WRG warm	20.4
2021-03-11 16:45:48.0	Ana1 - 1: T.Au?en	13.7
2021-03-11 16:45:48.0	Ana2 - 2: T.Zuluft	18.9
2021-03-11 16:45:48.0	Ana3 - 3: T.Abluft	21.1
2021-03-11 16:45:48.0	Ana4 - 4: T.Fortluft	17.1
2021-03-11 16:45:48.0	Ana5 - 5: T.Raum	9999.9
2021-03-11 16:45:48.0	Ana9 - 9: T.Zuluft WRG warm	20.4
2021-03-11 16:45:58.0	Ana1 - 1: T.Au?en	13.6
2021-03-11 16:45:58.0	Ana2 - 2: T.Zuluft	18.9
2021-03-11 16:45:58.0	Ana3 - 3: T.Abluft	21.1
2021-03-11 16:45:58.0	Ana4 - 4: T.Fortluft	17.1
2021-03-11 16:45:58.0	Ana5 - 5: T.Raum	9999.9
2021-03-11 16:45:58.0	Ana9 - 9: T.Zuluft WRG warm	20.4
2021-03-11 16:46:08.0	Ana1 - 1: T.Au?en	13.6
2021-03-11 16:46:08.0	Ana2 - 2: T.Zuluft	18.9
2021-03-11 16:46:08.0	Ana3 - 3: T.Abluft	21.1
2021-03-11 16:46:08.0	Ana4 - 4: T.Fortluft	17.1
2021-03-11 16:46:08.0	Ana5 - 5: T.Raum	9999.9
2021-03-11 16:46:08.0	Ana9 - 9: T.Zuluft WRG warm	20.4
2021-03-11 16:46:18.0	Ana1 - 1: T.Au?en	13.6
2021-03-11 16:46:18.0	Ana2 - 2: T.Zuluft	18.9
2021-03-11 16:46:18.0	Ana3 - 3: T.Abluft	21.1
2021-03-11 16:46:18.0	Ana4 - 4: T.Fortluft	17.1
2021-03-11 16:46:18.0	Ana5 - 5: T.Raum	9999.9
2021-03-11 16:46:18.0	Ana9 - 9: T.Zuluft WRG warm	20.4
2021-03-11 16:46:28.0	Ana1 - 1: T.Au?en	13.6
2021-03-11 16:46:28.0	Ana2 - 2: T.Zuluft	18.9
2021-03-11 16:46:28.0	Ana3 - 3: T.Abluft	21.2
2021-03-11 16:46:28.0	Ana4 - 4: T.Fortluft	17.1
2021-03-11 16:46:28.0	Ana5 - 5: T.Raum	9999.9
2021-03-11 16:46:28.0	Ana9 - 9: T.Zuluft WRG warm	20.4
2021-03-11 16:46:38.0	Ana1 - 1: T.Au?en	13.6
2021-03-11 16:46:38.0	Ana2 - 2: T.Zuluft	18.9
2021-03-11 16:46:38.0	Ana3 - 3: T.Abluft	21.1
2021-03-11 16:46:38.0	Ana4 - 4: T.Fortluft	17.1
2021-03-11 16:46:38.0	Ana5 - 5: T.Raum	9999.9
2021-03-11 16:46:38.0	Ana9 - 9: T.Zuluft WRG warm	20.4
2021-03-11 16:46:48.0	Ana1 - 1: T.Au?en	13.6
2021-03-11 16:46:48.0	Ana2 - 2: T.Zuluft	18.9
2021-03-11 16:46:48.0	Ana3 - 3: T.Abluft	21.1
2021-03-11 16:46:48.0	Ana4 - 4: T.Fortluft	17.1
2021-03-11 16:46:48.0	Ana5 - 5: T.Raum	9999.9
2021-03-11 16:46:48.0	Ana9 - 9: T.Zuluft WRG warm	20.4
2021-03-11 16:46:58.0	Ana1 - 1: T.Au?en	13.7
2021-03-11 16:46:58.0	Ana2 - 2: T.Zuluft	18.9
2021-03-11 16:46:58.0	Ana3 - 3: T.Abluft	21.1
2021-03-11 16:46:58.0	Ana4 - 4: T.Fortluft	17.1
2021-03-11 16:46:58.0	Ana5 - 5: T.Raum	9999.9
2021-03-11 16:46:58.0	Ana9 - 9: T.Zuluft WRG warm	20.4
2021-03-11 16:47:08.0	Ana1 - 1: T.Au?en	13.8
2021-03-11 16:47:08.0	Ana2 - 2: T.Zuluft	18.9
2021-03-11 16:47:08.0	Ana3 - 3: T.Abluft	21.1
2021-03-11 16:47:08.0	Ana4 - 4: T.Fortluft	17.1
2021-03-11 16:47:08.0	Ana5 - 5: T.Raum	9999.9
2021-03-11 16:47:08.0	Ana9 - 9: T.Zuluft WRG warm	20.4
2021-03-11 16:47:18.0	Ana1 - 1: T.Au?en	13.8
2021-03-11 16:47:18.0	Ana2 - 2: T.Zuluft	18.9
2021-03-11 16:47:18.0	Ana3 - 3: T.Abluft	21.1
2021-03-11 16:47:18.0	Ana4 - 4: T.Fortluft	17.1
2021-03-11 16:47:18.0	Ana5 - 5: T.Raum	9999.9
2021-03-11 16:47:18.0	Ana9 - 9: T.Zuluft WRG warm	20.4
2021-03-11 16:47:28.0	Ana1 - 1: T.Au?en	13.8
2021-03-11 16:47:28.0	Ana2 - 2: T.Zuluft	18.9
2021-03-11 16:47:28.0	Ana3 - 3: T.Abluft	21.1
2021-03-11 16:47:28.0	Ana4 - 4: T.Fortluft	17.1
2021-03-11 16:47:28.0	Ana5 - 5: T.Raum	9999.9
2021-03-11 16:47:28.0	Ana9 - 9: T.Zuluft WRG warm	20.4
2021-03-11 16:47:38.0	Ana1 - 1: T.Au?en	13.8
2021-03-11 16:47:38.0	Ana2 - 2: T.Zuluft	18.9
2021-03-11 16:47:38.0	Ana3 - 3: T.Abluft	21.1
2021-03-11 16:47:38.0	Ana4 - 4: T.Fortluft	17.1
2021-03-11 16:47:38.0	Ana5 - 5: T.Raum	9999.9
2021-03-11 16:47:38.0	Ana9 - 9: T.Zuluft WRG warm	20.4
2021-03-11 16:47:48.0	Ana1 - 1: T.Au?en	13.8
2021-03-11 16:47:48.0	Ana2 - 2: T.Zuluft	18.9
2021-03-11 16:47:48.0	Ana3 - 3: T.Abluft	21.1
2021-03-11 16:47:48.0	Ana4 - 4: T.Fortluft	17.1
2021-03-11 16:47:48.0	Ana5 - 5: T.Raum	9999.9
2021-03-11 16:47:48.0	Ana9 - 9: T.Zuluft WRG warm	20.4
2021-03-11 16:47:58.0	Ana1 - 1: T.Au?en	13.8
2021-03-11 16:47:58.0	Ana2 - 2: T.Zuluft	18.9
2021-03-11 16:47:58.0	Ana3 - 3: T.Abluft	21.1
2021-03-11 16:47:58.0	Ana4 - 4: T.Fortluft	17.1
2021-03-11 16:47:58.0	Ana5 - 5: T.Raum	9999.9
2021-03-11 16:47:58.0	Ana9 - 9: T.Zuluft WRG warm	20.4
2021-03-11 16:48:08.0	Ana1 - 1: T.Au?en	13.7
2021-03-11 16:48:08.0	Ana2 - 2: T.Zuluft	18.9
2021-03-11 16:48:08.0	Ana3 - 3: T.Abluft	21.1
2021-03-11 16:48:08.0	Ana4 - 4: T.Fortluft	17.1
2021-03-11 16:48:08.0	Ana5 - 5: T.Raum	9999.9
2021-03-11 16:48:08.0	Ana9 - 9: T.Zuluft WRG warm	20.4
2021-03-11 16:48:18.0	Ana1 - 1: T.Au?en	13.7
2021-03-11 16:48:18.0	Ana2 - 2: T.Zuluft	18.9
2021-03-11 16:48:18.0	Ana3 - 3: T.Abluft	21.1
2021-03-11 16:48:18.0	Ana4 - 4: T.Fortluft	17.1
2021-03-11 16:48:18.0	Ana5 - 5: T.Raum	9999.9
2021-03-11 16:48:18.0	Ana9 - 9: T.Zuluft WRG warm	20.4
2021-03-11 16:48:28.0	Ana1 - 1: T.Au?en	13.7
2021-03-11 16:48:28.0	Ana2 - 2: T.Zuluft	18.9
2021-03-11 16:48:28.0	Ana3 - 3: T.Abluft	21.1
2021-03-11 16:48:28.0	Ana4 - 4: T.Fortluft	17.1
2021-03-11 16:48:28.0	Ana5 - 5: T.Raum	9999.9
2021-03-11 16:48:28.0	Ana9 - 9: T.Zuluft WRG warm	20.4
2021-03-11 16:48:38.0	Ana1 - 1: T.Au?en	13.7
2021-03-11 16:48:38.0	Ana2 - 2: T.Zuluft	18.9
2021-03-11 16:48:38.0	Ana3 - 3: T.Abluft	21.1
2021-03-11 16:48:38.0	Ana4 - 4: T.Fortluft	17.1
2021-03-11 16:48:38.0	Ana5 - 5: T.Raum	9999.9
2021-03-11 16:48:38.0	Ana9 - 9: T.Zuluft WRG warm	20.4
2021-03-11 16:48:48.0	Ana1 - 1: T.Au?en	13.7
2021-03-11 16:48:48.0	Ana2 - 2: T.Zuluft	18.9
2021-03-11 16:48:48.0	Ana3 - 3: T.Abluft	21.2
2021-03-11 16:48:48.0	Ana4 - 4: T.Fortluft	17.1
2021-03-11 16:48:48.0	Ana5 - 5: T.Raum	9999.9
2021-03-11 16:48:48.0	Ana9 - 9: T.Zuluft WRG warm	20.4
2021-03-11 16:48:58.0	Ana1 - 1: T.Au?en	13.7
2021-03-11 16:48:58.0	Ana2 - 2: T.Zuluft	18.9
2021-03-11 16:48:58.0	Ana3 - 3: T.Abluft	21.1
2021-03-11 16:48:58.0	Ana4 - 4: T.Fortluft	17.1
2021-03-11 16:48:58.0	Ana5 - 5: T.Raum	9999.9
2021-03-11 16:48:58.0	Ana9 - 9: T.Zuluft WRG warm	20.4
2021-03-11 16:49:08.0	Ana1 - 1: T.Au?en	13.7
2021-03-11 16:49:08.0	Ana2 - 2: T.Zuluft	18.9
2021-03-11 16:49:08.0	Ana3 - 3: T.Abluft	21.1
2021-03-11 16:49:08.0	Ana4 - 4: T.Fortluft	17.1
2021-03-11 16:49:08.0	Ana5 - 5: T.Raum	9999.9
2021-03-11 16:49:08.0	Ana9 - 9: T.Zuluft WRG warm	20.4
2021-03-11 16:49:18.0	Ana1 - 1: T.Au?en	13.6
2021-03-11 16:49:18.0	Ana2 - 2: T.Zuluft	18.9
2021-03-11 16:49:18.0	Ana3 - 3: T.Abluft	21.1
2021-03-11 16:49:18.0	Ana4 - 4: T.Fortluft	17.1
2021-03-11 16:49:18.0	Ana5 - 5: T.Raum	9999.9
2021-03-11 16:49:18.0	Ana9 - 9: T.Zuluft WRG warm	20.4
2021-03-11 16:49:28.0	Ana1 - 1: T.Au?en	13.6
2021-03-11 16:49:28.0	Ana2 - 2: T.Zuluft	18.8
2021-03-11 16:49:28.0	Ana3 - 3: T.Abluft	21.1
2021-03-11 16:49:28.0	Ana4 - 4: T.Fortluft	17.1
2021-03-11 16:49:28.0	Ana5 - 5: T.Raum	9999.9
2021-03-11 16:49:28.0	Ana9 - 9: T.Zuluft WRG warm	20.4
2021-03-11 16:49:38.0	Ana1 - 1: T.Au?en	13.6
2021-03-11 16:49:38.0	Ana2 - 2: T.Zuluft	18.8
2021-03-11 16:49:38.0	Ana3 - 3: T.Abluft	21.2
2021-03-11 16:49:38.0	Ana4 - 4: T.Fortluft	17.1
2021-03-11 16:49:38.0	Ana5 - 5: T.Raum	9999.9
2021-03-11 16:49:38.0	Ana9 - 9: T.Zuluft WRG warm	20.4
2021-03-11 16:49:48.0	Ana1 - 1: T.Au?en	13.6
2021-03-11 16:49:48.0	Ana2 - 2: T.Zuluft	18.9
2021-03-11 16:49:48.0	Ana3 - 3: T.Abluft	21.1
2021-03-11 16:49:48.0	Ana4 - 4: T.Fortluft	17.1
2021-03-11 16:49:48.0	Ana5 - 5: T.Raum	9999.9
2021-03-11 16:49:48.0	Ana9 - 9: T.Zuluft WRG warm	20.4
2021-03-11 16:49:58.0	Ana1 - 1: T.Au?en	13.6
2021-03-11 16:49:58.0	Ana2 - 2: T.Zuluft	18.8
2021-03-11 16:49:58.0	Ana3 - 3: T.Abluft	21.1
2021-03-11 16:49:58.0	Ana4 - 4: T.Fortluft	17.1
2021-03-11 16:49:58.0	Ana5 - 5: T.Raum	9999.9
2021-03-11 16:49:58.0	Ana9 - 9: T.Zuluft WRG warm	20.4
2021-03-11 16:50:08.0	Ana1 - 1: T.Au?en	13.6
2021-03-11 16:50:08.0	Ana2 - 2: T.Zuluft	18.8
2021-03-11 16:50:08.0	Ana3 - 3: T.Abluft	21.1
2021-03-11 16:50:08.0	Ana4 - 4: T.Fortluft	17.0
2021-03-11 16:50:08.0	Ana5 - 5: T.Raum	9999.9
2021-03-11 16:50:08.0	Ana9 - 9: T.Zuluft WRG warm	20.4
2021-03-11 16:50:18.0	Ana1 - 1: T.Au?en	13.6
2021-03-11 16:50:18.0	Ana2 - 2: T.Zuluft	18.8
2021-03-11 16:50:18.0	Ana3 - 3: T.Abluft	21.1
2021-03-11 16:50:18.0	Ana4 - 4: T.Fortluft	17.0
2021-03-11 16:50:18.0	Ana5 - 5: T.Raum	9999.9
2021-03-11 16:50:18.0	Ana9 - 9: T.Zuluft WRG warm	20.4
2021-03-11 16:50:28.0	Ana1 - 1: T.Au?en	13.6
2021-03-11 16:50:28.0	Ana2 - 2: T.Zuluft	18.8
2021-03-11 16:50:28.0	Ana3 - 3: T.Abluft	21.1
2021-03-11 16:50:28.0	Ana4 - 4: T.Fortluft	17.1
2021-03-11 16:50:28.0	Ana5 - 5: T.Raum	9999.9
2021-03-11 16:50:28.0	Ana9 - 9: T.Zuluft WRG warm	20.4
2021-03-11 16:50:38.0	Ana1 - 1: T.Au?en	13.6
2021-03-11 16:50:38.0	Ana2 - 2: T.Zuluft	18.8
2021-03-11 16:50:38.0	Ana3 - 3: T.Abluft	21.1
2021-03-11 16:50:38.0	Ana4 - 4: T.Fortluft	17.1
2021-03-11 16:50:38.0	Ana5 - 5: T.Raum	9999.9
2021-03-11 16:50:38.0	Ana9 - 9: T.Zuluft WRG warm	20.4
2021-03-11 16:50:48.0	Ana1 - 1: T.Au?en	13.6
2021-03-11 16:50:48.0	Ana2 - 2: T.Zuluft	18.8
2021-03-11 16:50:48.0	Ana3 - 3: T.Abluft	21.1
2021-03-11 16:50:48.0	Ana4 - 4: T.Fortluft	17.0
2021-03-11 16:50:48.0	Ana5 - 5: T.Raum	9999.9
2021-03-11 16:50:48.0	Ana9 - 9: T.Zuluft WRG warm	20.4
2021-03-11 16:50:58.0	Ana1 - 1: T.Au?en	13.6
2021-03-11 16:50:58.0	Ana2 - 2: T.Zuluft	18.8
2021-03-11 16:50:58.0	Ana3 - 3: T.Abluft	21.1
2021-03-11 16:50:58.0	Ana4 - 4: T.Fortluft	17.0
2021-03-11 16:50:58.0	Ana5 - 5: T.Raum	9999.9
2021-03-11 16:50:58.0	Ana9 - 9: T.Zuluft WRG warm	20.4
2021-03-11 16:51:08.0	Ana1 - 1: T.Au?en	13.6
2021-03-11 16:51:08.0	Ana2 - 2: T.Zuluft	18.8
2021-03-11 16:51:08.0	Ana3 - 3: T.Abluft	21.1
2021-03-11 16:51:08.0	Ana4 - 4: T.Fortluft	17.0
2021-03-11 16:51:08.0	Ana5 - 5: T.Raum	9999.9
2021-03-11 16:51:08.0	Ana9 - 9: T.Zuluft WRG warm	20.4
2021-03-11 16:51:18.0	Ana1 - 1: T.Au?en	13.6
2021-03-11 16:51:18.0	Ana2 - 2: T.Zuluft	18.8
2021-03-11 16:51:18.0	Ana3 - 3: T.Abluft	21.1
2021-03-11 16:51:18.0	Ana4 - 4: T.Fortluft	17.0
2021-03-11 16:51:18.0	Ana5 - 5: T.Raum	9999.9
2021-03-11 16:51:18.0	Ana9 - 9: T.Zuluft WRG warm	20.4
2021-03-11 16:51:28.0	Ana1 - 1: T.Au?en	13.6
2021-03-11 16:51:28.0	Ana2 - 2: T.Zuluft	18.8
2021-03-11 16:51:28.0	Ana3 - 3: T.Abluft	21.1
2021-03-11 16:51:28.0	Ana4 - 4: T.Fortluft	17.0
2021-03-11 16:51:28.0	Ana5 - 5: T.Raum	9999.9
2021-03-11 16:51:28.0	Ana9 - 9: T.Zuluft WRG warm	20.4
2021-03-11 16:51:38.0	Ana1 - 1: T.Au?en	13.5
2021-03-11 16:51:38.0	Ana2 - 2: T.Zuluft	18.8
2021-03-11 16:51:38.0	Ana3 - 3: T.Abluft	21.1
2021-03-11 16:51:38.0	Ana4 - 4: T.Fortluft	17.0
2021-03-11 16:51:38.0	Ana5 - 5: T.Raum	9999.9
2021-03-11 16:51:38.0	Ana9 - 9: T.Zuluft WRG warm	20.4
2021-03-11 16:51:48.0	Ana1 - 1: T.Au?en	13.5
2021-03-11 16:51:48.0	Ana2 - 2: T.Zuluft	18.8
2021-03-11 16:51:48.0	Ana3 - 3: T.Abluft	21.1
2021-03-11 16:51:48.0	Ana4 - 4: T.Fortluft	17.0
2021-03-11 16:51:48.0	Ana5 - 5: T.Raum	9999.9
2021-03-11 16:51:48.0	Ana9 - 9: T.Zuluft WRG warm	20.3
2021-03-11 16:51:58.0	Ana1 - 1: T.Au?en	13.5
2021-03-11 16:51:58.0	Ana2 - 2: T.Zuluft	18.8
2021-03-11 16:51:58.0	Ana3 - 3: T.Abluft	21.1
2021-03-11 16:51:58.0	Ana4 - 4: T.Fortluft	17.0
2021-03-11 16:51:58.0	Ana5 - 5: T.Raum	9999.9
2021-03-11 16:51:58.0	Ana9 - 9: T.Zuluft WRG warm	20.4
2021-03-11 16:52:08.0	Ana1 - 1: T.Au?en	13.5
2021-03-11 16:52:08.0	Ana2 - 2: T.Zuluft	18.8
2021-03-11 16:52:08.0	Ana3 - 3: T.Abluft	21.1
2021-03-11 16:52:08.0	Ana4 - 4: T.Fortluft	17.0
2021-03-11 16:52:08.0	Ana5 - 5: T.Raum	9999.9
2021-03-11 16:52:08.0	Ana9 - 9: T.Zuluft WRG warm	20.4
2021-03-11 16:52:18.0	Ana1 - 1: T.Au?en	13.5
2021-03-11 16:52:18.0	Ana2 - 2: T.Zuluft	18.8
2021-03-11 16:52:18.0	Ana3 - 3: T.Abluft	21.1
2021-03-11 16:52:18.0	Ana4 - 4: T.Fortluft	17.0
2021-03-11 16:52:18.0	Ana5 - 5: T.Raum	9999.9
2021-03-11 16:52:18.0	Ana9 - 9: T.Zuluft WRG warm	20.4
2021-03-11 16:52:28.0	Ana1 - 1: T.Au?en	13.5
2021-03-11 16:52:28.0	Ana2 - 2: T.Zuluft	18.8
2021-03-11 16:52:28.0	Ana3 - 3: T.Abluft	21.1
2021-03-11 16:52:28.0	Ana4 - 4: T.Fortluft	17.0
2021-03-11 16:52:28.0	Ana5 - 5: T.Raum	9999.9
2021-03-11 16:52:28.0	Ana9 - 9: T.Zuluft WRG warm	20.4
2021-03-11 16:52:38.0	Ana1 - 1: T.Au?en	13.5
2021-03-11 16:52:38.0	Ana2 - 2: T.Zuluft	18.8
2021-03-11 16:52:38.0	Ana3 - 3: T.Abluft	21.1
2021-03-11 16:52:38.0	Ana4 - 4: T.Fortluft	17.0
2021-03-11 16:52:38.0	Ana5 - 5: T.Raum	9999.9
2021-03-11 16:52:38.0	Ana9 - 9: T.Zuluft WRG warm	20.4
2021-03-11 16:52:48.0	Ana1 - 1: T.Au?en	13.5
2021-03-11 16:52:48.0	Ana2 - 2: T.Zuluft	18.8
2021-03-11 16:52:48.0	Ana3 - 3: T.Abluft	21.1
2021-03-11 16:52:48.0	Ana4 - 4: T.Fortluft	17.0
2021-03-11 16:52:48.0	Ana5 - 5: T.Raum	9999.9
2021-03-11 16:52:48.0	Ana9 - 9: T.Zuluft WRG warm	20.4
2021-03-11 16:52:58.0	Ana1 - 1: T.Au?en	13.5
2021-03-11 16:52:58.0	Ana2 - 2: T.Zuluft	18.8
2021-03-11 16:52:58.0	Ana3 - 3: T.Abluft	21.1
2021-03-11 16:52:58.0	Ana4 - 4: T.Fortluft	17.0
2021-03-11 16:52:58.0	Ana5 - 5: T.Raum	9999.9
2021-03-11 16:52:58.0	Ana9 - 9: T.Zuluft WRG warm	20.4
2021-03-11 16:53:08.0	Ana1 - 1: T.Au?en	13.5
2021-03-11 16:53:08.0	Ana2 - 2: T.Zuluft	18.8
2021-03-11 16:53:08.0	Ana3 - 3: T.Abluft	21.1
2021-03-11 16:53:08.0	Ana4 - 4: T.Fortluft	17.0
2021-03-11 16:53:08.0	Ana5 - 5: T.Raum	9999.9
2021-03-11 16:53:08.0	Ana9 - 9: T.Zuluft WRG warm	20.4
2021-03-11 16:53:18.0	Ana1 - 1: T.Au?en	13.5
2021-03-11 16:53:18.0	Ana2 - 2: T.Zuluft	18.8
2021-03-11 16:53:18.0	Ana3 - 3: T.Abluft	21.1
2021-03-11 16:53:18.0	Ana4 - 4: T.Fortluft	17.0
2021-03-11 16:53:18.0	Ana5 - 5: T.Raum	9999.9
2021-03-11 16:53:18.0	Ana9 - 9: T.Zuluft WRG warm	20.3
2021-03-11 16:53:28.0	Ana1 - 1: T.Au?en	13.5
2021-03-11 16:53:28.0	Ana2 - 2: T.Zuluft	18.8
2021-03-11 16:53:28.0	Ana3 - 3: T.Abluft	21.1
2021-03-11 16:53:28.0	Ana4 - 4: T.Fortluft	17.0
2021-03-11 16:53:28.0	Ana5 - 5: T.Raum	9999.9
2021-03-11 16:53:28.0	Ana9 - 9: T.Zuluft WRG warm	20.3
2021-03-11 16:53:38.0	Ana1 - 1: T.Au?en	13.5
2021-03-11 16:53:38.0	Ana2 - 2: T.Zuluft	18.8
2021-03-11 16:53:38.0	Ana3 - 3: T.Abluft	21.1
2021-03-11 16:53:38.0	Ana4 - 4: T.Fortluft	17.0
2021-03-11 16:53:38.0	Ana5 - 5: T.Raum	9999.9
2021-03-11 16:53:38.0	Ana9 - 9: T.Zuluft WRG warm	20.3
2021-03-11 16:53:48.0	Ana1 - 1: T.Au?en	13.5
2021-03-11 16:53:48.0	Ana2 - 2: T.Zuluft	18.8
2021-03-11 16:53:48.0	Ana3 - 3: T.Abluft	21.1
2021-03-11 16:53:48.0	Ana4 - 4: T.Fortluft	17.0
2021-03-11 16:53:48.0	Ana5 - 5: T.Raum	9999.9
2021-03-11 16:53:48.0	Ana9 - 9: T.Zuluft WRG warm	20.3
2021-03-11 16:53:58.0	Ana1 - 1: T.Au?en	13.5
2021-03-11 16:53:58.0	Ana2 - 2: T.Zuluft	18.8
2021-03-11 16:53:58.0	Ana3 - 3: T.Abluft	21.1
2021-03-11 16:53:58.0	Ana4 - 4: T.Fortluft	17.0
2021-03-11 16:53:58.0	Ana5 - 5: T.Raum	9999.9
2021-03-11 16:53:58.0	Ana9 - 9: T.Zuluft WRG warm	20.3
2021-03-11 16:54:08.0	Ana1 - 1: T.Au?en	13.5
2021-03-11 16:54:08.0	Ana2 - 2: T.Zuluft	18.8
2021-03-11 16:54:08.0	Ana3 - 3: T.Abluft	21.1
2021-03-11 16:54:08.0	Ana4 - 4: T.Fortluft	17.0
2021-03-11 16:54:08.0	Ana5 - 5: T.Raum	9999.9
2021-03-11 16:54:08.0	Ana9 - 9: T.Zuluft WRG warm	20.3
2021-03-11 16:54:18.0	Ana1 - 1: T.Au?en	13.4
2021-03-11 16:54:18.0	Ana2 - 2: T.Zuluft	18.8
2021-03-11 16:54:18.0	Ana3 - 3: T.Abluft	21.1
2021-03-11 16:54:18.0	Ana4 - 4: T.Fortluft	17.0
2021-03-11 16:54:18.0	Ana5 - 5: T.Raum	9999.9
2021-03-11 16:54:18.0	Ana9 - 9: T.Zuluft WRG warm	20.3
2021-03-11 16:54:28.0	Ana1 - 1: T.Au?en	13.4
2021-03-11 16:54:28.0	Ana2 - 2: T.Zuluft	18.8
2021-03-11 16:54:28.0	Ana3 - 3: T.Abluft	21.1
2021-03-11 16:54:28.0	Ana4 - 4: T.Fortluft	17.0
2021-03-11 16:54:28.0	Ana5 - 5: T.Raum	9999.9
2021-03-11 16:54:28.0	Ana9 - 9: T.Zuluft WRG warm	20.3
2021-03-11 16:54:38.0	Ana1 - 1: T.Au?en	13.4
2021-03-11 16:54:38.0	Ana2 - 2: T.Zuluft	18.8
2021-03-11 16:54:38.0	Ana3 - 3: T.Abluft	21.1
2021-03-11 16:54:38.0	Ana4 - 4: T.Fortluft	17.0
2021-03-11 16:54:38.0	Ana5 - 5: T.Raum	9999.9
2021-03-11 16:54:38.0	Ana9 - 9: T.Zuluft WRG warm	20.3
2021-03-11 16:54:48.0	Ana1 - 1: T.Au?en	13.4
2021-03-11 16:54:48.0	Ana2 - 2: T.Zuluft	18.8
2021-03-11 16:54:48.0	Ana3 - 3: T.Abluft	21.1
2021-03-11 16:54:48.0	Ana4 - 4: T.Fortluft	17.0
2021-03-11 16:54:48.0	Ana5 - 5: T.Raum	9999.9
2021-03-11 16:54:48.0	Ana9 - 9: T.Zuluft WRG warm	20.3
2021-03-11 16:54:58.0	Ana1 - 1: T.Au?en	13.3
2021-03-11 16:54:58.0	Ana2 - 2: T.Zuluft	18.8
2021-03-11 16:54:58.0	Ana3 - 3: T.Abluft	21.1
2021-03-11 16:54:58.0	Ana4 - 4: T.Fortluft	17.0
2021-03-11 16:54:58.0	Ana5 - 5: T.Raum	9999.9
2021-03-11 16:54:58.0	Ana9 - 9: T.Zuluft WRG warm	20.3
2021-03-11 16:55:08.0	Ana1 - 1: T.Au?en	13.3
2021-03-11 16:55:08.0	Ana2 - 2: T.Zuluft	18.8
2021-03-11 16:55:08.0	Ana3 - 3: T.Abluft	21.1
2021-03-11 16:55:08.0	Ana4 - 4: T.Fortluft	17.0
2021-03-11 16:55:08.0	Ana5 - 5: T.Raum	9999.9
2021-03-11 16:55:08.0	Ana9 - 9: T.Zuluft WRG warm	20.4
2021-03-11 16:55:18.0	Ana1 - 1: T.Au?en	13.3
2021-03-11 16:55:18.0	Ana2 - 2: T.Zuluft	18.8
2021-03-11 16:55:18.0	Ana3 - 3: T.Abluft	21.1
2021-03-11 16:55:18.0	Ana4 - 4: T.Fortluft	17.0
2021-03-11 16:55:18.0	Ana5 - 5: T.Raum	9999.9
2021-03-11 16:55:18.0	Ana9 - 9: T.Zuluft WRG warm	20.4
2021-03-11 16:55:28.0	Ana1 - 1: T.Au?en	13.3
2021-03-11 16:55:28.0	Ana2 - 2: T.Zuluft	18.8
2021-03-11 16:55:28.0	Ana3 - 3: T.Abluft	21.1
2021-03-11 16:55:28.0	Ana4 - 4: T.Fortluft	17.0
2021-03-11 16:55:28.0	Ana5 - 5: T.Raum	9999.9
2021-03-11 16:55:28.0	Ana9 - 9: T.Zuluft WRG warm	20.4
2021-03-11 16:55:38.0	Ana1 - 1: T.Au?en	13.4
2021-03-11 16:55:38.0	Ana2 - 2: T.Zuluft	18.8
2021-03-11 16:55:38.0	Ana3 - 3: T.Abluft	21.1
2021-03-11 16:55:38.0	Ana4 - 4: T.Fortluft	17.0
2021-03-11 16:55:38.0	Ana5 - 5: T.Raum	9999.9
2021-03-11 16:55:38.0	Ana9 - 9: T.Zuluft WRG warm	20.3
2021-03-11 16:55:48.0	Ana1 - 1: T.Au?en	13.4
2021-03-11 16:55:48.0	Ana2 - 2: T.Zuluft	18.8
2021-03-11 16:55:48.0	Ana3 - 3: T.Abluft	21.1
2021-03-11 16:55:48.0	Ana4 - 4: T.Fortluft	17.0
2021-03-11 16:55:48.0	Ana5 - 5: T.Raum	9999.9
2021-03-11 16:55:48.0	Ana9 - 9: T.Zuluft WRG warm	20.3
2021-03-11 16:55:58.0	Ana1 - 1: T.Au?en	13.4
2021-03-11 16:55:58.0	Ana2 - 2: T.Zuluft	18.8
2021-03-11 16:55:58.0	Ana3 - 3: T.Abluft	21.1
2021-03-11 16:55:58.0	Ana4 - 4: T.Fortluft	17.0
2021-03-11 16:55:58.0	Ana5 - 5: T.Raum	9999.9
2021-03-11 16:55:58.0	Ana9 - 9: T.Zuluft WRG warm	20.3
2021-03-11 16:56:08.0	Ana1 - 1: T.Au?en	13.3
2021-03-11 16:56:08.0	Ana2 - 2: T.Zuluft	18.8
2021-03-11 16:56:08.0	Ana3 - 3: T.Abluft	21.1
2021-03-11 16:56:08.0	Ana4 - 4: T.Fortluft	17.0
2021-03-11 16:56:08.0	Ana5 - 5: T.Raum	9999.9
2021-03-11 16:56:08.0	Ana9 - 9: T.Zuluft WRG warm	20.3
2021-03-11 16:56:18.0	Ana1 - 1: T.Au?en	13.4
2021-03-11 16:56:18.0	Ana2 - 2: T.Zuluft	18.8
2021-03-11 16:56:18.0	Ana3 - 3: T.Abluft	21.1
2021-03-11 16:56:18.0	Ana4 - 4: T.Fortluft	17.0
2021-03-11 16:56:18.0	Ana5 - 5: T.Raum	9999.9
2021-03-11 16:56:18.0	Ana9 - 9: T.Zuluft WRG warm	20.3
2021-03-11 16:56:28.0	Ana1 - 1: T.Au?en	13.4
2021-03-11 16:56:28.0	Ana2 - 2: T.Zuluft	18.8
2021-03-11 16:56:28.0	Ana3 - 3: T.Abluft	21.1
2021-03-11 16:56:28.0	Ana4 - 4: T.Fortluft	17.0
2021-03-11 16:56:28.0	Ana5 - 5: T.Raum	9999.9
2021-03-11 16:56:28.0	Ana9 - 9: T.Zuluft WRG warm	20.3
2021-03-11 16:56:38.0	Ana1 - 1: T.Au?en	13.4
2021-03-11 16:56:38.0	Ana2 - 2: T.Zuluft	18.8
2021-03-11 16:56:38.0	Ana3 - 3: T.Abluft	21.1
2021-03-11 16:56:38.0	Ana4 - 4: T.Fortluft	17.0
2021-03-11 16:56:38.0	Ana5 - 5: T.Raum	9999.9
2021-03-11 16:56:38.0	Ana9 - 9: T.Zuluft WRG warm	20.3
2021-03-11 16:56:48.0	Ana1 - 1: T.Au?en	13.3
2021-03-11 16:56:48.0	Ana2 - 2: T.Zuluft	18.8
2021-03-11 16:56:48.0	Ana3 - 3: T.Abluft	21.1
2021-03-11 16:56:48.0	Ana4 - 4: T.Fortluft	17.0
2021-03-11 16:56:48.0	Ana5 - 5: T.Raum	9999.9
2021-03-11 16:56:48.0	Ana9 - 9: T.Zuluft WRG warm	20.4
2021-03-11 16:56:58.0	Ana1 - 1: T.Au?en	13.3
2021-03-11 16:56:58.0	Ana2 - 2: T.Zuluft	18.8
2021-03-11 16:56:58.0	Ana3 - 3: T.Abluft	21.1
2021-03-11 16:56:58.0	Ana4 - 4: T.Fortluft	17.0
2021-03-11 16:56:58.0	Ana5 - 5: T.Raum	9999.9
2021-03-11 16:56:58.0	Ana9 - 9: T.Zuluft WRG warm	20.4
2021-03-11 16:57:08.0	Ana1 - 1: T.Au?en	13.3
2021-03-11 16:57:08.0	Ana2 - 2: T.Zuluft	18.8
2021-03-11 16:57:08.0	Ana3 - 3: T.Abluft	21.1
2021-03-11 16:57:08.0	Ana4 - 4: T.Fortluft	17.0
2021-03-11 16:57:08.0	Ana5 - 5: T.Raum	9999.9
2021-03-11 16:57:08.0	Ana9 - 9: T.Zuluft WRG warm	20.4
2021-03-11 16:57:18.0	Ana1 - 1: T.Au?en	13.4
2021-03-11 16:57:18.0	Ana2 - 2: T.Zuluft	18.8
2021-03-11 16:57:18.0	Ana3 - 3: T.Abluft	21.1
2021-03-11 16:57:18.0	Ana4 - 4: T.Fortluft	17.0
2021-03-11 16:57:18.0	Ana5 - 5: T.Raum	9999.9
2021-03-11 16:57:18.0	Ana9 - 9: T.Zuluft WRG warm	20.4
2021-03-11 16:57:28.0	Ana1 - 1: T.Au?en	13.3
2021-03-11 16:57:28.0	Ana2 - 2: T.Zuluft	18.8
2021-03-11 16:57:28.0	Ana3 - 3: T.Abluft	21.1
2021-03-11 16:57:28.0	Ana4 - 4: T.Fortluft	17.0
2021-03-11 16:57:28.0	Ana5 - 5: T.Raum	9999.9
2021-03-11 16:57:28.0	Ana9 - 9: T.Zuluft WRG warm	20.4
2021-03-11 16:57:38.0	Ana1 - 1: T.Au?en	13.3
2021-03-11 16:57:38.0	Ana2 - 2: T.Zuluft	18.8
2021-03-11 16:57:38.0	Ana3 - 3: T.Abluft	21.1
2021-03-11 16:57:38.0	Ana4 - 4: T.Fortluft	17.0
2021-03-11 16:57:38.0	Ana5 - 5: T.Raum	9999.9
2021-03-11 16:57:38.0	Ana9 - 9: T.Zuluft WRG warm	20.3
2021-03-11 16:57:48.0	Ana1 - 1: T.Au?en	13.3
2021-03-11 16:57:48.0	Ana2 - 2: T.Zuluft	18.8
2021-03-11 16:57:48.0	Ana3 - 3: T.Abluft	21.1
2021-03-11 16:57:48.0	Ana4 - 4: T.Fortluft	17.0
2021-03-11 16:57:48.0	Ana5 - 5: T.Raum	9999.9
2021-03-11 16:57:48.0	Ana9 - 9: T.Zuluft WRG warm	20.3
2021-03-11 16:57:58.0	Ana1 - 1: T.Au?en	13.4
2021-03-11 16:57:58.0	Ana2 - 2: T.Zuluft	18.8
2021-03-11 16:57:58.0	Ana3 - 3: T.Abluft	21.1
2021-03-11 16:57:58.0	Ana4 - 4: T.Fortluft	17.0
2021-03-11 16:57:58.0	Ana5 - 5: T.Raum	9999.9
2021-03-11 16:57:58.0	Ana9 - 9: T.Zuluft WRG warm	20.3
2021-03-11 16:58:08.0	Ana1 - 1: T.Au?en	13.4
2021-03-11 16:58:08.0	Ana2 - 2: T.Zuluft	18.8
2021-03-11 16:58:08.0	Ana3 - 3: T.Abluft	21.1
2021-03-11 16:58:08.0	Ana4 - 4: T.Fortluft	17.0
2021-03-11 16:58:08.0	Ana5 - 5: T.Raum	9999.9
2021-03-11 16:58:08.0	Ana9 - 9: T.Zuluft WRG warm	20.3
2021-03-11 16:58:18.0	Ana1 - 1: T.Au?en	13.4
2021-03-11 16:58:18.0	Ana2 - 2: T.Zuluft	18.8
2021-03-11 16:58:18.0	Ana3 - 3: T.Abluft	21.1
2021-03-11 16:58:18.0	Ana4 - 4: T.Fortluft	17.0
2021-03-11 16:58:18.0	Ana5 - 5: T.Raum	9999.9
2021-03-11 16:58:18.0	Ana9 - 9: T.Zuluft WRG warm	20.3
2021-03-11 16:58:28.0	Ana1 - 1: T.Au?en	13.4
2021-03-11 16:58:28.0	Ana2 - 2: T.Zuluft	18.8
2021-03-11 16:58:28.0	Ana3 - 3: T.Abluft	21.1
2021-03-11 16:58:28.0	Ana4 - 4: T.Fortluft	16.9
2021-03-11 16:58:28.0	Ana5 - 5: T.Raum	9999.9
2021-03-11 16:58:28.0	Ana9 - 9: T.Zuluft WRG warm	20.3
2021-03-11 16:58:38.0	Ana1 - 1: T.Au?en	13.4
2021-03-11 16:58:38.0	Ana2 - 2: T.Zuluft	18.8
2021-03-11 16:58:38.0	Ana3 - 3: T.Abluft	21.1
2021-03-11 16:58:38.0	Ana4 - 4: T.Fortluft	16.9
2021-03-11 16:58:38.0	Ana5 - 5: T.Raum	9999.9
2021-03-11 16:58:38.0	Ana9 - 9: T.Zuluft WRG warm	20.3
2021-03-11 16:58:48.0	Ana1 - 1: T.Au?en	13.4
2021-03-11 16:58:48.0	Ana2 - 2: T.Zuluft	18.8
2021-03-11 16:58:48.0	Ana3 - 3: T.Abluft	21.1
2021-03-11 16:58:48.0	Ana4 - 4: T.Fortluft	17.0
2021-03-11 16:58:48.0	Ana5 - 5: T.Raum	9999.9
2021-03-11 16:58:48.0	Ana9 - 9: T.Zuluft WRG warm	20.3
2021-03-11 16:58:58.0	Ana1 - 1: T.Au?en	13.4
2021-03-11 16:58:58.0	Ana2 - 2: T.Zuluft	18.8
2021-03-11 16:58:58.0	Ana3 - 3: T.Abluft	21.1
2021-03-11 16:58:58.0	Ana4 - 4: T.Fortluft	17.0
2021-03-11 16:58:58.0	Ana5 - 5: T.Raum	9999.9
2021-03-11 16:58:58.0	Ana9 - 9: T.Zuluft WRG warm	20.3
2021-03-11 16:59:08.0	Ana1 - 1: T.Au?en	13.4
2021-03-11 16:59:08.0	Ana2 - 2: T.Zuluft	18.8
2021-03-11 16:59:08.0	Ana3 - 3: T.Abluft	21.1
2021-03-11 16:59:08.0	Ana4 - 4: T.Fortluft	16.9
2021-03-11 16:59:08.0	Ana5 - 5: T.Raum	9999.9
2021-03-11 16:59:08.0	Ana9 - 9: T.Zuluft WRG warm	20.3
2021-03-11 16:59:18.0	Ana1 - 1: T.Au?en	13.3
2021-03-11 16:59:18.0	Ana2 - 2: T.Zuluft	18.8
2021-03-11 16:59:18.0	Ana3 - 3: T.Abluft	21.1
2021-03-11 16:59:18.0	Ana4 - 4: T.Fortluft	16.9
2021-03-11 16:59:18.0	Ana5 - 5: T.Raum	9999.9
2021-03-11 16:59:18.0	Ana9 - 9: T.Zuluft WRG warm	20.4
2021-03-11 16:59:28.0	Ana1 - 1: T.Au?en	13.3
2021-03-11 16:59:28.0	Ana2 - 2: T.Zuluft	18.8
2021-03-11 16:59:28.0	Ana3 - 3: T.Abluft	21.1
2021-03-11 16:59:28.0	Ana4 - 4: T.Fortluft	16.9
2021-03-11 16:59:28.0	Ana5 - 5: T.Raum	9999.9
2021-03-11 16:59:28.0	Ana9 - 9: T.Zuluft WRG warm	20.3
2021-03-11 16:59:38.0	Ana1 - 1: T.Au?en	13.3
2021-03-11 16:59:38.0	Ana2 - 2: T.Zuluft	18.7
2021-03-11 16:59:38.0	Ana3 - 3: T.Abluft	21.1
2021-03-11 16:59:38.0	Ana4 - 4: T.Fortluft	16.9
2021-03-11 16:59:38.0	Ana5 - 5: T.Raum	9999.9
2021-03-11 16:59:38.0	Ana9 - 9: T.Zuluft WRG warm	20.3
2021-03-11 16:59:48.0	Ana1 - 1: T.Au?en	13.3
2021-03-11 16:59:48.0	Ana2 - 2: T.Zuluft	18.7
2021-03-11 16:59:48.0	Ana3 - 3: T.Abluft	21.1
2021-03-11 16:59:48.0	Ana4 - 4: T.Fortluft	16.9
2021-03-11 16:59:48.0	Ana5 - 5: T.Raum	9999.9
2021-03-11 16:59:48.0	Ana9 - 9: T.Zuluft WRG warm	20.3
2021-03-11 16:59:58.0	Ana1 - 1: T.Au?en	13.3
2021-03-11 16:59:58.0	Ana2 - 2: T.Zuluft	18.8
2021-03-11 16:59:58.0	Ana3 - 3: T.Abluft	21.1
2021-03-11 16:59:58.0	Ana4 - 4: T.Fortluft	16.9
2021-03-11 16:59:58.0	Ana5 - 5: T.Raum	9999.9
2021-03-11 16:59:58.0	Ana9 - 9: T.Zuluft WRG warm	20.3
2021-03-11 17:00:08.0	Ana1 - 1: T.Au?en	13.3
2021-03-11 17:00:08.0	Ana2 - 2: T.Zuluft	18.7
2021-03-11 17:00:08.0	Ana3 - 3: T.Abluft	21.1
2021-03-11 17:00:08.0	Ana4 - 4: T.Fortluft	16.9
2021-03-11 17:00:08.0	Ana5 - 5: T.Raum	9999.9
2021-03-11 17:00:08.0	Ana9 - 9: T.Zuluft WRG warm	20.3
2021-03-11 17:00:18.0	Ana1 - 1: T.Au?en	13.3
2021-03-11 17:00:18.0	Ana2 - 2: T.Zuluft	18.7
2021-03-11 17:00:18.0	Ana3 - 3: T.Abluft	21.1
2021-03-11 17:00:18.0	Ana4 - 4: T.Fortluft	16.9
2021-03-11 17:00:18.0	Ana5 - 5: T.Raum	9999.9
2021-03-11 17:00:18.0	Ana9 - 9: T.Zuluft WRG warm	20.3
2021-03-11 17:00:28.0	Ana1 - 1: T.Au?en	13.3
2021-03-11 17:00:28.0	Ana2 - 2: T.Zuluft	18.7
2021-03-11 17:00:28.0	Ana3 - 3: T.Abluft	21.1
2021-03-11 17:00:28.0	Ana4 - 4: T.Fortluft	16.9
2021-03-11 17:00:28.0	Ana5 - 5: T.Raum	9999.9
2021-03-11 17:00:28.0	Ana9 - 9: T.Zuluft WRG warm	20.3
2021-03-11 17:00:38.0	Ana1 - 1: T.Au?en	13.3
2021-03-11 17:00:38.0	Ana2 - 2: T.Zuluft	18.7
2021-03-11 17:00:38.0	Ana3 - 3: T.Abluft	21.1
2021-03-11 17:00:38.0	Ana4 - 4: T.Fortluft	16.9
2021-03-11 17:00:38.0	Ana5 - 5: T.Raum	9999.9
2021-03-11 17:00:38.0	Ana9 - 9: T.Zuluft WRG warm	20.3
2021-03-11 17:00:48.0	Ana1 - 1: T.Au?en	13.3
2021-03-11 17:00:48.0	Ana2 - 2: T.Zuluft	18.7
2021-03-11 17:00:48.0	Ana3 - 3: T.Abluft	21.1
2021-03-11 17:00:48.0	Ana4 - 4: T.Fortluft	16.9
2021-03-11 17:00:48.0	Ana5 - 5: T.Raum	9999.9
2021-03-11 17:00:48.0	Ana9 - 9: T.Zuluft WRG warm	20.3
2021-03-11 17:00:58.0	Ana1 - 1: T.Au?en	13.3
2021-03-11 17:00:58.0	Ana2 - 2: T.Zuluft	18.7
2021-03-11 17:00:58.0	Ana3 - 3: T.Abluft	21.1
2021-03-11 17:00:58.0	Ana4 - 4: T.Fortluft	16.9
2021-03-11 17:00:58.0	Ana5 - 5: T.Raum	9999.9
2021-03-11 17:00:58.0	Ana9 - 9: T.Zuluft WRG warm	20.3
2021-03-11 17:01:08.0	Ana1 - 1: T.Au?en	13.3
2021-03-11 17:01:08.0	Ana2 - 2: T.Zuluft	18.7
2021-03-11 17:01:08.0	Ana3 - 3: T.Abluft	21.1
2021-03-11 17:01:08.0	Ana4 - 4: T.Fortluft	16.9
2021-03-11 17:01:08.0	Ana5 - 5: T.Raum	9999.9
2021-03-11 17:01:08.0	Ana9 - 9: T.Zuluft WRG warm	20.3
2021-03-11 17:01:18.0	Ana1 - 1: T.Au?en	13.2
2021-03-11 17:01:18.0	Ana2 - 2: T.Zuluft	18.7
2021-03-11 17:01:18.0	Ana3 - 3: T.Abluft	21.1
2021-03-11 17:01:18.0	Ana4 - 4: T.Fortluft	16.9
2021-03-11 17:01:18.0	Ana5 - 5: T.Raum	9999.9
2021-03-11 17:01:18.0	Ana9 - 9: T.Zuluft WRG warm	20.3
2021-03-11 17:01:28.0	Ana1 - 1: T.Au?en	13.2
2021-03-11 17:01:28.0	Ana2 - 2: T.Zuluft	18.7
2021-03-11 17:01:28.0	Ana3 - 3: T.Abluft	21.1
2021-03-11 17:01:28.0	Ana4 - 4: T.Fortluft	16.9
2021-03-11 17:01:28.0	Ana5 - 5: T.Raum	9999.9
2021-03-11 17:01:28.0	Ana9 - 9: T.Zuluft WRG warm	20.3
2021-03-11 17:01:38.0	Ana1 - 1: T.Au?en	13.1
2021-03-11 17:01:38.0	Ana2 - 2: T.Zuluft	18.7
2021-03-11 17:01:38.0	Ana3 - 3: T.Abluft	21.1
2021-03-11 17:01:38.0	Ana4 - 4: T.Fortluft	16.9
2021-03-11 17:01:38.0	Ana5 - 5: T.Raum	9999.9
2021-03-11 17:01:38.0	Ana9 - 9: T.Zuluft WRG warm	20.3
2021-03-11 17:01:48.0	Ana1 - 1: T.Au?en	13.1
2021-03-11 17:01:48.0	Ana2 - 2: T.Zuluft	18.7
2021-03-11 17:01:48.0	Ana3 - 3: T.Abluft	21.1
2021-03-11 17:01:48.0	Ana4 - 4: T.Fortluft	16.9
2021-03-11 17:01:48.0	Ana5 - 5: T.Raum	9999.9
2021-03-11 17:01:48.0	Ana9 - 9: T.Zuluft WRG warm	20.3
2021-03-11 17:01:58.0	Ana1 - 1: T.Au?en	13.1
2021-03-11 17:01:58.0	Ana2 - 2: T.Zuluft	18.7
2021-03-11 17:01:58.0	Ana3 - 3: T.Abluft	21.1
2021-03-11 17:01:58.0	Ana4 - 4: T.Fortluft	16.9
2021-03-11 17:01:58.0	Ana5 - 5: T.Raum	9999.9
2021-03-11 17:01:58.0	Ana9 - 9: T.Zuluft WRG warm	20.3
2021-03-11 17:02:08.0	Ana1 - 1: T.Au?en	13.1
2021-03-11 17:02:08.0	Ana2 - 2: T.Zuluft	18.7
2021-03-11 17:02:08.0	Ana3 - 3: T.Abluft	21.1
2021-03-11 17:02:08.0	Ana4 - 4: T.Fortluft	16.9
2021-03-11 17:02:08.0	Ana5 - 5: T.Raum	9999.9
2021-03-11 17:02:08.0	Ana9 - 9: T.Zuluft WRG warm	20.3
2021-03-11 17:02:18.0	Ana1 - 1: T.Au?en	13.1
2021-03-11 17:02:18.0	Ana2 - 2: T.Zuluft	18.7
2021-03-11 17:02:18.0	Ana3 - 3: T.Abluft	21.1
2021-03-11 17:02:18.0	Ana4 - 4: T.Fortluft	16.9
2021-03-11 17:02:18.0	Ana5 - 5: T.Raum	9999.9
2021-03-11 17:02:18.0	Ana9 - 9: T.Zuluft WRG warm	20.3
2021-03-11 17:02:28.0	Ana1 - 1: T.Au?en	13.1
2021-03-11 17:02:28.0	Ana2 - 2: T.Zuluft	18.7
2021-03-11 17:02:28.0	Ana3 - 3: T.Abluft	21.1
2021-03-11 17:02:28.0	Ana4 - 4: T.Fortluft	16.9
2021-03-11 17:02:28.0	Ana5 - 5: T.Raum	9999.9
2021-03-11 17:02:28.0	Ana9 - 9: T.Zuluft WRG warm	20.3
2021-03-11 17:02:38.0	Ana1 - 1: T.Au?en	13.1
2021-03-11 17:02:38.0	Ana2 - 2: T.Zuluft	18.7
2021-03-11 17:02:38.0	Ana3 - 3: T.Abluft	21.1
2021-03-11 17:02:38.0	Ana4 - 4: T.Fortluft	16.9
2021-03-11 17:02:38.0	Ana5 - 5: T.Raum	9999.9
2021-03-11 17:02:38.0	Ana9 - 9: T.Zuluft WRG warm	20.3
2021-03-11 17:02:48.0	Ana1 - 1: T.Au?en	13.1
2021-03-11 17:02:48.0	Ana2 - 2: T.Zuluft	18.7
2021-03-11 17:02:48.0	Ana3 - 3: T.Abluft	21.1
2021-03-11 17:02:48.0	Ana4 - 4: T.Fortluft	16.9
2021-03-11 17:02:48.0	Ana5 - 5: T.Raum	9999.9
2021-03-11 17:02:48.0	Ana9 - 9: T.Zuluft WRG warm	20.3
2021-03-11 17:02:58.0	Ana1 - 1: T.Au?en	13.1
2021-03-11 17:02:58.0	Ana2 - 2: T.Zuluft	18.7
2021-03-11 17:02:58.0	Ana3 - 3: T.Abluft	21.1
2021-03-11 17:02:58.0	Ana4 - 4: T.Fortluft	16.9
2021-03-11 17:02:58.0	Ana5 - 5: T.Raum	9999.9
2021-03-11 17:02:58.0	Ana9 - 9: T.Zuluft WRG warm	20.3
2021-03-11 17:03:08.0	Ana1 - 1: T.Au?en	13.1
2021-03-11 17:03:08.0	Ana2 - 2: T.Zuluft	18.7
2021-03-11 17:03:08.0	Ana3 - 3: T.Abluft	21.1
2021-03-11 17:03:08.0	Ana4 - 4: T.Fortluft	16.9
2021-03-11 17:03:08.0	Ana5 - 5: T.Raum	9999.9
2021-03-11 17:03:08.0	Ana9 - 9: T.Zuluft WRG warm	20.3
2021-03-11 17:03:18.0	Ana1 - 1: T.Au?en	13.1
2021-03-11 17:03:18.0	Ana2 - 2: T.Zuluft	18.7
2021-03-11 17:03:18.0	Ana3 - 3: T.Abluft	21.1
2021-03-11 17:03:18.0	Ana4 - 4: T.Fortluft	16.9
2021-03-11 17:03:18.0	Ana5 - 5: T.Raum	9999.9
2021-03-11 17:03:18.0	Ana9 - 9: T.Zuluft WRG warm	20.3
2021-03-11 17:03:28.0	Ana1 - 1: T.Au?en	13.1
2021-03-11 17:03:28.0	Ana2 - 2: T.Zuluft	18.7
2021-03-11 17:03:28.0	Ana3 - 3: T.Abluft	21.1
2021-03-11 17:03:28.0	Ana4 - 4: T.Fortluft	16.9
2021-03-11 17:03:28.0	Ana5 - 5: T.Raum	9999.9
2021-03-11 17:03:28.0	Ana9 - 9: T.Zuluft WRG warm	20.3
2021-03-11 17:03:38.0	Ana1 - 1: T.Au?en	13.1
2021-03-11 17:03:38.0	Ana2 - 2: T.Zuluft	18.7
2021-03-11 17:03:38.0	Ana3 - 3: T.Abluft	21.1
2021-03-11 17:03:38.0	Ana4 - 4: T.Fortluft	16.9
2021-03-11 17:03:38.0	Ana5 - 5: T.Raum	9999.9
2021-03-11 17:03:38.0	Ana9 - 9: T.Zuluft WRG warm	20.3
2021-03-11 17:03:48.0	Ana1 - 1: T.Au?en	13.1
2021-03-11 17:03:48.0	Ana2 - 2: T.Zuluft	18.7
2021-03-11 17:03:48.0	Ana3 - 3: T.Abluft	21.1
2021-03-11 17:03:48.0	Ana4 - 4: T.Fortluft	16.8
2021-03-11 17:03:48.0	Ana5 - 5: T.Raum	9999.9
2021-03-11 17:03:48.0	Ana9 - 9: T.Zuluft WRG warm	20.3
2021-03-11 17:03:58.0	Ana1 - 1: T.Au?en	13.1
2021-03-11 17:03:58.0	Ana2 - 2: T.Zuluft	18.7
2021-03-11 17:03:58.0	Ana3 - 3: T.Abluft	21.1
2021-03-11 17:03:58.0	Ana4 - 4: T.Fortluft	16.8
2021-03-11 17:03:58.0	Ana5 - 5: T.Raum	9999.9
2021-03-11 17:03:58.0	Ana9 - 9: T.Zuluft WRG warm	20.3
2021-03-11 17:04:08.0	Ana1 - 1: T.Au?en	13.1
2021-03-11 17:04:08.0	Ana2 - 2: T.Zuluft	18.7
2021-03-11 17:04:08.0	Ana3 - 3: T.Abluft	21.1
2021-03-11 17:04:08.0	Ana4 - 4: T.Fortluft	16.8
2021-03-11 17:04:08.0	Ana5 - 5: T.Raum	9999.9
2021-03-11 17:04:08.0	Ana9 - 9: T.Zuluft WRG warm	20.3
2021-03-11 17:04:18.0	Ana1 - 1: T.Au?en	13.2
2021-03-11 17:04:18.0	Ana2 - 2: T.Zuluft	18.7
2021-03-11 17:04:18.0	Ana3 - 3: T.Abluft	21.1
2021-03-11 17:04:18.0	Ana4 - 4: T.Fortluft	16.8
2021-03-11 17:04:18.0	Ana5 - 5: T.Raum	9999.9
2021-03-11 17:04:18.0	Ana9 - 9: T.Zuluft WRG warm	20.3
2021-03-11 17:04:28.0	Ana1 - 1: T.Au?en	13.2
2021-03-11 17:04:28.0	Ana2 - 2: T.Zuluft	18.7
2021-03-11 17:04:28.0	Ana3 - 3: T.Abluft	21.1
2021-03-11 17:04:28.0	Ana4 - 4: T.Fortluft	16.8
2021-03-11 17:04:28.0	Ana5 - 5: T.Raum	9999.9
2021-03-11 17:04:28.0	Ana9 - 9: T.Zuluft WRG warm	20.3
2021-03-11 17:04:38.0	Ana1 - 1: T.Au?en	13.2
2021-03-11 17:04:38.0	Ana2 - 2: T.Zuluft	18.7
2021-03-11 17:04:38.0	Ana3 - 3: T.Abluft	21.1
2021-03-11 17:04:38.0	Ana4 - 4: T.Fortluft	16.8
2021-03-11 17:04:38.0	Ana5 - 5: T.Raum	9999.9
2021-03-11 17:04:38.0	Ana9 - 9: T.Zuluft WRG warm	20.3
2021-03-11 17:04:48.0	Ana1 - 1: T.Au?en	13.2
2021-03-11 17:04:48.0	Ana2 - 2: T.Zuluft	18.7
2021-03-11 17:04:48.0	Ana3 - 3: T.Abluft	21.1
2021-03-11 17:04:48.0	Ana4 - 4: T.Fortluft	16.9
2021-03-11 17:04:48.0	Ana5 - 5: T.Raum	9999.9
2021-03-11 17:04:48.0	Ana9 - 9: T.Zuluft WRG warm	20.3
2021-03-11 17:04:58.0	Ana1 - 1: T.Au?en	13.2
2021-03-11 17:04:58.0	Ana2 - 2: T.Zuluft	18.7
2021-03-11 17:04:58.0	Ana3 - 3: T.Abluft	21.1
2021-03-11 17:04:58.0	Ana4 - 4: T.Fortluft	16.8
2021-03-11 17:04:58.0	Ana5 - 5: T.Raum	9999.9
2021-03-11 17:04:58.0	Ana9 - 9: T.Zuluft WRG warm	20.3
2021-03-11 17:05:08.0	Ana1 - 1: T.Au?en	13.1
2021-03-11 17:05:08.0	Ana2 - 2: T.Zuluft	18.7
2021-03-11 17:05:08.0	Ana3 - 3: T.Abluft	21.1
2021-03-11 17:05:08.0	Ana4 - 4: T.Fortluft	16.8
2021-03-11 17:05:08.0	Ana5 - 5: T.Raum	9999.9
2021-03-11 17:05:08.0	Ana9 - 9: T.Zuluft WRG warm	20.3
2021-03-11 17:05:18.0	Ana1 - 1: T.Au?en	13.1
2021-03-11 17:05:18.0	Ana2 - 2: T.Zuluft	18.7
2021-03-11 17:05:18.0	Ana3 - 3: T.Abluft	21.1
2021-03-11 17:05:18.0	Ana4 - 4: T.Fortluft	16.8
2021-03-11 17:05:18.0	Ana5 - 5: T.Raum	9999.9
2021-03-11 17:05:18.0	Ana9 - 9: T.Zuluft WRG warm	20.3
2021-03-11 17:05:28.0	Ana1 - 1: T.Au?en	13.1
2021-03-11 17:05:28.0	Ana2 - 2: T.Zuluft	18.7
2021-03-11 17:05:28.0	Ana3 - 3: T.Abluft	21.1
2021-03-11 17:05:28.0	Ana4 - 4: T.Fortluft	16.8
2021-03-11 17:05:28.0	Ana5 - 5: T.Raum	9999.9
2021-03-11 17:05:28.0	Ana9 - 9: T.Zuluft WRG warm	20.3
2021-03-11 17:05:38.0	Ana1 - 1: T.Au?en	13.1
2021-03-11 17:05:38.0	Ana2 - 2: T.Zuluft	18.7
2021-03-11 17:05:38.0	Ana3 - 3: T.Abluft	21.1
2021-03-11 17:05:38.0	Ana4 - 4: T.Fortluft	16.8
2021-03-11 17:05:38.0	Ana5 - 5: T.Raum	9999.9
2021-03-11 17:05:38.0	Ana9 - 9: T.Zuluft WRG warm	20.3
2021-03-11 17:05:48.0	Ana1 - 1: T.Au?en	13.1
2021-03-11 17:05:48.0	Ana2 - 2: T.Zuluft	18.7
2021-03-11 17:05:48.0	Ana3 - 3: T.Abluft	21.1
2021-03-11 17:05:48.0	Ana4 - 4: T.Fortluft	16.8
2021-03-11 17:05:48.0	Ana5 - 5: T.Raum	9999.9
2021-03-11 17:05:48.0	Ana9 - 9: T.Zuluft WRG warm	20.3
2021-03-11 17:05:58.0	Ana1 - 1: T.Au?en	13.1
2021-03-11 17:05:58.0	Ana2 - 2: T.Zuluft	18.7
2021-03-11 17:05:58.0	Ana3 - 3: T.Abluft	21.1
2021-03-11 17:05:58.0	Ana4 - 4: T.Fortluft	16.8
2021-03-11 17:05:58.0	Ana5 - 5: T.Raum	9999.9
2021-03-11 17:05:58.0	Ana9 - 9: T.Zuluft WRG warm	20.3
2021-03-11 17:06:08.0	Ana1 - 1: T.Au?en	13.0
2021-03-11 17:06:08.0	Ana2 - 2: T.Zuluft	18.7
2021-03-11 17:06:08.0	Ana3 - 3: T.Abluft	21.1
2021-03-11 17:06:08.0	Ana4 - 4: T.Fortluft	16.8
2021-03-11 17:06:08.0	Ana5 - 5: T.Raum	9999.9
2021-03-11 17:06:08.0	Ana9 - 9: T.Zuluft WRG warm	20.3
2021-03-11 17:06:18.0	Ana1 - 1: T.Au?en	13.0
2021-03-11 17:06:18.0	Ana2 - 2: T.Zuluft	18.7
2021-03-11 17:06:18.0	Ana3 - 3: T.Abluft	21.1
2021-03-11 17:06:18.0	Ana4 - 4: T.Fortluft	16.8
2021-03-11 17:06:18.0	Ana5 - 5: T.Raum	9999.9
2021-03-11 17:06:18.0	Ana9 - 9: T.Zuluft WRG warm	20.3
2021-03-11 17:06:28.0	Ana1 - 1: T.Au?en	13.0
2021-03-11 17:06:28.0	Ana2 - 2: T.Zuluft	18.7
2021-03-11 17:06:28.0	Ana3 - 3: T.Abluft	21.1
2021-03-11 17:06:28.0	Ana4 - 4: T.Fortluft	16.8
2021-03-11 17:06:28.0	Ana5 - 5: T.Raum	9999.9
2021-03-11 17:06:28.0	Ana9 - 9: T.Zuluft WRG warm	20.3
2021-03-11 17:06:38.0	Ana1 - 1: T.Au?en	13.0
2021-03-11 17:06:38.0	Ana2 - 2: T.Zuluft	18.7
2021-03-11 17:06:38.0	Ana3 - 3: T.Abluft	21.1
2021-03-11 17:06:38.0	Ana4 - 4: T.Fortluft	16.8
2021-03-11 17:06:38.0	Ana5 - 5: T.Raum	9999.9
2021-03-11 17:06:38.0	Ana9 - 9: T.Zuluft WRG warm	20.3
2021-03-11 17:06:48.0	Ana1 - 1: T.Au?en	13.0
2021-03-11 17:06:48.0	Ana2 - 2: T.Zuluft	18.7
2021-03-11 17:06:48.0	Ana3 - 3: T.Abluft	21.1
2021-03-11 17:06:48.0	Ana4 - 4: T.Fortluft	16.8
2021-03-11 17:06:48.0	Ana5 - 5: T.Raum	9999.9
2021-03-11 17:06:48.0	Ana9 - 9: T.Zuluft WRG warm	20.3
2021-03-11 17:06:58.0	Ana1 - 1: T.Au?en	13.0
2021-03-11 17:06:58.0	Ana2 - 2: T.Zuluft	18.7
2021-03-11 17:06:58.0	Ana3 - 3: T.Abluft	21.1
2021-03-11 17:06:58.0	Ana4 - 4: T.Fortluft	16.8
2021-03-11 17:06:58.0	Ana5 - 5: T.Raum	9999.9
2021-03-11 17:06:58.0	Ana9 - 9: T.Zuluft WRG warm	20.3
2021-03-11 17:07:08.0	Ana1 - 1: T.Au?en	13.0
2021-03-11 17:07:08.0	Ana2 - 2: T.Zuluft	18.7
2021-03-11 17:07:08.0	Ana3 - 3: T.Abluft	21.1
2021-03-11 17:07:08.0	Ana4 - 4: T.Fortluft	16.8
2021-03-11 17:07:08.0	Ana5 - 5: T.Raum	9999.9
2021-03-11 17:07:08.0	Ana9 - 9: T.Zuluft WRG warm	20.3
2021-03-11 17:07:18.0	Ana1 - 1: T.Au?en	13.0
2021-03-11 17:07:18.0	Ana2 - 2: T.Zuluft	18.7
2021-03-11 17:07:18.0	Ana3 - 3: T.Abluft	21.1
2021-03-11 17:07:18.0	Ana4 - 4: T.Fortluft	16.8
2021-03-11 17:07:18.0	Ana5 - 5: T.Raum	9999.9
2021-03-11 17:07:18.0	Ana9 - 9: T.Zuluft WRG warm	20.3
2021-03-11 17:07:28.0	Ana1 - 1: T.Au?en	13.0
2021-03-11 17:07:28.0	Ana2 - 2: T.Zuluft	18.7
2021-03-11 17:07:28.0	Ana3 - 3: T.Abluft	21.1
2021-03-11 17:07:28.0	Ana4 - 4: T.Fortluft	16.8
2021-03-11 17:07:28.0	Ana5 - 5: T.Raum	9999.9
2021-03-11 17:07:28.0	Ana9 - 9: T.Zuluft WRG warm	20.3
2021-03-11 17:07:38.0	Ana1 - 1: T.Au?en	13.0
2021-03-11 17:07:38.0	Ana2 - 2: T.Zuluft	18.7
2021-03-11 17:07:38.0	Ana3 - 3: T.Abluft	21.1
2021-03-11 17:07:38.0	Ana4 - 4: T.Fortluft	16.8
2021-03-11 17:07:38.0	Ana5 - 5: T.Raum	9999.9
2021-03-11 17:07:38.0	Ana9 - 9: T.Zuluft WRG warm	20.3
2021-03-11 17:07:48.0	Ana1 - 1: T.Au?en	13.0
2021-03-11 17:07:48.0	Ana2 - 2: T.Zuluft	18.7
2021-03-11 17:07:48.0	Ana3 - 3: T.Abluft	21.1
2021-03-11 17:07:48.0	Ana4 - 4: T.Fortluft	16.8
2021-03-11 17:07:48.0	Ana5 - 5: T.Raum	9999.9
2021-03-11 17:07:48.0	Ana9 - 9: T.Zuluft WRG warm	20.3
2021-03-11 17:07:58.0	Ana1 - 1: T.Au?en	13.0
2021-03-11 17:07:58.0	Ana2 - 2: T.Zuluft	18.7
2021-03-11 17:07:58.0	Ana3 - 3: T.Abluft	21.1
2021-03-11 17:07:58.0	Ana4 - 4: T.Fortluft	16.8
2021-03-11 17:07:58.0	Ana5 - 5: T.Raum	9999.9
2021-03-11 17:07:58.0	Ana9 - 9: T.Zuluft WRG warm	20.3
2021-03-11 17:08:08.0	Ana1 - 1: T.Au?en	13.0
2021-03-11 17:08:08.0	Ana2 - 2: T.Zuluft	18.7
2021-03-11 17:08:08.0	Ana3 - 3: T.Abluft	21.1
2021-03-11 17:08:08.0	Ana4 - 4: T.Fortluft	16.8
2021-03-11 17:08:08.0	Ana5 - 5: T.Raum	9999.9
2021-03-11 17:08:08.0	Ana9 - 9: T.Zuluft WRG warm	20.3
2021-03-11 17:08:18.0	Ana1 - 1: T.Au?en	13.0
2021-03-11 17:08:18.0	Ana2 - 2: T.Zuluft	18.7
2021-03-11 17:08:18.0	Ana3 - 3: T.Abluft	21.1
2021-03-11 17:08:18.0	Ana4 - 4: T.Fortluft	16.8
2021-03-11 17:08:18.0	Ana5 - 5: T.Raum	9999.9
2021-03-11 17:08:18.0	Ana9 - 9: T.Zuluft WRG warm	20.3
2021-03-11 17:08:28.0	Ana1 - 1: T.Au?en	13.0
2021-03-11 17:08:28.0	Ana2 - 2: T.Zuluft	18.7
2021-03-11 17:08:28.0	Ana3 - 3: T.Abluft	21.1
2021-03-11 17:08:28.0	Ana4 - 4: T.Fortluft	16.8
2021-03-11 17:08:28.0	Ana5 - 5: T.Raum	9999.9
2021-03-11 17:08:28.0	Ana9 - 9: T.Zuluft WRG warm	20.3
2021-03-11 17:08:38.0	Ana1 - 1: T.Au?en	13.0
2021-03-11 17:08:38.0	Ana2 - 2: T.Zuluft	18.7
2021-03-11 17:08:38.0	Ana3 - 3: T.Abluft	21.1
2021-03-11 17:08:38.0	Ana4 - 4: T.Fortluft	16.8
2021-03-11 17:08:38.0	Ana5 - 5: T.Raum	9999.9
2021-03-11 17:08:38.0	Ana9 - 9: T.Zuluft WRG warm	20.3
2021-03-11 17:08:48.0	Ana1 - 1: T.Au?en	13.0
2021-03-11 17:08:48.0	Ana2 - 2: T.Zuluft	18.7
2021-03-11 17:08:48.0	Ana3 - 3: T.Abluft	21.1
2021-03-11 17:08:48.0	Ana4 - 4: T.Fortluft	16.8
2021-03-11 17:08:48.0	Ana5 - 5: T.Raum	9999.9
2021-03-11 17:08:48.0	Ana9 - 9: T.Zuluft WRG warm	20.3
2021-03-11 17:08:58.0	Ana1 - 1: T.Au?en	12.9
2021-03-11 17:08:58.0	Ana2 - 2: T.Zuluft	18.7
2021-03-11 17:08:58.0	Ana3 - 3: T.Abluft	21.1
2021-03-11 17:08:58.0	Ana4 - 4: T.Fortluft	16.8
2021-03-11 17:08:58.0	Ana5 - 5: T.Raum	9999.9
2021-03-11 17:08:58.0	Ana9 - 9: T.Zuluft WRG warm	20.3
2021-03-11 17:09:08.0	Ana1 - 1: T.Au?en	12.9
2021-03-11 17:09:08.0	Ana2 - 2: T.Zuluft	18.7
2021-03-11 17:09:08.0	Ana3 - 3: T.Abluft	21.1
2021-03-11 17:09:08.0	Ana4 - 4: T.Fortluft	16.8
2021-03-11 17:09:08.0	Ana5 - 5: T.Raum	9999.9
2021-03-11 17:09:08.0	Ana9 - 9: T.Zuluft WRG warm	20.3
2021-03-11 17:09:18.0	Ana1 - 1: T.Au?en	13.0
2021-03-11 17:09:18.0	Ana2 - 2: T.Zuluft	18.7
2021-03-11 17:09:18.0	Ana3 - 3: T.Abluft	21.1
2021-03-11 17:09:18.0	Ana4 - 4: T.Fortluft	16.8
2021-03-11 17:09:18.0	Ana5 - 5: T.Raum	9999.9
2021-03-11 17:09:18.0	Ana9 - 9: T.Zuluft WRG warm	20.3
2021-03-11 17:09:28.0	Ana1 - 1: T.Au?en	13.0
2021-03-11 17:09:28.0	Ana2 - 2: T.Zuluft	18.7
2021-03-11 17:09:28.0	Ana3 - 3: T.Abluft	21.1
2021-03-11 17:09:28.0	Ana4 - 4: T.Fortluft	16.8
2021-03-11 17:09:28.0	Ana5 - 5: T.Raum	9999.9
2021-03-11 17:09:28.0	Ana9 - 9: T.Zuluft WRG warm	20.3
2021-03-11 17:09:38.0	Ana1 - 1: T.Au?en	12.9
2021-03-11 17:09:38.0	Ana2 - 2: T.Zuluft	18.7
2021-03-11 17:09:38.0	Ana3 - 3: T.Abluft	21.1
2021-03-11 17:09:38.0	Ana4 - 4: T.Fortluft	16.8
2021-03-11 17:09:38.0	Ana5 - 5: T.Raum	9999.9
2021-03-11 17:09:38.0	Ana9 - 9: T.Zuluft WRG warm	20.3
2021-03-11 17:09:48.0	Ana1 - 1: T.Au?en	12.9
2021-03-11 17:09:48.0	Ana2 - 2: T.Zuluft	18.7
2021-03-11 17:09:48.0	Ana3 - 3: T.Abluft	21.1
2021-03-11 17:09:48.0	Ana4 - 4: T.Fortluft	16.8
2021-03-11 17:09:48.0	Ana5 - 5: T.Raum	9999.9
2021-03-11 17:09:48.0	Ana9 - 9: T.Zuluft WRG warm	20.3
2021-03-11 17:09:58.0	Ana1 - 1: T.Au?en	12.9
2021-03-11 17:09:58.0	Ana2 - 2: T.Zuluft	18.7
2021-03-11 17:09:58.0	Ana3 - 3: T.Abluft	21.1
2021-03-11 17:09:58.0	Ana4 - 4: T.Fortluft	16.8
2021-03-11 17:09:58.0	Ana5 - 5: T.Raum	9999.9
2021-03-11 17:09:58.0	Ana9 - 9: T.Zuluft WRG warm	20.3
2021-03-11 17:10:08.0	Ana1 - 1: T.Au?en	13.0
2021-03-11 17:10:08.0	Ana2 - 2: T.Zuluft	18.6
2021-03-11 17:10:08.0	Ana3 - 3: T.Abluft	21.1
2021-03-11 17:10:08.0	Ana4 - 4: T.Fortluft	16.8
2021-03-11 17:10:08.0	Ana5 - 5: T.Raum	9999.9
2021-03-11 17:10:08.0	Ana9 - 9: T.Zuluft WRG warm	20.3
2021-03-11 17:10:18.0	Ana1 - 1: T.Au?en	13.0
2021-03-11 17:10:18.0	Ana2 - 2: T.Zuluft	18.7
2021-03-11 17:10:18.0	Ana3 - 3: T.Abluft	21.1
2021-03-11 17:10:18.0	Ana4 - 4: T.Fortluft	16.7
2021-03-11 17:10:18.0	Ana5 - 5: T.Raum	9999.9
2021-03-11 17:10:18.0	Ana9 - 9: T.Zuluft WRG warm	20.3
2021-03-11 17:10:28.0	Ana1 - 1: T.Au?en	12.9
2021-03-11 17:10:28.0	Ana2 - 2: T.Zuluft	18.6
2021-03-11 17:10:28.0	Ana3 - 3: T.Abluft	21.1
2021-03-11 17:10:28.0	Ana4 - 4: T.Fortluft	16.7
2021-03-11 17:10:28.0	Ana5 - 5: T.Raum	9999.9
2021-03-11 17:10:28.0	Ana9 - 9: T.Zuluft WRG warm	20.3
2021-03-11 17:10:38.0	Ana1 - 1: T.Au?en	12.9
2021-03-11 17:10:38.0	Ana2 - 2: T.Zuluft	18.6
2021-03-11 17:10:38.0	Ana3 - 3: T.Abluft	21.1
2021-03-11 17:10:38.0	Ana4 - 4: T.Fortluft	16.7
2021-03-11 17:10:38.0	Ana5 - 5: T.Raum	9999.9
2021-03-11 17:10:38.0	Ana9 - 9: T.Zuluft WRG warm	20.3
2021-03-11 17:10:48.0	Ana1 - 1: T.Au?en	12.9
2021-03-11 17:10:48.0	Ana2 - 2: T.Zuluft	18.6
2021-03-11 17:10:48.0	Ana3 - 3: T.Abluft	21.1
2021-03-11 17:10:48.0	Ana4 - 4: T.Fortluft	16.7
2021-03-11 17:10:48.0	Ana5 - 5: T.Raum	9999.9
2021-03-11 17:10:48.0	Ana9 - 9: T.Zuluft WRG warm	20.3
2021-03-11 17:10:58.0	Ana1 - 1: T.Au?en	12.9
2021-03-11 17:10:58.0	Ana2 - 2: T.Zuluft	18.6
2021-03-11 17:10:58.0	Ana3 - 3: T.Abluft	21.1
2021-03-11 17:10:58.0	Ana4 - 4: T.Fortluft	16.7
2021-03-11 17:10:58.0	Ana5 - 5: T.Raum	9999.9
2021-03-11 17:10:58.0	Ana9 - 9: T.Zuluft WRG warm	20.3
2021-03-11 17:11:08.0	Ana1 - 1: T.Au?en	13.0
2021-03-11 17:11:08.0	Ana2 - 2: T.Zuluft	18.6
2021-03-11 17:11:08.0	Ana3 - 3: T.Abluft	21.1
2021-03-11 17:11:08.0	Ana4 - 4: T.Fortluft	16.7
2021-03-11 17:11:08.0	Ana5 - 5: T.Raum	9999.9
2021-03-11 17:11:08.0	Ana9 - 9: T.Zuluft WRG warm	20.3
2021-03-11 17:11:18.0	Ana1 - 1: T.Au?en	12.9
2021-03-11 17:11:18.0	Ana2 - 2: T.Zuluft	18.6
2021-03-11 17:11:18.0	Ana3 - 3: T.Abluft	21.1
2021-03-11 17:11:18.0	Ana4 - 4: T.Fortluft	16.7
2021-03-11 17:11:18.0	Ana5 - 5: T.Raum	9999.9
2021-03-11 17:11:18.0	Ana9 - 9: T.Zuluft WRG warm	20.3
2021-03-11 17:11:28.0	Ana1 - 1: T.Au?en	12.9
2021-03-11 17:11:28.0	Ana2 - 2: T.Zuluft	18.6
2021-03-11 17:11:28.0	Ana3 - 3: T.Abluft	21.1
2021-03-11 17:11:28.0	Ana4 - 4: T.Fortluft	16.7
2021-03-11 17:11:28.0	Ana5 - 5: T.Raum	9999.9
2021-03-11 17:11:28.0	Ana9 - 9: T.Zuluft WRG warm	20.3
2021-03-11 17:11:38.0	Ana1 - 1: T.Au?en	12.9
2021-03-11 17:11:38.0	Ana2 - 2: T.Zuluft	18.6
2021-03-11 17:11:38.0	Ana3 - 3: T.Abluft	21.1
2021-03-11 17:11:38.0	Ana4 - 4: T.Fortluft	16.7
2021-03-11 17:11:38.0	Ana5 - 5: T.Raum	9999.9
2021-03-11 17:11:38.0	Ana9 - 9: T.Zuluft WRG warm	20.3
2021-03-11 17:11:48.0	Ana1 - 1: T.Au?en	12.9
2021-03-11 17:11:48.0	Ana2 - 2: T.Zuluft	18.6
2021-03-11 17:11:48.0	Ana3 - 3: T.Abluft	21.1
2021-03-11 17:11:48.0	Ana4 - 4: T.Fortluft	16.7
2021-03-11 17:11:48.0	Ana5 - 5: T.Raum	9999.9
2021-03-11 17:11:48.0	Ana9 - 9: T.Zuluft WRG warm	20.3
2021-03-11 17:11:58.0	Ana1 - 1: T.Au?en	12.9
2021-03-11 17:11:58.0	Ana2 - 2: T.Zuluft	18.6
2021-03-11 17:11:58.0	Ana3 - 3: T.Abluft	21.1
2021-03-11 17:11:58.0	Ana4 - 4: T.Fortluft	16.7
2021-03-11 17:11:58.0	Ana5 - 5: T.Raum	9999.9
2021-03-11 17:11:58.0	Ana9 - 9: T.Zuluft WRG warm	20.3
2021-03-11 17:12:08.0	Ana1 - 1: T.Au?en	12.9
2021-03-11 17:12:08.0	Ana2 - 2: T.Zuluft	18.6
2021-03-11 17:12:08.0	Ana3 - 3: T.Abluft	21.1
2021-03-11 17:12:08.0	Ana4 - 4: T.Fortluft	16.7
2021-03-11 17:12:08.0	Ana5 - 5: T.Raum	9999.9
2021-03-11 17:12:08.0	Ana9 - 9: T.Zuluft WRG warm	20.3
2021-03-11 17:12:18.0	Ana1 - 1: T.Au?en	12.9
2021-03-11 17:12:18.0	Ana2 - 2: T.Zuluft	18.6
2021-03-11 17:12:18.0	Ana3 - 3: T.Abluft	21.1
2021-03-11 17:12:18.0	Ana4 - 4: T.Fortluft	16.7
2021-03-11 17:12:18.0	Ana5 - 5: T.Raum	9999.9
2021-03-11 17:12:18.0	Ana9 - 9: T.Zuluft WRG warm	20.3
2021-03-11 17:12:28.0	Ana1 - 1: T.Au?en	12.9
2021-03-11 17:12:28.0	Ana2 - 2: T.Zuluft	18.6
2021-03-11 17:12:28.0	Ana3 - 3: T.Abluft	21.1
2021-03-11 17:12:28.0	Ana4 - 4: T.Fortluft	16.7
2021-03-11 17:12:28.0	Ana5 - 5: T.Raum	9999.9
2021-03-11 17:12:28.0	Ana9 - 9: T.Zuluft WRG warm	20.3
2021-03-11 17:12:38.0	Ana1 - 1: T.Au?en	12.9
2021-03-11 17:12:38.0	Ana2 - 2: T.Zuluft	18.6
2021-03-11 17:12:38.0	Ana3 - 3: T.Abluft	21.1
2021-03-11 17:12:38.0	Ana4 - 4: T.Fortluft	16.7
2021-03-11 17:12:38.0	Ana5 - 5: T.Raum	9999.9
2021-03-11 17:12:38.0	Ana9 - 9: T.Zuluft WRG warm	20.3
2021-03-11 17:12:48.0	Ana1 - 1: T.Au?en	12.9
2021-03-11 17:12:48.0	Ana2 - 2: T.Zuluft	18.6
2021-03-11 17:12:48.0	Ana3 - 3: T.Abluft	21.1
2021-03-11 17:12:48.0	Ana4 - 4: T.Fortluft	16.7
2021-03-11 17:12:48.0	Ana5 - 5: T.Raum	9999.9
2021-03-11 17:12:48.0	Ana9 - 9: T.Zuluft WRG warm	20.3
2021-03-11 17:12:58.0	Ana1 - 1: T.Au?en	13.0
2021-03-11 17:12:58.0	Ana2 - 2: T.Zuluft	18.6
2021-03-11 17:12:58.0	Ana3 - 3: T.Abluft	21.1
2021-03-11 17:12:58.0	Ana4 - 4: T.Fortluft	16.7
2021-03-11 17:12:58.0	Ana5 - 5: T.Raum	9999.9
2021-03-11 17:12:58.0	Ana9 - 9: T.Zuluft WRG warm	20.3
2021-03-11 17:13:08.0	Ana1 - 1: T.Au?en	13.0
2021-03-11 17:13:08.0	Ana2 - 2: T.Zuluft	18.6
2021-03-11 17:13:08.0	Ana3 - 3: T.Abluft	21.1
2021-03-11 17:13:08.0	Ana4 - 4: T.Fortluft	16.7
2021-03-11 17:13:08.0	Ana5 - 5: T.Raum	9999.9
2021-03-11 17:13:08.0	Ana9 - 9: T.Zuluft WRG warm	20.3
2021-03-11 17:13:18.0	Ana1 - 1: T.Au?en	12.9
2021-03-11 17:13:18.0	Ana2 - 2: T.Zuluft	18.6
2021-03-11 17:13:18.0	Ana3 - 3: T.Abluft	21.1
2021-03-11 17:13:18.0	Ana4 - 4: T.Fortluft	16.7
2021-03-11 17:13:18.0	Ana5 - 5: T.Raum	9999.9
2021-03-11 17:13:18.0	Ana9 - 9: T.Zuluft WRG warm	20.3
2021-03-11 17:13:28.0	Ana1 - 1: T.Au?en	13.0
2021-03-11 17:13:28.0	Ana2 - 2: T.Zuluft	18.6
2021-03-11 17:13:28.0	Ana3 - 3: T.Abluft	21.1
2021-03-11 17:13:28.0	Ana4 - 4: T.Fortluft	16.7
2021-03-11 17:13:28.0	Ana5 - 5: T.Raum	9999.9
2021-03-11 17:13:28.0	Ana9 - 9: T.Zuluft WRG warm	20.3
2021-03-11 17:13:38.0	Ana1 - 1: T.Au?en	13.0
2021-03-11 17:13:38.0	Ana2 - 2: T.Zuluft	18.6
2021-03-11 17:13:38.0	Ana3 - 3: T.Abluft	21.1
2021-03-11 17:13:38.0	Ana4 - 4: T.Fortluft	16.7
2021-03-11 17:13:38.0	Ana5 - 5: T.Raum	9999.9
2021-03-11 17:13:38.0	Ana9 - 9: T.Zuluft WRG warm	20.3
2021-03-11 17:13:48.0	Ana1 - 1: T.Au?en	13.0
2021-03-11 17:13:48.0	Ana2 - 2: T.Zuluft	18.6
2021-03-11 17:13:48.0	Ana3 - 3: T.Abluft	21.1
2021-03-11 17:13:48.0	Ana4 - 4: T.Fortluft	16.7
2021-03-11 17:13:48.0	Ana5 - 5: T.Raum	9999.9
2021-03-11 17:13:48.0	Ana9 - 9: T.Zuluft WRG warm	20.3
2021-03-11 17:13:58.0	Ana1 - 1: T.Au?en	13.0
2021-03-11 17:13:58.0	Ana2 - 2: T.Zuluft	18.6
2021-03-11 17:13:58.0	Ana3 - 3: T.Abluft	21.1
2021-03-11 17:13:58.0	Ana4 - 4: T.Fortluft	16.7
2021-03-11 17:13:58.0	Ana5 - 5: T.Raum	9999.9
2021-03-11 17:13:58.0	Ana9 - 9: T.Zuluft WRG warm	20.3
2021-03-11 17:14:08.0	Ana1 - 1: T.Au?en	13.0
2021-03-11 17:14:08.0	Ana2 - 2: T.Zuluft	18.6
2021-03-11 17:14:08.0	Ana3 - 3: T.Abluft	21.1
2021-03-11 17:14:08.0	Ana4 - 4: T.Fortluft	16.7
2021-03-11 17:14:08.0	Ana5 - 5: T.Raum	9999.9
2021-03-11 17:14:08.0	Ana9 - 9: T.Zuluft WRG warm	20.3
2021-03-11 17:14:18.0	Ana1 - 1: T.Au?en	13.0
2021-03-11 17:14:18.0	Ana2 - 2: T.Zuluft	18.6
2021-03-11 17:14:18.0	Ana3 - 3: T.Abluft	21.1
2021-03-11 17:14:18.0	Ana4 - 4: T.Fortluft	16.7
2021-03-11 17:14:18.0	Ana5 - 5: T.Raum	9999.9
2021-03-11 17:14:18.0	Ana9 - 9: T.Zuluft WRG warm	20.3
2021-03-11 17:14:28.0	Ana1 - 1: T.Au?en	13.0
2021-03-11 17:14:28.0	Ana2 - 2: T.Zuluft	18.6
2021-03-11 17:14:28.0	Ana3 - 3: T.Abluft	21.1
2021-03-11 17:14:28.0	Ana4 - 4: T.Fortluft	16.7
2021-03-11 17:14:28.0	Ana5 - 5: T.Raum	9999.9
2021-03-11 17:14:28.0	Ana9 - 9: T.Zuluft WRG warm	20.3
2021-03-11 17:14:38.0	Ana1 - 1: T.Au?en	13.0
2021-03-11 17:14:38.0	Ana2 - 2: T.Zuluft	18.6
2021-03-11 17:14:38.0	Ana3 - 3: T.Abluft	21.1
2021-03-11 17:14:38.0	Ana4 - 4: T.Fortluft	16.7
2021-03-11 17:14:38.0	Ana5 - 5: T.Raum	9999.9
2021-03-11 17:14:38.0	Ana9 - 9: T.Zuluft WRG warm	20.3
2021-03-11 17:14:48.0	Ana1 - 1: T.Au?en	12.9
2021-03-11 17:14:48.0	Ana2 - 2: T.Zuluft	18.6
2021-03-11 17:14:48.0	Ana3 - 3: T.Abluft	21.1
2021-03-11 17:14:48.0	Ana4 - 4: T.Fortluft	16.7
2021-03-11 17:14:48.0	Ana5 - 5: T.Raum	9999.9
2021-03-11 17:14:48.0	Ana9 - 9: T.Zuluft WRG warm	20.3
2021-03-11 17:14:58.0	Ana1 - 1: T.Au?en	12.9
2021-03-11 17:14:58.0	Ana2 - 2: T.Zuluft	18.6
2021-03-11 17:14:58.0	Ana3 - 3: T.Abluft	21.1
2021-03-11 17:14:58.0	Ana4 - 4: T.Fortluft	16.7
2021-03-11 17:14:58.0	Ana5 - 5: T.Raum	9999.9
2021-03-11 17:14:58.0	Ana9 - 9: T.Zuluft WRG warm	20.3
2021-03-11 17:15:08.0	Ana1 - 1: T.Au?en	12.9
2021-03-11 17:15:08.0	Ana2 - 2: T.Zuluft	18.6
2021-03-11 17:15:08.0	Ana3 - 3: T.Abluft	21.1
2021-03-11 17:15:08.0	Ana4 - 4: T.Fortluft	16.7
2021-03-11 17:15:08.0	Ana5 - 5: T.Raum	9999.9
2021-03-11 17:15:08.0	Ana9 - 9: T.Zuluft WRG warm	20.3
2021-03-11 17:15:18.0	Ana1 - 1: T.Au?en	12.9
2021-03-11 17:15:18.0	Ana2 - 2: T.Zuluft	18.6
2021-03-11 17:15:18.0	Ana3 - 3: T.Abluft	21.1
2021-03-11 17:15:18.0	Ana4 - 4: T.Fortluft	16.7
2021-03-11 17:15:18.0	Ana5 - 5: T.Raum	9999.9
2021-03-11 17:15:18.0	Ana9 - 9: T.Zuluft WRG warm	20.3
2021-03-11 17:15:28.0	Ana1 - 1: T.Au?en	12.9
2021-03-11 17:15:28.0	Ana2 - 2: T.Zuluft	18.6
2021-03-11 17:15:28.0	Ana3 - 3: T.Abluft	21.1
2021-03-11 17:15:28.0	Ana4 - 4: T.Fortluft	16.7
2021-03-11 17:15:28.0	Ana5 - 5: T.Raum	9999.9
2021-03-11 17:15:28.0	Ana9 - 9: T.Zuluft WRG warm	20.3
2021-03-11 17:15:38.0	Ana1 - 1: T.Au?en	12.9
2021-03-11 17:15:38.0	Ana2 - 2: T.Zuluft	18.6
2021-03-11 17:15:38.0	Ana3 - 3: T.Abluft	21.1
2021-03-11 17:15:38.0	Ana4 - 4: T.Fortluft	16.7
2021-03-11 17:15:38.0	Ana5 - 5: T.Raum	9999.9
2021-03-11 17:15:38.0	Ana9 - 9: T.Zuluft WRG warm	20.3
2021-03-11 17:15:48.0	Ana1 - 1: T.Au?en	12.9
2021-03-11 17:15:48.0	Ana2 - 2: T.Zuluft	18.6
2021-03-11 17:15:48.0	Ana3 - 3: T.Abluft	21.0
2021-03-11 17:15:48.0	Ana4 - 4: T.Fortluft	16.7
2021-03-11 17:15:48.0	Ana5 - 5: T.Raum	9999.9
2021-03-11 17:15:48.0	Ana9 - 9: T.Zuluft WRG warm	20.3
2021-03-11 17:15:58.0	Ana1 - 1: T.Au?en	12.9
2021-03-11 17:15:58.0	Ana2 - 2: T.Zuluft	18.6
2021-03-11 17:15:58.0	Ana3 - 3: T.Abluft	21.0
2021-03-11 17:15:58.0	Ana4 - 4: T.Fortluft	16.6
2021-03-11 17:15:58.0	Ana5 - 5: T.Raum	9999.9
2021-03-11 17:15:58.0	Ana9 - 9: T.Zuluft WRG warm	20.3
2021-03-11 17:16:08.0	Ana1 - 1: T.Au?en	12.9
2021-03-11 17:16:08.0	Ana2 - 2: T.Zuluft	18.6
2021-03-11 17:16:08.0	Ana3 - 3: T.Abluft	21.0
2021-03-11 17:16:08.0	Ana4 - 4: T.Fortluft	16.6
2021-03-11 17:16:08.0	Ana5 - 5: T.Raum	9999.9
2021-03-11 17:16:08.0	Ana9 - 9: T.Zuluft WRG warm	20.3
2021-03-11 17:16:18.0	Ana1 - 1: T.Au?en	12.9
2021-03-11 17:16:18.0	Ana2 - 2: T.Zuluft	18.6
2021-03-11 17:16:18.0	Ana3 - 3: T.Abluft	21.0
2021-03-11 17:16:18.0	Ana4 - 4: T.Fortluft	16.6
2021-03-11 17:16:18.0	Ana5 - 5: T.Raum	9999.9
2021-03-11 17:16:18.0	Ana9 - 9: T.Zuluft WRG warm	20.2
2021-03-11 17:16:28.0	Ana1 - 1: T.Au?en	12.9
2021-03-11 17:16:28.0	Ana2 - 2: T.Zuluft	18.6
2021-03-11 17:16:28.0	Ana3 - 3: T.Abluft	21.0
2021-03-11 17:16:28.0	Ana4 - 4: T.Fortluft	16.7
2021-03-11 17:16:28.0	Ana5 - 5: T.Raum	9999.9
2021-03-11 17:16:28.0	Ana9 - 9: T.Zuluft WRG warm	20.2
2021-03-11 17:16:38.0	Ana1 - 1: T.Au?en	12.9
2021-03-11 17:16:38.0	Ana2 - 2: T.Zuluft	18.6
2021-03-11 17:16:38.0	Ana3 - 3: T.Abluft	21.0
2021-03-11 17:16:38.0	Ana4 - 4: T.Fortluft	16.6
2021-03-11 17:16:38.0	Ana5 - 5: T.Raum	9999.9
2021-03-11 17:16:38.0	Ana9 - 9: T.Zuluft WRG warm	20.2
2021-03-11 17:16:48.0	Ana1 - 1: T.Au?en	12.9
2021-03-11 17:16:48.0	Ana2 - 2: T.Zuluft	18.6
2021-03-11 17:16:48.0	Ana3 - 3: T.Abluft	21.0
2021-03-11 17:16:48.0	Ana4 - 4: T.Fortluft	16.6
2021-03-11 17:16:48.0	Ana5 - 5: T.Raum	9999.9
2021-03-11 17:16:48.0	Ana9 - 9: T.Zuluft WRG warm	20.2
2021-03-11 17:16:58.0	Ana1 - 1: T.Au?en	12.9
2021-03-11 17:16:58.0	Ana2 - 2: T.Zuluft	18.6
2021-03-11 17:16:58.0	Ana3 - 3: T.Abluft	21.0
2021-03-11 17:16:58.0	Ana4 - 4: T.Fortluft	16.6
2021-03-11 17:16:58.0	Ana5 - 5: T.Raum	9999.9
2021-03-11 17:16:58.0	Ana9 - 9: T.Zuluft WRG warm	20.2
2021-03-11 17:17:08.0	Ana1 - 1: T.Au?en	12.9
2021-03-11 17:17:08.0	Ana2 - 2: T.Zuluft	18.6
2021-03-11 17:17:08.0	Ana3 - 3: T.Abluft	21.0
2021-03-11 17:17:08.0	Ana4 - 4: T.Fortluft	16.6
2021-03-11 17:17:08.0	Ana5 - 5: T.Raum	9999.9
2021-03-11 17:17:08.0	Ana9 - 9: T.Zuluft WRG warm	20.2
2021-03-11 17:17:18.0	Ana1 - 1: T.Au?en	12.9
2021-03-11 17:17:18.0	Ana2 - 2: T.Zuluft	18.6
2021-03-11 17:17:18.0	Ana3 - 3: T.Abluft	21.0
2021-03-11 17:17:18.0	Ana4 - 4: T.Fortluft	16.6
2021-03-11 17:17:18.0	Ana5 - 5: T.Raum	9999.9
2021-03-11 17:17:18.0	Ana9 - 9: T.Zuluft WRG warm	20.2
2021-03-11 17:17:28.0	Ana1 - 1: T.Au?en	12.9
2021-03-11 17:17:28.0	Ana2 - 2: T.Zuluft	18.6
2021-03-11 17:17:28.0	Ana3 - 3: T.Abluft	21.0
2021-03-11 17:17:28.0	Ana4 - 4: T.Fortluft	16.6
2021-03-11 17:17:28.0	Ana5 - 5: T.Raum	9999.9
2021-03-11 17:17:28.0	Ana9 - 9: T.Zuluft WRG warm	20.1
2021-03-11 17:17:38.0	Ana1 - 1: T.Au?en	12.9
2021-03-11 17:17:38.0	Ana2 - 2: T.Zuluft	18.5
2021-03-11 17:17:38.0	Ana3 - 3: T.Abluft	21.0
2021-03-11 17:17:38.0	Ana4 - 4: T.Fortluft	16.6
2021-03-11 17:17:38.0	Ana5 - 5: T.Raum	9999.9
2021-03-11 17:17:38.0	Ana9 - 9: T.Zuluft WRG warm	20.1
2021-03-11 17:17:48.0	Ana1 - 1: T.Au?en	12.9
2021-03-11 17:17:48.0	Ana2 - 2: T.Zuluft	18.5
2021-03-11 17:17:48.0	Ana3 - 3: T.Abluft	21.0
2021-03-11 17:17:48.0	Ana4 - 4: T.Fortluft	16.6
2021-03-11 17:17:48.0	Ana5 - 5: T.Raum	9999.9
2021-03-11 17:17:48.0	Ana9 - 9: T.Zuluft WRG warm	20.1
2021-03-11 17:17:58.0	Ana1 - 1: T.Au?en	12.9
2021-03-11 17:17:58.0	Ana2 - 2: T.Zuluft	18.6
2021-03-11 17:17:58.0	Ana3 - 3: T.Abluft	20.9
2021-03-11 17:17:58.0	Ana4 - 4: T.Fortluft	16.6
2021-03-11 17:17:58.0	Ana5 - 5: T.Raum	9999.9
2021-03-11 17:17:58.0	Ana9 - 9: T.Zuluft WRG warm	20.1
2021-03-11 17:18:08.0	Ana1 - 1: T.Au?en	13.0
2021-03-11 17:18:08.0	Ana2 - 2: T.Zuluft	18.5
2021-03-11 17:18:08.0	Ana3 - 3: T.Abluft	20.9
2021-03-11 17:18:08.0	Ana4 - 4: T.Fortluft	16.6
2021-03-11 17:18:08.0	Ana5 - 5: T.Raum	9999.9
2021-03-11 17:18:08.0	Ana9 - 9: T.Zuluft WRG warm	20.1
2021-03-11 17:18:18.0	Ana1 - 1: T.Au?en	13.0
2021-03-11 17:18:18.0	Ana2 - 2: T.Zuluft	18.5
2021-03-11 17:18:18.0	Ana3 - 3: T.Abluft	20.9
2021-03-11 17:18:18.0	Ana4 - 4: T.Fortluft	16.6
2021-03-11 17:18:18.0	Ana5 - 5: T.Raum	9999.9
2021-03-11 17:18:18.0	Ana9 - 9: T.Zuluft WRG warm	20.1
2021-03-11 17:18:28.0	Ana1 - 1: T.Au?en	13.0
2021-03-11 17:18:28.0	Ana2 - 2: T.Zuluft	18.5
2021-03-11 17:18:28.0	Ana3 - 3: T.Abluft	20.9
2021-03-11 17:18:28.0	Ana4 - 4: T.Fortluft	16.6
2021-03-11 17:18:28.0	Ana5 - 5: T.Raum	9999.9
2021-03-11 17:18:28.0	Ana9 - 9: T.Zuluft WRG warm	20.0
2021-03-11 17:18:38.0	Ana1 - 1: T.Au?en	13.0
2021-03-11 17:18:38.0	Ana2 - 2: T.Zuluft	18.5
2021-03-11 17:18:38.0	Ana3 - 3: T.Abluft	20.9
2021-03-11 17:18:38.0	Ana4 - 4: T.Fortluft	16.6
2021-03-11 17:18:38.0	Ana5 - 5: T.Raum	9999.9
2021-03-11 17:18:38.0	Ana9 - 9: T.Zuluft WRG warm	20.0
2021-03-11 17:18:48.0	Ana1 - 1: T.Au?en	13.0
2021-03-11 17:18:48.0	Ana2 - 2: T.Zuluft	18.5
2021-03-11 17:18:48.0	Ana3 - 3: T.Abluft	20.9
2021-03-11 17:18:48.0	Ana4 - 4: T.Fortluft	16.6
2021-03-11 17:18:48.0	Ana5 - 5: T.Raum	9999.9
2021-03-11 17:18:48.0	Ana9 - 9: T.Zuluft WRG warm	20.0
2021-03-11 17:18:58.0	Ana1 - 1: T.Au?en	13.0
2021-03-11 17:18:58.0	Ana2 - 2: T.Zuluft	18.5
2021-03-11 17:18:58.0	Ana3 - 3: T.Abluft	20.9
2021-03-11 17:18:58.0	Ana4 - 4: T.Fortluft	16.6
2021-03-11 17:18:58.0	Ana5 - 5: T.Raum	9999.9
2021-03-11 17:18:58.0	Ana9 - 9: T.Zuluft WRG warm	20.0
2021-03-11 17:19:08.0	Ana1 - 1: T.Au?en	12.9
2021-03-11 17:19:08.0	Ana2 - 2: T.Zuluft	18.5
2021-03-11 17:19:08.0	Ana3 - 3: T.Abluft	20.9
2021-03-11 17:19:08.0	Ana4 - 4: T.Fortluft	16.6
2021-03-11 17:19:08.0	Ana5 - 5: T.Raum	9999.9
2021-03-11 17:19:08.0	Ana9 - 9: T.Zuluft WRG warm	20.0
2021-03-11 17:19:18.0	Ana1 - 1: T.Au?en	13.0
2021-03-11 17:19:18.0	Ana2 - 2: T.Zuluft	18.5
2021-03-11 17:19:18.0	Ana3 - 3: T.Abluft	20.9
2021-03-11 17:19:18.0	Ana4 - 4: T.Fortluft	16.6
2021-03-11 17:19:18.0	Ana5 - 5: T.Raum	9999.9
2021-03-11 17:19:18.0	Ana9 - 9: T.Zuluft WRG warm	19.9
2021-03-11 17:19:28.0	Ana1 - 1: T.Au?en	13.0
2021-03-11 17:19:28.0	Ana2 - 2: T.Zuluft	18.5
2021-03-11 17:19:28.0	Ana3 - 3: T.Abluft	20.9
2021-03-11 17:19:28.0	Ana4 - 4: T.Fortluft	16.6
2021-03-11 17:19:28.0	Ana5 - 5: T.Raum	9999.9
2021-03-11 17:19:28.0	Ana9 - 9: T.Zuluft WRG warm	19.9
2021-03-11 17:19:38.0	Ana1 - 1: T.Au?en	13.0
2021-03-11 17:19:38.0	Ana2 - 2: T.Zuluft	18.5
2021-03-11 17:19:38.0	Ana3 - 3: T.Abluft	20.8
2021-03-11 17:19:38.0	Ana4 - 4: T.Fortluft	16.6
2021-03-11 17:19:38.0	Ana5 - 5: T.Raum	9999.9
2021-03-11 17:19:38.0	Ana9 - 9: T.Zuluft WRG warm	19.9
2021-03-11 17:19:48.0	Ana1 - 1: T.Au?en	13.0
2021-03-11 17:19:48.0	Ana2 - 2: T.Zuluft	18.5
2021-03-11 17:19:48.0	Ana3 - 3: T.Abluft	20.8
2021-03-11 17:19:48.0	Ana4 - 4: T.Fortluft	16.6
2021-03-11 17:19:48.0	Ana5 - 5: T.Raum	9999.9
2021-03-11 17:19:48.0	Ana9 - 9: T.Zuluft WRG warm	19.9
2021-03-11 17:19:58.0	Ana1 - 1: T.Au?en	12.9
2021-03-11 17:19:58.0	Ana2 - 2: T.Zuluft	18.5
2021-03-11 17:19:58.0	Ana3 - 3: T.Abluft	20.8
2021-03-11 17:19:58.0	Ana4 - 4: T.Fortluft	16.6
2021-03-11 17:19:58.0	Ana5 - 5: T.Raum	9999.9
2021-03-11 17:19:58.0	Ana9 - 9: T.Zuluft WRG warm	19.8
2021-03-11 17:20:08.0	Ana1 - 1: T.Au?en	12.9
2021-03-11 17:20:08.0	Ana2 - 2: T.Zuluft	18.5
2021-03-11 17:20:08.0	Ana3 - 3: T.Abluft	20.8
2021-03-11 17:20:08.0	Ana4 - 4: T.Fortluft	16.6
2021-03-11 17:20:08.0	Ana5 - 5: T.Raum	9999.9
2021-03-11 17:20:08.0	Ana9 - 9: T.Zuluft WRG warm	19.8
2021-03-11 17:20:18.0	Ana1 - 1: T.Au?en	12.9
2021-03-11 17:20:18.0	Ana2 - 2: T.Zuluft	18.5
2021-03-11 17:20:18.0	Ana3 - 3: T.Abluft	20.8
2021-03-11 17:20:18.0	Ana4 - 4: T.Fortluft	16.6
2021-03-11 17:20:18.0	Ana5 - 5: T.Raum	9999.9
2021-03-11 17:20:18.0	Ana9 - 9: T.Zuluft WRG warm	19.8
2021-03-11 17:20:28.0	Ana1 - 1: T.Au?en	12.9
2021-03-11 17:20:28.0	Ana2 - 2: T.Zuluft	18.5
2021-03-11 17:20:28.0	Ana3 - 3: T.Abluft	20.8
2021-03-11 17:20:28.0	Ana4 - 4: T.Fortluft	16.6
2021-03-11 17:20:28.0	Ana5 - 5: T.Raum	9999.9
2021-03-11 17:20:28.0	Ana9 - 9: T.Zuluft WRG warm	19.8
2021-03-11 17:20:38.0	Ana1 - 1: T.Au?en	12.9
2021-03-11 17:20:38.0	Ana2 - 2: T.Zuluft	18.5
2021-03-11 17:20:38.0	Ana3 - 3: T.Abluft	20.8
2021-03-11 17:20:38.0	Ana4 - 4: T.Fortluft	16.6
2021-03-11 17:20:38.0	Ana5 - 5: T.Raum	9999.9
2021-03-11 17:20:38.0	Ana9 - 9: T.Zuluft WRG warm	19.8
2021-03-11 17:20:48.0	Ana1 - 1: T.Au?en	12.9
2021-03-11 17:20:48.0	Ana2 - 2: T.Zuluft	18.5
2021-03-11 17:20:48.0	Ana3 - 3: T.Abluft	20.8
2021-03-11 17:20:48.0	Ana4 - 4: T.Fortluft	16.6
2021-03-11 17:20:48.0	Ana5 - 5: T.Raum	9999.9
2021-03-11 17:20:48.0	Ana9 - 9: T.Zuluft WRG warm	19.7
2021-03-11 17:20:58.0	Ana1 - 1: T.Au?en	12.9
2021-03-11 17:20:58.0	Ana2 - 2: T.Zuluft	18.5
2021-03-11 17:20:58.0	Ana3 - 3: T.Abluft	20.7
2021-03-11 17:20:58.0	Ana4 - 4: T.Fortluft	16.6
2021-03-11 17:20:58.0	Ana5 - 5: T.Raum	9999.9
2021-03-11 17:20:58.0	Ana9 - 9: T.Zuluft WRG warm	19.7
2021-03-11 17:21:08.0	Ana1 - 1: T.Au?en	12.9
2021-03-11 17:21:08.0	Ana2 - 2: T.Zuluft	18.5
2021-03-11 17:21:08.0	Ana3 - 3: T.Abluft	20.7
2021-03-11 17:21:08.0	Ana4 - 4: T.Fortluft	16.6
2021-03-11 17:21:08.0	Ana5 - 5: T.Raum	9999.9
2021-03-11 17:21:08.0	Ana9 - 9: T.Zuluft WRG warm	19.7
2021-03-11 17:21:18.0	Ana1 - 1: T.Au?en	12.9
2021-03-11 17:21:18.0	Ana2 - 2: T.Zuluft	18.5
2021-03-11 17:21:18.0	Ana3 - 3: T.Abluft	20.7
2021-03-11 17:21:18.0	Ana4 - 4: T.Fortluft	16.6
2021-03-11 17:21:18.0	Ana5 - 5: T.Raum	9999.9
2021-03-11 17:21:18.0	Ana9 - 9: T.Zuluft WRG warm	19.7
2021-03-11 17:21:28.0	Ana1 - 1: T.Au?en	12.8
2021-03-11 17:21:28.0	Ana2 - 2: T.Zuluft	18.5
2021-03-11 17:21:28.0	Ana3 - 3: T.Abluft	20.7
2021-03-11 17:21:28.0	Ana4 - 4: T.Fortluft	16.6
2021-03-11 17:21:28.0	Ana5 - 5: T.Raum	9999.9
2021-03-11 17:21:28.0	Ana9 - 9: T.Zuluft WRG warm	19.7
2021-03-11 17:21:38.0	Ana1 - 1: T.Au?en	12.8
2021-03-11 17:21:38.0	Ana2 - 2: T.Zuluft	18.4
2021-03-11 17:21:38.0	Ana3 - 3: T.Abluft	20.7
2021-03-11 17:21:38.0	Ana4 - 4: T.Fortluft	16.5
2021-03-11 17:21:38.0	Ana5 - 5: T.Raum	9999.9
2021-03-11 17:21:38.0	Ana9 - 9: T.Zuluft WRG warm	19.6
2021-03-11 17:21:48.0	Ana1 - 1: T.Au?en	12.8
2021-03-11 17:21:48.0	Ana2 - 2: T.Zuluft	18.4
2021-03-11 17:21:48.0	Ana3 - 3: T.Abluft	20.7
2021-03-11 17:21:48.0	Ana4 - 4: T.Fortluft	16.5
2021-03-11 17:21:48.0	Ana5 - 5: T.Raum	9999.9
2021-03-11 17:21:48.0	Ana9 - 9: T.Zuluft WRG warm	19.6
2021-03-11 17:21:58.0	Ana1 - 1: T.Au?en	12.8
2021-03-11 17:21:58.0	Ana2 - 2: T.Zuluft	18.4
2021-03-11 17:21:58.0	Ana3 - 3: T.Abluft	20.7
2021-03-11 17:21:58.0	Ana4 - 4: T.Fortluft	16.5
2021-03-11 17:21:58.0	Ana5 - 5: T.Raum	9999.9
2021-03-11 17:21:58.0	Ana9 - 9: T.Zuluft WRG warm	19.6
2021-03-11 17:22:08.0	Ana1 - 1: T.Au?en	12.8
2021-03-11 17:22:08.0	Ana2 - 2: T.Zuluft	18.4
2021-03-11 17:22:08.0	Ana3 - 3: T.Abluft	20.6
2021-03-11 17:22:08.0	Ana4 - 4: T.Fortluft	16.5
2021-03-11 17:22:08.0	Ana5 - 5: T.Raum	9999.9
2021-03-11 17:22:08.0	Ana9 - 9: T.Zuluft WRG warm	19.6
2021-03-11 17:22:18.0	Ana1 - 1: T.Au?en	12.8
2021-03-11 17:22:18.0	Ana2 - 2: T.Zuluft	18.4
2021-03-11 17:22:18.0	Ana3 - 3: T.Abluft	20.6
2021-03-11 17:22:18.0	Ana4 - 4: T.Fortluft	16.5
2021-03-11 17:22:18.0	Ana5 - 5: T.Raum	9999.9
2021-03-11 17:22:18.0	Ana9 - 9: T.Zuluft WRG warm	19.5
2021-03-11 17:22:28.0	Ana1 - 1: T.Au?en	12.8
2021-03-11 17:22:28.0	Ana2 - 2: T.Zuluft	18.4
2021-03-11 17:22:28.0	Ana3 - 3: T.Abluft	20.6
2021-03-11 17:22:28.0	Ana4 - 4: T.Fortluft	16.5
2021-03-11 17:22:28.0	Ana5 - 5: T.Raum	9999.9
2021-03-11 17:22:28.0	Ana9 - 9: T.Zuluft WRG warm	19.5
2021-03-11 17:22:38.0	Ana1 - 1: T.Au?en	12.8
2021-03-11 17:22:38.0	Ana2 - 2: T.Zuluft	18.4
2021-03-11 17:22:38.0	Ana3 - 3: T.Abluft	20.6
2021-03-11 17:22:38.0	Ana4 - 4: T.Fortluft	16.5
2021-03-11 17:22:38.0	Ana5 - 5: T.Raum	9999.9
2021-03-11 17:22:38.0	Ana9 - 9: T.Zuluft WRG warm	19.5
2021-03-11 17:22:48.0	Ana1 - 1: T.Au?en	12.8
2021-03-11 17:22:48.0	Ana2 - 2: T.Zuluft	18.4
2021-03-11 17:22:48.0	Ana3 - 3: T.Abluft	20.6
2021-03-11 17:22:48.0	Ana4 - 4: T.Fortluft	16.5
2021-03-11 17:22:48.0	Ana5 - 5: T.Raum	9999.9
2021-03-11 17:22:48.0	Ana9 - 9: T.Zuluft WRG warm	19.5
2021-03-11 17:22:58.0	Ana1 - 1: T.Au?en	12.8
2021-03-11 17:22:58.0	Ana2 - 2: T.Zuluft	18.4
2021-03-11 17:22:58.0	Ana3 - 3: T.Abluft	20.6
2021-03-11 17:22:58.0	Ana4 - 4: T.Fortluft	16.5
2021-03-11 17:22:58.0	Ana5 - 5: T.Raum	9999.9
2021-03-11 17:22:58.0	Ana9 - 9: T.Zuluft WRG warm	19.5
2021-03-11 17:23:08.0	Ana1 - 1: T.Au?en	12.8
2021-03-11 17:23:08.0	Ana2 - 2: T.Zuluft	18.4
2021-03-11 17:23:08.0	Ana3 - 3: T.Abluft	20.6
2021-03-11 17:23:08.0	Ana4 - 4: T.Fortluft	16.5
2021-03-11 17:23:08.0	Ana5 - 5: T.Raum	9999.9
2021-03-11 17:23:08.0	Ana9 - 9: T.Zuluft WRG warm	19.4
2021-03-11 17:23:18.0	Ana1 - 1: T.Au?en	12.8
2021-03-11 17:23:18.0	Ana2 - 2: T.Zuluft	18.4
2021-03-11 17:23:18.0	Ana3 - 3: T.Abluft	20.5
2021-03-11 17:23:18.0	Ana4 - 4: T.Fortluft	16.5
2021-03-11 17:23:18.0	Ana5 - 5: T.Raum	9999.9
2021-03-11 17:23:18.0	Ana9 - 9: T.Zuluft WRG warm	19.4
2021-03-11 17:23:28.0	Ana1 - 1: T.Au?en	12.8
2021-03-11 17:23:28.0	Ana2 - 2: T.Zuluft	18.3
2021-03-11 17:23:28.0	Ana3 - 3: T.Abluft	20.5
2021-03-11 17:23:28.0	Ana4 - 4: T.Fortluft	16.5
2021-03-11 17:23:28.0	Ana5 - 5: T.Raum	9999.9
2021-03-11 17:23:28.0	Ana9 - 9: T.Zuluft WRG warm	19.4
2021-03-11 17:23:38.0	Ana1 - 1: T.Au?en	12.8
2021-03-11 17:23:38.0	Ana2 - 2: T.Zuluft	18.3
2021-03-11 17:23:38.0	Ana3 - 3: T.Abluft	20.5
2021-03-11 17:23:38.0	Ana4 - 4: T.Fortluft	16.5
2021-03-11 17:23:38.0	Ana5 - 5: T.Raum	9999.9
2021-03-11 17:23:38.0	Ana9 - 9: T.Zuluft WRG warm	19.4
2021-03-11 17:23:48.0	Ana1 - 1: T.Au?en	12.8
2021-03-11 17:23:48.0	Ana2 - 2: T.Zuluft	18.3
2021-03-11 17:23:48.0	Ana3 - 3: T.Abluft	20.5
2021-03-11 17:23:48.0	Ana4 - 4: T.Fortluft	16.5
2021-03-11 17:23:48.0	Ana5 - 5: T.Raum	9999.9
2021-03-11 17:23:48.0	Ana9 - 9: T.Zuluft WRG warm	19.4
2021-03-11 17:23:58.0	Ana1 - 1: T.Au?en	12.8
2021-03-11 17:23:58.0	Ana2 - 2: T.Zuluft	18.3
2021-03-11 17:23:58.0	Ana3 - 3: T.Abluft	20.5
2021-03-11 17:23:58.0	Ana4 - 4: T.Fortluft	16.5
2021-03-11 17:23:58.0	Ana5 - 5: T.Raum	9999.9
2021-03-11 17:23:58.0	Ana9 - 9: T.Zuluft WRG warm	19.3
2021-03-11 17:24:08.0	Ana1 - 1: T.Au?en	12.7
2021-03-11 17:24:08.0	Ana2 - 2: T.Zuluft	18.3
2021-03-11 17:24:08.0	Ana3 - 3: T.Abluft	20.5
2021-03-11 17:24:08.0	Ana4 - 4: T.Fortluft	16.5
2021-03-11 17:24:08.0	Ana5 - 5: T.Raum	9999.9
2021-03-11 17:24:08.0	Ana9 - 9: T.Zuluft WRG warm	19.3
2021-03-11 17:24:18.0	Ana1 - 1: T.Au?en	12.7
2021-03-11 17:24:18.0	Ana2 - 2: T.Zuluft	18.3
2021-03-11 17:24:18.0	Ana3 - 3: T.Abluft	20.5
2021-03-11 17:24:18.0	Ana4 - 4: T.Fortluft	16.5
2021-03-11 17:24:18.0	Ana5 - 5: T.Raum	9999.9
2021-03-11 17:24:18.0	Ana9 - 9: T.Zuluft WRG warm	19.3
2021-03-11 17:24:28.0	Ana1 - 1: T.Au?en	12.7
2021-03-11 17:24:28.0	Ana2 - 2: T.Zuluft	18.3
2021-03-11 17:24:28.0	Ana3 - 3: T.Abluft	20.4
2021-03-11 17:24:28.0	Ana4 - 4: T.Fortluft	16.5
2021-03-11 17:24:28.0	Ana5 - 5: T.Raum	9999.9
2021-03-11 17:24:28.0	Ana9 - 9: T.Zuluft WRG warm	19.3
2021-03-11 17:24:38.0	Ana1 - 1: T.Au?en	12.7
2021-03-11 17:24:38.0	Ana2 - 2: T.Zuluft	18.3
2021-03-11 17:24:38.0	Ana3 - 3: T.Abluft	20.4
2021-03-11 17:24:38.0	Ana4 - 4: T.Fortluft	16.5
2021-03-11 17:24:38.0	Ana5 - 5: T.Raum	9999.9
2021-03-11 17:24:38.0	Ana9 - 9: T.Zuluft WRG warm	19.3
2021-03-11 17:24:48.0	Ana1 - 1: T.Au?en	12.7
2021-03-11 17:24:48.0	Ana2 - 2: T.Zuluft	18.3
2021-03-11 17:24:48.0	Ana3 - 3: T.Abluft	20.4
2021-03-11 17:24:48.0	Ana4 - 4: T.Fortluft	16.5
2021-03-11 17:24:48.0	Ana5 - 5: T.Raum	9999.9
2021-03-11 17:24:48.0	Ana9 - 9: T.Zuluft WRG warm	19.3
2021-03-11 17:24:58.0	Ana1 - 1: T.Au?en	12.7
2021-03-11 17:24:58.0	Ana2 - 2: T.Zuluft	18.3
2021-03-11 17:24:58.0	Ana3 - 3: T.Abluft	20.4
2021-03-11 17:24:58.0	Ana4 - 4: T.Fortluft	16.5
2021-03-11 17:24:58.0	Ana5 - 5: T.Raum	9999.9
2021-03-11 17:24:58.0	Ana9 - 9: T.Zuluft WRG warm	19.3
2021-03-11 17:25:08.0	Ana1 - 1: T.Au?en	12.7
2021-03-11 17:25:08.0	Ana2 - 2: T.Zuluft	18.3
2021-03-11 17:25:08.0	Ana3 - 3: T.Abluft	20.4
2021-03-11 17:25:08.0	Ana4 - 4: T.Fortluft	16.5
2021-03-11 17:25:08.0	Ana5 - 5: T.Raum	9999.9
2021-03-11 17:25:08.0	Ana9 - 9: T.Zuluft WRG warm	19.3
2021-03-11 17:25:18.0	Ana1 - 1: T.Au?en	12.7
2021-03-11 17:25:18.0	Ana2 - 2: T.Zuluft	18.2
2021-03-11 17:25:18.0	Ana3 - 3: T.Abluft	20.4
2021-03-11 17:25:18.0	Ana4 - 4: T.Fortluft	16.5
2021-03-11 17:25:18.0	Ana5 - 5: T.Raum	9999.9
2021-03-11 17:25:18.0	Ana9 - 9: T.Zuluft WRG warm	19.2
2021-03-11 17:25:28.0	Ana1 - 1: T.Au?en	12.7
2021-03-11 17:25:28.0	Ana2 - 2: T.Zuluft	18.2
2021-03-11 17:25:28.0	Ana3 - 3: T.Abluft	20.4
2021-03-11 17:25:28.0	Ana4 - 4: T.Fortluft	16.5
2021-03-11 17:25:28.0	Ana5 - 5: T.Raum	9999.9
2021-03-11 17:25:28.0	Ana9 - 9: T.Zuluft WRG warm	19.2
2021-03-11 17:25:38.0	Ana1 - 1: T.Au?en	12.7
2021-03-11 17:25:38.0	Ana2 - 2: T.Zuluft	18.2
2021-03-11 17:25:38.0	Ana3 - 3: T.Abluft	20.4
2021-03-11 17:25:38.0	Ana4 - 4: T.Fortluft	16.5
2021-03-11 17:25:38.0	Ana5 - 5: T.Raum	9999.9
2021-03-11 17:25:38.0	Ana9 - 9: T.Zuluft WRG warm	19.2
2021-03-11 17:25:48.0	Ana1 - 1: T.Au?en	12.7
2021-03-11 17:25:48.0	Ana2 - 2: T.Zuluft	18.2
2021-03-11 17:25:48.0	Ana3 - 3: T.Abluft	20.4
2021-03-11 17:25:48.0	Ana4 - 4: T.Fortluft	16.5
2021-03-11 17:25:48.0	Ana5 - 5: T.Raum	9999.9
2021-03-11 17:25:48.0	Ana9 - 9: T.Zuluft WRG warm	19.2
2021-03-11 17:25:58.0	Ana1 - 1: T.Au?en	12.7
2021-03-11 17:25:58.0	Ana2 - 2: T.Zuluft	18.2
2021-03-11 17:25:58.0	Ana3 - 3: T.Abluft	20.3
2021-03-11 17:25:58.0	Ana4 - 4: T.Fortluft	16.5
2021-03-11 17:25:58.0	Ana5 - 5: T.Raum	9999.9
2021-03-11 17:25:58.0	Ana9 - 9: T.Zuluft WRG warm	19.2
2021-03-11 17:26:08.0	Ana1 - 1: T.Au?en	12.7
2021-03-11 17:26:08.0	Ana2 - 2: T.Zuluft	18.2
2021-03-11 17:26:08.0	Ana3 - 3: T.Abluft	20.3
2021-03-11 17:26:08.0	Ana4 - 4: T.Fortluft	16.4
2021-03-11 17:26:08.0	Ana5 - 5: T.Raum	9999.9
2021-03-11 17:26:08.0	Ana9 - 9: T.Zuluft WRG warm	19.2
2021-03-11 17:26:18.0	Ana1 - 1: T.Au?en	12.7
2021-03-11 17:26:18.0	Ana2 - 2: T.Zuluft	18.2
2021-03-11 17:26:18.0	Ana3 - 3: T.Abluft	20.3
2021-03-11 17:26:18.0	Ana4 - 4: T.Fortluft	16.4
2021-03-11 17:26:18.0	Ana5 - 5: T.Raum	9999.9
2021-03-11 17:26:18.0	Ana9 - 9: T.Zuluft WRG warm	19.2
2021-03-11 17:26:28.0	Ana1 - 1: T.Au?en	12.7
2021-03-11 17:26:28.0	Ana2 - 2: T.Zuluft	18.2
2021-03-11 17:26:28.0	Ana3 - 3: T.Abluft	20.3
2021-03-11 17:26:28.0	Ana4 - 4: T.Fortluft	16.4
2021-03-11 17:26:28.0	Ana5 - 5: T.Raum	9999.9
2021-03-11 17:26:28.0	Ana9 - 9: T.Zuluft WRG warm	19.2
2021-03-11 17:26:38.0	Ana1 - 1: T.Au?en	12.7
2021-03-11 17:26:38.0	Ana2 - 2: T.Zuluft	18.2
2021-03-11 17:26:38.0	Ana3 - 3: T.Abluft	20.3
2021-03-11 17:26:38.0	Ana4 - 4: T.Fortluft	16.4
2021-03-11 17:26:38.0	Ana5 - 5: T.Raum	9999.9
2021-03-11 17:26:38.0	Ana9 - 9: T.Zuluft WRG warm	19.1
2021-03-11 17:26:48.0	Ana1 - 1: T.Au?en	12.7
2021-03-11 17:26:48.0	Ana2 - 2: T.Zuluft	18.2
2021-03-11 17:26:48.0	Ana3 - 3: T.Abluft	20.3
2021-03-11 17:26:48.0	Ana4 - 4: T.Fortluft	16.4
2021-03-11 17:26:48.0	Ana5 - 5: T.Raum	9999.9
2021-03-11 17:26:48.0	Ana9 - 9: T.Zuluft WRG warm	19.1
2021-03-11 17:26:58.0	Ana1 - 1: T.Au?en	12.7
2021-03-11 17:26:58.0	Ana2 - 2: T.Zuluft	18.2
2021-03-11 17:26:58.0	Ana3 - 3: T.Abluft	20.3
2021-03-11 17:26:58.0	Ana4 - 4: T.Fortluft	16.4
2021-03-11 17:26:58.0	Ana5 - 5: T.Raum	9999.9
2021-03-11 17:26:58.0	Ana9 - 9: T.Zuluft WRG warm	19.1
2021-03-11 17:27:08.0	Ana1 - 1: T.Au?en	12.7
2021-03-11 17:27:08.0	Ana2 - 2: T.Zuluft	18.1
2021-03-11 17:27:08.0	Ana3 - 3: T.Abluft	20.2
2021-03-11 17:27:08.0	Ana4 - 4: T.Fortluft	16.4
2021-03-11 17:27:08.0	Ana5 - 5: T.Raum	9999.9
2021-03-11 17:27:08.0	Ana9 - 9: T.Zuluft WRG warm	19.1
2021-03-11 17:27:18.0	Ana1 - 1: T.Au?en	12.7
2021-03-11 17:27:18.0	Ana2 - 2: T.Zuluft	18.2
2021-03-11 17:27:18.0	Ana3 - 3: T.Abluft	20.2
2021-03-11 17:27:18.0	Ana4 - 4: T.Fortluft	16.4
2021-03-11 17:27:18.0	Ana5 - 5: T.Raum	9999.9
2021-03-11 17:27:18.0	Ana9 - 9: T.Zuluft WRG warm	19.1
2021-03-11 17:27:28.0	Ana1 - 1: T.Au?en	12.7
2021-03-11 17:27:28.0	Ana2 - 2: T.Zuluft	18.1
2021-03-11 17:27:28.0	Ana3 - 3: T.Abluft	20.2
2021-03-11 17:27:28.0	Ana4 - 4: T.Fortluft	16.4
2021-03-11 17:27:28.0	Ana5 - 5: T.Raum	9999.9
2021-03-11 17:27:28.0	Ana9 - 9: T.Zuluft WRG warm	19.1
2021-03-11 17:27:38.0	Ana1 - 1: T.Au?en	12.7
2021-03-11 17:27:38.0	Ana2 - 2: T.Zuluft	18.1
2021-03-11 17:27:38.0	Ana3 - 3: T.Abluft	20.2
2021-03-11 17:27:38.0	Ana4 - 4: T.Fortluft	16.4
2021-03-11 17:27:38.0	Ana5 - 5: T.Raum	9999.9
2021-03-11 17:27:38.0	Ana9 - 9: T.Zuluft WRG warm	19.1
2021-03-11 17:27:48.0	Ana1 - 1: T.Au?en	12.7
2021-03-11 17:27:48.0	Ana2 - 2: T.Zuluft	18.1
2021-03-11 17:27:48.0	Ana3 - 3: T.Abluft	20.2
2021-03-11 17:27:48.0	Ana4 - 4: T.Fortluft	16.4
2021-03-11 17:27:48.0	Ana5 - 5: T.Raum	9999.9
2021-03-11 17:27:48.0	Ana9 - 9: T.Zuluft WRG warm	19.1
2021-03-11 17:27:58.0	Ana1 - 1: T.Au?en	12.7
2021-03-11 17:27:58.0	Ana2 - 2: T.Zuluft	18.1
2021-03-11 17:27:58.0	Ana3 - 3: T.Abluft	20.2
2021-03-11 17:27:58.0	Ana4 - 4: T.Fortluft	16.4
2021-03-11 17:27:58.0	Ana5 - 5: T.Raum	9999.9
2021-03-11 17:27:58.0	Ana9 - 9: T.Zuluft WRG warm	19.1
2021-03-11 17:28:08.0	Ana1 - 1: T.Au?en	12.7
2021-03-11 17:28:08.0	Ana2 - 2: T.Zuluft	18.1
2021-03-11 17:28:08.0	Ana3 - 3: T.Abluft	20.2
2021-03-11 17:28:08.0	Ana4 - 4: T.Fortluft	16.4
2021-03-11 17:28:08.0	Ana5 - 5: T.Raum	9999.9
2021-03-11 17:28:08.0	Ana9 - 9: T.Zuluft WRG warm	19.1
2021-03-11 17:28:18.0	Ana1 - 1: T.Au?en	12.7
2021-03-11 17:28:18.0	Ana2 - 2: T.Zuluft	18.1
2021-03-11 17:28:18.0	Ana3 - 3: T.Abluft	20.2
2021-03-11 17:28:18.0	Ana4 - 4: T.Fortluft	16.4
2021-03-11 17:28:18.0	Ana5 - 5: T.Raum	9999.9
2021-03-11 17:28:18.0	Ana9 - 9: T.Zuluft WRG warm	19.0
2021-03-11 17:28:28.0	Ana1 - 1: T.Au?en	12.7
2021-03-11 17:28:28.0	Ana2 - 2: T.Zuluft	18.1
2021-03-11 17:28:28.0	Ana3 - 3: T.Abluft	20.1
2021-03-11 17:28:28.0	Ana4 - 4: T.Fortluft	16.4
2021-03-11 17:28:28.0	Ana5 - 5: T.Raum	9999.9
2021-03-11 17:28:28.0	Ana9 - 9: T.Zuluft WRG warm	19.0
2021-03-11 17:28:38.0	Ana1 - 1: T.Au?en	12.7
2021-03-11 17:28:38.0	Ana2 - 2: T.Zuluft	18.1
2021-03-11 17:28:38.0	Ana3 - 3: T.Abluft	20.1
2021-03-11 17:28:38.0	Ana4 - 4: T.Fortluft	16.4
2021-03-11 17:28:38.0	Ana5 - 5: T.Raum	9999.9
2021-03-11 17:28:38.0	Ana9 - 9: T.Zuluft WRG warm	19.0
2021-03-11 17:28:48.0	Ana1 - 1: T.Au?en	12.7
2021-03-11 17:28:48.0	Ana2 - 2: T.Zuluft	18.1
2021-03-11 17:28:48.0	Ana3 - 3: T.Abluft	20.1
2021-03-11 17:28:48.0	Ana4 - 4: T.Fortluft	16.4
2021-03-11 17:28:48.0	Ana5 - 5: T.Raum	9999.9
2021-03-11 17:28:48.0	Ana9 - 9: T.Zuluft WRG warm	19.0
2021-03-11 17:28:58.0	Ana1 - 1: T.Au?en	12.6
2021-03-11 17:28:58.0	Ana2 - 2: T.Zuluft	18.0
2021-03-11 17:28:58.0	Ana3 - 3: T.Abluft	20.1
2021-03-11 17:28:58.0	Ana4 - 4: T.Fortluft	16.4
2021-03-11 17:28:58.0	Ana5 - 5: T.Raum	9999.9
2021-03-11 17:28:58.0	Ana9 - 9: T.Zuluft WRG warm	19.0
2021-03-11 17:29:08.0	Ana1 - 1: T.Au?en	12.7
2021-03-11 17:29:08.0	Ana2 - 2: T.Zuluft	18.0
2021-03-11 17:29:08.0	Ana3 - 3: T.Abluft	20.1
2021-03-11 17:29:08.0	Ana4 - 4: T.Fortluft	16.4
2021-03-11 17:29:08.0	Ana5 - 5: T.Raum	9999.9
2021-03-11 17:29:08.0	Ana9 - 9: T.Zuluft WRG warm	19.0
2021-03-11 17:29:18.0	Ana1 - 1: T.Au?en	12.7
2021-03-11 17:29:18.0	Ana2 - 2: T.Zuluft	18.0
2021-03-11 17:29:18.0	Ana3 - 3: T.Abluft	20.1
2021-03-11 17:29:18.0	Ana4 - 4: T.Fortluft	16.4
2021-03-11 17:29:18.0	Ana5 - 5: T.Raum	9999.9
2021-03-11 17:29:18.0	Ana9 - 9: T.Zuluft WRG warm	19.0
2021-03-11 17:29:28.0	Ana1 - 1: T.Au?en	12.7
2021-03-11 17:29:28.0	Ana2 - 2: T.Zuluft	18.0
2021-03-11 17:29:28.0	Ana3 - 3: T.Abluft	20.1
2021-03-11 17:29:28.0	Ana4 - 4: T.Fortluft	16.4
2021-03-11 17:29:28.0	Ana5 - 5: T.Raum	9999.9
2021-03-11 17:29:28.0	Ana9 - 9: T.Zuluft WRG warm	18.9
2021-03-11 17:29:38.0	Ana1 - 1: T.Au?en	12.7
2021-03-11 17:29:38.0	Ana2 - 2: T.Zuluft	18.0
2021-03-11 17:29:38.0	Ana3 - 3: T.Abluft	20.1
2021-03-11 17:29:38.0	Ana4 - 4: T.Fortluft	16.4
2021-03-11 17:29:38.0	Ana5 - 5: T.Raum	9999.9
2021-03-11 17:29:38.0	Ana9 - 9: T.Zuluft WRG warm	18.9
2021-03-11 17:29:48.0	Ana1 - 1: T.Au?en	12.7
2021-03-11 17:29:48.0	Ana2 - 2: T.Zuluft	18.0
2021-03-11 17:29:48.0	Ana3 - 3: T.Abluft	20.1
2021-03-11 17:29:48.0	Ana4 - 4: T.Fortluft	16.4
2021-03-11 17:29:48.0	Ana5 - 5: T.Raum	9999.9
2021-03-11 17:29:48.0	Ana9 - 9: T.Zuluft WRG warm	18.9
2021-03-11 17:29:58.0	Ana1 - 1: T.Au?en	12.7
2021-03-11 17:29:58.0	Ana2 - 2: T.Zuluft	18.0
2021-03-11 17:29:58.0	Ana3 - 3: T.Abluft	20.0
2021-03-11 17:29:58.0	Ana4 - 4: T.Fortluft	16.3
2021-03-11 17:29:58.0	Ana5 - 5: T.Raum	9999.9
2021-03-11 17:29:58.0	Ana9 - 9: T.Zuluft WRG warm	18.9
2021-03-11 17:30:08.0	Ana1 - 1: T.Au?en	12.7
2021-03-11 17:30:08.0	Ana2 - 2: T.Zuluft	18.0
2021-03-11 17:30:08.0	Ana3 - 3: T.Abluft	20.0
2021-03-11 17:30:08.0	Ana4 - 4: T.Fortluft	16.3
2021-03-11 17:30:08.0	Ana5 - 5: T.Raum	9999.9
2021-03-11 17:30:08.0	Ana9 - 9: T.Zuluft WRG warm	18.9
2021-03-11 17:30:18.0	Ana1 - 1: T.Au?en	12.7
2021-03-11 17:30:18.0	Ana2 - 2: T.Zuluft	18.0
2021-03-11 17:30:18.0	Ana3 - 3: T.Abluft	20.0
2021-03-11 17:30:18.0	Ana4 - 4: T.Fortluft	16.3
2021-03-11 17:30:18.0	Ana5 - 5: T.Raum	9999.9
2021-03-11 17:30:18.0	Ana9 - 9: T.Zuluft WRG warm	18.9
2021-03-11 17:30:28.0	Ana1 - 1: T.Au?en	12.7
2021-03-11 17:30:28.0	Ana2 - 2: T.Zuluft	18.0
2021-03-11 17:30:28.0	Ana3 - 3: T.Abluft	20.0
2021-03-11 17:30:28.0	Ana4 - 4: T.Fortluft	16.3
2021-03-11 17:30:28.0	Ana5 - 5: T.Raum	9999.9
2021-03-11 17:30:28.0	Ana9 - 9: T.Zuluft WRG warm	18.9
2021-03-11 17:30:38.0	Ana1 - 1: T.Au?en	12.7
2021-03-11 17:30:38.0	Ana2 - 2: T.Zuluft	17.9
2021-03-11 17:30:38.0	Ana3 - 3: T.Abluft	20.0
2021-03-11 17:30:38.0	Ana4 - 4: T.Fortluft	16.3
2021-03-11 17:30:38.0	Ana5 - 5: T.Raum	9999.9
2021-03-11 17:30:38.0	Ana9 - 9: T.Zuluft WRG warm	18.9
2021-03-11 17:30:48.0	Ana1 - 1: T.Au?en	12.7
2021-03-11 17:30:48.0	Ana2 - 2: T.Zuluft	17.9
2021-03-11 17:30:48.0	Ana3 - 3: T.Abluft	20.0
2021-03-11 17:30:48.0	Ana4 - 4: T.Fortluft	16.3
2021-03-11 17:30:48.0	Ana5 - 5: T.Raum	9999.9
2021-03-11 17:30:48.0	Ana9 - 9: T.Zuluft WRG warm	18.9
2021-03-11 17:30:58.0	Ana1 - 1: T.Au?en	12.8
2021-03-11 17:30:58.0	Ana2 - 2: T.Zuluft	17.9
2021-03-11 17:30:58.0	Ana3 - 3: T.Abluft	20.0
2021-03-11 17:30:58.0	Ana4 - 4: T.Fortluft	16.3
2021-03-11 17:30:58.0	Ana5 - 5: T.Raum	9999.9
2021-03-11 17:30:58.0	Ana9 - 9: T.Zuluft WRG warm	18.9
2021-03-11 17:31:08.0	Ana1 - 1: T.Au?en	12.8
2021-03-11 17:31:08.0	Ana2 - 2: T.Zuluft	17.9
2021-03-11 17:31:08.0	Ana3 - 3: T.Abluft	20.0
2021-03-11 17:31:08.0	Ana4 - 4: T.Fortluft	16.3
2021-03-11 17:31:08.0	Ana5 - 5: T.Raum	9999.9
2021-03-11 17:31:08.0	Ana9 - 9: T.Zuluft WRG warm	18.9
2021-03-11 17:31:18.0	Ana1 - 1: T.Au?en	12.8
2021-03-11 17:31:18.0	Ana2 - 2: T.Zuluft	17.9
2021-03-11 17:31:18.0	Ana3 - 3: T.Abluft	20.0
2021-03-11 17:31:18.0	Ana4 - 4: T.Fortluft	16.3
2021-03-11 17:31:18.0	Ana5 - 5: T.Raum	9999.9
2021-03-11 17:31:18.0	Ana9 - 9: T.Zuluft WRG warm	18.8
2021-03-11 17:31:28.0	Ana1 - 1: T.Au?en	12.8
2021-03-11 17:31:28.0	Ana2 - 2: T.Zuluft	17.9
2021-03-11 17:31:28.0	Ana3 - 3: T.Abluft	19.9
2021-03-11 17:31:28.0	Ana4 - 4: T.Fortluft	16.3
2021-03-11 17:31:28.0	Ana5 - 5: T.Raum	9999.9
2021-03-11 17:31:28.0	Ana9 - 9: T.Zuluft WRG warm	18.8
2021-03-11 17:31:38.0	Ana1 - 1: T.Au?en	12.8
2021-03-11 17:31:38.0	Ana2 - 2: T.Zuluft	17.9
2021-03-11 17:31:38.0	Ana3 - 3: T.Abluft	19.9
2021-03-11 17:31:38.0	Ana4 - 4: T.Fortluft	16.3
2021-03-11 17:31:38.0	Ana5 - 5: T.Raum	9999.9
2021-03-11 17:31:38.0	Ana9 - 9: T.Zuluft WRG warm	18.8
2021-03-11 17:31:48.0	Ana1 - 1: T.Au?en	12.7
2021-03-11 17:31:48.0	Ana2 - 2: T.Zuluft	17.9
2021-03-11 17:31:48.0	Ana3 - 3: T.Abluft	19.9
2021-03-11 17:31:48.0	Ana4 - 4: T.Fortluft	16.3
2021-03-11 17:31:48.0	Ana5 - 5: T.Raum	9999.9
2021-03-11 17:31:48.0	Ana9 - 9: T.Zuluft WRG warm	18.8
2021-03-11 17:31:58.0	Ana1 - 1: T.Au?en	12.7
2021-03-11 17:31:58.0	Ana2 - 2: T.Zuluft	17.9
2021-03-11 17:31:58.0	Ana3 - 3: T.Abluft	19.9
2021-03-11 17:31:58.0	Ana4 - 4: T.Fortluft	16.3
2021-03-11 17:31:58.0	Ana5 - 5: T.Raum	9999.9
2021-03-11 17:31:58.0	Ana9 - 9: T.Zuluft WRG warm	18.8
2021-03-11 17:32:08.0	Ana1 - 1: T.Au?en	12.7
2021-03-11 17:32:08.0	Ana2 - 2: T.Zuluft	17.9
2021-03-11 17:32:08.0	Ana3 - 3: T.Abluft	19.9
2021-03-11 17:32:08.0	Ana4 - 4: T.Fortluft	16.3
2021-03-11 17:32:08.0	Ana5 - 5: T.Raum	9999.9
2021-03-11 17:32:08.0	Ana9 - 9: T.Zuluft WRG warm	18.8
2021-03-11 17:32:18.0	Ana1 - 1: T.Au?en	12.6
2021-03-11 17:32:18.0	Ana2 - 2: T.Zuluft	17.9
2021-03-11 17:32:18.0	Ana3 - 3: T.Abluft	19.9
2021-03-11 17:32:18.0	Ana4 - 4: T.Fortluft	16.3
2021-03-11 17:32:18.0	Ana5 - 5: T.Raum	9999.9
2021-03-11 17:32:18.0	Ana9 - 9: T.Zuluft WRG warm	18.8
2021-03-11 17:32:28.0	Ana1 - 1: T.Au?en	12.6
2021-03-11 17:32:28.0	Ana2 - 2: T.Zuluft	17.9
2021-03-11 17:32:28.0	Ana3 - 3: T.Abluft	19.9
2021-03-11 17:32:28.0	Ana4 - 4: T.Fortluft	16.3
2021-03-11 17:32:28.0	Ana5 - 5: T.Raum	9999.9
2021-03-11 17:32:28.0	Ana9 - 9: T.Zuluft WRG warm	18.8
2021-03-11 17:32:38.0	Ana1 - 1: T.Au?en	12.6
2021-03-11 17:32:38.0	Ana2 - 2: T.Zuluft	17.9
2021-03-11 17:32:38.0	Ana3 - 3: T.Abluft	19.9
2021-03-11 17:32:38.0	Ana4 - 4: T.Fortluft	16.3
2021-03-11 17:32:38.0	Ana5 - 5: T.Raum	9999.9
2021-03-11 17:32:38.0	Ana9 - 9: T.Zuluft WRG warm	18.7
2021-03-11 17:32:48.0	Ana1 - 1: T.Au?en	12.6
2021-03-11 17:32:48.0	Ana2 - 2: T.Zuluft	17.8
2021-03-11 17:32:48.0	Ana3 - 3: T.Abluft	19.8
2021-03-11 17:32:48.0	Ana4 - 4: T.Fortluft	16.3
2021-03-11 17:32:48.0	Ana5 - 5: T.Raum	9999.9
2021-03-11 17:32:48.0	Ana9 - 9: T.Zuluft WRG warm	18.7
2021-03-11 17:32:58.0	Ana1 - 1: T.Au?en	12.6
2021-03-11 17:32:58.0	Ana2 - 2: T.Zuluft	17.8
2021-03-11 17:32:58.0	Ana3 - 3: T.Abluft	19.8
2021-03-11 17:32:58.0	Ana4 - 4: T.Fortluft	16.3
2021-03-11 17:32:58.0	Ana5 - 5: T.Raum	9999.9
2021-03-11 17:32:58.0	Ana9 - 9: T.Zuluft WRG warm	18.7
2021-03-11 17:33:08.0	Ana1 - 1: T.Au?en	12.6
2021-03-11 17:33:08.0	Ana2 - 2: T.Zuluft	17.8
2021-03-11 17:33:08.0	Ana3 - 3: T.Abluft	19.8
2021-03-11 17:33:08.0	Ana4 - 4: T.Fortluft	16.3
2021-03-11 17:33:08.0	Ana5 - 5: T.Raum	9999.9
2021-03-11 17:33:08.0	Ana9 - 9: T.Zuluft WRG warm	18.7
2021-03-11 17:33:18.0	Ana1 - 1: T.Au?en	12.6
2021-03-11 17:33:18.0	Ana2 - 2: T.Zuluft	17.8
2021-03-11 17:33:18.0	Ana3 - 3: T.Abluft	19.8
2021-03-11 17:33:18.0	Ana4 - 4: T.Fortluft	16.2
2021-03-11 17:33:18.0	Ana5 - 5: T.Raum	9999.9
2021-03-11 17:33:18.0	Ana9 - 9: T.Zuluft WRG warm	18.7
2021-03-11 17:33:28.0	Ana1 - 1: T.Au?en	12.6
2021-03-11 17:33:28.0	Ana2 - 2: T.Zuluft	17.8
2021-03-11 17:33:28.0	Ana3 - 3: T.Abluft	19.8
2021-03-11 17:33:28.0	Ana4 - 4: T.Fortluft	16.2
2021-03-11 17:33:28.0	Ana5 - 5: T.Raum	9999.9
2021-03-11 17:33:28.0	Ana9 - 9: T.Zuluft WRG warm	18.7
2021-03-11 17:33:38.0	Ana1 - 1: T.Au?en	12.5
2021-03-11 17:33:38.0	Ana2 - 2: T.Zuluft	17.8
2021-03-11 17:33:38.0	Ana3 - 3: T.Abluft	19.8
2021-03-11 17:33:38.0	Ana4 - 4: T.Fortluft	16.2
2021-03-11 17:33:38.0	Ana5 - 5: T.Raum	9999.9
2021-03-11 17:33:38.0	Ana9 - 9: T.Zuluft WRG warm	18.7
2021-03-11 17:33:48.0	Ana1 - 1: T.Au?en	12.5
2021-03-11 17:33:48.0	Ana2 - 2: T.Zuluft	17.8
2021-03-11 17:33:48.0	Ana3 - 3: T.Abluft	19.8
2021-03-11 17:33:48.0	Ana4 - 4: T.Fortluft	16.2
2021-03-11 17:33:48.0	Ana5 - 5: T.Raum	9999.9
2021-03-11 17:33:48.0	Ana9 - 9: T.Zuluft WRG warm	18.7
2021-03-11 17:33:58.0	Ana1 - 1: T.Au?en	12.5
2021-03-11 17:33:58.0	Ana2 - 2: T.Zuluft	17.8
2021-03-11 17:33:58.0	Ana3 - 3: T.Abluft	19.8
2021-03-11 17:33:58.0	Ana4 - 4: T.Fortluft	16.2
2021-03-11 17:33:58.0	Ana5 - 5: T.Raum	9999.9
2021-03-11 17:33:58.0	Ana9 - 9: T.Zuluft WRG warm	18.7
2021-03-11 17:34:08.0	Ana1 - 1: T.Au?en	12.5
2021-03-11 17:34:08.0	Ana2 - 2: T.Zuluft	17.8
2021-03-11 17:34:08.0	Ana3 - 3: T.Abluft	19.8
2021-03-11 17:34:08.0	Ana4 - 4: T.Fortluft	16.2
2021-03-11 17:34:08.0	Ana5 - 5: T.Raum	9999.9
2021-03-11 17:34:08.0	Ana9 - 9: T.Zuluft WRG warm	18.7
2021-03-11 17:34:18.0	Ana1 - 1: T.Au?en	12.5
2021-03-11 17:34:18.0	Ana2 - 2: T.Zuluft	17.7
2021-03-11 17:34:18.0	Ana3 - 3: T.Abluft	19.8
2021-03-11 17:34:18.0	Ana4 - 4: T.Fortluft	16.2
2021-03-11 17:34:18.0	Ana5 - 5: T.Raum	9999.9
2021-03-11 17:34:18.0	Ana9 - 9: T.Zuluft WRG warm	18.7
2021-03-11 17:34:28.0	Ana1 - 1: T.Au?en	12.5
2021-03-11 17:34:28.0	Ana2 - 2: T.Zuluft	17.7
2021-03-11 17:34:28.0	Ana3 - 3: T.Abluft	19.7
2021-03-11 17:34:28.0	Ana4 - 4: T.Fortluft	16.2
2021-03-11 17:34:28.0	Ana5 - 5: T.Raum	9999.9
2021-03-11 17:34:28.0	Ana9 - 9: T.Zuluft WRG warm	18.6
2021-03-11 17:34:38.0	Ana1 - 1: T.Au?en	12.5
2021-03-11 17:34:38.0	Ana2 - 2: T.Zuluft	17.7
2021-03-11 17:34:38.0	Ana3 - 3: T.Abluft	19.7
2021-03-11 17:34:38.0	Ana4 - 4: T.Fortluft	16.2
2021-03-11 17:34:38.0	Ana5 - 5: T.Raum	9999.9
2021-03-11 17:34:38.0	Ana9 - 9: T.Zuluft WRG warm	18.6
2021-03-11 17:34:48.0	Ana1 - 1: T.Au?en	12.5
2021-03-11 17:34:48.0	Ana2 - 2: T.Zuluft	17.7
2021-03-11 17:34:48.0	Ana3 - 3: T.Abluft	19.7
2021-03-11 17:34:48.0	Ana4 - 4: T.Fortluft	16.2
2021-03-11 17:34:48.0	Ana5 - 5: T.Raum	9999.9
2021-03-11 17:34:48.0	Ana9 - 9: T.Zuluft WRG warm	18.6
2021-03-11 17:34:58.0	Ana1 - 1: T.Au?en	12.5
2021-03-11 17:34:58.0	Ana2 - 2: T.Zuluft	17.7
2021-03-11 17:34:58.0	Ana3 - 3: T.Abluft	19.7
2021-03-11 17:34:58.0	Ana4 - 4: T.Fortluft	16.2
2021-03-11 17:34:58.0	Ana5 - 5: T.Raum	9999.9
2021-03-11 17:34:58.0	Ana9 - 9: T.Zuluft WRG warm	18.6
2021-03-11 17:35:08.0	Ana1 - 1: T.Au?en	12.5
2021-03-11 17:35:08.0	Ana2 - 2: T.Zuluft	17.7
2021-03-11 17:35:08.0	Ana3 - 3: T.Abluft	19.7
2021-03-11 17:35:08.0	Ana4 - 4: T.Fortluft	16.2
2021-03-11 17:35:08.0	Ana5 - 5: T.Raum	9999.9
2021-03-11 17:35:08.0	Ana9 - 9: T.Zuluft WRG warm	18.6
2021-03-11 17:35:18.0	Ana1 - 1: T.Au?en	12.5
2021-03-11 17:35:18.0	Ana2 - 2: T.Zuluft	17.7
2021-03-11 17:35:18.0	Ana3 - 3: T.Abluft	19.7
2021-03-11 17:35:18.0	Ana4 - 4: T.Fortluft	16.2
2021-03-11 17:35:18.0	Ana5 - 5: T.Raum	9999.9
2021-03-11 17:35:18.0	Ana9 - 9: T.Zuluft WRG warm	18.6
2021-03-11 17:35:28.0	Ana1 - 1: T.Au?en	12.4
2021-03-11 17:35:28.0	Ana2 - 2: T.Zuluft	17.7
2021-03-11 17:35:28.0	Ana3 - 3: T.Abluft	19.7
2021-03-11 17:35:28.0	Ana4 - 4: T.Fortluft	16.2
2021-03-11 17:35:28.0	Ana5 - 5: T.Raum	9999.9
2021-03-11 17:35:28.0	Ana9 - 9: T.Zuluft WRG warm	18.6
2021-03-11 17:35:38.0	Ana1 - 1: T.Au?en	12.4
2021-03-11 17:35:38.0	Ana2 - 2: T.Zuluft	17.7
2021-03-11 17:35:38.0	Ana3 - 3: T.Abluft	19.7
2021-03-11 17:35:38.0	Ana4 - 4: T.Fortluft	16.2
2021-03-11 17:35:38.0	Ana5 - 5: T.Raum	9999.9
2021-03-11 17:35:38.0	Ana9 - 9: T.Zuluft WRG warm	18.6
2021-03-11 17:35:48.0	Ana1 - 1: T.Au?en	12.4
2021-03-11 17:35:48.0	Ana2 - 2: T.Zuluft	17.7
2021-03-11 17:35:48.0	Ana3 - 3: T.Abluft	19.7
2021-03-11 17:35:48.0	Ana4 - 4: T.Fortluft	16.2
2021-03-11 17:35:48.0	Ana5 - 5: T.Raum	9999.9
2021-03-11 17:35:48.0	Ana9 - 9: T.Zuluft WRG warm	18.6
2021-03-11 17:35:58.0	Ana1 - 1: T.Au?en	12.4
2021-03-11 17:35:58.0	Ana2 - 2: T.Zuluft	17.7
2021-03-11 17:35:58.0	Ana3 - 3: T.Abluft	19.7
2021-03-11 17:35:58.0	Ana4 - 4: T.Fortluft	16.2
2021-03-11 17:35:58.0	Ana5 - 5: T.Raum	9999.9
2021-03-11 17:35:58.0	Ana9 - 9: T.Zuluft WRG warm	18.6
2021-03-11 17:36:08.0	Ana1 - 1: T.Au?en	12.4
2021-03-11 17:36:08.0	Ana2 - 2: T.Zuluft	17.7
2021-03-11 17:36:08.0	Ana3 - 3: T.Abluft	19.7
2021-03-11 17:36:08.0	Ana4 - 4: T.Fortluft	16.2
2021-03-11 17:36:08.0	Ana5 - 5: T.Raum	9999.9
2021-03-11 17:36:08.0	Ana9 - 9: T.Zuluft WRG warm	18.6
2021-03-11 17:36:18.0	Ana1 - 1: T.Au?en	12.4
2021-03-11 17:36:18.0	Ana2 - 2: T.Zuluft	17.7
2021-03-11 17:36:18.0	Ana3 - 3: T.Abluft	19.7
2021-03-11 17:36:18.0	Ana4 - 4: T.Fortluft	16.1
2021-03-11 17:36:18.0	Ana5 - 5: T.Raum	9999.9
2021-03-11 17:36:18.0	Ana9 - 9: T.Zuluft WRG warm	18.6
2021-03-11 17:36:28.0	Ana1 - 1: T.Au?en	12.4
2021-03-11 17:36:28.0	Ana2 - 2: T.Zuluft	17.7
2021-03-11 17:36:28.0	Ana3 - 3: T.Abluft	19.7
2021-03-11 17:36:28.0	Ana4 - 4: T.Fortluft	16.1
2021-03-11 17:36:28.0	Ana5 - 5: T.Raum	9999.9
2021-03-11 17:36:28.0	Ana9 - 9: T.Zuluft WRG warm	18.6
2021-03-11 17:36:38.0	Ana1 - 1: T.Au?en	12.4
2021-03-11 17:36:38.0	Ana2 - 2: T.Zuluft	17.6
2021-03-11 17:36:38.0	Ana3 - 3: T.Abluft	19.7
2021-03-11 17:36:38.0	Ana4 - 4: T.Fortluft	16.1
2021-03-11 17:36:38.0	Ana5 - 5: T.Raum	9999.9
2021-03-11 17:36:38.0	Ana9 - 9: T.Zuluft WRG warm	18.6
2021-03-11 17:36:48.0	Ana1 - 1: T.Au?en	12.4
2021-03-11 17:36:48.0	Ana2 - 2: T.Zuluft	17.6
2021-03-11 17:36:48.0	Ana3 - 3: T.Abluft	19.7
2021-03-11 17:36:48.0	Ana4 - 4: T.Fortluft	16.1
2021-03-11 17:36:48.0	Ana5 - 5: T.Raum	9999.9
2021-03-11 17:36:48.0	Ana9 - 9: T.Zuluft WRG warm	18.6
2021-03-11 17:36:58.0	Ana1 - 1: T.Au?en	12.4
2021-03-11 17:36:58.0	Ana2 - 2: T.Zuluft	17.6
2021-03-11 17:36:58.0	Ana3 - 3: T.Abluft	19.7
2021-03-11 17:36:58.0	Ana4 - 4: T.Fortluft	16.1
2021-03-11 17:36:58.0	Ana5 - 5: T.Raum	9999.9
2021-03-11 17:36:58.0	Ana9 - 9: T.Zuluft WRG warm	18.7
2021-03-11 17:37:08.0	Ana1 - 1: T.Au?en	12.4
2021-03-11 17:37:08.0	Ana2 - 2: T.Zuluft	17.6
2021-03-11 17:37:08.0	Ana3 - 3: T.Abluft	19.7
2021-03-11 17:37:08.0	Ana4 - 4: T.Fortluft	16.1
2021-03-11 17:37:08.0	Ana5 - 5: T.Raum	9999.9
2021-03-11 17:37:08.0	Ana9 - 9: T.Zuluft WRG warm	18.7
2021-03-11 17:37:18.0	Ana1 - 1: T.Au?en	12.4
2021-03-11 17:37:18.0	Ana2 - 2: T.Zuluft	17.6
2021-03-11 17:37:18.0	Ana3 - 3: T.Abluft	19.7
2021-03-11 17:37:18.0	Ana4 - 4: T.Fortluft	16.1
2021-03-11 17:37:18.0	Ana5 - 5: T.Raum	9999.9
2021-03-11 17:37:18.0	Ana9 - 9: T.Zuluft WRG warm	18.7
2021-03-11 17:37:28.0	Ana1 - 1: T.Au?en	12.4
2021-03-11 17:37:28.0	Ana2 - 2: T.Zuluft	17.6
2021-03-11 17:37:28.0	Ana3 - 3: T.Abluft	19.7
2021-03-11 17:37:28.0	Ana4 - 4: T.Fortluft	16.1
2021-03-11 17:37:28.0	Ana5 - 5: T.Raum	9999.9
2021-03-11 17:37:28.0	Ana9 - 9: T.Zuluft WRG warm	18.7
2021-03-11 17:37:38.0	Ana1 - 1: T.Au?en	12.4
2021-03-11 17:37:38.0	Ana2 - 2: T.Zuluft	17.6
2021-03-11 17:37:38.0	Ana3 - 3: T.Abluft	19.7
2021-03-11 17:37:38.0	Ana4 - 4: T.Fortluft	16.1
2021-03-11 17:37:38.0	Ana5 - 5: T.Raum	9999.9
2021-03-11 17:37:38.0	Ana9 - 9: T.Zuluft WRG warm	18.7
2021-03-11 17:37:48.0	Ana1 - 1: T.Au?en	12.4
2021-03-11 17:37:48.0	Ana2 - 2: T.Zuluft	17.6
2021-03-11 17:37:48.0	Ana3 - 3: T.Abluft	19.7
2021-03-11 17:37:48.0	Ana4 - 4: T.Fortluft	16.1
2021-03-11 17:37:48.0	Ana5 - 5: T.Raum	9999.9
2021-03-11 17:37:48.0	Ana9 - 9: T.Zuluft WRG warm	18.7
2021-03-11 17:37:58.0	Ana1 - 1: T.Au?en	12.4
2021-03-11 17:37:58.0	Ana2 - 2: T.Zuluft	17.6
2021-03-11 17:37:58.0	Ana3 - 3: T.Abluft	19.7
2021-03-11 17:37:58.0	Ana4 - 4: T.Fortluft	16.1
2021-03-11 17:37:58.0	Ana5 - 5: T.Raum	9999.9
2021-03-11 17:37:58.0	Ana9 - 9: T.Zuluft WRG warm	18.7
2021-03-11 17:38:08.0	Ana1 - 1: T.Au?en	12.4
2021-03-11 17:38:08.0	Ana2 - 2: T.Zuluft	17.6
2021-03-11 17:38:08.0	Ana3 - 3: T.Abluft	19.7
2021-03-11 17:38:08.0	Ana4 - 4: T.Fortluft	16.1
2021-03-11 17:38:08.0	Ana5 - 5: T.Raum	9999.9
2021-03-11 17:38:08.0	Ana9 - 9: T.Zuluft WRG warm	18.7
2021-03-11 17:38:18.0	Ana1 - 1: T.Au?en	12.4
2021-03-11 17:38:18.0	Ana2 - 2: T.Zuluft	17.6
2021-03-11 17:38:18.0	Ana3 - 3: T.Abluft	19.7
2021-03-11 17:38:18.0	Ana4 - 4: T.Fortluft	16.1
2021-03-11 17:38:18.0	Ana5 - 5: T.Raum	9999.9
2021-03-11 17:38:18.0	Ana9 - 9: T.Zuluft WRG warm	18.7
2021-03-11 17:38:28.0	Ana1 - 1: T.Au?en	12.4
2021-03-11 17:38:28.0	Ana2 - 2: T.Zuluft	17.6
2021-03-11 17:38:28.0	Ana3 - 3: T.Abluft	19.7
2021-03-11 17:38:28.0	Ana4 - 4: T.Fortluft	16.1
2021-03-11 17:38:28.0	Ana5 - 5: T.Raum	9999.9
2021-03-11 17:38:28.0	Ana9 - 9: T.Zuluft WRG warm	18.7
2021-03-11 17:38:38.0	Ana1 - 1: T.Au?en	12.3
2021-03-11 17:38:38.0	Ana2 - 2: T.Zuluft	17.6
2021-03-11 17:38:38.0	Ana3 - 3: T.Abluft	19.7
2021-03-11 17:38:38.0	Ana4 - 4: T.Fortluft	16.1
2021-03-11 17:38:38.0	Ana5 - 5: T.Raum	9999.9
2021-03-11 17:38:38.0	Ana9 - 9: T.Zuluft WRG warm	18.8
2021-03-11 17:38:48.0	Ana1 - 1: T.Au?en	12.3
2021-03-11 17:38:48.0	Ana2 - 2: T.Zuluft	17.6
2021-03-11 17:38:48.0	Ana3 - 3: T.Abluft	19.7
2021-03-11 17:38:48.0	Ana4 - 4: T.Fortluft	16.1
2021-03-11 17:38:48.0	Ana5 - 5: T.Raum	9999.9
2021-03-11 17:38:48.0	Ana9 - 9: T.Zuluft WRG warm	18.8
2021-03-11 17:38:58.0	Ana1 - 1: T.Au?en	12.3
2021-03-11 17:38:58.0	Ana2 - 2: T.Zuluft	17.6
2021-03-11 17:38:58.0	Ana3 - 3: T.Abluft	19.7
2021-03-11 17:38:58.0	Ana4 - 4: T.Fortluft	16.1
2021-03-11 17:38:58.0	Ana5 - 5: T.Raum	9999.9
2021-03-11 17:38:58.0	Ana9 - 9: T.Zuluft WRG warm	18.8
2021-03-11 17:39:08.0	Ana1 - 1: T.Au?en	12.3
2021-03-11 17:39:08.0	Ana2 - 2: T.Zuluft	17.6
2021-03-11 17:39:08.0	Ana3 - 3: T.Abluft	19.7
2021-03-11 17:39:08.0	Ana4 - 4: T.Fortluft	16.1
2021-03-11 17:39:08.0	Ana5 - 5: T.Raum	9999.9
2021-03-11 17:39:08.0	Ana9 - 9: T.Zuluft WRG warm	18.8
2021-03-11 17:39:18.0	Ana1 - 1: T.Au?en	12.2
2021-03-11 17:39:18.0	Ana2 - 2: T.Zuluft	17.5
2021-03-11 17:39:18.0	Ana3 - 3: T.Abluft	19.7
2021-03-11 17:39:18.0	Ana4 - 4: T.Fortluft	16.1
2021-03-11 17:39:18.0	Ana5 - 5: T.Raum	9999.9
2021-03-11 17:39:18.0	Ana9 - 9: T.Zuluft WRG warm	18.8
2021-03-11 17:39:28.0	Ana1 - 1: T.Au?en	12.2
2021-03-11 17:39:28.0	Ana2 - 2: T.Zuluft	17.5
2021-03-11 17:39:28.0	Ana3 - 3: T.Abluft	19.7
2021-03-11 17:39:28.0	Ana4 - 4: T.Fortluft	16.1
2021-03-11 17:39:28.0	Ana5 - 5: T.Raum	9999.9
2021-03-11 17:39:28.0	Ana9 - 9: T.Zuluft WRG warm	18.8
2021-03-11 17:39:38.0	Ana1 - 1: T.Au?en	12.2
2021-03-11 17:39:38.0	Ana2 - 2: T.Zuluft	17.5
2021-03-11 17:39:38.0	Ana3 - 3: T.Abluft	19.7
2021-03-11 17:39:38.0	Ana4 - 4: T.Fortluft	16.1
2021-03-11 17:39:38.0	Ana5 - 5: T.Raum	9999.9
2021-03-11 17:39:38.0	Ana9 - 9: T.Zuluft WRG warm	18.8
2021-03-11 17:39:48.0	Ana1 - 1: T.Au?en	12.2
2021-03-11 17:39:48.0	Ana2 - 2: T.Zuluft	17.5
2021-03-11 17:39:48.0	Ana3 - 3: T.Abluft	19.7
2021-03-11 17:39:48.0	Ana4 - 4: T.Fortluft	16.0
2021-03-11 17:39:48.0	Ana5 - 5: T.Raum	9999.9
2021-03-11 17:39:48.0	Ana9 - 9: T.Zuluft WRG warm	18.8
2021-03-11 17:39:58.0	Ana1 - 1: T.Au?en	12.1
2021-03-11 17:39:58.0	Ana2 - 2: T.Zuluft	17.5
2021-03-11 17:39:58.0	Ana3 - 3: T.Abluft	19.7
2021-03-11 17:39:58.0	Ana4 - 4: T.Fortluft	16.1
2021-03-11 17:39:58.0	Ana5 - 5: T.Raum	9999.9
2021-03-11 17:39:58.0	Ana9 - 9: T.Zuluft WRG warm	18.8
2021-03-11 17:40:08.0	Ana1 - 1: T.Au?en	12.1
2021-03-11 17:40:08.0	Ana2 - 2: T.Zuluft	17.5
2021-03-11 17:40:08.0	Ana3 - 3: T.Abluft	19.7
2021-03-11 17:40:08.0	Ana4 - 4: T.Fortluft	16.0
2021-03-11 17:40:08.0	Ana5 - 5: T.Raum	9999.9
2021-03-11 17:40:08.0	Ana9 - 9: T.Zuluft WRG warm	18.8
2021-03-11 17:40:18.0	Ana1 - 1: T.Au?en	12.1
2021-03-11 17:40:18.0	Ana2 - 2: T.Zuluft	17.5
2021-03-11 17:40:18.0	Ana3 - 3: T.Abluft	19.7
2021-03-11 17:40:18.0	Ana4 - 4: T.Fortluft	16.0
2021-03-11 17:40:18.0	Ana5 - 5: T.Raum	9999.9
2021-03-11 17:40:18.0	Ana9 - 9: T.Zuluft WRG warm	18.8
2021-03-11 17:40:28.0	Ana1 - 1: T.Au?en	12.1
2021-03-11 17:40:28.0	Ana2 - 2: T.Zuluft	17.5
2021-03-11 17:40:28.0	Ana3 - 3: T.Abluft	19.7
2021-03-11 17:40:28.0	Ana4 - 4: T.Fortluft	16.0
2021-03-11 17:40:28.0	Ana5 - 5: T.Raum	9999.9
2021-03-11 17:40:28.0	Ana9 - 9: T.Zuluft WRG warm	18.9
2021-03-11 17:40:38.0	Ana1 - 1: T.Au?en	12.1
2021-03-11 17:40:38.0	Ana2 - 2: T.Zuluft	17.5
2021-03-11 17:40:38.0	Ana3 - 3: T.Abluft	19.7
2021-03-11 17:40:38.0	Ana4 - 4: T.Fortluft	16.0
2021-03-11 17:40:38.0	Ana5 - 5: T.Raum	9999.9
2021-03-11 17:40:38.0	Ana9 - 9: T.Zuluft WRG warm	18.9
2021-03-11 17:40:48.0	Ana1 - 1: T.Au?en	12.1
2021-03-11 17:40:48.0	Ana2 - 2: T.Zuluft	17.5
2021-03-11 17:40:48.0	Ana3 - 3: T.Abluft	19.7
2021-03-11 17:40:48.0	Ana4 - 4: T.Fortluft	16.0
2021-03-11 17:40:48.0	Ana5 - 5: T.Raum	9999.9
2021-03-11 17:40:48.0	Ana9 - 9: T.Zuluft WRG warm	18.9
2021-03-11 17:40:58.0	Ana1 - 1: T.Au?en	12.0
2021-03-11 17:40:58.0	Ana2 - 2: T.Zuluft	17.5
2021-03-11 17:40:58.0	Ana3 - 3: T.Abluft	19.7
2021-03-11 17:40:58.0	Ana4 - 4: T.Fortluft	16.0
2021-03-11 17:40:58.0	Ana5 - 5: T.Raum	9999.9
2021-03-11 17:40:58.0	Ana9 - 9: T.Zuluft WRG warm	18.9
2021-03-11 17:41:08.0	Ana1 - 1: T.Au?en	12.0
2021-03-11 17:41:08.0	Ana2 - 2: T.Zuluft	17.5
2021-03-11 17:41:08.0	Ana3 - 3: T.Abluft	19.7
2021-03-11 17:41:08.0	Ana4 - 4: T.Fortluft	16.0
2021-03-11 17:41:08.0	Ana5 - 5: T.Raum	9999.9
2021-03-11 17:41:08.0	Ana9 - 9: T.Zuluft WRG warm	18.9
2021-03-11 17:41:18.0	Ana1 - 1: T.Au?en	12.1
2021-03-11 17:41:18.0	Ana2 - 2: T.Zuluft	17.5
2021-03-11 17:41:18.0	Ana3 - 3: T.Abluft	19.7
2021-03-11 17:41:18.0	Ana4 - 4: T.Fortluft	16.0
2021-03-11 17:41:18.0	Ana5 - 5: T.Raum	9999.9
2021-03-11 17:41:18.0	Ana9 - 9: T.Zuluft WRG warm	18.9
2021-03-11 17:41:28.0	Ana1 - 1: T.Au?en	12.1
2021-03-11 17:41:28.0	Ana2 - 2: T.Zuluft	17.5
2021-03-11 17:41:28.0	Ana3 - 3: T.Abluft	19.7
2021-03-11 17:41:28.0	Ana4 - 4: T.Fortluft	16.0
2021-03-11 17:41:28.0	Ana5 - 5: T.Raum	9999.9
2021-03-11 17:41:28.0	Ana9 - 9: T.Zuluft WRG warm	18.9
2021-03-11 17:41:38.0	Ana1 - 1: T.Au?en	12.1
2021-03-11 17:41:38.0	Ana2 - 2: T.Zuluft	17.5
2021-03-11 17:41:38.0	Ana3 - 3: T.Abluft	19.7
2021-03-11 17:41:38.0	Ana4 - 4: T.Fortluft	16.0
2021-03-11 17:41:38.0	Ana5 - 5: T.Raum	9999.9
2021-03-11 17:41:38.0	Ana9 - 9: T.Zuluft WRG warm	18.9
2021-03-11 17:41:48.0	Ana1 - 1: T.Au?en	12.1
2021-03-11 17:41:48.0	Ana2 - 2: T.Zuluft	17.5
2021-03-11 17:41:48.0	Ana3 - 3: T.Abluft	19.7
2021-03-11 17:41:48.0	Ana4 - 4: T.Fortluft	16.0
2021-03-11 17:41:48.0	Ana5 - 5: T.Raum	9999.9
2021-03-11 17:41:48.0	Ana9 - 9: T.Zuluft WRG warm	18.9
2021-03-11 17:41:58.0	Ana1 - 1: T.Au?en	12.1
2021-03-11 17:41:58.0	Ana2 - 2: T.Zuluft	17.5
2021-03-11 17:41:58.0	Ana3 - 3: T.Abluft	19.7
2021-03-11 17:41:58.0	Ana4 - 4: T.Fortluft	16.0
2021-03-11 17:41:58.0	Ana5 - 5: T.Raum	9999.9
2021-03-11 17:41:58.0	Ana9 - 9: T.Zuluft WRG warm	18.9
2021-03-11 17:42:08.0	Ana1 - 1: T.Au?en	12.1
2021-03-11 17:42:08.0	Ana2 - 2: T.Zuluft	17.5
2021-03-11 17:42:08.0	Ana3 - 3: T.Abluft	19.7
2021-03-11 17:42:08.0	Ana4 - 4: T.Fortluft	16.0
2021-03-11 17:42:08.0	Ana5 - 5: T.Raum	9999.9
2021-03-11 17:42:08.0	Ana9 - 9: T.Zuluft WRG warm	19.0
2021-03-11 17:42:18.0	Ana1 - 1: T.Au?en	12.1
2021-03-11 17:42:18.0	Ana2 - 2: T.Zuluft	17.5
2021-03-11 17:42:18.0	Ana3 - 3: T.Abluft	19.7
2021-03-11 17:42:18.0	Ana4 - 4: T.Fortluft	16.0
2021-03-11 17:42:18.0	Ana5 - 5: T.Raum	9999.9
2021-03-11 17:42:18.0	Ana9 - 9: T.Zuluft WRG warm	19.0
2021-03-11 17:42:28.0	Ana1 - 1: T.Au?en	12.1
2021-03-11 17:42:28.0	Ana2 - 2: T.Zuluft	17.5
2021-03-11 17:42:28.0	Ana3 - 3: T.Abluft	19.7
2021-03-11 17:42:28.0	Ana4 - 4: T.Fortluft	16.0
2021-03-11 17:42:28.0	Ana5 - 5: T.Raum	9999.9
2021-03-11 17:42:28.0	Ana9 - 9: T.Zuluft WRG warm	19.0
2021-03-11 17:42:38.0	Ana1 - 1: T.Au?en	12.1
2021-03-11 17:42:38.0	Ana2 - 2: T.Zuluft	17.5
2021-03-11 17:42:38.0	Ana3 - 3: T.Abluft	19.7
2021-03-11 17:42:38.0	Ana4 - 4: T.Fortluft	16.0
2021-03-11 17:42:38.0	Ana5 - 5: T.Raum	9999.9
2021-03-11 17:42:38.0	Ana9 - 9: T.Zuluft WRG warm	19.0
2021-03-11 17:42:48.0	Ana1 - 1: T.Au?en	12.1
2021-03-11 17:42:48.0	Ana2 - 2: T.Zuluft	17.5
2021-03-11 17:42:48.0	Ana3 - 3: T.Abluft	19.7
2021-03-11 17:42:48.0	Ana4 - 4: T.Fortluft	16.0
2021-03-11 17:42:48.0	Ana5 - 5: T.Raum	9999.9
2021-03-11 17:42:48.0	Ana9 - 9: T.Zuluft WRG warm	19.0
2021-03-11 17:42:58.0	Ana1 - 1: T.Au?en	12.1
2021-03-11 17:42:58.0	Ana2 - 2: T.Zuluft	17.5
2021-03-11 17:42:58.0	Ana3 - 3: T.Abluft	19.7
2021-03-11 17:42:58.0	Ana4 - 4: T.Fortluft	16.0
2021-03-11 17:42:58.0	Ana5 - 5: T.Raum	9999.9
2021-03-11 17:42:58.0	Ana9 - 9: T.Zuluft WRG warm	19.0
2021-03-11 17:43:08.0	Ana1 - 1: T.Au?en	12.1
2021-03-11 17:43:08.0	Ana2 - 2: T.Zuluft	17.5
2021-03-11 17:43:08.0	Ana3 - 3: T.Abluft	19.8
2021-03-11 17:43:08.0	Ana4 - 4: T.Fortluft	16.0
2021-03-11 17:43:08.0	Ana5 - 5: T.Raum	9999.9
2021-03-11 17:43:08.0	Ana9 - 9: T.Zuluft WRG warm	19.0
2021-03-11 17:43:18.0	Ana1 - 1: T.Au?en	12.1
2021-03-11 17:43:18.0	Ana2 - 2: T.Zuluft	17.5
2021-03-11 17:43:18.0	Ana3 - 3: T.Abluft	19.8
2021-03-11 17:43:18.0	Ana4 - 4: T.Fortluft	16.0
2021-03-11 17:43:18.0	Ana5 - 5: T.Raum	9999.9
2021-03-11 17:43:18.0	Ana9 - 9: T.Zuluft WRG warm	19.0
2021-03-11 17:43:28.0	Ana1 - 1: T.Au?en	12.0
2021-03-11 17:43:28.0	Ana2 - 2: T.Zuluft	17.4
2021-03-11 17:43:28.0	Ana3 - 3: T.Abluft	19.8
2021-03-11 17:43:28.0	Ana4 - 4: T.Fortluft	16.0
2021-03-11 17:43:28.0	Ana5 - 5: T.Raum	9999.9
2021-03-11 17:43:28.0	Ana9 - 9: T.Zuluft WRG warm	19.0
2021-03-11 17:43:38.0	Ana1 - 1: T.Au?en	12.0
2021-03-11 17:43:38.0	Ana2 - 2: T.Zuluft	17.5
2021-03-11 17:43:38.0	Ana3 - 3: T.Abluft	19.8
2021-03-11 17:43:38.0	Ana4 - 4: T.Fortluft	15.9
2021-03-11 17:43:38.0	Ana5 - 5: T.Raum	9999.9
2021-03-11 17:43:38.0	Ana9 - 9: T.Zuluft WRG warm	19.0
2021-03-11 17:43:48.0	Ana1 - 1: T.Au?en	12.0
2021-03-11 17:43:48.0	Ana2 - 2: T.Zuluft	17.5
2021-03-11 17:43:48.0	Ana3 - 3: T.Abluft	19.8
2021-03-11 17:43:48.0	Ana4 - 4: T.Fortluft	15.9
2021-03-11 17:43:48.0	Ana5 - 5: T.Raum	9999.9
2021-03-11 17:43:48.0	Ana9 - 9: T.Zuluft WRG warm	19.0
2021-03-11 17:43:58.0	Ana1 - 1: T.Au?en	12.0
2021-03-11 17:43:58.0	Ana2 - 2: T.Zuluft	17.5
2021-03-11 17:43:58.0	Ana3 - 3: T.Abluft	19.8
2021-03-11 17:43:58.0	Ana4 - 4: T.Fortluft	15.9
2021-03-11 17:43:58.0	Ana5 - 5: T.Raum	9999.9
2021-03-11 17:43:58.0	Ana9 - 9: T.Zuluft WRG warm	19.0
2021-03-11 17:44:08.0	Ana1 - 1: T.Au?en	12.0
2021-03-11 17:44:08.0	Ana2 - 2: T.Zuluft	17.5
2021-03-11 17:44:08.0	Ana3 - 3: T.Abluft	19.8
2021-03-11 17:44:08.0	Ana4 - 4: T.Fortluft	15.9
2021-03-11 17:44:08.0	Ana5 - 5: T.Raum	9999.9
2021-03-11 17:44:08.0	Ana9 - 9: T.Zuluft WRG warm	19.0
2021-03-11 17:44:18.0	Ana1 - 1: T.Au?en	12.0
2021-03-11 17:44:18.0	Ana2 - 2: T.Zuluft	17.5
2021-03-11 17:44:18.0	Ana3 - 3: T.Abluft	19.8
2021-03-11 17:44:18.0	Ana4 - 4: T.Fortluft	15.9
2021-03-11 17:44:18.0	Ana5 - 5: T.Raum	9999.9
2021-03-11 17:44:18.0	Ana9 - 9: T.Zuluft WRG warm	19.1
2021-03-11 17:44:28.0	Ana1 - 1: T.Au?en	12.0
2021-03-11 17:44:28.0	Ana2 - 2: T.Zuluft	17.5
2021-03-11 17:44:28.0	Ana3 - 3: T.Abluft	19.8
2021-03-11 17:44:28.0	Ana4 - 4: T.Fortluft	15.9
2021-03-11 17:44:28.0	Ana5 - 5: T.Raum	9999.9
2021-03-11 17:44:28.0	Ana9 - 9: T.Zuluft WRG warm	19.1
2021-03-11 17:44:38.0	Ana1 - 1: T.Au?en	12.0
2021-03-11 17:44:38.0	Ana2 - 2: T.Zuluft	17.5
2021-03-11 17:44:38.0	Ana3 - 3: T.Abluft	19.8
2021-03-11 17:44:38.0	Ana4 - 4: T.Fortluft	15.9
2021-03-11 17:44:38.0	Ana5 - 5: T.Raum	9999.9
2021-03-11 17:44:38.0	Ana9 - 9: T.Zuluft WRG warm	19.1
2021-03-11 17:44:48.0	Ana1 - 1: T.Au?en	12.0
2021-03-11 17:44:48.0	Ana2 - 2: T.Zuluft	17.5
2021-03-11 17:44:48.0	Ana3 - 3: T.Abluft	19.8
2021-03-11 17:44:48.0	Ana4 - 4: T.Fortluft	15.9
2021-03-11 17:44:48.0	Ana5 - 5: T.Raum	9999.9
2021-03-11 17:44:48.0	Ana9 - 9: T.Zuluft WRG warm	19.1
2021-03-11 17:44:58.0	Ana1 - 1: T.Au?en	12.0
2021-03-11 17:44:58.0	Ana2 - 2: T.Zuluft	17.5
2021-03-11 17:44:58.0	Ana3 - 3: T.Abluft	19.8
2021-03-11 17:44:58.0	Ana4 - 4: T.Fortluft	15.9
2021-03-11 17:44:58.0	Ana5 - 5: T.Raum	9999.9
2021-03-11 17:44:58.0	Ana9 - 9: T.Zuluft WRG warm	19.1
2021-03-11 17:45:08.0	Ana1 - 1: T.Au?en	12.0
2021-03-11 17:45:08.0	Ana2 - 2: T.Zuluft	17.5
2021-03-11 17:45:08.0	Ana3 - 3: T.Abluft	19.8
2021-03-11 17:45:08.0	Ana4 - 4: T.Fortluft	15.9
2021-03-11 17:45:08.0	Ana5 - 5: T.Raum	9999.9
2021-03-11 17:45:08.0	Ana9 - 9: T.Zuluft WRG warm	19.1
2021-03-11 17:45:18.0	Ana1 - 1: T.Au?en	12.0
2021-03-11 17:45:18.0	Ana2 - 2: T.Zuluft	17.5
2021-03-11 17:45:18.0	Ana3 - 3: T.Abluft	19.8
2021-03-11 17:45:18.0	Ana4 - 4: T.Fortluft	15.9
2021-03-11 17:45:18.0	Ana5 - 5: T.Raum	9999.9
2021-03-11 17:45:18.0	Ana9 - 9: T.Zuluft WRG warm	19.1
2021-03-11 17:45:28.0	Ana1 - 1: T.Au?en	12.0
2021-03-11 17:45:28.0	Ana2 - 2: T.Zuluft	17.5
2021-03-11 17:45:28.0	Ana3 - 3: T.Abluft	19.8
2021-03-11 17:45:28.0	Ana4 - 4: T.Fortluft	15.9
2021-03-11 17:45:28.0	Ana5 - 5: T.Raum	9999.9
2021-03-11 17:45:28.0	Ana9 - 9: T.Zuluft WRG warm	19.1
2021-03-11 17:45:38.0	Ana1 - 1: T.Au?en	12.0
2021-03-11 17:45:38.0	Ana2 - 2: T.Zuluft	17.5
2021-03-11 17:45:38.0	Ana3 - 3: T.Abluft	19.8
2021-03-11 17:45:38.0	Ana4 - 4: T.Fortluft	15.9
2021-03-11 17:45:38.0	Ana5 - 5: T.Raum	9999.9
2021-03-11 17:45:38.0	Ana9 - 9: T.Zuluft WRG warm	19.1
2021-03-11 17:45:48.0	Ana1 - 1: T.Au?en	11.9
2021-03-11 17:45:48.0	Ana2 - 2: T.Zuluft	17.5
2021-03-11 17:45:48.0	Ana3 - 3: T.Abluft	19.8
2021-03-11 17:45:48.0	Ana4 - 4: T.Fortluft	15.9
2021-03-11 17:45:48.0	Ana5 - 5: T.Raum	9999.9
2021-03-11 17:45:48.0	Ana9 - 9: T.Zuluft WRG warm	19.1
2021-03-11 17:45:58.0	Ana1 - 1: T.Au?en	11.9
2021-03-11 17:45:58.0	Ana2 - 2: T.Zuluft	17.5
2021-03-11 17:45:58.0	Ana3 - 3: T.Abluft	19.8
2021-03-11 17:45:58.0	Ana4 - 4: T.Fortluft	15.9
2021-03-11 17:45:58.0	Ana5 - 5: T.Raum	9999.9
2021-03-11 17:45:58.0	Ana9 - 9: T.Zuluft WRG warm	19.2
2021-03-11 17:46:08.0	Ana1 - 1: T.Au?en	11.9
2021-03-11 17:46:08.0	Ana2 - 2: T.Zuluft	17.5
2021-03-11 17:46:08.0	Ana3 - 3: T.Abluft	19.8
2021-03-11 17:46:08.0	Ana4 - 4: T.Fortluft	15.9
2021-03-11 17:46:08.0	Ana5 - 5: T.Raum	9999.9
2021-03-11 17:46:08.0	Ana9 - 9: T.Zuluft WRG warm	19.2
2021-03-11 17:46:18.0	Ana1 - 1: T.Au?en	11.9
2021-03-11 17:46:18.0	Ana2 - 2: T.Zuluft	17.4
2021-03-11 17:46:18.0	Ana3 - 3: T.Abluft	19.8
2021-03-11 17:46:18.0	Ana4 - 4: T.Fortluft	15.9
2021-03-11 17:46:18.0	Ana5 - 5: T.Raum	9999.9
2021-03-11 17:46:18.0	Ana9 - 9: T.Zuluft WRG warm	19.2
2021-03-11 17:46:28.0	Ana1 - 1: T.Au?en	11.9
2021-03-11 17:46:28.0	Ana2 - 2: T.Zuluft	17.4
2021-03-11 17:46:28.0	Ana3 - 3: T.Abluft	19.8
2021-03-11 17:46:28.0	Ana4 - 4: T.Fortluft	15.9
2021-03-11 17:46:28.0	Ana5 - 5: T.Raum	9999.9
2021-03-11 17:46:28.0	Ana9 - 9: T.Zuluft WRG warm	19.2
2021-03-11 17:46:38.0	Ana1 - 1: T.Au?en	11.9
2021-03-11 17:46:38.0	Ana2 - 2: T.Zuluft	17.4
2021-03-11 17:46:38.0	Ana3 - 3: T.Abluft	19.8
2021-03-11 17:46:38.0	Ana4 - 4: T.Fortluft	15.9
2021-03-11 17:46:38.0	Ana5 - 5: T.Raum	9999.9
2021-03-11 17:46:38.0	Ana9 - 9: T.Zuluft WRG warm	19.2
2021-03-11 17:46:48.0	Ana1 - 1: T.Au?en	11.9
2021-03-11 17:46:48.0	Ana2 - 2: T.Zuluft	17.5
2021-03-11 17:46:48.0	Ana3 - 3: T.Abluft	19.8
2021-03-11 17:46:48.0	Ana4 - 4: T.Fortluft	15.9
2021-03-11 17:46:48.0	Ana5 - 5: T.Raum	9999.9
2021-03-11 17:46:48.0	Ana9 - 9: T.Zuluft WRG warm	19.2
2021-03-11 17:46:58.0	Ana1 - 1: T.Au?en	11.9
2021-03-11 17:46:58.0	Ana2 - 2: T.Zuluft	17.5
2021-03-11 17:46:58.0	Ana3 - 3: T.Abluft	19.9
2021-03-11 17:46:58.0	Ana4 - 4: T.Fortluft	15.9
2021-03-11 17:46:58.0	Ana5 - 5: T.Raum	9999.9
2021-03-11 17:46:58.0	Ana9 - 9: T.Zuluft WRG warm	19.2
2021-03-11 17:47:08.0	Ana1 - 1: T.Au?en	11.9
2021-03-11 17:47:08.0	Ana2 - 2: T.Zuluft	17.5
2021-03-11 17:47:08.0	Ana3 - 3: T.Abluft	19.8
2021-03-11 17:47:08.0	Ana4 - 4: T.Fortluft	15.9
2021-03-11 17:47:08.0	Ana5 - 5: T.Raum	9999.9
2021-03-11 17:47:08.0	Ana9 - 9: T.Zuluft WRG warm	19.2
2021-03-11 17:47:18.0	Ana1 - 1: T.Au?en	11.9
2021-03-11 17:47:18.0	Ana2 - 2: T.Zuluft	17.4
2021-03-11 17:47:18.0	Ana3 - 3: T.Abluft	19.9
2021-03-11 17:47:18.0	Ana4 - 4: T.Fortluft	15.9
2021-03-11 17:47:18.0	Ana5 - 5: T.Raum	9999.9
2021-03-11 17:47:18.0	Ana9 - 9: T.Zuluft WRG warm	19.2
2021-03-11 17:47:28.0	Ana1 - 1: T.Au?en	11.9
2021-03-11 17:47:28.0	Ana2 - 2: T.Zuluft	17.5
2021-03-11 17:47:28.0	Ana3 - 3: T.Abluft	19.9
2021-03-11 17:47:28.0	Ana4 - 4: T.Fortluft	15.8
2021-03-11 17:47:28.0	Ana5 - 5: T.Raum	9999.9
2021-03-11 17:47:28.0	Ana9 - 9: T.Zuluft WRG warm	19.2
2021-03-11 17:47:38.0	Ana1 - 1: T.Au?en	11.8
2021-03-11 17:47:38.0	Ana2 - 2: T.Zuluft	17.5
2021-03-11 17:47:38.0	Ana3 - 3: T.Abluft	19.9
2021-03-11 17:47:38.0	Ana4 - 4: T.Fortluft	15.8
2021-03-11 17:47:38.0	Ana5 - 5: T.Raum	9999.9
2021-03-11 17:47:38.0	Ana9 - 9: T.Zuluft WRG warm	19.2
2021-03-11 17:47:48.0	Ana1 - 1: T.Au?en	11.8
2021-03-11 17:47:48.0	Ana2 - 2: T.Zuluft	17.4
2021-03-11 17:47:48.0	Ana3 - 3: T.Abluft	19.9
2021-03-11 17:47:48.0	Ana4 - 4: T.Fortluft	15.8
2021-03-11 17:47:48.0	Ana5 - 5: T.Raum	9999.9
2021-03-11 17:47:48.0	Ana9 - 9: T.Zuluft WRG warm	19.2
2021-03-11 17:47:58.0	Ana1 - 1: T.Au?en	11.8
2021-03-11 17:47:58.0	Ana2 - 2: T.Zuluft	17.4
2021-03-11 17:47:58.0	Ana3 - 3: T.Abluft	19.9
2021-03-11 17:47:58.0	Ana4 - 4: T.Fortluft	15.8
2021-03-11 17:47:58.0	Ana5 - 5: T.Raum	9999.9
2021-03-11 17:47:58.0	Ana9 - 9: T.Zuluft WRG warm	19.2
2021-03-11 17:48:08.0	Ana1 - 1: T.Au?en	11.8
2021-03-11 17:48:08.0	Ana2 - 2: T.Zuluft	17.5
2021-03-11 17:48:08.0	Ana3 - 3: T.Abluft	19.9
2021-03-11 17:48:08.0	Ana4 - 4: T.Fortluft	15.8
2021-03-11 17:48:08.0	Ana5 - 5: T.Raum	9999.9
2021-03-11 17:48:08.0	Ana9 - 9: T.Zuluft WRG warm	19.2
2021-03-11 17:48:18.0	Ana1 - 1: T.Au?en	11.8
2021-03-11 17:48:18.0	Ana2 - 2: T.Zuluft	17.5
2021-03-11 17:48:18.0	Ana3 - 3: T.Abluft	19.9
2021-03-11 17:48:18.0	Ana4 - 4: T.Fortluft	15.8
2021-03-11 17:48:18.0	Ana5 - 5: T.Raum	9999.9
2021-03-11 17:48:18.0	Ana9 - 9: T.Zuluft WRG warm	19.2
2021-03-11 17:48:28.0	Ana1 - 1: T.Au?en	11.8
2021-03-11 17:48:28.0	Ana2 - 2: T.Zuluft	17.5
2021-03-11 17:48:28.0	Ana3 - 3: T.Abluft	19.9
2021-03-11 17:48:28.0	Ana4 - 4: T.Fortluft	15.8
2021-03-11 17:48:28.0	Ana5 - 5: T.Raum	9999.9
2021-03-11 17:48:28.0	Ana9 - 9: T.Zuluft WRG warm	19.2
2021-03-11 17:48:38.0	Ana1 - 1: T.Au?en	11.8
2021-03-11 17:48:38.0	Ana2 - 2: T.Zuluft	17.5
2021-03-11 17:48:38.0	Ana3 - 3: T.Abluft	19.9
2021-03-11 17:48:38.0	Ana4 - 4: T.Fortluft	15.8
2021-03-11 17:48:38.0	Ana5 - 5: T.Raum	9999.9
2021-03-11 17:48:38.0	Ana9 - 9: T.Zuluft WRG warm	19.2
2021-03-11 17:48:48.0	Ana1 - 1: T.Au?en	11.8
2021-03-11 17:48:48.0	Ana2 - 2: T.Zuluft	17.5
2021-03-11 17:48:48.0	Ana3 - 3: T.Abluft	19.9
2021-03-11 17:48:48.0	Ana4 - 4: T.Fortluft	15.8
2021-03-11 17:48:48.0	Ana5 - 5: T.Raum	9999.9
2021-03-11 17:48:48.0	Ana9 - 9: T.Zuluft WRG warm	19.2
2021-03-11 17:48:58.0	Ana1 - 1: T.Au?en	11.8
2021-03-11 17:48:58.0	Ana2 - 2: T.Zuluft	17.4
2021-03-11 17:48:58.0	Ana3 - 3: T.Abluft	19.9
2021-03-11 17:48:58.0	Ana4 - 4: T.Fortluft	15.8
2021-03-11 17:48:58.0	Ana5 - 5: T.Raum	9999.9
2021-03-11 17:48:58.0	Ana9 - 9: T.Zuluft WRG warm	19.2
2021-03-11 17:49:08.0	Ana1 - 1: T.Au?en	11.8
2021-03-11 17:49:08.0	Ana2 - 2: T.Zuluft	17.5
2021-03-11 17:49:08.0	Ana3 - 3: T.Abluft	19.9
2021-03-11 17:49:08.0	Ana4 - 4: T.Fortluft	15.8
2021-03-11 17:49:08.0	Ana5 - 5: T.Raum	9999.9
2021-03-11 17:49:08.0	Ana9 - 9: T.Zuluft WRG warm	19.2
2021-03-11 17:49:18.0	Ana1 - 1: T.Au?en	11.8
2021-03-11 17:49:18.0	Ana2 - 2: T.Zuluft	17.4
2021-03-11 17:49:18.0	Ana3 - 3: T.Abluft	19.9
2021-03-11 17:49:18.0	Ana4 - 4: T.Fortluft	15.8
2021-03-11 17:49:18.0	Ana5 - 5: T.Raum	9999.9
2021-03-11 17:49:18.0	Ana9 - 9: T.Zuluft WRG warm	19.2
2021-03-11 17:49:28.0	Ana1 - 1: T.Au?en	11.8
2021-03-11 17:49:28.0	Ana2 - 2: T.Zuluft	17.4
2021-03-11 17:49:28.0	Ana3 - 3: T.Abluft	19.9
2021-03-11 17:49:28.0	Ana4 - 4: T.Fortluft	15.8
2021-03-11 17:49:28.0	Ana5 - 5: T.Raum	9999.9
2021-03-11 17:49:28.0	Ana9 - 9: T.Zuluft WRG warm	19.3
2021-03-11 17:49:38.0	Ana1 - 1: T.Au?en	11.8
2021-03-11 17:49:38.0	Ana2 - 2: T.Zuluft	17.4
2021-03-11 17:49:38.0	Ana3 - 3: T.Abluft	19.9
2021-03-11 17:49:38.0	Ana4 - 4: T.Fortluft	15.8
2021-03-11 17:49:38.0	Ana5 - 5: T.Raum	9999.9
2021-03-11 17:49:38.0	Ana9 - 9: T.Zuluft WRG warm	19.3
2021-03-11 17:49:48.0	Ana1 - 1: T.Au?en	11.8
2021-03-11 17:49:48.0	Ana2 - 2: T.Zuluft	17.4
2021-03-11 17:49:48.0	Ana3 - 3: T.Abluft	19.9
2021-03-11 17:49:48.0	Ana4 - 4: T.Fortluft	15.8
2021-03-11 17:49:48.0	Ana5 - 5: T.Raum	9999.9
2021-03-11 17:49:48.0	Ana9 - 9: T.Zuluft WRG warm	19.3
2021-03-11 17:49:58.0	Ana1 - 1: T.Au?en	11.7
2021-03-11 17:49:58.0	Ana2 - 2: T.Zuluft	17.5
2021-03-11 17:49:58.0	Ana3 - 3: T.Abluft	19.9
2021-03-11 17:49:58.0	Ana4 - 4: T.Fortluft	15.8
2021-03-11 17:49:58.0	Ana5 - 5: T.Raum	9999.9
2021-03-11 17:49:58.0	Ana9 - 9: T.Zuluft WRG warm	19.3
2021-03-11 17:50:08.0	Ana1 - 1: T.Au?en	11.7
2021-03-11 17:50:08.0	Ana2 - 2: T.Zuluft	17.4
2021-03-11 17:50:08.0	Ana3 - 3: T.Abluft	19.9
2021-03-11 17:50:08.0	Ana4 - 4: T.Fortluft	15.8
2021-03-11 17:50:08.0	Ana5 - 5: T.Raum	9999.9
2021-03-11 17:50:08.0	Ana9 - 9: T.Zuluft WRG warm	19.3
2021-03-11 17:50:18.0	Ana1 - 1: T.Au?en	11.7
2021-03-11 17:50:18.0	Ana2 - 2: T.Zuluft	17.4
2021-03-11 17:50:18.0	Ana3 - 3: T.Abluft	19.9
2021-03-11 17:50:18.0	Ana4 - 4: T.Fortluft	15.8
2021-03-11 17:50:18.0	Ana5 - 5: T.Raum	9999.9
2021-03-11 17:50:18.0	Ana9 - 9: T.Zuluft WRG warm	19.3
2021-03-11 17:50:28.0	Ana1 - 1: T.Au?en	11.7
2021-03-11 17:50:28.0	Ana2 - 2: T.Zuluft	17.4
2021-03-11 17:50:28.0	Ana3 - 3: T.Abluft	19.9
2021-03-11 17:50:28.0	Ana4 - 4: T.Fortluft	15.8
2021-03-11 17:50:28.0	Ana5 - 5: T.Raum	9999.9
2021-03-11 17:50:28.0	Ana9 - 9: T.Zuluft WRG warm	19.3
2021-03-11 17:50:38.0	Ana1 - 1: T.Au?en	11.7
2021-03-11 17:50:38.0	Ana2 - 2: T.Zuluft	17.4
2021-03-11 17:50:38.0	Ana3 - 3: T.Abluft	19.9
2021-03-11 17:50:38.0	Ana4 - 4: T.Fortluft	15.8
2021-03-11 17:50:38.0	Ana5 - 5: T.Raum	9999.9
2021-03-11 17:50:38.0	Ana9 - 9: T.Zuluft WRG warm	19.3
2021-03-11 17:50:48.0	Ana1 - 1: T.Au?en	11.7
2021-03-11 17:50:48.0	Ana2 - 2: T.Zuluft	17.4
2021-03-11 17:50:48.0	Ana3 - 3: T.Abluft	19.9
2021-03-11 17:50:48.0	Ana4 - 4: T.Fortluft	15.8
2021-03-11 17:50:48.0	Ana5 - 5: T.Raum	9999.9
2021-03-11 17:50:48.0	Ana9 - 9: T.Zuluft WRG warm	19.3
2021-03-11 17:50:58.0	Ana1 - 1: T.Au?en	11.7
2021-03-11 17:50:58.0	Ana2 - 2: T.Zuluft	17.4
2021-03-11 17:50:58.0	Ana3 - 3: T.Abluft	19.9
2021-03-11 17:50:58.0	Ana4 - 4: T.Fortluft	15.8
2021-03-11 17:50:58.0	Ana5 - 5: T.Raum	9999.9
2021-03-11 17:50:58.0	Ana9 - 9: T.Zuluft WRG warm	19.3
2021-03-11 17:51:08.0	Ana1 - 1: T.Au?en	11.7
2021-03-11 17:51:08.0	Ana2 - 2: T.Zuluft	17.5
2021-03-11 17:51:08.0	Ana3 - 3: T.Abluft	19.9
2021-03-11 17:51:08.0	Ana4 - 4: T.Fortluft	15.8
2021-03-11 17:51:08.0	Ana5 - 5: T.Raum	9999.9
2021-03-11 17:51:08.0	Ana9 - 9: T.Zuluft WRG warm	19.3
2021-03-11 17:51:18.0	Ana1 - 1: T.Au?en	11.7
2021-03-11 17:51:18.0	Ana2 - 2: T.Zuluft	17.5
2021-03-11 17:51:18.0	Ana3 - 3: T.Abluft	19.9
2021-03-11 17:51:18.0	Ana4 - 4: T.Fortluft	15.8
2021-03-11 17:51:18.0	Ana5 - 5: T.Raum	9999.9
2021-03-11 17:51:18.0	Ana9 - 9: T.Zuluft WRG warm	19.3
2021-03-11 17:51:28.0	Ana1 - 1: T.Au?en	11.7
2021-03-11 17:51:28.0	Ana2 - 2: T.Zuluft	17.5
2021-03-11 17:51:28.0	Ana3 - 3: T.Abluft	19.9
2021-03-11 17:51:28.0	Ana4 - 4: T.Fortluft	15.8
2021-03-11 17:51:28.0	Ana5 - 5: T.Raum	9999.9
2021-03-11 17:51:28.0	Ana9 - 9: T.Zuluft WRG warm	19.3
2021-03-11 17:51:38.0	Ana1 - 1: T.Au?en	11.7
2021-03-11 17:51:38.0	Ana2 - 2: T.Zuluft	17.4
2021-03-11 17:51:38.0	Ana3 - 3: T.Abluft	19.9
2021-03-11 17:51:38.0	Ana4 - 4: T.Fortluft	15.7
2021-03-11 17:51:38.0	Ana5 - 5: T.Raum	9999.9
2021-03-11 17:51:38.0	Ana9 - 9: T.Zuluft WRG warm	19.3
2021-03-11 17:51:48.0	Ana1 - 1: T.Au?en	11.7
2021-03-11 17:51:48.0	Ana2 - 2: T.Zuluft	17.4
2021-03-11 17:51:48.0	Ana3 - 3: T.Abluft	19.9
2021-03-11 17:51:48.0	Ana4 - 4: T.Fortluft	15.7
2021-03-11 17:51:48.0	Ana5 - 5: T.Raum	9999.9
2021-03-11 17:51:48.0	Ana9 - 9: T.Zuluft WRG warm	19.3
2021-03-11 17:51:58.0	Ana1 - 1: T.Au?en	11.7
2021-03-11 17:51:58.0	Ana2 - 2: T.Zuluft	17.4
2021-03-11 17:51:58.0	Ana3 - 3: T.Abluft	19.9
2021-03-11 17:51:58.0	Ana4 - 4: T.Fortluft	15.7
2021-03-11 17:51:58.0	Ana5 - 5: T.Raum	9999.9
2021-03-11 17:51:58.0	Ana9 - 9: T.Zuluft WRG warm	19.3
2021-03-11 17:52:08.0	Ana1 - 1: T.Au?en	11.7
2021-03-11 17:52:08.0	Ana2 - 2: T.Zuluft	17.4
2021-03-11 17:52:08.0	Ana3 - 3: T.Abluft	20.0
2021-03-11 17:52:08.0	Ana4 - 4: T.Fortluft	15.7
2021-03-11 17:52:08.0	Ana5 - 5: T.Raum	9999.9
2021-03-11 17:52:08.0	Ana9 - 9: T.Zuluft WRG warm	19.3
2021-03-11 17:52:18.0	Ana1 - 1: T.Au?en	11.7
2021-03-11 17:52:18.0	Ana2 - 2: T.Zuluft	17.4
2021-03-11 17:52:18.0	Ana3 - 3: T.Abluft	20.0
2021-03-11 17:52:18.0	Ana4 - 4: T.Fortluft	15.7
2021-03-11 17:52:18.0	Ana5 - 5: T.Raum	9999.9
2021-03-11 17:52:18.0	Ana9 - 9: T.Zuluft WRG warm	19.3
2021-03-11 17:52:28.0	Ana1 - 1: T.Au?en	11.7
2021-03-11 17:52:28.0	Ana2 - 2: T.Zuluft	17.4
2021-03-11 17:52:28.0	Ana3 - 3: T.Abluft	20.0
2021-03-11 17:52:28.0	Ana4 - 4: T.Fortluft	15.7
2021-03-11 17:52:28.0	Ana5 - 5: T.Raum	9999.9
2021-03-11 17:52:28.0	Ana9 - 9: T.Zuluft WRG warm	19.3
2021-03-11 17:52:38.0	Ana1 - 1: T.Au?en	11.7
2021-03-11 17:52:38.0	Ana2 - 2: T.Zuluft	17.4
2021-03-11 17:52:38.0	Ana3 - 3: T.Abluft	20.0
2021-03-11 17:52:38.0	Ana4 - 4: T.Fortluft	15.7
2021-03-11 17:52:38.0	Ana5 - 5: T.Raum	9999.9
2021-03-11 17:52:38.0	Ana9 - 9: T.Zuluft WRG warm	19.3
2021-03-11 17:52:48.0	Ana1 - 1: T.Au?en	11.6
2021-03-11 17:52:48.0	Ana2 - 2: T.Zuluft	17.4
2021-03-11 17:52:48.0	Ana3 - 3: T.Abluft	20.0
2021-03-11 17:52:48.0	Ana4 - 4: T.Fortluft	15.7
2021-03-11 17:52:48.0	Ana5 - 5: T.Raum	9999.9
2021-03-11 17:52:48.0	Ana9 - 9: T.Zuluft WRG warm	19.3
2021-03-11 17:52:58.0	Ana1 - 1: T.Au?en	11.6
2021-03-11 17:52:58.0	Ana2 - 2: T.Zuluft	17.4
2021-03-11 17:52:58.0	Ana3 - 3: T.Abluft	20.0
2021-03-11 17:52:58.0	Ana4 - 4: T.Fortluft	15.7
2021-03-11 17:52:58.0	Ana5 - 5: T.Raum	9999.9
2021-03-11 17:52:58.0	Ana9 - 9: T.Zuluft WRG warm	19.3
2021-03-11 17:53:08.0	Ana1 - 1: T.Au?en	11.6
2021-03-11 17:53:08.0	Ana2 - 2: T.Zuluft	17.4
2021-03-11 17:53:08.0	Ana3 - 3: T.Abluft	20.0
2021-03-11 17:53:08.0	Ana4 - 4: T.Fortluft	15.7
2021-03-11 17:53:08.0	Ana5 - 5: T.Raum	9999.9
2021-03-11 17:53:08.0	Ana9 - 9: T.Zuluft WRG warm	19.3
2021-03-11 17:53:18.0	Ana1 - 1: T.Au?en	11.6
2021-03-11 17:53:18.0	Ana2 - 2: T.Zuluft	17.4
2021-03-11 17:53:18.0	Ana3 - 3: T.Abluft	20.0
2021-03-11 17:53:18.0	Ana4 - 4: T.Fortluft	15.7
2021-03-11 17:53:18.0	Ana5 - 5: T.Raum	9999.9
2021-03-11 17:53:18.0	Ana9 - 9: T.Zuluft WRG warm	19.3
2021-03-11 17:53:28.0	Ana1 - 1: T.Au?en	11.6
2021-03-11 17:53:28.0	Ana2 - 2: T.Zuluft	17.4
2021-03-11 17:53:28.0	Ana3 - 3: T.Abluft	20.0
2021-03-11 17:53:28.0	Ana4 - 4: T.Fortluft	15.7
2021-03-11 17:53:28.0	Ana5 - 5: T.Raum	9999.9
2021-03-11 17:53:28.0	Ana9 - 9: T.Zuluft WRG warm	19.3
2021-03-11 17:53:38.0	Ana1 - 1: T.Au?en	11.6
2021-03-11 17:53:38.0	Ana2 - 2: T.Zuluft	17.4
2021-03-11 17:53:38.0	Ana3 - 3: T.Abluft	20.0
2021-03-11 17:53:38.0	Ana4 - 4: T.Fortluft	15.7
2021-03-11 17:53:38.0	Ana5 - 5: T.Raum	9999.9
2021-03-11 17:53:38.0	Ana9 - 9: T.Zuluft WRG warm	19.3
2021-03-11 17:53:48.0	Ana1 - 1: T.Au?en	11.6
2021-03-11 17:53:48.0	Ana2 - 2: T.Zuluft	17.4
2021-03-11 17:53:48.0	Ana3 - 3: T.Abluft	20.0
2021-03-11 17:53:48.0	Ana4 - 4: T.Fortluft	15.7
2021-03-11 17:53:48.0	Ana5 - 5: T.Raum	9999.9
2021-03-11 17:53:48.0	Ana9 - 9: T.Zuluft WRG warm	19.3
2021-03-11 17:53:58.0	Ana1 - 1: T.Au?en	11.6
2021-03-11 17:53:58.0	Ana2 - 2: T.Zuluft	17.4
2021-03-11 17:53:58.0	Ana3 - 3: T.Abluft	20.0
2021-03-11 17:53:58.0	Ana4 - 4: T.Fortluft	15.7
2021-03-11 17:53:58.0	Ana5 - 5: T.Raum	9999.9
2021-03-11 17:53:58.0	Ana9 - 9: T.Zuluft WRG warm	19.3
2021-03-11 17:54:08.0	Ana1 - 1: T.Au?en	11.6
2021-03-11 17:54:08.0	Ana2 - 2: T.Zuluft	17.4
2021-03-11 17:54:08.0	Ana3 - 3: T.Abluft	20.0
2021-03-11 17:54:08.0	Ana4 - 4: T.Fortluft	15.7
2021-03-11 17:54:08.0	Ana5 - 5: T.Raum	9999.9
2021-03-11 17:54:08.0	Ana9 - 9: T.Zuluft WRG warm	19.3
2021-03-11 17:54:18.0	Ana1 - 1: T.Au?en	11.5
2021-03-11 17:54:18.0	Ana2 - 2: T.Zuluft	17.4
2021-03-11 17:54:18.0	Ana3 - 3: T.Abluft	20.0
2021-03-11 17:54:18.0	Ana4 - 4: T.Fortluft	15.7
2021-03-11 17:54:18.0	Ana5 - 5: T.Raum	9999.9
2021-03-11 17:54:18.0	Ana9 - 9: T.Zuluft WRG warm	19.3
2021-03-11 17:54:28.0	Ana1 - 1: T.Au?en	11.5
2021-03-11 17:54:28.0	Ana2 - 2: T.Zuluft	17.4
2021-03-11 17:54:28.0	Ana3 - 3: T.Abluft	20.0
2021-03-11 17:54:28.0	Ana4 - 4: T.Fortluft	15.7
2021-03-11 17:54:28.0	Ana5 - 5: T.Raum	9999.9
2021-03-11 17:54:28.0	Ana9 - 9: T.Zuluft WRG warm	19.3
2021-03-11 17:54:38.0	Ana1 - 1: T.Au?en	11.5
2021-03-11 17:54:38.0	Ana2 - 2: T.Zuluft	17.4
2021-03-11 17:54:38.0	Ana3 - 3: T.Abluft	20.0
2021-03-11 17:54:38.0	Ana4 - 4: T.Fortluft	15.7
2021-03-11 17:54:38.0	Ana5 - 5: T.Raum	9999.9
2021-03-11 17:54:38.0	Ana9 - 9: T.Zuluft WRG warm	19.3
2021-03-11 17:54:48.0	Ana1 - 1: T.Au?en	11.5
2021-03-11 17:54:48.0	Ana2 - 2: T.Zuluft	17.4
2021-03-11 17:54:48.0	Ana3 - 3: T.Abluft	20.0
2021-03-11 17:54:48.0	Ana4 - 4: T.Fortluft	15.7
2021-03-11 17:54:48.0	Ana5 - 5: T.Raum	9999.9
2021-03-11 17:54:48.0	Ana9 - 9: T.Zuluft WRG warm	19.3
2021-03-11 17:54:58.0	Ana1 - 1: T.Au?en	11.5
2021-03-11 17:54:58.0	Ana2 - 2: T.Zuluft	17.4
2021-03-11 17:54:58.0	Ana3 - 3: T.Abluft	20.0
2021-03-11 17:54:58.0	Ana4 - 4: T.Fortluft	15.7
2021-03-11 17:54:58.0	Ana5 - 5: T.Raum	9999.9
2021-03-11 17:54:58.0	Ana9 - 9: T.Zuluft WRG warm	19.3
2021-03-11 17:55:08.0	Ana1 - 1: T.Au?en	11.5
2021-03-11 17:55:08.0	Ana2 - 2: T.Zuluft	17.4
2021-03-11 17:55:08.0	Ana3 - 3: T.Abluft	20.0
2021-03-11 17:55:08.0	Ana4 - 4: T.Fortluft	15.7
2021-03-11 17:55:08.0	Ana5 - 5: T.Raum	9999.9
2021-03-11 17:55:08.0	Ana9 - 9: T.Zuluft WRG warm	19.3
2021-03-11 17:55:18.0	Ana1 - 1: T.Au?en	11.5
2021-03-11 17:55:18.0	Ana2 - 2: T.Zuluft	17.4
2021-03-11 17:55:18.0	Ana3 - 3: T.Abluft	20.0
2021-03-11 17:55:18.0	Ana4 - 4: T.Fortluft	15.7
2021-03-11 17:55:18.0	Ana5 - 5: T.Raum	9999.9
2021-03-11 17:55:18.0	Ana9 - 9: T.Zuluft WRG warm	19.3
2021-03-11 17:55:28.0	Ana1 - 1: T.Au?en	11.5
2021-03-11 17:55:28.0	Ana2 - 2: T.Zuluft	17.4
2021-03-11 17:55:28.0	Ana3 - 3: T.Abluft	20.0
2021-03-11 17:55:28.0	Ana4 - 4: T.Fortluft	15.6
2021-03-11 17:55:28.0	Ana5 - 5: T.Raum	9999.9
2021-03-11 17:55:28.0	Ana9 - 9: T.Zuluft WRG warm	19.3
2021-03-11 17:55:38.0	Ana1 - 1: T.Au?en	11.5
2021-03-11 17:55:38.0	Ana2 - 2: T.Zuluft	17.4
2021-03-11 17:55:38.0	Ana3 - 3: T.Abluft	20.0
2021-03-11 17:55:38.0	Ana4 - 4: T.Fortluft	15.6
2021-03-11 17:55:38.0	Ana5 - 5: T.Raum	9999.9
2021-03-11 17:55:38.0	Ana9 - 9: T.Zuluft WRG warm	19.3
2021-03-11 17:55:48.0	Ana1 - 1: T.Au?en	11.5
2021-03-11 17:55:48.0	Ana2 - 2: T.Zuluft	17.4
2021-03-11 17:55:48.0	Ana3 - 3: T.Abluft	20.0
2021-03-11 17:55:48.0	Ana4 - 4: T.Fortluft	15.6
2021-03-11 17:55:48.0	Ana5 - 5: T.Raum	9999.9
2021-03-11 17:55:48.0	Ana9 - 9: T.Zuluft WRG warm	19.3
2021-03-11 17:55:58.0	Ana1 - 1: T.Au?en	11.5
2021-03-11 17:55:58.0	Ana2 - 2: T.Zuluft	17.4
2021-03-11 17:55:58.0	Ana3 - 3: T.Abluft	20.0
2021-03-11 17:55:58.0	Ana4 - 4: T.Fortluft	15.6
2021-03-11 17:55:58.0	Ana5 - 5: T.Raum	9999.9
2021-03-11 17:55:58.0	Ana9 - 9: T.Zuluft WRG warm	19.3
2021-03-11 17:56:08.0	Ana1 - 1: T.Au?en	11.5
2021-03-11 17:56:08.0	Ana2 - 2: T.Zuluft	17.4
2021-03-11 17:56:08.0	Ana3 - 3: T.Abluft	20.0
2021-03-11 17:56:08.0	Ana4 - 4: T.Fortluft	15.6
2021-03-11 17:56:08.0	Ana5 - 5: T.Raum	9999.9
2021-03-11 17:56:08.0	Ana9 - 9: T.Zuluft WRG warm	19.3
2021-03-11 17:56:18.0	Ana1 - 1: T.Au?en	11.5
2021-03-11 17:56:18.0	Ana2 - 2: T.Zuluft	17.4
2021-03-11 17:56:18.0	Ana3 - 3: T.Abluft	20.0
2021-03-11 17:56:18.0	Ana4 - 4: T.Fortluft	15.6
2021-03-11 17:56:18.0	Ana5 - 5: T.Raum	9999.9
2021-03-11 17:56:18.0	Ana9 - 9: T.Zuluft WRG warm	19.4
2021-03-11 17:56:28.0	Ana1 - 1: T.Au?en	11.5
2021-03-11 17:56:28.0	Ana2 - 2: T.Zuluft	17.4
2021-03-11 17:56:28.0	Ana3 - 3: T.Abluft	20.0
2021-03-11 17:56:28.0	Ana4 - 4: T.Fortluft	15.6
2021-03-11 17:56:28.0	Ana5 - 5: T.Raum	9999.9
2021-03-11 17:56:28.0	Ana9 - 9: T.Zuluft WRG warm	19.4
2021-03-11 17:56:38.0	Ana1 - 1: T.Au?en	11.5
2021-03-11 17:56:38.0	Ana2 - 2: T.Zuluft	17.4
2021-03-11 17:56:38.0	Ana3 - 3: T.Abluft	20.0
2021-03-11 17:56:38.0	Ana4 - 4: T.Fortluft	15.6
2021-03-11 17:56:38.0	Ana5 - 5: T.Raum	9999.9
2021-03-11 17:56:38.0	Ana9 - 9: T.Zuluft WRG warm	19.4
2021-03-11 17:56:48.0	Ana1 - 1: T.Au?en	11.5
2021-03-11 17:56:48.0	Ana2 - 2: T.Zuluft	17.4
2021-03-11 17:56:48.0	Ana3 - 3: T.Abluft	20.0
2021-03-11 17:56:48.0	Ana4 - 4: T.Fortluft	15.6
2021-03-11 17:56:48.0	Ana5 - 5: T.Raum	9999.9
2021-03-11 17:56:48.0	Ana9 - 9: T.Zuluft WRG warm	19.4
2021-03-11 17:56:58.0	Ana1 - 1: T.Au?en	11.5
2021-03-11 17:56:58.0	Ana2 - 2: T.Zuluft	17.4
2021-03-11 17:56:58.0	Ana3 - 3: T.Abluft	20.0
2021-03-11 17:56:58.0	Ana4 - 4: T.Fortluft	15.6
2021-03-11 17:56:58.0	Ana5 - 5: T.Raum	9999.9
2021-03-11 17:56:58.0	Ana9 - 9: T.Zuluft WRG warm	19.4
2021-03-11 17:57:08.0	Ana1 - 1: T.Au?en	11.5
2021-03-11 17:57:08.0	Ana2 - 2: T.Zuluft	17.4
2021-03-11 17:57:08.0	Ana3 - 3: T.Abluft	20.0
2021-03-11 17:57:08.0	Ana4 - 4: T.Fortluft	15.6
2021-03-11 17:57:08.0	Ana5 - 5: T.Raum	9999.9
2021-03-11 17:57:08.0	Ana9 - 9: T.Zuluft WRG warm	19.4
2021-03-11 17:57:18.0	Ana1 - 1: T.Au?en	11.5
2021-03-11 17:57:18.0	Ana2 - 2: T.Zuluft	17.4
2021-03-11 17:57:18.0	Ana3 - 3: T.Abluft	20.0
2021-03-11 17:57:18.0	Ana4 - 4: T.Fortluft	15.6
2021-03-11 17:57:18.0	Ana5 - 5: T.Raum	9999.9
2021-03-11 17:57:18.0	Ana9 - 9: T.Zuluft WRG warm	19.4
2021-03-11 17:57:28.0	Ana1 - 1: T.Au?en	11.5
2021-03-11 17:57:28.0	Ana2 - 2: T.Zuluft	17.4
2021-03-11 17:57:28.0	Ana3 - 3: T.Abluft	20.0
2021-03-11 17:57:28.0	Ana4 - 4: T.Fortluft	15.6
2021-03-11 17:57:28.0	Ana5 - 5: T.Raum	9999.9
2021-03-11 17:57:28.0	Ana9 - 9: T.Zuluft WRG warm	19.4
2021-03-11 17:57:38.0	Ana1 - 1: T.Au?en	11.5
2021-03-11 17:57:38.0	Ana2 - 2: T.Zuluft	17.4
2021-03-11 17:57:38.0	Ana3 - 3: T.Abluft	20.0
2021-03-11 17:57:38.0	Ana4 - 4: T.Fortluft	15.6
2021-03-11 17:57:38.0	Ana5 - 5: T.Raum	9999.9
2021-03-11 17:57:38.0	Ana9 - 9: T.Zuluft WRG warm	19.4
2021-03-11 17:57:48.0	Ana1 - 1: T.Au?en	11.5
2021-03-11 17:57:48.0	Ana2 - 2: T.Zuluft	17.4
2021-03-11 17:57:48.0	Ana3 - 3: T.Abluft	20.0
2021-03-11 17:57:48.0	Ana4 - 4: T.Fortluft	15.6
2021-03-11 17:57:48.0	Ana5 - 5: T.Raum	9999.9
2021-03-11 17:57:48.0	Ana9 - 9: T.Zuluft WRG warm	19.4
2021-03-11 17:57:58.0	Ana1 - 1: T.Au?en	11.5
2021-03-11 17:57:58.0	Ana2 - 2: T.Zuluft	17.4
2021-03-11 17:57:58.0	Ana3 - 3: T.Abluft	20.0
2021-03-11 17:57:58.0	Ana4 - 4: T.Fortluft	15.6
2021-03-11 17:57:58.0	Ana5 - 5: T.Raum	9999.9
2021-03-11 17:57:58.0	Ana9 - 9: T.Zuluft WRG warm	19.4
2021-03-11 17:58:08.0	Ana1 - 1: T.Au?en	11.5
2021-03-11 17:58:08.0	Ana2 - 2: T.Zuluft	17.4
2021-03-11 17:58:08.0	Ana3 - 3: T.Abluft	20.0
2021-03-11 17:58:08.0	Ana4 - 4: T.Fortluft	15.6
2021-03-11 17:58:08.0	Ana5 - 5: T.Raum	9999.9
2021-03-11 17:58:08.0	Ana9 - 9: T.Zuluft WRG warm	19.4
2021-03-11 17:58:18.0	Ana1 - 1: T.Au?en	11.5
2021-03-11 17:58:18.0	Ana2 - 2: T.Zuluft	17.4
2021-03-11 17:58:18.0	Ana3 - 3: T.Abluft	20.0
2021-03-11 17:58:18.0	Ana4 - 4: T.Fortluft	15.6
2021-03-11 17:58:18.0	Ana5 - 5: T.Raum	9999.9
2021-03-11 17:58:18.0	Ana9 - 9: T.Zuluft WRG warm	19.4
2021-03-11 17:58:28.0	Ana1 - 1: T.Au?en	11.4
2021-03-11 17:58:28.0	Ana2 - 2: T.Zuluft	17.4
2021-03-11 17:58:28.0	Ana3 - 3: T.Abluft	20.0
2021-03-11 17:58:28.0	Ana4 - 4: T.Fortluft	15.6
2021-03-11 17:58:28.0	Ana5 - 5: T.Raum	9999.9
2021-03-11 17:58:28.0	Ana9 - 9: T.Zuluft WRG warm	19.4
2021-03-11 17:58:38.0	Ana1 - 1: T.Au?en	11.4
2021-03-11 17:58:38.0	Ana2 - 2: T.Zuluft	17.4
2021-03-11 17:58:38.0	Ana3 - 3: T.Abluft	20.0
2021-03-11 17:58:38.0	Ana4 - 4: T.Fortluft	15.6
2021-03-11 17:58:38.0	Ana5 - 5: T.Raum	9999.9
2021-03-11 17:58:38.0	Ana9 - 9: T.Zuluft WRG warm	19.4
2021-03-11 17:58:48.0	Ana1 - 1: T.Au?en	11.4
2021-03-11 17:58:48.0	Ana2 - 2: T.Zuluft	17.4
2021-03-11 17:58:48.0	Ana3 - 3: T.Abluft	20.0
2021-03-11 17:58:48.0	Ana4 - 4: T.Fortluft	15.6
2021-03-11 17:58:48.0	Ana5 - 5: T.Raum	9999.9
2021-03-11 17:58:48.0	Ana9 - 9: T.Zuluft WRG warm	19.4
2021-03-11 17:58:58.0	Ana1 - 1: T.Au?en	11.4
2021-03-11 17:58:58.0	Ana2 - 2: T.Zuluft	17.4
2021-03-11 17:58:58.0	Ana3 - 3: T.Abluft	20.1
2021-03-11 17:58:58.0	Ana4 - 4: T.Fortluft	15.6
2021-03-11 17:58:58.0	Ana5 - 5: T.Raum	9999.9
2021-03-11 17:58:58.0	Ana9 - 9: T.Zuluft WRG warm	19.4
2021-03-11 17:59:08.0	Ana1 - 1: T.Au?en	11.3
2021-03-11 17:59:08.0	Ana2 - 2: T.Zuluft	17.4
2021-03-11 17:59:08.0	Ana3 - 3: T.Abluft	20.1
2021-03-11 17:59:08.0	Ana4 - 4: T.Fortluft	15.6
2021-03-11 17:59:08.0	Ana5 - 5: T.Raum	9999.9
2021-03-11 17:59:08.0	Ana9 - 9: T.Zuluft WRG warm	19.4
2021-03-11 17:59:18.0	Ana1 - 1: T.Au?en	11.3
2021-03-11 17:59:18.0	Ana2 - 2: T.Zuluft	17.4
2021-03-11 17:59:18.0	Ana3 - 3: T.Abluft	20.0
2021-03-11 17:59:18.0	Ana4 - 4: T.Fortluft	15.6
2021-03-11 17:59:18.0	Ana5 - 5: T.Raum	9999.9
2021-03-11 17:59:18.0	Ana9 - 9: T.Zuluft WRG warm	19.4
2021-03-11 17:59:28.0	Ana1 - 1: T.Au?en	11.3
2021-03-11 17:59:28.0	Ana2 - 2: T.Zuluft	17.4
2021-03-11 17:59:28.0	Ana3 - 3: T.Abluft	20.1
2021-03-11 17:59:28.0	Ana4 - 4: T.Fortluft	15.6
2021-03-11 17:59:28.0	Ana5 - 5: T.Raum	9999.9
2021-03-11 17:59:28.0	Ana9 - 9: T.Zuluft WRG warm	19.4
2021-03-11 17:59:38.0	Ana1 - 1: T.Au?en	11.3
2021-03-11 17:59:38.0	Ana2 - 2: T.Zuluft	17.4
2021-03-11 17:59:38.0	Ana3 - 3: T.Abluft	20.1
2021-03-11 17:59:38.0	Ana4 - 4: T.Fortluft	15.5
2021-03-11 17:59:38.0	Ana5 - 5: T.Raum	9999.9
2021-03-11 17:59:38.0	Ana9 - 9: T.Zuluft WRG warm	19.4
2021-03-11 17:59:48.0	Ana1 - 1: T.Au?en	11.3
2021-03-11 17:59:48.0	Ana2 - 2: T.Zuluft	17.4
2021-03-11 17:59:48.0	Ana3 - 3: T.Abluft	20.0
2021-03-11 17:59:48.0	Ana4 - 4: T.Fortluft	15.6
2021-03-11 17:59:48.0	Ana5 - 5: T.Raum	9999.9
2021-03-11 17:59:48.0	Ana9 - 9: T.Zuluft WRG warm	19.4
2021-03-11 17:59:58.0	Ana1 - 1: T.Au?en	11.3
2021-03-11 17:59:58.0	Ana2 - 2: T.Zuluft	17.4
2021-03-11 17:59:58.0	Ana3 - 3: T.Abluft	20.1
2021-03-11 17:59:58.0	Ana4 - 4: T.Fortluft	15.5
2021-03-11 17:59:58.0	Ana5 - 5: T.Raum	9999.9
2021-03-11 17:59:58.0	Ana9 - 9: T.Zuluft WRG warm	19.4
2021-03-11 18:00:08.0	Ana1 - 1: T.Au?en	11.3
2021-03-11 18:00:08.0	Ana2 - 2: T.Zuluft	17.4
2021-03-11 18:00:08.0	Ana3 - 3: T.Abluft	20.1
2021-03-11 18:00:08.0	Ana4 - 4: T.Fortluft	15.5
2021-03-11 18:00:08.0	Ana5 - 5: T.Raum	9999.9
2021-03-11 18:00:08.0	Ana9 - 9: T.Zuluft WRG warm	19.4
2021-03-11 18:00:18.0	Ana1 - 1: T.Au?en	11.3
2021-03-11 18:00:18.0	Ana2 - 2: T.Zuluft	17.4
2021-03-11 18:00:18.0	Ana3 - 3: T.Abluft	20.1
2021-03-11 18:00:18.0	Ana4 - 4: T.Fortluft	15.6
2021-03-11 18:00:18.0	Ana5 - 5: T.Raum	9999.9
2021-03-11 18:00:18.0	Ana9 - 9: T.Zuluft WRG warm	19.4
2021-03-11 18:00:28.0	Ana1 - 1: T.Au?en	11.3
2021-03-11 18:00:28.0	Ana2 - 2: T.Zuluft	17.4
2021-03-11 18:00:28.0	Ana3 - 3: T.Abluft	20.0
2021-03-11 18:00:28.0	Ana4 - 4: T.Fortluft	15.5
2021-03-11 18:00:28.0	Ana5 - 5: T.Raum	9999.9
2021-03-11 18:00:28.0	Ana9 - 9: T.Zuluft WRG warm	19.4
2021-03-11 18:00:38.0	Ana1 - 1: T.Au?en	11.3
2021-03-11 18:00:38.0	Ana2 - 2: T.Zuluft	17.4
2021-03-11 18:00:38.0	Ana3 - 3: T.Abluft	20.1
2021-03-11 18:00:38.0	Ana4 - 4: T.Fortluft	15.5
2021-03-11 18:00:38.0	Ana5 - 5: T.Raum	9999.9
2021-03-11 18:00:38.0	Ana9 - 9: T.Zuluft WRG warm	19.4
2021-03-11 18:00:48.0	Ana1 - 1: T.Au?en	11.3
2021-03-11 18:00:48.0	Ana2 - 2: T.Zuluft	17.4
2021-03-11 18:00:48.0	Ana3 - 3: T.Abluft	20.0
2021-03-11 18:00:48.0	Ana4 - 4: T.Fortluft	15.5
2021-03-11 18:00:48.0	Ana5 - 5: T.Raum	9999.9
2021-03-11 18:00:48.0	Ana9 - 9: T.Zuluft WRG warm	19.4
2021-03-11 18:00:58.0	Ana1 - 1: T.Au?en	11.3
2021-03-11 18:00:58.0	Ana2 - 2: T.Zuluft	17.4
2021-03-11 18:00:58.0	Ana3 - 3: T.Abluft	20.1
2021-03-11 18:00:58.0	Ana4 - 4: T.Fortluft	15.5
2021-03-11 18:00:58.0	Ana5 - 5: T.Raum	9999.9
2021-03-11 18:00:58.0	Ana9 - 9: T.Zuluft WRG warm	19.4
2021-03-11 18:01:08.0	Ana1 - 1: T.Au?en	11.3
2021-03-11 18:01:08.0	Ana2 - 2: T.Zuluft	17.4
2021-03-11 18:01:08.0	Ana3 - 3: T.Abluft	20.1
2021-03-11 18:01:08.0	Ana4 - 4: T.Fortluft	15.5
2021-03-11 18:01:08.0	Ana5 - 5: T.Raum	9999.9
2021-03-11 18:01:08.0	Ana9 - 9: T.Zuluft WRG warm	19.4
2021-03-11 18:01:18.0	Ana1 - 1: T.Au?en	11.3
2021-03-11 18:01:18.0	Ana2 - 2: T.Zuluft	17.4
2021-03-11 18:01:18.0	Ana3 - 3: T.Abluft	20.1
2021-03-11 18:01:18.0	Ana4 - 4: T.Fortluft	15.5
2021-03-11 18:01:18.0	Ana5 - 5: T.Raum	9999.9
2021-03-11 18:01:18.0	Ana9 - 9: T.Zuluft WRG warm	19.4
2021-03-11 18:01:28.0	Ana1 - 1: T.Au?en	11.3
2021-03-11 18:01:28.0	Ana2 - 2: T.Zuluft	17.4
2021-03-11 18:01:28.0	Ana3 - 3: T.Abluft	20.1
2021-03-11 18:01:28.0	Ana4 - 4: T.Fortluft	15.5
2021-03-11 18:01:28.0	Ana5 - 5: T.Raum	9999.9
2021-03-11 18:01:28.0	Ana9 - 9: T.Zuluft WRG warm	19.4
2021-03-11 18:01:38.0	Ana1 - 1: T.Au?en	11.3
2021-03-11 18:01:38.0	Ana2 - 2: T.Zuluft	17.4
2021-03-11 18:01:38.0	Ana3 - 3: T.Abluft	20.1
2021-03-11 18:01:38.0	Ana4 - 4: T.Fortluft	15.5
2021-03-11 18:01:38.0	Ana5 - 5: T.Raum	9999.9
2021-03-11 18:01:38.0	Ana9 - 9: T.Zuluft WRG warm	19.4
2021-03-11 18:01:48.0	Ana1 - 1: T.Au?en	11.3
2021-03-11 18:01:48.0	Ana2 - 2: T.Zuluft	17.4
2021-03-11 18:01:48.0	Ana3 - 3: T.Abluft	20.1
2021-03-11 18:01:48.0	Ana4 - 4: T.Fortluft	15.5
2021-03-11 18:01:48.0	Ana5 - 5: T.Raum	9999.9
2021-03-11 18:01:48.0	Ana9 - 9: T.Zuluft WRG warm	19.4
2021-03-11 18:01:58.0	Ana1 - 1: T.Au?en	11.3
2021-03-11 18:01:58.0	Ana2 - 2: T.Zuluft	17.4
2021-03-11 18:01:58.0	Ana3 - 3: T.Abluft	20.1
2021-03-11 18:01:58.0	Ana4 - 4: T.Fortluft	15.5
2021-03-11 18:01:58.0	Ana5 - 5: T.Raum	9999.9
2021-03-11 18:01:58.0	Ana9 - 9: T.Zuluft WRG warm	19.4
2021-03-11 18:02:08.0	Ana1 - 1: T.Au?en	11.3
2021-03-11 18:02:08.0	Ana2 - 2: T.Zuluft	17.4
2021-03-11 18:02:08.0	Ana3 - 3: T.Abluft	20.1
2021-03-11 18:02:08.0	Ana4 - 4: T.Fortluft	15.5
2021-03-11 18:02:08.0	Ana5 - 5: T.Raum	9999.9
2021-03-11 18:02:08.0	Ana9 - 9: T.Zuluft WRG warm	19.4
2021-03-11 18:02:18.0	Ana1 - 1: T.Au?en	11.3
2021-03-11 18:02:18.0	Ana2 - 2: T.Zuluft	17.4
2021-03-11 18:02:18.0	Ana3 - 3: T.Abluft	20.1
2021-03-11 18:02:18.0	Ana4 - 4: T.Fortluft	15.5
2021-03-11 18:02:18.0	Ana5 - 5: T.Raum	9999.9
2021-03-11 18:02:18.0	Ana9 - 9: T.Zuluft WRG warm	19.4
2021-03-11 18:02:28.0	Ana1 - 1: T.Au?en	11.3
2021-03-11 18:02:28.0	Ana2 - 2: T.Zuluft	17.4
2021-03-11 18:02:28.0	Ana3 - 3: T.Abluft	20.1
2021-03-11 18:02:28.0	Ana4 - 4: T.Fortluft	15.5
2021-03-11 18:02:28.0	Ana5 - 5: T.Raum	9999.9
2021-03-11 18:02:28.0	Ana9 - 9: T.Zuluft WRG warm	19.4
2021-03-11 18:02:38.0	Ana1 - 1: T.Au?en	11.2
2021-03-11 18:02:38.0	Ana2 - 2: T.Zuluft	17.4
2021-03-11 18:02:38.0	Ana3 - 3: T.Abluft	20.1
2021-03-11 18:02:38.0	Ana4 - 4: T.Fortluft	15.5
2021-03-11 18:02:38.0	Ana5 - 5: T.Raum	9999.9
2021-03-11 18:02:38.0	Ana9 - 9: T.Zuluft WRG warm	19.4
2021-03-11 18:02:48.0	Ana1 - 1: T.Au?en	11.2
2021-03-11 18:02:48.0	Ana2 - 2: T.Zuluft	17.4
2021-03-11 18:02:48.0	Ana3 - 3: T.Abluft	20.1
2021-03-11 18:02:48.0	Ana4 - 4: T.Fortluft	15.5
2021-03-11 18:02:48.0	Ana5 - 5: T.Raum	9999.9
2021-03-11 18:02:48.0	Ana9 - 9: T.Zuluft WRG warm	19.4
2021-03-11 18:02:58.0	Ana1 - 1: T.Au?en	11.2
2021-03-11 18:02:58.0	Ana2 - 2: T.Zuluft	17.4
2021-03-11 18:02:58.0	Ana3 - 3: T.Abluft	20.1
2021-03-11 18:02:58.0	Ana4 - 4: T.Fortluft	15.5
2021-03-11 18:02:58.0	Ana5 - 5: T.Raum	9999.9
2021-03-11 18:02:58.0	Ana9 - 9: T.Zuluft WRG warm	19.4
2021-03-11 18:03:08.0	Ana1 - 1: T.Au?en	11.2
2021-03-11 18:03:08.0	Ana2 - 2: T.Zuluft	17.4
2021-03-11 18:03:08.0	Ana3 - 3: T.Abluft	20.1
2021-03-11 18:03:08.0	Ana4 - 4: T.Fortluft	15.5
2021-03-11 18:03:08.0	Ana5 - 5: T.Raum	9999.9
2021-03-11 18:03:08.0	Ana9 - 9: T.Zuluft WRG warm	19.4
2021-03-11 18:03:18.0	Ana1 - 1: T.Au?en	11.2
2021-03-11 18:03:18.0	Ana2 - 2: T.Zuluft	17.4
2021-03-11 18:03:18.0	Ana3 - 3: T.Abluft	20.1
2021-03-11 18:03:18.0	Ana4 - 4: T.Fortluft	15.5
2021-03-11 18:03:18.0	Ana5 - 5: T.Raum	9999.9
2021-03-11 18:03:18.0	Ana9 - 9: T.Zuluft WRG warm	19.4
2021-03-11 18:03:28.0	Ana1 - 1: T.Au?en	11.2
2021-03-11 18:03:28.0	Ana2 - 2: T.Zuluft	17.4
2021-03-11 18:03:28.0	Ana3 - 3: T.Abluft	20.1
2021-03-11 18:03:28.0	Ana4 - 4: T.Fortluft	15.5
2021-03-11 18:03:28.0	Ana5 - 5: T.Raum	9999.9
2021-03-11 18:03:28.0	Ana9 - 9: T.Zuluft WRG warm	19.4
2021-03-11 18:03:38.0	Ana1 - 1: T.Au?en	11.1
2021-03-11 18:03:38.0	Ana2 - 2: T.Zuluft	17.4
2021-03-11 18:03:38.0	Ana3 - 3: T.Abluft	20.1
2021-03-11 18:03:38.0	Ana4 - 4: T.Fortluft	15.5
2021-03-11 18:03:38.0	Ana5 - 5: T.Raum	9999.9
2021-03-11 18:03:38.0	Ana9 - 9: T.Zuluft WRG warm	19.4
2021-03-11 18:03:48.0	Ana1 - 1: T.Au?en	11.1
2021-03-11 18:03:48.0	Ana2 - 2: T.Zuluft	17.4
2021-03-11 18:03:48.0	Ana3 - 3: T.Abluft	20.1
2021-03-11 18:03:48.0	Ana4 - 4: T.Fortluft	15.5
2021-03-11 18:03:48.0	Ana5 - 5: T.Raum	9999.9
2021-03-11 18:03:48.0	Ana9 - 9: T.Zuluft WRG warm	19.4
2021-03-11 18:03:58.0	Ana1 - 1: T.Au?en	11.1
2021-03-11 18:03:58.0	Ana2 - 2: T.Zuluft	17.4
2021-03-11 18:03:58.0	Ana3 - 3: T.Abluft	20.1
2021-03-11 18:03:58.0	Ana4 - 4: T.Fortluft	15.5
2021-03-11 18:03:58.0	Ana5 - 5: T.Raum	9999.9
2021-03-11 18:03:58.0	Ana9 - 9: T.Zuluft WRG warm	19.4
2021-03-11 18:04:08.0	Ana1 - 1: T.Au?en	11.1
2021-03-11 18:04:08.0	Ana2 - 2: T.Zuluft	17.4
2021-03-11 18:04:08.0	Ana3 - 3: T.Abluft	20.1
2021-03-11 18:04:08.0	Ana4 - 4: T.Fortluft	15.5
2021-03-11 18:04:08.0	Ana5 - 5: T.Raum	9999.9
2021-03-11 18:04:08.0	Ana9 - 9: T.Zuluft WRG warm	19.4
2021-03-11 18:04:18.0	Ana1 - 1: T.Au?en	11.1
2021-03-11 18:04:18.0	Ana2 - 2: T.Zuluft	17.4
2021-03-11 18:04:18.0	Ana3 - 3: T.Abluft	20.1
2021-03-11 18:04:18.0	Ana4 - 4: T.Fortluft	15.5
2021-03-11 18:04:18.0	Ana5 - 5: T.Raum	9999.9
2021-03-11 18:04:18.0	Ana9 - 9: T.Zuluft WRG warm	19.4
2021-03-11 18:04:28.0	Ana1 - 1: T.Au?en	11.1
2021-03-11 18:04:28.0	Ana2 - 2: T.Zuluft	17.4
2021-03-11 18:04:28.0	Ana3 - 3: T.Abluft	20.1
2021-03-11 18:04:28.0	Ana4 - 4: T.Fortluft	15.5
2021-03-11 18:04:28.0	Ana5 - 5: T.Raum	9999.9
2021-03-11 18:04:28.0	Ana9 - 9: T.Zuluft WRG warm	19.4
2021-03-11 18:04:38.0	Ana1 - 1: T.Au?en	11.1
2021-03-11 18:04:38.0	Ana2 - 2: T.Zuluft	17.4
2021-03-11 18:04:38.0	Ana3 - 3: T.Abluft	20.1
2021-03-11 18:04:38.0	Ana4 - 4: T.Fortluft	15.5
2021-03-11 18:04:38.0	Ana5 - 5: T.Raum	9999.9
2021-03-11 18:04:38.0	Ana9 - 9: T.Zuluft WRG warm	19.4
2021-03-11 18:04:48.0	Ana1 - 1: T.Au?en	11.1
2021-03-11 18:04:48.0	Ana2 - 2: T.Zuluft	17.4
2021-03-11 18:04:48.0	Ana3 - 3: T.Abluft	20.1
2021-03-11 18:04:48.0	Ana4 - 4: T.Fortluft	15.5
2021-03-11 18:04:48.0	Ana5 - 5: T.Raum	9999.9
2021-03-11 18:04:48.0	Ana9 - 9: T.Zuluft WRG warm	19.4
2021-03-11 18:04:58.0	Ana1 - 1: T.Au?en	11.1
2021-03-11 18:04:58.0	Ana2 - 2: T.Zuluft	17.4
2021-03-11 18:04:58.0	Ana3 - 3: T.Abluft	20.1
2021-03-11 18:04:58.0	Ana4 - 4: T.Fortluft	15.5
2021-03-11 18:04:58.0	Ana5 - 5: T.Raum	9999.9
2021-03-11 18:04:58.0	Ana9 - 9: T.Zuluft WRG warm	19.4
2021-03-11 18:05:08.0	Ana1 - 1: T.Au?en	11.1
2021-03-11 18:05:08.0	Ana2 - 2: T.Zuluft	17.4
2021-03-11 18:05:08.0	Ana3 - 3: T.Abluft	20.1
2021-03-11 18:05:08.0	Ana4 - 4: T.Fortluft	15.5
2021-03-11 18:05:08.0	Ana5 - 5: T.Raum	9999.9
2021-03-11 18:05:08.0	Ana9 - 9: T.Zuluft WRG warm	19.4
2021-03-11 18:05:18.0	Ana1 - 1: T.Au?en	11.1
2021-03-11 18:05:18.0	Ana2 - 2: T.Zuluft	17.4
2021-03-11 18:05:18.0	Ana3 - 3: T.Abluft	20.1
2021-03-11 18:05:18.0	Ana4 - 4: T.Fortluft	15.4
2021-03-11 18:05:18.0	Ana5 - 5: T.Raum	9999.9
2021-03-11 18:05:18.0	Ana9 - 9: T.Zuluft WRG warm	19.4
2021-03-11 18:05:28.0	Ana1 - 1: T.Au?en	11.1
2021-03-11 18:05:28.0	Ana2 - 2: T.Zuluft	17.4
2021-03-11 18:05:28.0	Ana3 - 3: T.Abluft	20.1
2021-03-11 18:05:28.0	Ana4 - 4: T.Fortluft	15.4
2021-03-11 18:05:28.0	Ana5 - 5: T.Raum	9999.9
2021-03-11 18:05:28.0	Ana9 - 9: T.Zuluft WRG warm	19.4
2021-03-11 18:05:38.0	Ana1 - 1: T.Au?en	11.1
2021-03-11 18:05:38.0	Ana2 - 2: T.Zuluft	17.4
2021-03-11 18:05:38.0	Ana3 - 3: T.Abluft	20.1
2021-03-11 18:05:38.0	Ana4 - 4: T.Fortluft	15.5
2021-03-11 18:05:38.0	Ana5 - 5: T.Raum	9999.9
2021-03-11 18:05:38.0	Ana9 - 9: T.Zuluft WRG warm	19.4
2021-03-11 18:05:48.0	Ana1 - 1: T.Au?en	11.1
2021-03-11 18:05:48.0	Ana2 - 2: T.Zuluft	17.3
2021-03-11 18:05:48.0	Ana3 - 3: T.Abluft	20.1
2021-03-11 18:05:48.0	Ana4 - 4: T.Fortluft	15.5
2021-03-11 18:05:48.0	Ana5 - 5: T.Raum	9999.9
2021-03-11 18:05:48.0	Ana9 - 9: T.Zuluft WRG warm	19.4
2021-03-11 18:05:58.0	Ana1 - 1: T.Au?en	11.1
2021-03-11 18:05:58.0	Ana2 - 2: T.Zuluft	17.3
2021-03-11 18:05:58.0	Ana3 - 3: T.Abluft	20.1
2021-03-11 18:05:58.0	Ana4 - 4: T.Fortluft	15.4
2021-03-11 18:05:58.0	Ana5 - 5: T.Raum	9999.9
2021-03-11 18:05:58.0	Ana9 - 9: T.Zuluft WRG warm	19.4
2021-03-11 18:06:08.0	Ana1 - 1: T.Au?en	11.1
2021-03-11 18:06:08.0	Ana2 - 2: T.Zuluft	17.3
2021-03-11 18:06:08.0	Ana3 - 3: T.Abluft	20.1
2021-03-11 18:06:08.0	Ana4 - 4: T.Fortluft	15.4
2021-03-11 18:06:08.0	Ana5 - 5: T.Raum	9999.9
2021-03-11 18:06:08.0	Ana9 - 9: T.Zuluft WRG warm	19.4
2021-03-11 18:06:18.0	Ana1 - 1: T.Au?en	11.1
2021-03-11 18:06:18.0	Ana2 - 2: T.Zuluft	17.3
2021-03-11 18:06:18.0	Ana3 - 3: T.Abluft	20.1
2021-03-11 18:06:18.0	Ana4 - 4: T.Fortluft	15.4
2021-03-11 18:06:18.0	Ana5 - 5: T.Raum	9999.9
2021-03-11 18:06:18.0	Ana9 - 9: T.Zuluft WRG warm	19.4
2021-03-11 18:06:28.0	Ana1 - 1: T.Au?en	11.1
2021-03-11 18:06:28.0	Ana2 - 2: T.Zuluft	17.3
2021-03-11 18:06:28.0	Ana3 - 3: T.Abluft	20.1
2021-03-11 18:06:28.0	Ana4 - 4: T.Fortluft	15.4
2021-03-11 18:06:28.0	Ana5 - 5: T.Raum	9999.9
2021-03-11 18:06:28.0	Ana9 - 9: T.Zuluft WRG warm	19.4
2021-03-11 18:06:38.0	Ana1 - 1: T.Au?en	11.1
2021-03-11 18:06:38.0	Ana2 - 2: T.Zuluft	17.3
2021-03-11 18:06:38.0	Ana3 - 3: T.Abluft	20.1
2021-03-11 18:06:38.0	Ana4 - 4: T.Fortluft	15.4
2021-03-11 18:06:38.0	Ana5 - 5: T.Raum	9999.9
2021-03-11 18:06:38.0	Ana9 - 9: T.Zuluft WRG warm	19.4
2021-03-11 18:06:48.0	Ana1 - 1: T.Au?en	11.1
2021-03-11 18:06:48.0	Ana2 - 2: T.Zuluft	17.3
2021-03-11 18:06:48.0	Ana3 - 3: T.Abluft	20.1
2021-03-11 18:06:48.0	Ana4 - 4: T.Fortluft	15.4
2021-03-11 18:06:48.0	Ana5 - 5: T.Raum	9999.9
2021-03-11 18:06:48.0	Ana9 - 9: T.Zuluft WRG warm	19.4
2021-03-11 18:06:58.0	Ana1 - 1: T.Au?en	11.1
2021-03-11 18:06:58.0	Ana2 - 2: T.Zuluft	17.3
2021-03-11 18:06:58.0	Ana3 - 3: T.Abluft	20.1
2021-03-11 18:06:58.0	Ana4 - 4: T.Fortluft	15.4
2021-03-11 18:06:58.0	Ana5 - 5: T.Raum	9999.9
2021-03-11 18:06:58.0	Ana9 - 9: T.Zuluft WRG warm	19.4
2021-03-11 18:07:08.0	Ana1 - 1: T.Au?en	11.1
2021-03-11 18:07:08.0	Ana2 - 2: T.Zuluft	17.3
2021-03-11 18:07:08.0	Ana3 - 3: T.Abluft	20.1
2021-03-11 18:07:08.0	Ana4 - 4: T.Fortluft	15.4
2021-03-11 18:07:08.0	Ana5 - 5: T.Raum	9999.9
2021-03-11 18:07:08.0	Ana9 - 9: T.Zuluft WRG warm	19.4
2021-03-11 18:07:18.0	Ana1 - 1: T.Au?en	11.1
2021-03-11 18:07:18.0	Ana2 - 2: T.Zuluft	17.3
2021-03-11 18:07:18.0	Ana3 - 3: T.Abluft	20.1
2021-03-11 18:07:18.0	Ana4 - 4: T.Fortluft	15.4
2021-03-11 18:07:18.0	Ana5 - 5: T.Raum	9999.9
2021-03-11 18:07:18.0	Ana9 - 9: T.Zuluft WRG warm	19.4
2021-03-11 18:07:28.0	Ana1 - 1: T.Au?en	11.1
2021-03-11 18:07:28.0	Ana2 - 2: T.Zuluft	17.3
2021-03-11 18:07:28.0	Ana3 - 3: T.Abluft	20.1
2021-03-11 18:07:28.0	Ana4 - 4: T.Fortluft	15.4
2021-03-11 18:07:28.0	Ana5 - 5: T.Raum	9999.9
2021-03-11 18:07:28.0	Ana9 - 9: T.Zuluft WRG warm	19.4
2021-03-11 18:07:38.0	Ana1 - 1: T.Au?en	11.1
2021-03-11 18:07:38.0	Ana2 - 2: T.Zuluft	17.3
2021-03-11 18:07:38.0	Ana3 - 3: T.Abluft	20.1
2021-03-11 18:07:38.0	Ana4 - 4: T.Fortluft	15.4
2021-03-11 18:07:38.0	Ana5 - 5: T.Raum	9999.9
2021-03-11 18:07:38.0	Ana9 - 9: T.Zuluft WRG warm	19.4
2021-03-11 18:07:48.0	Ana1 - 1: T.Au?en	11.0
2021-03-11 18:07:48.0	Ana2 - 2: T.Zuluft	17.3
2021-03-11 18:07:48.0	Ana3 - 3: T.Abluft	20.1
2021-03-11 18:07:48.0	Ana4 - 4: T.Fortluft	15.4
2021-03-11 18:07:48.0	Ana5 - 5: T.Raum	9999.9
2021-03-11 18:07:48.0	Ana9 - 9: T.Zuluft WRG warm	19.4
2021-03-11 18:07:58.0	Ana1 - 1: T.Au?en	11.0
2021-03-11 18:07:58.0	Ana2 - 2: T.Zuluft	17.3
2021-03-11 18:07:58.0	Ana3 - 3: T.Abluft	20.1
2021-03-11 18:07:58.0	Ana4 - 4: T.Fortluft	15.4
2021-03-11 18:07:58.0	Ana5 - 5: T.Raum	9999.9
2021-03-11 18:07:58.0	Ana9 - 9: T.Zuluft WRG warm	19.4
2021-03-11 18:08:08.0	Ana1 - 1: T.Au?en	11.0
2021-03-11 18:08:08.0	Ana2 - 2: T.Zuluft	17.3
2021-03-11 18:08:08.0	Ana3 - 3: T.Abluft	20.1
2021-03-11 18:08:08.0	Ana4 - 4: T.Fortluft	15.4
2021-03-11 18:08:08.0	Ana5 - 5: T.Raum	9999.9
2021-03-11 18:08:08.0	Ana9 - 9: T.Zuluft WRG warm	19.4
2021-03-11 18:08:18.0	Ana1 - 1: T.Au?en	11.0
2021-03-11 18:08:18.0	Ana2 - 2: T.Zuluft	17.3
2021-03-11 18:08:18.0	Ana3 - 3: T.Abluft	20.1
2021-03-11 18:08:18.0	Ana4 - 4: T.Fortluft	15.4
2021-03-11 18:08:18.0	Ana5 - 5: T.Raum	9999.9
2021-03-11 18:08:18.0	Ana9 - 9: T.Zuluft WRG warm	19.4
2021-03-11 18:08:28.0	Ana1 - 1: T.Au?en	11.0
2021-03-11 18:08:28.0	Ana2 - 2: T.Zuluft	17.3
2021-03-11 18:08:28.0	Ana3 - 3: T.Abluft	20.1
2021-03-11 18:08:28.0	Ana4 - 4: T.Fortluft	15.4
2021-03-11 18:08:28.0	Ana5 - 5: T.Raum	9999.9
2021-03-11 18:08:28.0	Ana9 - 9: T.Zuluft WRG warm	19.4
2021-03-11 18:08:38.0	Ana1 - 1: T.Au?en	11.0
2021-03-11 18:08:38.0	Ana2 - 2: T.Zuluft	17.3
2021-03-11 18:08:38.0	Ana3 - 3: T.Abluft	20.1
2021-03-11 18:08:38.0	Ana4 - 4: T.Fortluft	15.4
2021-03-11 18:08:38.0	Ana5 - 5: T.Raum	9999.9
2021-03-11 18:08:38.0	Ana9 - 9: T.Zuluft WRG warm	19.4
2021-03-11 18:08:48.0	Ana1 - 1: T.Au?en	11.0
2021-03-11 18:08:48.0	Ana2 - 2: T.Zuluft	17.3
2021-03-11 18:08:48.0	Ana3 - 3: T.Abluft	20.1
2021-03-11 18:08:48.0	Ana4 - 4: T.Fortluft	15.4
2021-03-11 18:08:48.0	Ana5 - 5: T.Raum	9999.9
2021-03-11 18:08:48.0	Ana9 - 9: T.Zuluft WRG warm	19.4
2021-03-11 18:08:58.0	Ana1 - 1: T.Au?en	11.0
2021-03-11 18:08:58.0	Ana2 - 2: T.Zuluft	17.3
2021-03-11 18:08:58.0	Ana3 - 3: T.Abluft	20.1
2021-03-11 18:08:58.0	Ana4 - 4: T.Fortluft	15.4
2021-03-11 18:08:58.0	Ana5 - 5: T.Raum	9999.9
2021-03-11 18:08:58.0	Ana9 - 9: T.Zuluft WRG warm	19.4
2021-03-11 18:09:08.0	Ana1 - 1: T.Au?en	11.0
2021-03-11 18:09:08.0	Ana2 - 2: T.Zuluft	17.3
2021-03-11 18:09:08.0	Ana3 - 3: T.Abluft	20.1
2021-03-11 18:09:08.0	Ana4 - 4: T.Fortluft	15.4
2021-03-11 18:09:08.0	Ana5 - 5: T.Raum	9999.9
2021-03-11 18:09:08.0	Ana9 - 9: T.Zuluft WRG warm	19.4
2021-03-11 18:09:18.0	Ana1 - 1: T.Au?en	11.0
2021-03-11 18:09:18.0	Ana2 - 2: T.Zuluft	17.3
2021-03-11 18:09:18.0	Ana3 - 3: T.Abluft	20.1
2021-03-11 18:09:18.0	Ana4 - 4: T.Fortluft	15.4
2021-03-11 18:09:18.0	Ana5 - 5: T.Raum	9999.9
2021-03-11 18:09:18.0	Ana9 - 9: T.Zuluft WRG warm	19.4
2021-03-11 18:09:28.0	Ana1 - 1: T.Au?en	11.0
2021-03-11 18:09:28.0	Ana2 - 2: T.Zuluft	17.3
2021-03-11 18:09:28.0	Ana3 - 3: T.Abluft	20.1
2021-03-11 18:09:28.0	Ana4 - 4: T.Fortluft	15.4
2021-03-11 18:09:28.0	Ana5 - 5: T.Raum	9999.9
2021-03-11 18:09:28.0	Ana9 - 9: T.Zuluft WRG warm	19.4
2021-03-11 18:09:38.0	Ana1 - 1: T.Au?en	11.0
2021-03-11 18:09:38.0	Ana2 - 2: T.Zuluft	17.3
2021-03-11 18:09:38.0	Ana3 - 3: T.Abluft	20.1
2021-03-11 18:09:38.0	Ana4 - 4: T.Fortluft	15.4
2021-03-11 18:09:38.0	Ana5 - 5: T.Raum	9999.9
2021-03-11 18:09:38.0	Ana9 - 9: T.Zuluft WRG warm	19.4
2021-03-11 18:09:48.0	Ana1 - 1: T.Au?en	10.9
2021-03-11 18:09:48.0	Ana2 - 2: T.Zuluft	17.3
2021-03-11 18:09:48.0	Ana3 - 3: T.Abluft	20.1
2021-03-11 18:09:48.0	Ana4 - 4: T.Fortluft	15.4
2021-03-11 18:09:48.0	Ana5 - 5: T.Raum	9999.9
2021-03-11 18:09:48.0	Ana9 - 9: T.Zuluft WRG warm	19.4
2021-03-11 18:09:58.0	Ana1 - 1: T.Au?en	10.9
2021-03-11 18:09:58.0	Ana2 - 2: T.Zuluft	17.3
2021-03-11 18:09:58.0	Ana3 - 3: T.Abluft	20.1
2021-03-11 18:09:58.0	Ana4 - 4: T.Fortluft	15.4
2021-03-11 18:09:58.0	Ana5 - 5: T.Raum	9999.9
2021-03-11 18:09:58.0	Ana9 - 9: T.Zuluft WRG warm	19.4
2021-03-11 18:10:08.0	Ana1 - 1: T.Au?en	10.9
2021-03-11 18:10:08.0	Ana2 - 2: T.Zuluft	17.3
2021-03-11 18:10:08.0	Ana3 - 3: T.Abluft	20.1
2021-03-11 18:10:08.0	Ana4 - 4: T.Fortluft	15.4
2021-03-11 18:10:08.0	Ana5 - 5: T.Raum	9999.9
2021-03-11 18:10:08.0	Ana9 - 9: T.Zuluft WRG warm	19.4
2021-03-11 18:10:18.0	Ana1 - 1: T.Au?en	10.9
2021-03-11 18:10:18.0	Ana2 - 2: T.Zuluft	17.3
2021-03-11 18:10:18.0	Ana3 - 3: T.Abluft	20.1
2021-03-11 18:10:18.0	Ana4 - 4: T.Fortluft	15.4
2021-03-11 18:10:18.0	Ana5 - 5: T.Raum	9999.9
2021-03-11 18:10:18.0	Ana9 - 9: T.Zuluft WRG warm	19.4
2021-03-11 18:10:28.0	Ana1 - 1: T.Au?en	10.9
2021-03-11 18:10:28.0	Ana2 - 2: T.Zuluft	17.3
2021-03-11 18:10:28.0	Ana3 - 3: T.Abluft	20.1
2021-03-11 18:10:28.0	Ana4 - 4: T.Fortluft	15.3
2021-03-11 18:10:28.0	Ana5 - 5: T.Raum	9999.9
2021-03-11 18:10:28.0	Ana9 - 9: T.Zuluft WRG warm	19.4
2021-03-11 18:10:38.0	Ana1 - 1: T.Au?en	10.9
2021-03-11 18:10:38.0	Ana2 - 2: T.Zuluft	17.3
2021-03-11 18:10:38.0	Ana3 - 3: T.Abluft	20.1
2021-03-11 18:10:38.0	Ana4 - 4: T.Fortluft	15.3
2021-03-11 18:10:38.0	Ana5 - 5: T.Raum	9999.9
2021-03-11 18:10:38.0	Ana9 - 9: T.Zuluft WRG warm	19.4
2021-03-11 18:10:48.0	Ana1 - 1: T.Au?en	10.9
2021-03-11 18:10:48.0	Ana2 - 2: T.Zuluft	17.3
2021-03-11 18:10:48.0	Ana3 - 3: T.Abluft	20.1
2021-03-11 18:10:48.0	Ana4 - 4: T.Fortluft	15.4
2021-03-11 18:10:48.0	Ana5 - 5: T.Raum	9999.9
2021-03-11 18:10:48.0	Ana9 - 9: T.Zuluft WRG warm	19.4
2021-03-11 18:10:58.0	Ana1 - 1: T.Au?en	10.9
2021-03-11 18:10:58.0	Ana2 - 2: T.Zuluft	17.3
2021-03-11 18:10:58.0	Ana3 - 3: T.Abluft	20.1
2021-03-11 18:10:58.0	Ana4 - 4: T.Fortluft	15.4
2021-03-11 18:10:58.0	Ana5 - 5: T.Raum	9999.9
2021-03-11 18:10:58.0	Ana9 - 9: T.Zuluft WRG warm	19.4
2021-03-11 18:11:08.0	Ana1 - 1: T.Au?en	10.8
2021-03-11 18:11:08.0	Ana2 - 2: T.Zuluft	17.3
2021-03-11 18:11:08.0	Ana3 - 3: T.Abluft	20.1
2021-03-11 18:11:08.0	Ana4 - 4: T.Fortluft	15.4
2021-03-11 18:11:08.0	Ana5 - 5: T.Raum	9999.9
2021-03-11 18:11:08.0	Ana9 - 9: T.Zuluft WRG warm	19.4
2021-03-11 18:11:18.0	Ana1 - 1: T.Au?en	10.8
2021-03-11 18:11:18.0	Ana2 - 2: T.Zuluft	17.3
2021-03-11 18:11:18.0	Ana3 - 3: T.Abluft	20.1
2021-03-11 18:11:18.0	Ana4 - 4: T.Fortluft	15.3
2021-03-11 18:11:18.0	Ana5 - 5: T.Raum	9999.9
2021-03-11 18:11:18.0	Ana9 - 9: T.Zuluft WRG warm	19.4
2021-03-11 18:11:28.0	Ana1 - 1: T.Au?en	10.8
2021-03-11 18:11:28.0	Ana2 - 2: T.Zuluft	17.3
2021-03-11 18:11:28.0	Ana3 - 3: T.Abluft	20.1
2021-03-11 18:11:28.0	Ana4 - 4: T.Fortluft	15.3
2021-03-11 18:11:28.0	Ana5 - 5: T.Raum	9999.9
2021-03-11 18:11:28.0	Ana9 - 9: T.Zuluft WRG warm	19.4
2021-03-11 18:11:38.0	Ana1 - 1: T.Au?en	10.8
2021-03-11 18:11:38.0	Ana2 - 2: T.Zuluft	17.3
2021-03-11 18:11:38.0	Ana3 - 3: T.Abluft	20.1
2021-03-11 18:11:38.0	Ana4 - 4: T.Fortluft	15.3
2021-03-11 18:11:38.0	Ana5 - 5: T.Raum	9999.9
2021-03-11 18:11:38.0	Ana9 - 9: T.Zuluft WRG warm	19.4
2021-03-11 18:11:48.0	Ana1 - 1: T.Au?en	10.8
2021-03-11 18:11:48.0	Ana2 - 2: T.Zuluft	17.3
2021-03-11 18:11:48.0	Ana3 - 3: T.Abluft	20.1
2021-03-11 18:11:48.0	Ana4 - 4: T.Fortluft	15.3
2021-03-11 18:11:48.0	Ana5 - 5: T.Raum	9999.9
2021-03-11 18:11:48.0	Ana9 - 9: T.Zuluft WRG warm	19.4
2021-03-11 18:11:58.0	Ana1 - 1: T.Au?en	10.8
2021-03-11 18:11:58.0	Ana2 - 2: T.Zuluft	17.3
2021-03-11 18:11:58.0	Ana3 - 3: T.Abluft	20.1
2021-03-11 18:11:58.0	Ana4 - 4: T.Fortluft	15.3
2021-03-11 18:11:58.0	Ana5 - 5: T.Raum	9999.9
2021-03-11 18:11:58.0	Ana9 - 9: T.Zuluft WRG warm	19.4
2021-03-11 18:12:08.0	Ana1 - 1: T.Au?en	10.8
2021-03-11 18:12:08.0	Ana2 - 2: T.Zuluft	17.3
2021-03-11 18:12:08.0	Ana3 - 3: T.Abluft	20.1
2021-03-11 18:12:08.0	Ana4 - 4: T.Fortluft	15.3
2021-03-11 18:12:08.0	Ana5 - 5: T.Raum	9999.9
2021-03-11 18:12:08.0	Ana9 - 9: T.Zuluft WRG warm	19.4
2021-03-11 18:12:18.0	Ana1 - 1: T.Au?en	10.8
2021-03-11 18:12:18.0	Ana2 - 2: T.Zuluft	17.3
2021-03-11 18:12:18.0	Ana3 - 3: T.Abluft	20.1
2021-03-11 18:12:18.0	Ana4 - 4: T.Fortluft	15.3
2021-03-11 18:12:18.0	Ana5 - 5: T.Raum	9999.9
2021-03-11 18:12:18.0	Ana9 - 9: T.Zuluft WRG warm	19.4
2021-03-11 18:12:28.0	Ana1 - 1: T.Au?en	10.8
2021-03-11 18:12:28.0	Ana2 - 2: T.Zuluft	17.3
2021-03-11 18:12:28.0	Ana3 - 3: T.Abluft	20.1
2021-03-11 18:12:28.0	Ana4 - 4: T.Fortluft	15.3
2021-03-11 18:12:28.0	Ana5 - 5: T.Raum	9999.9
2021-03-11 18:12:28.0	Ana9 - 9: T.Zuluft WRG warm	19.4
2021-03-11 18:12:38.0	Ana1 - 1: T.Au?en	10.8
2021-03-11 18:12:38.0	Ana2 - 2: T.Zuluft	17.3
2021-03-11 18:12:38.0	Ana3 - 3: T.Abluft	20.1
2021-03-11 18:12:38.0	Ana4 - 4: T.Fortluft	15.3
2021-03-11 18:12:38.0	Ana5 - 5: T.Raum	9999.9
2021-03-11 18:12:38.0	Ana9 - 9: T.Zuluft WRG warm	19.4
2021-03-11 18:12:48.0	Ana1 - 1: T.Au?en	10.8
2021-03-11 18:12:48.0	Ana2 - 2: T.Zuluft	17.3
2021-03-11 18:12:48.0	Ana3 - 3: T.Abluft	20.1
2021-03-11 18:12:48.0	Ana4 - 4: T.Fortluft	15.3
2021-03-11 18:12:48.0	Ana5 - 5: T.Raum	9999.9
2021-03-11 18:12:48.0	Ana9 - 9: T.Zuluft WRG warm	19.4
2021-03-11 18:12:58.0	Ana1 - 1: T.Au?en	10.8
2021-03-11 18:12:58.0	Ana2 - 2: T.Zuluft	17.3
2021-03-11 18:12:58.0	Ana3 - 3: T.Abluft	20.1
2021-03-11 18:12:58.0	Ana4 - 4: T.Fortluft	15.3
2021-03-11 18:12:58.0	Ana5 - 5: T.Raum	9999.9
2021-03-11 18:12:58.0	Ana9 - 9: T.Zuluft WRG warm	19.4
2021-03-11 18:13:08.0	Ana1 - 1: T.Au?en	10.8
2021-03-11 18:13:08.0	Ana2 - 2: T.Zuluft	17.3
2021-03-11 18:13:08.0	Ana3 - 3: T.Abluft	20.1
2021-03-11 18:13:08.0	Ana4 - 4: T.Fortluft	15.3
2021-03-11 18:13:08.0	Ana5 - 5: T.Raum	9999.9
2021-03-11 18:13:08.0	Ana9 - 9: T.Zuluft WRG warm	19.4
2021-03-11 18:13:18.0	Ana1 - 1: T.Au?en	10.8
2021-03-11 18:13:18.0	Ana2 - 2: T.Zuluft	17.3
2021-03-11 18:13:18.0	Ana3 - 3: T.Abluft	20.1
2021-03-11 18:13:18.0	Ana4 - 4: T.Fortluft	15.3
2021-03-11 18:13:18.0	Ana5 - 5: T.Raum	9999.9
2021-03-11 18:13:18.0	Ana9 - 9: T.Zuluft WRG warm	19.4
2021-03-11 18:13:28.0	Ana1 - 1: T.Au?en	10.8
2021-03-11 18:13:28.0	Ana2 - 2: T.Zuluft	17.3
2021-03-11 18:13:28.0	Ana3 - 3: T.Abluft	20.1
2021-03-11 18:13:28.0	Ana4 - 4: T.Fortluft	15.3
2021-03-11 18:13:28.0	Ana5 - 5: T.Raum	9999.9
2021-03-11 18:13:28.0	Ana9 - 9: T.Zuluft WRG warm	19.4
2021-03-11 18:13:38.0	Ana1 - 1: T.Au?en	10.8
2021-03-11 18:13:38.0	Ana2 - 2: T.Zuluft	17.3
2021-03-11 18:13:38.0	Ana3 - 3: T.Abluft	20.1
2021-03-11 18:13:38.0	Ana4 - 4: T.Fortluft	15.3
2021-03-11 18:13:38.0	Ana5 - 5: T.Raum	9999.9
2021-03-11 18:13:38.0	Ana9 - 9: T.Zuluft WRG warm	19.4
2021-03-11 18:13:48.0	Ana1 - 1: T.Au?en	10.8
2021-03-11 18:13:48.0	Ana2 - 2: T.Zuluft	17.3
2021-03-11 18:13:48.0	Ana3 - 3: T.Abluft	20.1
2021-03-11 18:13:48.0	Ana4 - 4: T.Fortluft	15.3
2021-03-11 18:13:48.0	Ana5 - 5: T.Raum	9999.9
2021-03-11 18:13:48.0	Ana9 - 9: T.Zuluft WRG warm	19.4
2021-03-11 18:13:58.0	Ana1 - 1: T.Au?en	10.8
2021-03-11 18:13:58.0	Ana2 - 2: T.Zuluft	17.3
2021-03-11 18:13:58.0	Ana3 - 3: T.Abluft	20.1
2021-03-11 18:13:58.0	Ana4 - 4: T.Fortluft	15.3
2021-03-11 18:13:58.0	Ana5 - 5: T.Raum	9999.9
2021-03-11 18:13:58.0	Ana9 - 9: T.Zuluft WRG warm	19.4
2021-03-11 18:14:08.0	Ana1 - 1: T.Au?en	10.8
2021-03-11 18:14:08.0	Ana2 - 2: T.Zuluft	17.3
2021-03-11 18:14:08.0	Ana3 - 3: T.Abluft	20.1
2021-03-11 18:14:08.0	Ana4 - 4: T.Fortluft	15.3
2021-03-11 18:14:08.0	Ana5 - 5: T.Raum	9999.9
2021-03-11 18:14:08.0	Ana9 - 9: T.Zuluft WRG warm	19.4
2021-03-11 18:14:18.0	Ana1 - 1: T.Au?en	10.8
2021-03-11 18:14:18.0	Ana2 - 2: T.Zuluft	17.3
2021-03-11 18:14:18.0	Ana3 - 3: T.Abluft	20.1
2021-03-11 18:14:18.0	Ana4 - 4: T.Fortluft	15.3
2021-03-11 18:14:18.0	Ana5 - 5: T.Raum	9999.9
2021-03-11 18:14:18.0	Ana9 - 9: T.Zuluft WRG warm	19.4
2021-03-11 18:14:28.0	Ana1 - 1: T.Au?en	10.7
2021-03-11 18:14:28.0	Ana2 - 2: T.Zuluft	17.3
2021-03-11 18:14:28.0	Ana3 - 3: T.Abluft	20.1
2021-03-11 18:14:28.0	Ana4 - 4: T.Fortluft	15.3
2021-03-11 18:14:28.0	Ana5 - 5: T.Raum	9999.9
2021-03-11 18:14:28.0	Ana9 - 9: T.Zuluft WRG warm	19.4
2021-03-11 18:14:38.0	Ana1 - 1: T.Au?en	10.7
2021-03-11 18:14:38.0	Ana2 - 2: T.Zuluft	17.3
2021-03-11 18:14:38.0	Ana3 - 3: T.Abluft	20.1
2021-03-11 18:14:38.0	Ana4 - 4: T.Fortluft	15.3
2021-03-11 18:14:38.0	Ana5 - 5: T.Raum	9999.9
2021-03-11 18:14:38.0	Ana9 - 9: T.Zuluft WRG warm	19.4
2021-03-11 18:14:48.0	Ana1 - 1: T.Au?en	10.7
2021-03-11 18:14:48.0	Ana2 - 2: T.Zuluft	17.3
2021-03-11 18:14:48.0	Ana3 - 3: T.Abluft	20.1
2021-03-11 18:14:48.0	Ana4 - 4: T.Fortluft	15.3
2021-03-11 18:14:48.0	Ana5 - 5: T.Raum	9999.9
2021-03-11 18:14:48.0	Ana9 - 9: T.Zuluft WRG warm	19.4
2021-03-11 18:14:58.0	Ana1 - 1: T.Au?en	10.7
2021-03-11 18:14:58.0	Ana2 - 2: T.Zuluft	17.3
2021-03-11 18:14:58.0	Ana3 - 3: T.Abluft	20.1
2021-03-11 18:14:58.0	Ana4 - 4: T.Fortluft	15.3
2021-03-11 18:14:58.0	Ana5 - 5: T.Raum	9999.9
2021-03-11 18:14:58.0	Ana9 - 9: T.Zuluft WRG warm	19.4
2021-03-11 18:15:08.0	Ana1 - 1: T.Au?en	10.7
2021-03-11 18:15:08.0	Ana2 - 2: T.Zuluft	17.2
2021-03-11 18:15:08.0	Ana3 - 3: T.Abluft	20.1
2021-03-11 18:15:08.0	Ana4 - 4: T.Fortluft	15.3
2021-03-11 18:15:08.0	Ana5 - 5: T.Raum	9999.9
2021-03-11 18:15:08.0	Ana9 - 9: T.Zuluft WRG warm	19.4
2021-03-11 18:15:18.0	Ana1 - 1: T.Au?en	10.8
2021-03-11 18:15:18.0	Ana2 - 2: T.Zuluft	17.2
2021-03-11 18:15:18.0	Ana3 - 3: T.Abluft	20.1
2021-03-11 18:15:18.0	Ana4 - 4: T.Fortluft	15.3
2021-03-11 18:15:18.0	Ana5 - 5: T.Raum	9999.9
2021-03-11 18:15:18.0	Ana9 - 9: T.Zuluft WRG warm	19.4
2021-03-11 18:15:28.0	Ana1 - 1: T.Au?en	10.7
2021-03-11 18:15:28.0	Ana2 - 2: T.Zuluft	17.2
2021-03-11 18:15:28.0	Ana3 - 3: T.Abluft	20.1
2021-03-11 18:15:28.0	Ana4 - 4: T.Fortluft	15.3
2021-03-11 18:15:28.0	Ana5 - 5: T.Raum	9999.9
2021-03-11 18:15:28.0	Ana9 - 9: T.Zuluft WRG warm	19.4
2021-03-11 18:15:38.0	Ana1 - 1: T.Au?en	10.7
2021-03-11 18:15:38.0	Ana2 - 2: T.Zuluft	17.2
2021-03-11 18:15:38.0	Ana3 - 3: T.Abluft	20.1
2021-03-11 18:15:38.0	Ana4 - 4: T.Fortluft	15.3
2021-03-11 18:15:38.0	Ana5 - 5: T.Raum	9999.9
2021-03-11 18:15:38.0	Ana9 - 9: T.Zuluft WRG warm	19.4
2021-03-11 18:15:48.0	Ana1 - 1: T.Au?en	10.7
2021-03-11 18:15:48.0	Ana2 - 2: T.Zuluft	17.2
2021-03-11 18:15:48.0	Ana3 - 3: T.Abluft	20.1
2021-03-11 18:15:48.0	Ana4 - 4: T.Fortluft	15.3
2021-03-11 18:15:48.0	Ana5 - 5: T.Raum	9999.9
2021-03-11 18:15:48.0	Ana9 - 9: T.Zuluft WRG warm	19.4
2021-03-11 18:15:58.0	Ana1 - 1: T.Au?en	10.7
2021-03-11 18:15:58.0	Ana2 - 2: T.Zuluft	17.2
2021-03-11 18:15:58.0	Ana3 - 3: T.Abluft	20.1
2021-03-11 18:15:58.0	Ana4 - 4: T.Fortluft	15.2
2021-03-11 18:15:58.0	Ana5 - 5: T.Raum	9999.9
2021-03-11 18:15:58.0	Ana9 - 9: T.Zuluft WRG warm	19.4
2021-03-11 18:16:08.0	Ana1 - 1: T.Au?en	10.7
2021-03-11 18:16:08.0	Ana2 - 2: T.Zuluft	17.2
2021-03-11 18:16:08.0	Ana3 - 3: T.Abluft	20.1
2021-03-11 18:16:08.0	Ana4 - 4: T.Fortluft	15.2
2021-03-11 18:16:08.0	Ana5 - 5: T.Raum	9999.9
2021-03-11 18:16:08.0	Ana9 - 9: T.Zuluft WRG warm	19.4
2021-03-11 18:16:18.0	Ana1 - 1: T.Au?en	10.7
2021-03-11 18:16:18.0	Ana2 - 2: T.Zuluft	17.2
2021-03-11 18:16:18.0	Ana3 - 3: T.Abluft	20.1
2021-03-11 18:16:18.0	Ana4 - 4: T.Fortluft	15.2
2021-03-11 18:16:18.0	Ana5 - 5: T.Raum	9999.9
2021-03-11 18:16:18.0	Ana9 - 9: T.Zuluft WRG warm	19.4
2021-03-11 18:16:28.0	Ana1 - 1: T.Au?en	10.7
2021-03-11 18:16:28.0	Ana2 - 2: T.Zuluft	17.2
2021-03-11 18:16:28.0	Ana3 - 3: T.Abluft	20.1
2021-03-11 18:16:28.0	Ana4 - 4: T.Fortluft	15.2
2021-03-11 18:16:28.0	Ana5 - 5: T.Raum	9999.9
2021-03-11 18:16:28.0	Ana9 - 9: T.Zuluft WRG warm	19.4
2021-03-11 18:16:38.0	Ana1 - 1: T.Au?en	10.7
2021-03-11 18:16:38.0	Ana2 - 2: T.Zuluft	17.2
2021-03-11 18:16:38.0	Ana3 - 3: T.Abluft	20.1
2021-03-11 18:16:38.0	Ana4 - 4: T.Fortluft	15.2
2021-03-11 18:16:38.0	Ana5 - 5: T.Raum	9999.9
2021-03-11 18:16:38.0	Ana9 - 9: T.Zuluft WRG warm	19.4
2021-03-11 18:16:48.0	Ana1 - 1: T.Au?en	10.7
2021-03-11 18:16:48.0	Ana2 - 2: T.Zuluft	17.2
2021-03-11 18:16:48.0	Ana3 - 3: T.Abluft	20.1
2021-03-11 18:16:48.0	Ana4 - 4: T.Fortluft	15.2
2021-03-11 18:16:48.0	Ana5 - 5: T.Raum	9999.9
2021-03-11 18:16:48.0	Ana9 - 9: T.Zuluft WRG warm	19.4
2021-03-11 18:16:58.0	Ana1 - 1: T.Au?en	10.7
2021-03-11 18:16:58.0	Ana2 - 2: T.Zuluft	17.2
2021-03-11 18:16:58.0	Ana3 - 3: T.Abluft	20.1
2021-03-11 18:16:58.0	Ana4 - 4: T.Fortluft	15.2
2021-03-11 18:16:58.0	Ana5 - 5: T.Raum	9999.9
2021-03-11 18:16:58.0	Ana9 - 9: T.Zuluft WRG warm	19.4
2021-03-11 18:17:08.0	Ana1 - 1: T.Au?en	10.7
2021-03-11 18:17:08.0	Ana2 - 2: T.Zuluft	17.2
2021-03-11 18:17:08.0	Ana3 - 3: T.Abluft	20.1
2021-03-11 18:17:08.0	Ana4 - 4: T.Fortluft	15.2
2021-03-11 18:17:08.0	Ana5 - 5: T.Raum	9999.9
2021-03-11 18:17:08.0	Ana9 - 9: T.Zuluft WRG warm	19.4
2021-03-11 18:17:18.0	Ana1 - 1: T.Au?en	10.7
2021-03-11 18:17:18.0	Ana2 - 2: T.Zuluft	17.2
2021-03-11 18:17:18.0	Ana3 - 3: T.Abluft	20.1
2021-03-11 18:17:18.0	Ana4 - 4: T.Fortluft	15.2
2021-03-11 18:17:18.0	Ana5 - 5: T.Raum	9999.9
2021-03-11 18:17:18.0	Ana9 - 9: T.Zuluft WRG warm	19.4
2021-03-11 18:17:28.0	Ana1 - 1: T.Au?en	10.7
2021-03-11 18:17:28.0	Ana2 - 2: T.Zuluft	17.2
2021-03-11 18:17:28.0	Ana3 - 3: T.Abluft	20.1
2021-03-11 18:17:28.0	Ana4 - 4: T.Fortluft	15.2
2021-03-11 18:17:28.0	Ana5 - 5: T.Raum	9999.9
2021-03-11 18:17:28.0	Ana9 - 9: T.Zuluft WRG warm	19.5
2021-03-11 18:17:38.0	Ana1 - 1: T.Au?en	10.7
2021-03-11 18:17:38.0	Ana2 - 2: T.Zuluft	17.2
2021-03-11 18:17:38.0	Ana3 - 3: T.Abluft	20.1
2021-03-11 18:17:38.0	Ana4 - 4: T.Fortluft	15.2
2021-03-11 18:17:38.0	Ana5 - 5: T.Raum	9999.9
2021-03-11 18:17:38.0	Ana9 - 9: T.Zuluft WRG warm	19.5
2021-03-11 18:17:48.0	Ana1 - 1: T.Au?en	10.7
2021-03-11 18:17:48.0	Ana2 - 2: T.Zuluft	17.2
2021-03-11 18:17:48.0	Ana3 - 3: T.Abluft	20.1
2021-03-11 18:17:48.0	Ana4 - 4: T.Fortluft	15.2
2021-03-11 18:17:48.0	Ana5 - 5: T.Raum	9999.9
2021-03-11 18:17:48.0	Ana9 - 9: T.Zuluft WRG warm	19.5
2021-03-11 18:17:58.0	Ana1 - 1: T.Au?en	10.7
2021-03-11 18:17:58.0	Ana2 - 2: T.Zuluft	17.2
2021-03-11 18:17:58.0	Ana3 - 3: T.Abluft	20.1
2021-03-11 18:17:58.0	Ana4 - 4: T.Fortluft	15.2
2021-03-11 18:17:58.0	Ana5 - 5: T.Raum	9999.9
2021-03-11 18:17:58.0	Ana9 - 9: T.Zuluft WRG warm	19.5
2021-03-11 18:18:08.0	Ana1 - 1: T.Au?en	10.7
2021-03-11 18:18:08.0	Ana2 - 2: T.Zuluft	17.2
2021-03-11 18:18:08.0	Ana3 - 3: T.Abluft	20.1
2021-03-11 18:18:08.0	Ana4 - 4: T.Fortluft	15.2
2021-03-11 18:18:08.0	Ana5 - 5: T.Raum	9999.9
2021-03-11 18:18:08.0	Ana9 - 9: T.Zuluft WRG warm	19.5
2021-03-11 18:18:18.0	Ana1 - 1: T.Au?en	10.7
2021-03-11 18:18:18.0	Ana2 - 2: T.Zuluft	17.2
2021-03-11 18:18:18.0	Ana3 - 3: T.Abluft	20.1
2021-03-11 18:18:18.0	Ana4 - 4: T.Fortluft	15.2
2021-03-11 18:18:18.0	Ana5 - 5: T.Raum	9999.9
2021-03-11 18:18:18.0	Ana9 - 9: T.Zuluft WRG warm	19.5
2021-03-11 18:18:28.0	Ana1 - 1: T.Au?en	10.7
2021-03-11 18:18:28.0	Ana2 - 2: T.Zuluft	17.2
2021-03-11 18:18:28.0	Ana3 - 3: T.Abluft	20.1
2021-03-11 18:18:28.0	Ana4 - 4: T.Fortluft	15.2
2021-03-11 18:18:28.0	Ana5 - 5: T.Raum	9999.9
2021-03-11 18:18:28.0	Ana9 - 9: T.Zuluft WRG warm	19.5
2021-03-11 18:18:38.0	Ana1 - 1: T.Au?en	10.7
2021-03-11 18:18:38.0	Ana2 - 2: T.Zuluft	17.2
2021-03-11 18:18:38.0	Ana3 - 3: T.Abluft	20.1
2021-03-11 18:18:38.0	Ana4 - 4: T.Fortluft	15.2
2021-03-11 18:18:38.0	Ana5 - 5: T.Raum	9999.9
2021-03-11 18:18:38.0	Ana9 - 9: T.Zuluft WRG warm	19.5
2021-03-11 18:18:48.0	Ana1 - 1: T.Au?en	10.7
2021-03-11 18:18:48.0	Ana2 - 2: T.Zuluft	17.2
2021-03-11 18:18:48.0	Ana3 - 3: T.Abluft	20.1
2021-03-11 18:18:48.0	Ana4 - 4: T.Fortluft	15.2
2021-03-11 18:18:48.0	Ana5 - 5: T.Raum	9999.9
2021-03-11 18:18:48.0	Ana9 - 9: T.Zuluft WRG warm	19.5
2021-03-11 18:18:58.0	Ana1 - 1: T.Au?en	10.7
2021-03-11 18:18:58.0	Ana2 - 2: T.Zuluft	17.2
2021-03-11 18:18:58.0	Ana3 - 3: T.Abluft	20.1
2021-03-11 18:18:58.0	Ana4 - 4: T.Fortluft	15.2
2021-03-11 18:18:58.0	Ana5 - 5: T.Raum	9999.9
2021-03-11 18:18:58.0	Ana9 - 9: T.Zuluft WRG warm	19.5
2021-03-11 18:19:08.0	Ana1 - 1: T.Au?en	10.7
2021-03-11 18:19:08.0	Ana2 - 2: T.Zuluft	17.2
2021-03-11 18:19:08.0	Ana3 - 3: T.Abluft	20.1
2021-03-11 18:19:08.0	Ana4 - 4: T.Fortluft	15.2
2021-03-11 18:19:08.0	Ana5 - 5: T.Raum	9999.9
2021-03-11 18:19:08.0	Ana9 - 9: T.Zuluft WRG warm	19.5
2021-03-11 18:19:18.0	Ana1 - 1: T.Au?en	10.7
2021-03-11 18:19:18.0	Ana2 - 2: T.Zuluft	17.2
2021-03-11 18:19:18.0	Ana3 - 3: T.Abluft	20.1
2021-03-11 18:19:18.0	Ana4 - 4: T.Fortluft	15.2
2021-03-11 18:19:18.0	Ana5 - 5: T.Raum	9999.9
2021-03-11 18:19:18.0	Ana9 - 9: T.Zuluft WRG warm	19.5
2021-03-11 18:19:28.0	Ana1 - 1: T.Au?en	10.6
2021-03-11 18:19:28.0	Ana2 - 2: T.Zuluft	17.2
2021-03-11 18:19:28.0	Ana3 - 3: T.Abluft	20.1
2021-03-11 18:19:28.0	Ana4 - 4: T.Fortluft	15.2
2021-03-11 18:19:28.0	Ana5 - 5: T.Raum	9999.9
2021-03-11 18:19:28.0	Ana9 - 9: T.Zuluft WRG warm	19.4
2021-03-11 18:19:38.0	Ana1 - 1: T.Au?en	10.6
2021-03-11 18:19:38.0	Ana2 - 2: T.Zuluft	17.2
2021-03-11 18:19:38.0	Ana3 - 3: T.Abluft	20.1
2021-03-11 18:19:38.0	Ana4 - 4: T.Fortluft	15.2
2021-03-11 18:19:38.0	Ana5 - 5: T.Raum	9999.9
2021-03-11 18:19:38.0	Ana9 - 9: T.Zuluft WRG warm	19.4
2021-03-11 18:19:48.0	Ana1 - 1: T.Au?en	10.6
2021-03-11 18:19:48.0	Ana2 - 2: T.Zuluft	17.2
2021-03-11 18:19:48.0	Ana3 - 3: T.Abluft	20.1
2021-03-11 18:19:48.0	Ana4 - 4: T.Fortluft	15.2
2021-03-11 18:19:48.0	Ana5 - 5: T.Raum	9999.9
2021-03-11 18:19:48.0	Ana9 - 9: T.Zuluft WRG warm	19.4
2021-03-11 18:19:58.0	Ana1 - 1: T.Au?en	10.6
2021-03-11 18:19:58.0	Ana2 - 2: T.Zuluft	17.2
2021-03-11 18:19:58.0	Ana3 - 3: T.Abluft	20.1
2021-03-11 18:19:58.0	Ana4 - 4: T.Fortluft	15.2
2021-03-11 18:19:58.0	Ana5 - 5: T.Raum	9999.9
2021-03-11 18:19:58.0	Ana9 - 9: T.Zuluft WRG warm	19.4
2021-03-11 18:20:08.0	Ana1 - 1: T.Au?en	10.6
2021-03-11 18:20:08.0	Ana2 - 2: T.Zuluft	17.2
2021-03-11 18:20:08.0	Ana3 - 3: T.Abluft	20.1
2021-03-11 18:20:08.0	Ana4 - 4: T.Fortluft	15.1
2021-03-11 18:20:08.0	Ana5 - 5: T.Raum	9999.9
2021-03-11 18:20:08.0	Ana9 - 9: T.Zuluft WRG warm	19.4
2021-03-11 18:20:18.0	Ana1 - 1: T.Au?en	10.6
2021-03-11 18:20:18.0	Ana2 - 2: T.Zuluft	17.2
2021-03-11 18:20:18.0	Ana3 - 3: T.Abluft	20.1
2021-03-11 18:20:18.0	Ana4 - 4: T.Fortluft	15.1
2021-03-11 18:20:18.0	Ana5 - 5: T.Raum	9999.9
2021-03-11 18:20:18.0	Ana9 - 9: T.Zuluft WRG warm	19.4
2021-03-11 18:20:28.0	Ana1 - 1: T.Au?en	10.6
2021-03-11 18:20:28.0	Ana2 - 2: T.Zuluft	17.2
2021-03-11 18:20:28.0	Ana3 - 3: T.Abluft	20.1
2021-03-11 18:20:28.0	Ana4 - 4: T.Fortluft	15.1
2021-03-11 18:20:28.0	Ana5 - 5: T.Raum	9999.9
2021-03-11 18:20:28.0	Ana9 - 9: T.Zuluft WRG warm	19.4
2021-03-11 18:20:38.0	Ana1 - 1: T.Au?en	10.6
2021-03-11 18:20:38.0	Ana2 - 2: T.Zuluft	17.2
2021-03-11 18:20:38.0	Ana3 - 3: T.Abluft	20.1
2021-03-11 18:20:38.0	Ana4 - 4: T.Fortluft	15.1
2021-03-11 18:20:38.0	Ana5 - 5: T.Raum	9999.9
2021-03-11 18:20:38.0	Ana9 - 9: T.Zuluft WRG warm	19.4
2021-03-11 18:20:48.0	Ana1 - 1: T.Au?en	10.6
2021-03-11 18:20:48.0	Ana2 - 2: T.Zuluft	17.2
2021-03-11 18:20:48.0	Ana3 - 3: T.Abluft	20.1
2021-03-11 18:20:48.0	Ana4 - 4: T.Fortluft	15.1
2021-03-11 18:20:48.0	Ana5 - 5: T.Raum	9999.9
2021-03-11 18:20:48.0	Ana9 - 9: T.Zuluft WRG warm	19.4
2021-03-11 18:20:58.0	Ana1 - 1: T.Au?en	10.6
2021-03-11 18:20:58.0	Ana2 - 2: T.Zuluft	17.2
2021-03-11 18:20:58.0	Ana3 - 3: T.Abluft	20.1
2021-03-11 18:20:58.0	Ana4 - 4: T.Fortluft	15.1
2021-03-11 18:20:58.0	Ana5 - 5: T.Raum	9999.9
2021-03-11 18:20:58.0	Ana9 - 9: T.Zuluft WRG warm	19.5
2021-03-11 18:21:08.0	Ana1 - 1: T.Au?en	10.6
2021-03-11 18:21:08.0	Ana2 - 2: T.Zuluft	17.2
2021-03-11 18:21:08.0	Ana3 - 3: T.Abluft	20.1
2021-03-11 18:21:08.0	Ana4 - 4: T.Fortluft	15.1
2021-03-11 18:21:08.0	Ana5 - 5: T.Raum	9999.9
2021-03-11 18:21:08.0	Ana9 - 9: T.Zuluft WRG warm	19.4
2021-03-11 18:21:18.0	Ana1 - 1: T.Au?en	10.6
2021-03-11 18:21:18.0	Ana2 - 2: T.Zuluft	17.2
2021-03-11 18:21:18.0	Ana3 - 3: T.Abluft	20.1
2021-03-11 18:21:18.0	Ana4 - 4: T.Fortluft	15.1
2021-03-11 18:21:18.0	Ana5 - 5: T.Raum	9999.9
2021-03-11 18:21:18.0	Ana9 - 9: T.Zuluft WRG warm	19.4
2021-03-11 18:21:28.0	Ana1 - 1: T.Au?en	10.6
2021-03-11 18:21:28.0	Ana2 - 2: T.Zuluft	17.2
2021-03-11 18:21:28.0	Ana3 - 3: T.Abluft	20.1
2021-03-11 18:21:28.0	Ana4 - 4: T.Fortluft	15.1
2021-03-11 18:21:28.0	Ana5 - 5: T.Raum	9999.9
2021-03-11 18:21:28.0	Ana9 - 9: T.Zuluft WRG warm	19.4
2021-03-11 18:21:38.0	Ana1 - 1: T.Au?en	10.6
2021-03-11 18:21:38.0	Ana2 - 2: T.Zuluft	17.2
2021-03-11 18:21:38.0	Ana3 - 3: T.Abluft	20.1
2021-03-11 18:21:38.0	Ana4 - 4: T.Fortluft	15.1
2021-03-11 18:21:38.0	Ana5 - 5: T.Raum	9999.9
2021-03-11 18:21:38.0	Ana9 - 9: T.Zuluft WRG warm	19.4
2021-03-11 18:21:48.0	Ana1 - 1: T.Au?en	10.5
2021-03-11 18:21:48.0	Ana2 - 2: T.Zuluft	17.2
2021-03-11 18:21:48.0	Ana3 - 3: T.Abluft	20.1
2021-03-11 18:21:48.0	Ana4 - 4: T.Fortluft	15.1
2021-03-11 18:21:48.0	Ana5 - 5: T.Raum	9999.9
2021-03-11 18:21:48.0	Ana9 - 9: T.Zuluft WRG warm	19.4
2021-03-11 18:21:58.0	Ana1 - 1: T.Au?en	10.5
2021-03-11 18:21:58.0	Ana2 - 2: T.Zuluft	17.2
2021-03-11 18:21:58.0	Ana3 - 3: T.Abluft	20.1
2021-03-11 18:21:58.0	Ana4 - 4: T.Fortluft	15.1
2021-03-11 18:21:58.0	Ana5 - 5: T.Raum	9999.9
2021-03-11 18:21:58.0	Ana9 - 9: T.Zuluft WRG warm	19.4
2021-03-11 18:22:08.0	Ana1 - 1: T.Au?en	10.5
2021-03-11 18:22:08.0	Ana2 - 2: T.Zuluft	17.2
2021-03-11 18:22:08.0	Ana3 - 3: T.Abluft	20.1
2021-03-11 18:22:08.0	Ana4 - 4: T.Fortluft	15.1
2021-03-11 18:22:08.0	Ana5 - 5: T.Raum	9999.9
2021-03-11 18:22:08.0	Ana9 - 9: T.Zuluft WRG warm	19.4
2021-03-11 18:22:18.0	Ana1 - 1: T.Au?en	10.5
2021-03-11 18:22:18.0	Ana2 - 2: T.Zuluft	17.2
2021-03-11 18:22:18.0	Ana3 - 3: T.Abluft	20.1
2021-03-11 18:22:18.0	Ana4 - 4: T.Fortluft	15.1
2021-03-11 18:22:18.0	Ana5 - 5: T.Raum	9999.9
2021-03-11 18:22:18.0	Ana9 - 9: T.Zuluft WRG warm	19.4
2021-03-11 18:22:28.0	Ana1 - 1: T.Au?en	10.5
2021-03-11 18:22:28.0	Ana2 - 2: T.Zuluft	17.2
2021-03-11 18:22:28.0	Ana3 - 3: T.Abluft	20.1
2021-03-11 18:22:28.0	Ana4 - 4: T.Fortluft	15.1
2021-03-11 18:22:28.0	Ana5 - 5: T.Raum	9999.9
2021-03-11 18:22:28.0	Ana9 - 9: T.Zuluft WRG warm	19.4
2021-03-11 18:22:38.0	Ana1 - 1: T.Au?en	10.5
2021-03-11 18:22:38.0	Ana2 - 2: T.Zuluft	17.2
2021-03-11 18:22:38.0	Ana3 - 3: T.Abluft	20.2
2021-03-11 18:22:38.0	Ana4 - 4: T.Fortluft	15.1
2021-03-11 18:22:38.0	Ana5 - 5: T.Raum	9999.9
2021-03-11 18:22:38.0	Ana9 - 9: T.Zuluft WRG warm	19.4
2021-03-11 18:22:48.0	Ana1 - 1: T.Au?en	10.5
2021-03-11 18:22:48.0	Ana2 - 2: T.Zuluft	17.2
2021-03-11 18:22:48.0	Ana3 - 3: T.Abluft	20.1
2021-03-11 18:22:48.0	Ana4 - 4: T.Fortluft	15.1
2021-03-11 18:22:48.0	Ana5 - 5: T.Raum	9999.9
2021-03-11 18:22:48.0	Ana9 - 9: T.Zuluft WRG warm	19.4
2021-03-11 18:22:58.0	Ana1 - 1: T.Au?en	10.5
2021-03-11 18:22:58.0	Ana2 - 2: T.Zuluft	17.2
2021-03-11 18:22:58.0	Ana3 - 3: T.Abluft	20.1
2021-03-11 18:22:58.0	Ana4 - 4: T.Fortluft	15.1
2021-03-11 18:22:58.0	Ana5 - 5: T.Raum	9999.9
2021-03-11 18:22:58.0	Ana9 - 9: T.Zuluft WRG warm	19.4
2021-03-11 18:23:08.0	Ana1 - 1: T.Au?en	10.5
2021-03-11 18:23:08.0	Ana2 - 2: T.Zuluft	17.2
2021-03-11 18:23:08.0	Ana3 - 3: T.Abluft	20.1
2021-03-11 18:23:08.0	Ana4 - 4: T.Fortluft	15.1
2021-03-11 18:23:08.0	Ana5 - 5: T.Raum	9999.9
2021-03-11 18:23:08.0	Ana9 - 9: T.Zuluft WRG warm	19.4
2021-03-11 18:23:18.0	Ana1 - 1: T.Au?en	10.5
2021-03-11 18:23:18.0	Ana2 - 2: T.Zuluft	17.1
2021-03-11 18:23:18.0	Ana3 - 3: T.Abluft	20.1
2021-03-11 18:23:18.0	Ana4 - 4: T.Fortluft	15.1
2021-03-11 18:23:18.0	Ana5 - 5: T.Raum	9999.9
2021-03-11 18:23:18.0	Ana9 - 9: T.Zuluft WRG warm	19.4
2021-03-11 18:23:28.0	Ana1 - 1: T.Au?en	10.4
2021-03-11 18:23:28.0	Ana2 - 2: T.Zuluft	17.2
2021-03-11 18:23:28.0	Ana3 - 3: T.Abluft	20.1
2021-03-11 18:23:28.0	Ana4 - 4: T.Fortluft	15.1
2021-03-11 18:23:28.0	Ana5 - 5: T.Raum	9999.9
2021-03-11 18:23:28.0	Ana9 - 9: T.Zuluft WRG warm	19.4
2021-03-11 18:23:38.0	Ana1 - 1: T.Au?en	10.4
2021-03-11 18:23:38.0	Ana2 - 2: T.Zuluft	17.1
2021-03-11 18:23:38.0	Ana3 - 3: T.Abluft	20.2
2021-03-11 18:23:38.0	Ana4 - 4: T.Fortluft	15.1
2021-03-11 18:23:38.0	Ana5 - 5: T.Raum	9999.9
2021-03-11 18:23:38.0	Ana9 - 9: T.Zuluft WRG warm	19.4
2021-03-11 18:23:48.0	Ana1 - 1: T.Au?en	10.4
2021-03-11 18:23:48.0	Ana2 - 2: T.Zuluft	17.1
2021-03-11 18:23:48.0	Ana3 - 3: T.Abluft	20.1
2021-03-11 18:23:48.0	Ana4 - 4: T.Fortluft	15.1
2021-03-11 18:23:48.0	Ana5 - 5: T.Raum	9999.9
2021-03-11 18:23:48.0	Ana9 - 9: T.Zuluft WRG warm	19.4
2021-03-11 18:23:58.0	Ana1 - 1: T.Au?en	10.4
2021-03-11 18:23:58.0	Ana2 - 2: T.Zuluft	17.2
2021-03-11 18:23:58.0	Ana3 - 3: T.Abluft	20.1
2021-03-11 18:23:58.0	Ana4 - 4: T.Fortluft	15.1
2021-03-11 18:23:58.0	Ana5 - 5: T.Raum	9999.9
2021-03-11 18:23:58.0	Ana9 - 9: T.Zuluft WRG warm	19.4
2021-03-11 18:24:08.0	Ana1 - 1: T.Au?en	10.4
2021-03-11 18:24:08.0	Ana2 - 2: T.Zuluft	17.1
2021-03-11 18:24:08.0	Ana3 - 3: T.Abluft	20.1
2021-03-11 18:24:08.0	Ana4 - 4: T.Fortluft	15.1
2021-03-11 18:24:08.0	Ana5 - 5: T.Raum	9999.9
2021-03-11 18:24:08.0	Ana9 - 9: T.Zuluft WRG warm	19.4
2021-03-11 18:24:18.0	Ana1 - 1: T.Au?en	10.4
2021-03-11 18:24:18.0	Ana2 - 2: T.Zuluft	17.1
2021-03-11 18:24:18.0	Ana3 - 3: T.Abluft	20.1
2021-03-11 18:24:18.0	Ana4 - 4: T.Fortluft	15.1
2021-03-11 18:24:18.0	Ana5 - 5: T.Raum	9999.9
2021-03-11 18:24:18.0	Ana9 - 9: T.Zuluft WRG warm	19.4
2021-03-11 18:24:28.0	Ana1 - 1: T.Au?en	10.4
2021-03-11 18:24:28.0	Ana2 - 2: T.Zuluft	17.1
2021-03-11 18:24:28.0	Ana3 - 3: T.Abluft	20.1
2021-03-11 18:24:28.0	Ana4 - 4: T.Fortluft	15.1
2021-03-11 18:24:28.0	Ana5 - 5: T.Raum	9999.9
2021-03-11 18:24:28.0	Ana9 - 9: T.Zuluft WRG warm	19.4
2021-03-11 18:24:38.0	Ana1 - 1: T.Au?en	10.4
2021-03-11 18:24:38.0	Ana2 - 2: T.Zuluft	17.1
2021-03-11 18:24:38.0	Ana3 - 3: T.Abluft	20.1
2021-03-11 18:24:38.0	Ana4 - 4: T.Fortluft	15.1
2021-03-11 18:24:38.0	Ana5 - 5: T.Raum	9999.9
2021-03-11 18:24:38.0	Ana9 - 9: T.Zuluft WRG warm	19.4
2021-03-11 18:24:48.0	Ana1 - 1: T.Au?en	10.4
2021-03-11 18:24:48.0	Ana2 - 2: T.Zuluft	17.1
2021-03-11 18:24:48.0	Ana3 - 3: T.Abluft	20.1
2021-03-11 18:24:48.0	Ana4 - 4: T.Fortluft	15.1
2021-03-11 18:24:48.0	Ana5 - 5: T.Raum	9999.9
2021-03-11 18:24:48.0	Ana9 - 9: T.Zuluft WRG warm	19.4
2021-03-11 18:24:58.0	Ana1 - 1: T.Au?en	10.4
2021-03-11 18:24:58.0	Ana2 - 2: T.Zuluft	17.1
2021-03-11 18:24:58.0	Ana3 - 3: T.Abluft	20.2
2021-03-11 18:24:58.0	Ana4 - 4: T.Fortluft	15.1
2021-03-11 18:24:58.0	Ana5 - 5: T.Raum	9999.9
2021-03-11 18:24:58.0	Ana9 - 9: T.Zuluft WRG warm	19.4
2021-03-11 18:25:08.0	Ana1 - 1: T.Au?en	10.4
2021-03-11 18:25:08.0	Ana2 - 2: T.Zuluft	17.1
2021-03-11 18:25:08.0	Ana3 - 3: T.Abluft	20.2
2021-03-11 18:25:08.0	Ana4 - 4: T.Fortluft	15.1
2021-03-11 18:25:08.0	Ana5 - 5: T.Raum	9999.9
2021-03-11 18:25:08.0	Ana9 - 9: T.Zuluft WRG warm	19.4
2021-03-11 18:25:18.0	Ana1 - 1: T.Au?en	10.4
2021-03-11 18:25:18.0	Ana2 - 2: T.Zuluft	17.1
2021-03-11 18:25:18.0	Ana3 - 3: T.Abluft	20.2
2021-03-11 18:25:18.0	Ana4 - 4: T.Fortluft	15.1
2021-03-11 18:25:18.0	Ana5 - 5: T.Raum	9999.9
2021-03-11 18:25:18.0	Ana9 - 9: T.Zuluft WRG warm	19.4
2021-03-11 18:25:28.0	Ana1 - 1: T.Au?en	10.3
2021-03-11 18:25:28.0	Ana2 - 2: T.Zuluft	17.1
2021-03-11 18:25:28.0	Ana3 - 3: T.Abluft	20.2
2021-03-11 18:25:28.0	Ana4 - 4: T.Fortluft	15.1
2021-03-11 18:25:28.0	Ana5 - 5: T.Raum	9999.9
2021-03-11 18:25:28.0	Ana9 - 9: T.Zuluft WRG warm	19.4
2021-03-11 18:25:38.0	Ana1 - 1: T.Au?en	10.3
2021-03-11 18:25:38.0	Ana2 - 2: T.Zuluft	17.1
2021-03-11 18:25:38.0	Ana3 - 3: T.Abluft	20.2
2021-03-11 18:25:38.0	Ana4 - 4: T.Fortluft	15.1
2021-03-11 18:25:38.0	Ana5 - 5: T.Raum	9999.9
2021-03-11 18:25:38.0	Ana9 - 9: T.Zuluft WRG warm	19.4
2021-03-11 18:25:48.0	Ana1 - 1: T.Au?en	10.3
2021-03-11 18:25:48.0	Ana2 - 2: T.Zuluft	17.1
2021-03-11 18:25:48.0	Ana3 - 3: T.Abluft	20.1
2021-03-11 18:25:48.0	Ana4 - 4: T.Fortluft	15.1
2021-03-11 18:25:48.0	Ana5 - 5: T.Raum	9999.9
2021-03-11 18:25:48.0	Ana9 - 9: T.Zuluft WRG warm	19.4
2021-03-11 18:25:58.0	Ana1 - 1: T.Au?en	10.3
2021-03-11 18:25:58.0	Ana2 - 2: T.Zuluft	17.1
2021-03-11 18:25:58.0	Ana3 - 3: T.Abluft	20.1
2021-03-11 18:25:58.0	Ana4 - 4: T.Fortluft	15.1
2021-03-11 18:25:58.0	Ana5 - 5: T.Raum	9999.9
2021-03-11 18:25:58.0	Ana9 - 9: T.Zuluft WRG warm	19.4
2021-03-11 18:26:08.0	Ana1 - 1: T.Au?en	10.3
2021-03-11 18:26:08.0	Ana2 - 2: T.Zuluft	17.1
2021-03-11 18:26:08.0	Ana3 - 3: T.Abluft	20.1
2021-03-11 18:26:08.0	Ana4 - 4: T.Fortluft	15.0
2021-03-11 18:26:08.0	Ana5 - 5: T.Raum	9999.9
2021-03-11 18:26:08.0	Ana9 - 9: T.Zuluft WRG warm	19.4
2021-03-11 18:26:18.0	Ana1 - 1: T.Au?en	10.3
2021-03-11 18:26:18.0	Ana2 - 2: T.Zuluft	17.1
2021-03-11 18:26:18.0	Ana3 - 3: T.Abluft	20.1
2021-03-11 18:26:18.0	Ana4 - 4: T.Fortluft	15.0
2021-03-11 18:26:18.0	Ana5 - 5: T.Raum	9999.9
2021-03-11 18:26:18.0	Ana9 - 9: T.Zuluft WRG warm	19.4
2021-03-11 18:26:28.0	Ana1 - 1: T.Au?en	10.3
2021-03-11 18:26:28.0	Ana2 - 2: T.Zuluft	17.1
2021-03-11 18:26:28.0	Ana3 - 3: T.Abluft	20.1
2021-03-11 18:26:28.0	Ana4 - 4: T.Fortluft	15.0
2021-03-11 18:26:28.0	Ana5 - 5: T.Raum	9999.9
2021-03-11 18:26:28.0	Ana9 - 9: T.Zuluft WRG warm	19.4
2021-03-11 18:26:38.0	Ana1 - 1: T.Au?en	10.3
2021-03-11 18:26:38.0	Ana2 - 2: T.Zuluft	17.1
2021-03-11 18:26:38.0	Ana3 - 3: T.Abluft	20.2
2021-03-11 18:26:38.0	Ana4 - 4: T.Fortluft	15.0
2021-03-11 18:26:38.0	Ana5 - 5: T.Raum	9999.9
2021-03-11 18:26:38.0	Ana9 - 9: T.Zuluft WRG warm	19.4
2021-03-11 18:26:48.0	Ana1 - 1: T.Au?en	10.3
2021-03-11 18:26:48.0	Ana2 - 2: T.Zuluft	17.1
2021-03-11 18:26:48.0	Ana3 - 3: T.Abluft	20.2
2021-03-11 18:26:48.0	Ana4 - 4: T.Fortluft	15.0
2021-03-11 18:26:48.0	Ana5 - 5: T.Raum	9999.9
2021-03-11 18:26:48.0	Ana9 - 9: T.Zuluft WRG warm	19.4
2021-03-11 18:26:58.0	Ana1 - 1: T.Au?en	10.3
2021-03-11 18:26:58.0	Ana2 - 2: T.Zuluft	17.1
2021-03-11 18:26:58.0	Ana3 - 3: T.Abluft	20.1
2021-03-11 18:26:58.0	Ana4 - 4: T.Fortluft	15.0
2021-03-11 18:26:58.0	Ana5 - 5: T.Raum	9999.9
2021-03-11 18:26:58.0	Ana9 - 9: T.Zuluft WRG warm	19.4
2021-03-11 18:27:08.0	Ana1 - 1: T.Au?en	10.4
2021-03-11 18:27:08.0	Ana2 - 2: T.Zuluft	17.1
2021-03-11 18:27:08.0	Ana3 - 3: T.Abluft	20.2
2021-03-11 18:27:08.0	Ana4 - 4: T.Fortluft	15.0
2021-03-11 18:27:08.0	Ana5 - 5: T.Raum	9999.9
2021-03-11 18:27:08.0	Ana9 - 9: T.Zuluft WRG warm	19.4
2021-03-11 18:27:18.0	Ana1 - 1: T.Au?en	10.4
2021-03-11 18:27:18.0	Ana2 - 2: T.Zuluft	17.1
2021-03-11 18:27:18.0	Ana3 - 3: T.Abluft	20.1
2021-03-11 18:27:18.0	Ana4 - 4: T.Fortluft	15.0
2021-03-11 18:27:18.0	Ana5 - 5: T.Raum	9999.9
2021-03-11 18:27:18.0	Ana9 - 9: T.Zuluft WRG warm	19.4
2021-03-11 18:27:28.0	Ana1 - 1: T.Au?en	10.4
2021-03-11 18:27:28.0	Ana2 - 2: T.Zuluft	17.1
2021-03-11 18:27:28.0	Ana3 - 3: T.Abluft	20.1
2021-03-11 18:27:28.0	Ana4 - 4: T.Fortluft	15.0
2021-03-11 18:27:28.0	Ana5 - 5: T.Raum	9999.9
2021-03-11 18:27:28.0	Ana9 - 9: T.Zuluft WRG warm	19.4
2021-03-11 18:27:38.0	Ana1 - 1: T.Au?en	10.4
2021-03-11 18:27:38.0	Ana2 - 2: T.Zuluft	17.1
2021-03-11 18:27:38.0	Ana3 - 3: T.Abluft	20.1
2021-03-11 18:27:38.0	Ana4 - 4: T.Fortluft	15.0
2021-03-11 18:27:38.0	Ana5 - 5: T.Raum	9999.9
2021-03-11 18:27:38.0	Ana9 - 9: T.Zuluft WRG warm	19.4
2021-03-11 18:27:48.0	Ana1 - 1: T.Au?en	10.4
2021-03-11 18:27:48.0	Ana2 - 2: T.Zuluft	17.1
2021-03-11 18:27:48.0	Ana3 - 3: T.Abluft	20.2
2021-03-11 18:27:48.0	Ana4 - 4: T.Fortluft	15.0
2021-03-11 18:27:48.0	Ana5 - 5: T.Raum	9999.9
2021-03-11 18:27:48.0	Ana9 - 9: T.Zuluft WRG warm	19.4
2021-03-11 18:27:58.0	Ana1 - 1: T.Au?en	10.4
2021-03-11 18:27:58.0	Ana2 - 2: T.Zuluft	17.1
2021-03-11 18:27:58.0	Ana3 - 3: T.Abluft	20.1
2021-03-11 18:27:58.0	Ana4 - 4: T.Fortluft	15.0
2021-03-11 18:27:58.0	Ana5 - 5: T.Raum	9999.9
2021-03-11 18:27:58.0	Ana9 - 9: T.Zuluft WRG warm	19.4
2021-03-11 18:28:08.0	Ana1 - 1: T.Au?en	10.4
2021-03-11 18:28:08.0	Ana2 - 2: T.Zuluft	17.1
2021-03-11 18:28:08.0	Ana3 - 3: T.Abluft	20.1
2021-03-11 18:28:08.0	Ana4 - 4: T.Fortluft	15.0
2021-03-11 18:28:08.0	Ana5 - 5: T.Raum	9999.9
2021-03-11 18:28:08.0	Ana9 - 9: T.Zuluft WRG warm	19.4
2021-03-11 18:28:18.0	Ana1 - 1: T.Au?en	10.4
2021-03-11 18:28:18.0	Ana2 - 2: T.Zuluft	17.1
2021-03-11 18:28:18.0	Ana3 - 3: T.Abluft	20.1
2021-03-11 18:28:18.0	Ana4 - 4: T.Fortluft	15.0
2021-03-11 18:28:18.0	Ana5 - 5: T.Raum	9999.9
2021-03-11 18:28:18.0	Ana9 - 9: T.Zuluft WRG warm	19.4
2021-03-11 18:28:28.0	Ana1 - 1: T.Au?en	10.4
2021-03-11 18:28:28.0	Ana2 - 2: T.Zuluft	17.1
2021-03-11 18:28:28.0	Ana3 - 3: T.Abluft	20.1
2021-03-11 18:28:28.0	Ana4 - 4: T.Fortluft	15.0
2021-03-11 18:28:28.0	Ana5 - 5: T.Raum	9999.9
2021-03-11 18:28:28.0	Ana9 - 9: T.Zuluft WRG warm	19.4
2021-03-11 18:28:38.0	Ana1 - 1: T.Au?en	10.4
2021-03-11 18:28:38.0	Ana2 - 2: T.Zuluft	17.1
2021-03-11 18:28:38.0	Ana3 - 3: T.Abluft	20.1
2021-03-11 18:28:38.0	Ana4 - 4: T.Fortluft	15.0
2021-03-11 18:28:38.0	Ana5 - 5: T.Raum	9999.9
2021-03-11 18:28:38.0	Ana9 - 9: T.Zuluft WRG warm	19.4
2021-03-11 18:28:48.0	Ana1 - 1: T.Au?en	10.4
2021-03-11 18:28:48.0	Ana2 - 2: T.Zuluft	17.1
2021-03-11 18:28:48.0	Ana3 - 3: T.Abluft	20.1
2021-03-11 18:28:48.0	Ana4 - 4: T.Fortluft	15.0
2021-03-11 18:28:48.0	Ana5 - 5: T.Raum	9999.9
2021-03-11 18:28:48.0	Ana9 - 9: T.Zuluft WRG warm	19.4
2021-03-11 18:28:58.0	Ana1 - 1: T.Au?en	10.4
2021-03-11 18:28:58.0	Ana2 - 2: T.Zuluft	17.1
2021-03-11 18:28:58.0	Ana3 - 3: T.Abluft	20.1
2021-03-11 18:28:58.0	Ana4 - 4: T.Fortluft	15.0
2021-03-11 18:28:58.0	Ana5 - 5: T.Raum	9999.9
2021-03-11 18:28:58.0	Ana9 - 9: T.Zuluft WRG warm	19.4
2021-03-11 18:29:08.0	Ana1 - 1: T.Au?en	10.4
2021-03-11 18:29:08.0	Ana2 - 2: T.Zuluft	17.1
2021-03-11 18:29:08.0	Ana3 - 3: T.Abluft	20.1
2021-03-11 18:29:08.0	Ana4 - 4: T.Fortluft	15.0
2021-03-11 18:29:08.0	Ana5 - 5: T.Raum	9999.9
2021-03-11 18:29:08.0	Ana9 - 9: T.Zuluft WRG warm	19.4
2021-03-11 18:29:18.0	Ana1 - 1: T.Au?en	10.4
2021-03-11 18:29:18.0	Ana2 - 2: T.Zuluft	17.1
2021-03-11 18:29:18.0	Ana3 - 3: T.Abluft	20.1
2021-03-11 18:29:18.0	Ana4 - 4: T.Fortluft	15.0
2021-03-11 18:29:18.0	Ana5 - 5: T.Raum	9999.9
2021-03-11 18:29:18.0	Ana9 - 9: T.Zuluft WRG warm	19.4
2021-03-11 18:29:28.0	Ana1 - 1: T.Au?en	10.4
2021-03-11 18:29:28.0	Ana2 - 2: T.Zuluft	17.1
2021-03-11 18:29:28.0	Ana3 - 3: T.Abluft	20.2
2021-03-11 18:29:28.0	Ana4 - 4: T.Fortluft	15.0
2021-03-11 18:29:28.0	Ana5 - 5: T.Raum	9999.9
2021-03-11 18:29:28.0	Ana9 - 9: T.Zuluft WRG warm	19.4
2021-03-11 18:29:38.0	Ana1 - 1: T.Au?en	10.3
2021-03-11 18:29:38.0	Ana2 - 2: T.Zuluft	17.1
2021-03-11 18:29:38.0	Ana3 - 3: T.Abluft	20.1
2021-03-11 18:29:38.0	Ana4 - 4: T.Fortluft	15.0
2021-03-11 18:29:38.0	Ana5 - 5: T.Raum	9999.9
2021-03-11 18:29:38.0	Ana9 - 9: T.Zuluft WRG warm	19.4
2021-03-11 18:29:48.0	Ana1 - 1: T.Au?en	10.3
2021-03-11 18:29:48.0	Ana2 - 2: T.Zuluft	17.1
2021-03-11 18:29:48.0	Ana3 - 3: T.Abluft	20.1
2021-03-11 18:29:48.0	Ana4 - 4: T.Fortluft	15.0
2021-03-11 18:29:48.0	Ana5 - 5: T.Raum	9999.9
2021-03-11 18:29:48.0	Ana9 - 9: T.Zuluft WRG warm	19.4
2021-03-11 18:29:58.0	Ana1 - 1: T.Au?en	10.3
2021-03-11 18:29:58.0	Ana2 - 2: T.Zuluft	17.1
2021-03-11 18:29:58.0	Ana3 - 3: T.Abluft	20.1
2021-03-11 18:29:58.0	Ana4 - 4: T.Fortluft	15.0
2021-03-11 18:29:58.0	Ana5 - 5: T.Raum	9999.9
2021-03-11 18:29:58.0	Ana9 - 9: T.Zuluft WRG warm	19.4
2021-03-11 18:30:08.0	Ana1 - 1: T.Au?en	10.3
2021-03-11 18:30:08.0	Ana2 - 2: T.Zuluft	17.1
2021-03-11 18:30:08.0	Ana3 - 3: T.Abluft	20.1
2021-03-11 18:30:08.0	Ana4 - 4: T.Fortluft	15.0
2021-03-11 18:30:08.0	Ana5 - 5: T.Raum	9999.9
2021-03-11 18:30:08.0	Ana9 - 9: T.Zuluft WRG warm	19.4
2021-03-11 18:30:18.0	Ana1 - 1: T.Au?en	10.2
2021-03-11 18:30:18.0	Ana2 - 2: T.Zuluft	17.1
2021-03-11 18:30:18.0	Ana3 - 3: T.Abluft	20.1
2021-03-11 18:30:18.0	Ana4 - 4: T.Fortluft	15.0
2021-03-11 18:30:18.0	Ana5 - 5: T.Raum	9999.9
2021-03-11 18:30:18.0	Ana9 - 9: T.Zuluft WRG warm	19.4
2021-03-11 18:30:28.0	Ana1 - 1: T.Au?en	10.2
2021-03-11 18:30:28.0	Ana2 - 2: T.Zuluft	17.1
2021-03-11 18:30:28.0	Ana3 - 3: T.Abluft	20.1
2021-03-11 18:30:28.0	Ana4 - 4: T.Fortluft	15.0
2021-03-11 18:30:28.0	Ana5 - 5: T.Raum	9999.9
2021-03-11 18:30:28.0	Ana9 - 9: T.Zuluft WRG warm	19.4
2021-03-11 18:30:38.0	Ana1 - 1: T.Au?en	10.2
2021-03-11 18:30:38.0	Ana2 - 2: T.Zuluft	17.1
2021-03-11 18:30:38.0	Ana3 - 3: T.Abluft	20.1
2021-03-11 18:30:38.0	Ana4 - 4: T.Fortluft	15.0
2021-03-11 18:30:38.0	Ana5 - 5: T.Raum	9999.9
2021-03-11 18:30:38.0	Ana9 - 9: T.Zuluft WRG warm	19.4
2021-03-11 18:30:48.0	Ana1 - 1: T.Au?en	10.2
2021-03-11 18:30:48.0	Ana2 - 2: T.Zuluft	17.1
2021-03-11 18:30:48.0	Ana3 - 3: T.Abluft	20.1
2021-03-11 18:30:48.0	Ana4 - 4: T.Fortluft	15.0
2021-03-11 18:30:48.0	Ana5 - 5: T.Raum	9999.9
2021-03-11 18:30:48.0	Ana9 - 9: T.Zuluft WRG warm	19.4
2021-03-11 18:30:58.0	Ana1 - 1: T.Au?en	10.2
2021-03-11 18:30:58.0	Ana2 - 2: T.Zuluft	17.1
2021-03-11 18:30:58.0	Ana3 - 3: T.Abluft	20.1
2021-03-11 18:30:58.0	Ana4 - 4: T.Fortluft	14.9
2021-03-11 18:30:58.0	Ana5 - 5: T.Raum	9999.9
2021-03-11 18:30:58.0	Ana9 - 9: T.Zuluft WRG warm	19.4
2021-03-11 18:31:08.0	Ana1 - 1: T.Au?en	10.2
2021-03-11 18:31:08.0	Ana2 - 2: T.Zuluft	17.1
2021-03-11 18:31:08.0	Ana3 - 3: T.Abluft	20.1
2021-03-11 18:31:08.0	Ana4 - 4: T.Fortluft	14.9
2021-03-11 18:31:08.0	Ana5 - 5: T.Raum	9999.9
2021-03-11 18:31:08.0	Ana9 - 9: T.Zuluft WRG warm	19.4
2021-03-11 18:31:18.0	Ana1 - 1: T.Au?en	10.2
2021-03-11 18:31:18.0	Ana2 - 2: T.Zuluft	17.0
2021-03-11 18:31:18.0	Ana3 - 3: T.Abluft	20.1
2021-03-11 18:31:18.0	Ana4 - 4: T.Fortluft	14.9
2021-03-11 18:31:18.0	Ana5 - 5: T.Raum	9999.9
2021-03-11 18:31:18.0	Ana9 - 9: T.Zuluft WRG warm	19.4
2021-03-11 18:31:28.0	Ana1 - 1: T.Au?en	10.2
2021-03-11 18:31:28.0	Ana2 - 2: T.Zuluft	17.0
2021-03-11 18:31:28.0	Ana3 - 3: T.Abluft	20.1
2021-03-11 18:31:28.0	Ana4 - 4: T.Fortluft	14.9
2021-03-11 18:31:28.0	Ana5 - 5: T.Raum	9999.9
2021-03-11 18:31:28.0	Ana9 - 9: T.Zuluft WRG warm	19.4
2021-03-11 18:31:38.0	Ana1 - 1: T.Au?en	10.2
2021-03-11 18:31:38.0	Ana2 - 2: T.Zuluft	17.0
2021-03-11 18:31:38.0	Ana3 - 3: T.Abluft	20.1
2021-03-11 18:31:38.0	Ana4 - 4: T.Fortluft	14.9
2021-03-11 18:31:38.0	Ana5 - 5: T.Raum	9999.9
2021-03-11 18:31:38.0	Ana9 - 9: T.Zuluft WRG warm	19.4
2021-03-11 18:31:48.0	Ana1 - 1: T.Au?en	10.2
2021-03-11 18:31:48.0	Ana2 - 2: T.Zuluft	17.0
2021-03-11 18:31:48.0	Ana3 - 3: T.Abluft	20.1
2021-03-11 18:31:48.0	Ana4 - 4: T.Fortluft	14.9
2021-03-11 18:31:48.0	Ana5 - 5: T.Raum	9999.9
2021-03-11 18:31:48.0	Ana9 - 9: T.Zuluft WRG warm	19.4
2021-03-11 18:31:58.0	Ana1 - 1: T.Au?en	10.2
2021-03-11 18:31:58.0	Ana2 - 2: T.Zuluft	17.0
2021-03-11 18:31:58.0	Ana3 - 3: T.Abluft	20.1
2021-03-11 18:31:58.0	Ana4 - 4: T.Fortluft	14.9
2021-03-11 18:31:58.0	Ana5 - 5: T.Raum	9999.9
2021-03-11 18:31:58.0	Ana9 - 9: T.Zuluft WRG warm	19.4
2021-03-11 18:32:08.0	Ana1 - 1: T.Au?en	10.2
2021-03-11 18:32:08.0	Ana2 - 2: T.Zuluft	17.0
2021-03-11 18:32:08.0	Ana3 - 3: T.Abluft	20.1
2021-03-11 18:32:08.0	Ana4 - 4: T.Fortluft	14.9
2021-03-11 18:32:08.0	Ana5 - 5: T.Raum	9999.9
2021-03-11 18:32:08.0	Ana9 - 9: T.Zuluft WRG warm	19.4
2021-03-11 18:32:18.0	Ana1 - 1: T.Au?en	10.2
2021-03-11 18:32:18.0	Ana2 - 2: T.Zuluft	17.0
2021-03-11 18:32:18.0	Ana3 - 3: T.Abluft	20.1
2021-03-11 18:32:18.0	Ana4 - 4: T.Fortluft	14.9
2021-03-11 18:32:18.0	Ana5 - 5: T.Raum	9999.9
2021-03-11 18:32:18.0	Ana9 - 9: T.Zuluft WRG warm	19.4
2021-03-11 18:32:28.0	Ana1 - 1: T.Au?en	10.2
2021-03-11 18:32:28.0	Ana2 - 2: T.Zuluft	17.0
2021-03-11 18:32:28.0	Ana3 - 3: T.Abluft	20.1
2021-03-11 18:32:28.0	Ana4 - 4: T.Fortluft	14.9
2021-03-11 18:32:28.0	Ana5 - 5: T.Raum	9999.9
2021-03-11 18:32:28.0	Ana9 - 9: T.Zuluft WRG warm	19.4
2021-03-11 18:32:38.0	Ana1 - 1: T.Au?en	10.2
2021-03-11 18:32:38.0	Ana2 - 2: T.Zuluft	17.0
2021-03-11 18:32:38.0	Ana3 - 3: T.Abluft	20.1
2021-03-11 18:32:38.0	Ana4 - 4: T.Fortluft	14.9
2021-03-11 18:32:38.0	Ana5 - 5: T.Raum	9999.9
2021-03-11 18:32:38.0	Ana9 - 9: T.Zuluft WRG warm	19.4
2021-03-11 18:32:48.0	Ana1 - 1: T.Au?en	10.2
2021-03-11 18:32:48.0	Ana2 - 2: T.Zuluft	17.0
2021-03-11 18:32:48.0	Ana3 - 3: T.Abluft	20.1
2021-03-11 18:32:48.0	Ana4 - 4: T.Fortluft	14.9
2021-03-11 18:32:48.0	Ana5 - 5: T.Raum	9999.9
2021-03-11 18:32:48.0	Ana9 - 9: T.Zuluft WRG warm	19.4
2021-03-11 18:32:58.0	Ana1 - 1: T.Au?en	10.2
2021-03-11 18:32:58.0	Ana2 - 2: T.Zuluft	17.0
2021-03-11 18:32:58.0	Ana3 - 3: T.Abluft	20.1
2021-03-11 18:32:58.0	Ana4 - 4: T.Fortluft	14.9
2021-03-11 18:32:58.0	Ana5 - 5: T.Raum	9999.9
2021-03-11 18:32:58.0	Ana9 - 9: T.Zuluft WRG warm	19.4
2021-03-11 18:33:08.0	Ana1 - 1: T.Au?en	10.2
2021-03-11 18:33:08.0	Ana2 - 2: T.Zuluft	17.0
2021-03-11 18:33:08.0	Ana3 - 3: T.Abluft	20.1
2021-03-11 18:33:08.0	Ana4 - 4: T.Fortluft	14.9
2021-03-11 18:33:08.0	Ana5 - 5: T.Raum	9999.9
2021-03-11 18:33:08.0	Ana9 - 9: T.Zuluft WRG warm	19.4
2021-03-11 18:33:18.0	Ana1 - 1: T.Au?en	10.1
2021-03-11 18:33:18.0	Ana2 - 2: T.Zuluft	17.0
2021-03-11 18:33:18.0	Ana3 - 3: T.Abluft	20.1
2021-03-11 18:33:18.0	Ana4 - 4: T.Fortluft	14.9
2021-03-11 18:33:18.0	Ana5 - 5: T.Raum	9999.9
2021-03-11 18:33:18.0	Ana9 - 9: T.Zuluft WRG warm	19.4
2021-03-11 18:33:28.0	Ana1 - 1: T.Au?en	10.1
2021-03-11 18:33:28.0	Ana2 - 2: T.Zuluft	17.0
2021-03-11 18:33:28.0	Ana3 - 3: T.Abluft	20.1
2021-03-11 18:33:28.0	Ana4 - 4: T.Fortluft	14.9
2021-03-11 18:33:28.0	Ana5 - 5: T.Raum	9999.9
2021-03-11 18:33:28.0	Ana9 - 9: T.Zuluft WRG warm	19.4
2021-03-11 18:33:38.0	Ana1 - 1: T.Au?en	10.1
2021-03-11 18:33:38.0	Ana2 - 2: T.Zuluft	17.0
2021-03-11 18:33:38.0	Ana3 - 3: T.Abluft	20.1
2021-03-11 18:33:38.0	Ana4 - 4: T.Fortluft	14.9
2021-03-11 18:33:38.0	Ana5 - 5: T.Raum	9999.9
2021-03-11 18:33:38.0	Ana9 - 9: T.Zuluft WRG warm	19.4
2021-03-11 18:33:48.0	Ana1 - 1: T.Au?en	10.1
2021-03-11 18:33:48.0	Ana2 - 2: T.Zuluft	17.0
2021-03-11 18:33:48.0	Ana3 - 3: T.Abluft	20.1
2021-03-11 18:33:48.0	Ana4 - 4: T.Fortluft	14.9
2021-03-11 18:33:48.0	Ana5 - 5: T.Raum	9999.9
2021-03-11 18:33:48.0	Ana9 - 9: T.Zuluft WRG warm	19.4
2021-03-11 18:33:58.0	Ana1 - 1: T.Au?en	10.1
2021-03-11 18:33:58.0	Ana2 - 2: T.Zuluft	17.0
2021-03-11 18:33:58.0	Ana3 - 3: T.Abluft	20.1
2021-03-11 18:33:58.0	Ana4 - 4: T.Fortluft	14.9
2021-03-11 18:33:58.0	Ana5 - 5: T.Raum	9999.9
2021-03-11 18:33:58.0	Ana9 - 9: T.Zuluft WRG warm	19.4
2021-03-11 18:34:08.0	Ana1 - 1: T.Au?en	10.1
2021-03-11 18:34:08.0	Ana2 - 2: T.Zuluft	17.0
2021-03-11 18:34:08.0	Ana3 - 3: T.Abluft	20.1
2021-03-11 18:34:08.0	Ana4 - 4: T.Fortluft	14.9
2021-03-11 18:34:08.0	Ana5 - 5: T.Raum	9999.9
2021-03-11 18:34:08.0	Ana9 - 9: T.Zuluft WRG warm	19.4
2021-03-11 18:34:18.0	Ana1 - 1: T.Au?en	10.1
2021-03-11 18:34:18.0	Ana2 - 2: T.Zuluft	17.0
2021-03-11 18:34:18.0	Ana3 - 3: T.Abluft	20.1
2021-03-11 18:34:18.0	Ana4 - 4: T.Fortluft	14.9
2021-03-11 18:34:18.0	Ana5 - 5: T.Raum	9999.9
2021-03-11 18:34:18.0	Ana9 - 9: T.Zuluft WRG warm	19.4
2021-03-11 18:34:28.0	Ana1 - 1: T.Au?en	10.0
2021-03-11 18:34:28.0	Ana2 - 2: T.Zuluft	17.0
2021-03-11 18:34:28.0	Ana3 - 3: T.Abluft	20.1
2021-03-11 18:34:28.0	Ana4 - 4: T.Fortluft	14.9
2021-03-11 18:34:28.0	Ana5 - 5: T.Raum	9999.9
2021-03-11 18:34:28.0	Ana9 - 9: T.Zuluft WRG warm	19.4
2021-03-11 18:34:38.0	Ana1 - 1: T.Au?en	10.0
2021-03-11 18:34:38.0	Ana2 - 2: T.Zuluft	17.0
2021-03-11 18:34:38.0	Ana3 - 3: T.Abluft	20.1
2021-03-11 18:34:38.0	Ana4 - 4: T.Fortluft	14.9
2021-03-11 18:34:38.0	Ana5 - 5: T.Raum	9999.9
2021-03-11 18:34:38.0	Ana9 - 9: T.Zuluft WRG warm	19.4
2021-03-11 18:34:48.0	Ana1 - 1: T.Au?en	10.0
2021-03-11 18:34:48.0	Ana2 - 2: T.Zuluft	17.0
2021-03-11 18:34:48.0	Ana3 - 3: T.Abluft	20.1
2021-03-11 18:34:48.0	Ana4 - 4: T.Fortluft	14.9
2021-03-11 18:34:48.0	Ana5 - 5: T.Raum	9999.9
2021-03-11 18:34:48.0	Ana9 - 9: T.Zuluft WRG warm	19.4
2021-03-11 18:34:58.0	Ana1 - 1: T.Au?en	10.0
2021-03-11 18:34:58.0	Ana2 - 2: T.Zuluft	17.0
2021-03-11 18:34:58.0	Ana3 - 3: T.Abluft	20.1
2021-03-11 18:34:58.0	Ana4 - 4: T.Fortluft	14.9
2021-03-11 18:34:58.0	Ana5 - 5: T.Raum	9999.9
2021-03-11 18:34:58.0	Ana9 - 9: T.Zuluft WRG warm	19.4
2021-03-11 18:35:08.0	Ana1 - 1: T.Au?en	10.0
2021-03-11 18:35:08.0	Ana2 - 2: T.Zuluft	17.0
2021-03-11 18:35:08.0	Ana3 - 3: T.Abluft	20.1
2021-03-11 18:35:08.0	Ana4 - 4: T.Fortluft	14.9
2021-03-11 18:35:08.0	Ana5 - 5: T.Raum	9999.9
2021-03-11 18:35:08.0	Ana9 - 9: T.Zuluft WRG warm	19.4
2021-03-11 18:35:18.0	Ana1 - 1: T.Au?en	10.0
2021-03-11 18:35:18.0	Ana2 - 2: T.Zuluft	17.0
2021-03-11 18:35:18.0	Ana3 - 3: T.Abluft	20.1
2021-03-11 18:35:18.0	Ana4 - 4: T.Fortluft	14.9
2021-03-11 18:35:18.0	Ana5 - 5: T.Raum	9999.9
2021-03-11 18:35:18.0	Ana9 - 9: T.Zuluft WRG warm	19.4
2021-03-11 18:35:28.0	Ana1 - 1: T.Au?en	10.0
2021-03-11 18:35:28.0	Ana2 - 2: T.Zuluft	17.0
2021-03-11 18:35:28.0	Ana3 - 3: T.Abluft	20.1
2021-03-11 18:35:28.0	Ana4 - 4: T.Fortluft	14.9
2021-03-11 18:35:28.0	Ana5 - 5: T.Raum	9999.9
2021-03-11 18:35:28.0	Ana9 - 9: T.Zuluft WRG warm	19.4
2021-03-11 18:35:38.0	Ana1 - 1: T.Au?en	10.0
2021-03-11 18:35:38.0	Ana2 - 2: T.Zuluft	17.0
2021-03-11 18:35:38.0	Ana3 - 3: T.Abluft	20.1
2021-03-11 18:35:38.0	Ana4 - 4: T.Fortluft	14.9
2021-03-11 18:35:38.0	Ana5 - 5: T.Raum	9999.9
2021-03-11 18:35:38.0	Ana9 - 9: T.Zuluft WRG warm	19.4
2021-03-11 18:35:48.0	Ana1 - 1: T.Au?en	10.0
2021-03-11 18:35:48.0	Ana2 - 2: T.Zuluft	17.0
2021-03-11 18:35:48.0	Ana3 - 3: T.Abluft	20.1
2021-03-11 18:35:48.0	Ana4 - 4: T.Fortluft	14.9
2021-03-11 18:35:48.0	Ana5 - 5: T.Raum	9999.9
2021-03-11 18:35:48.0	Ana9 - 9: T.Zuluft WRG warm	19.4
2021-03-11 18:35:58.0	Ana1 - 1: T.Au?en	10.0
2021-03-11 18:35:58.0	Ana2 - 2: T.Zuluft	17.0
2021-03-11 18:35:58.0	Ana3 - 3: T.Abluft	20.1
2021-03-11 18:35:58.0	Ana4 - 4: T.Fortluft	14.9
2021-03-11 18:35:58.0	Ana5 - 5: T.Raum	9999.9
2021-03-11 18:35:58.0	Ana9 - 9: T.Zuluft WRG warm	19.4
2021-03-11 18:36:08.0	Ana1 - 1: T.Au?en	10.0
2021-03-11 18:36:08.0	Ana2 - 2: T.Zuluft	16.9
2021-03-11 18:36:08.0	Ana3 - 3: T.Abluft	20.1
2021-03-11 18:36:08.0	Ana4 - 4: T.Fortluft	14.8
2021-03-11 18:36:08.0	Ana5 - 5: T.Raum	9999.9
2021-03-11 18:36:08.0	Ana9 - 9: T.Zuluft WRG warm	19.4
2021-03-11 18:36:18.0	Ana1 - 1: T.Au?en	10.0
2021-03-11 18:36:18.0	Ana2 - 2: T.Zuluft	17.0
2021-03-11 18:36:18.0	Ana3 - 3: T.Abluft	20.1
2021-03-11 18:36:18.0	Ana4 - 4: T.Fortluft	14.8
2021-03-11 18:36:18.0	Ana5 - 5: T.Raum	9999.9
2021-03-11 18:36:18.0	Ana9 - 9: T.Zuluft WRG warm	19.4
2021-03-11 18:36:28.0	Ana1 - 1: T.Au?en	10.0
2021-03-11 18:36:28.0	Ana2 - 2: T.Zuluft	17.0
2021-03-11 18:36:28.0	Ana3 - 3: T.Abluft	20.1
2021-03-11 18:36:28.0	Ana4 - 4: T.Fortluft	14.8
2021-03-11 18:36:28.0	Ana5 - 5: T.Raum	9999.9
2021-03-11 18:36:28.0	Ana9 - 9: T.Zuluft WRG warm	19.4
2021-03-11 18:36:38.0	Ana1 - 1: T.Au?en	9.9
2021-03-11 18:36:38.0	Ana2 - 2: T.Zuluft	16.9
2021-03-11 18:36:38.0	Ana3 - 3: T.Abluft	20.1
2021-03-11 18:36:38.0	Ana4 - 4: T.Fortluft	14.8
2021-03-11 18:36:38.0	Ana5 - 5: T.Raum	9999.9
2021-03-11 18:36:38.0	Ana9 - 9: T.Zuluft WRG warm	19.4
2021-03-11 18:36:48.0	Ana1 - 1: T.Au?en	9.9
2021-03-11 18:36:48.0	Ana2 - 2: T.Zuluft	16.9
2021-03-11 18:36:48.0	Ana3 - 3: T.Abluft	20.1
2021-03-11 18:36:48.0	Ana4 - 4: T.Fortluft	14.8
2021-03-11 18:36:48.0	Ana5 - 5: T.Raum	9999.9
2021-03-11 18:36:48.0	Ana9 - 9: T.Zuluft WRG warm	19.4
2021-03-11 18:36:58.0	Ana1 - 1: T.Au?en	9.9
2021-03-11 18:36:58.0	Ana2 - 2: T.Zuluft	16.9
2021-03-11 18:36:58.0	Ana3 - 3: T.Abluft	20.1
2021-03-11 18:36:58.0	Ana4 - 4: T.Fortluft	14.8
2021-03-11 18:36:58.0	Ana5 - 5: T.Raum	9999.9
2021-03-11 18:36:58.0	Ana9 - 9: T.Zuluft WRG warm	19.4
2021-03-11 18:37:08.0	Ana1 - 1: T.Au?en	9.9
2021-03-11 18:37:08.0	Ana2 - 2: T.Zuluft	17.0
2021-03-11 18:37:08.0	Ana3 - 3: T.Abluft	20.1
2021-03-11 18:37:08.0	Ana4 - 4: T.Fortluft	14.8
2021-03-11 18:37:08.0	Ana5 - 5: T.Raum	9999.9
2021-03-11 18:37:08.0	Ana9 - 9: T.Zuluft WRG warm	19.4
2021-03-11 18:37:18.0	Ana1 - 1: T.Au?en	10.0
2021-03-11 18:37:18.0	Ana2 - 2: T.Zuluft	17.0
2021-03-11 18:37:18.0	Ana3 - 3: T.Abluft	20.1
2021-03-11 18:37:18.0	Ana4 - 4: T.Fortluft	14.8
2021-03-11 18:37:18.0	Ana5 - 5: T.Raum	9999.9
2021-03-11 18:37:18.0	Ana9 - 9: T.Zuluft WRG warm	19.4
2021-03-11 18:37:28.0	Ana1 - 1: T.Au?en	10.0
2021-03-11 18:37:28.0	Ana2 - 2: T.Zuluft	17.0
2021-03-11 18:37:28.0	Ana3 - 3: T.Abluft	20.1
2021-03-11 18:37:28.0	Ana4 - 4: T.Fortluft	14.8
2021-03-11 18:37:28.0	Ana5 - 5: T.Raum	9999.9
2021-03-11 18:37:28.0	Ana9 - 9: T.Zuluft WRG warm	19.4
2021-03-11 18:37:38.0	Ana1 - 1: T.Au?en	10.0
2021-03-11 18:37:38.0	Ana2 - 2: T.Zuluft	16.9
2021-03-11 18:37:38.0	Ana3 - 3: T.Abluft	20.1
2021-03-11 18:37:38.0	Ana4 - 4: T.Fortluft	14.8
2021-03-11 18:37:38.0	Ana5 - 5: T.Raum	9999.9
2021-03-11 18:37:38.0	Ana9 - 9: T.Zuluft WRG warm	19.4
2021-03-11 18:37:48.0	Ana1 - 1: T.Au?en	10.0
2021-03-11 18:37:48.0	Ana2 - 2: T.Zuluft	16.9
2021-03-11 18:37:48.0	Ana3 - 3: T.Abluft	20.1
2021-03-11 18:37:48.0	Ana4 - 4: T.Fortluft	14.8
2021-03-11 18:37:48.0	Ana5 - 5: T.Raum	9999.9
2021-03-11 18:37:48.0	Ana9 - 9: T.Zuluft WRG warm	19.4
2021-03-11 18:37:58.0	Ana1 - 1: T.Au?en	10.0
2021-03-11 18:37:58.0	Ana2 - 2: T.Zuluft	16.9
2021-03-11 18:37:58.0	Ana3 - 3: T.Abluft	20.1
2021-03-11 18:37:58.0	Ana4 - 4: T.Fortluft	14.8
2021-03-11 18:37:58.0	Ana5 - 5: T.Raum	9999.9
2021-03-11 18:37:58.0	Ana9 - 9: T.Zuluft WRG warm	19.4
2021-03-11 18:38:08.0	Ana1 - 1: T.Au?en	10.0
2021-03-11 18:38:08.0	Ana2 - 2: T.Zuluft	16.9
2021-03-11 18:38:08.0	Ana3 - 3: T.Abluft	20.1
2021-03-11 18:38:08.0	Ana4 - 4: T.Fortluft	14.8
2021-03-11 18:38:08.0	Ana5 - 5: T.Raum	9999.9
2021-03-11 18:38:08.0	Ana9 - 9: T.Zuluft WRG warm	19.4
2021-03-11 18:38:18.0	Ana1 - 1: T.Au?en	10.0
2021-03-11 18:38:18.0	Ana2 - 2: T.Zuluft	16.9
2021-03-11 18:38:18.0	Ana3 - 3: T.Abluft	20.1
2021-03-11 18:38:18.0	Ana4 - 4: T.Fortluft	14.8
2021-03-11 18:38:18.0	Ana5 - 5: T.Raum	9999.9
2021-03-11 18:38:18.0	Ana9 - 9: T.Zuluft WRG warm	19.4
2021-03-11 18:38:28.0	Ana1 - 1: T.Au?en	10.0
2021-03-11 18:38:28.0	Ana2 - 2: T.Zuluft	16.9
2021-03-11 18:38:28.0	Ana3 - 3: T.Abluft	20.1
2021-03-11 18:38:28.0	Ana4 - 4: T.Fortluft	14.8
2021-03-11 18:38:28.0	Ana5 - 5: T.Raum	9999.9
2021-03-11 18:38:28.0	Ana9 - 9: T.Zuluft WRG warm	19.4
2021-03-11 18:38:38.0	Ana1 - 1: T.Au?en	10.0
2021-03-11 18:38:38.0	Ana2 - 2: T.Zuluft	16.9
2021-03-11 18:38:38.0	Ana3 - 3: T.Abluft	20.1
2021-03-11 18:38:38.0	Ana4 - 4: T.Fortluft	14.8
2021-03-11 18:38:38.0	Ana5 - 5: T.Raum	9999.9
2021-03-11 18:38:38.0	Ana9 - 9: T.Zuluft WRG warm	19.4
2021-03-11 18:38:48.0	Ana1 - 1: T.Au?en	10.0
2021-03-11 18:38:48.0	Ana2 - 2: T.Zuluft	16.9
2021-03-11 18:38:48.0	Ana3 - 3: T.Abluft	20.1
2021-03-11 18:38:48.0	Ana4 - 4: T.Fortluft	14.8
2021-03-11 18:38:48.0	Ana5 - 5: T.Raum	9999.9
2021-03-11 18:38:48.0	Ana9 - 9: T.Zuluft WRG warm	19.4
2021-03-11 18:38:58.0	Ana1 - 1: T.Au?en	10.0
2021-03-11 18:38:58.0	Ana2 - 2: T.Zuluft	16.9
2021-03-11 18:38:58.0	Ana3 - 3: T.Abluft	20.1
2021-03-11 18:38:58.0	Ana4 - 4: T.Fortluft	14.8
2021-03-11 18:38:58.0	Ana5 - 5: T.Raum	9999.9
2021-03-11 18:38:58.0	Ana9 - 9: T.Zuluft WRG warm	19.4
2021-03-11 18:39:08.0	Ana1 - 1: T.Au?en	10.0
2021-03-11 18:39:08.0	Ana2 - 2: T.Zuluft	16.9
2021-03-11 18:39:08.0	Ana3 - 3: T.Abluft	20.1
2021-03-11 18:39:08.0	Ana4 - 4: T.Fortluft	14.8
2021-03-11 18:39:08.0	Ana5 - 5: T.Raum	9999.9
2021-03-11 18:39:08.0	Ana9 - 9: T.Zuluft WRG warm	19.4
2021-03-11 18:39:18.0	Ana1 - 1: T.Au?en	10.0
2021-03-11 18:39:18.0	Ana2 - 2: T.Zuluft	16.9
2021-03-11 18:39:18.0	Ana3 - 3: T.Abluft	20.1
2021-03-11 18:39:18.0	Ana4 - 4: T.Fortluft	14.8
2021-03-11 18:39:18.0	Ana5 - 5: T.Raum	9999.9
2021-03-11 18:39:18.0	Ana9 - 9: T.Zuluft WRG warm	19.4
2021-03-11 18:39:28.0	Ana1 - 1: T.Au?en	10.0
2021-03-11 18:39:28.0	Ana2 - 2: T.Zuluft	16.9
2021-03-11 18:39:28.0	Ana3 - 3: T.Abluft	20.1
2021-03-11 18:39:28.0	Ana4 - 4: T.Fortluft	14.8
2021-03-11 18:39:28.0	Ana5 - 5: T.Raum	9999.9
2021-03-11 18:39:28.0	Ana9 - 9: T.Zuluft WRG warm	19.4
2021-03-11 18:39:38.0	Ana1 - 1: T.Au?en	10.0
2021-03-11 18:39:38.0	Ana2 - 2: T.Zuluft	16.9
2021-03-11 18:39:38.0	Ana3 - 3: T.Abluft	20.1
2021-03-11 18:39:38.0	Ana4 - 4: T.Fortluft	14.8
2021-03-11 18:39:38.0	Ana5 - 5: T.Raum	9999.9
2021-03-11 18:39:38.0	Ana9 - 9: T.Zuluft WRG warm	19.4
2021-03-11 18:39:48.0	Ana1 - 1: T.Au?en	10.0
2021-03-11 18:39:48.0	Ana2 - 2: T.Zuluft	16.9
2021-03-11 18:39:48.0	Ana3 - 3: T.Abluft	20.1
2021-03-11 18:39:48.0	Ana4 - 4: T.Fortluft	14.8
2021-03-11 18:39:48.0	Ana5 - 5: T.Raum	9999.9
2021-03-11 18:39:48.0	Ana9 - 9: T.Zuluft WRG warm	19.4
2021-03-11 18:39:58.0	Ana1 - 1: T.Au?en	10.0
2021-03-11 18:39:58.0	Ana2 - 2: T.Zuluft	16.9
2021-03-11 18:39:58.0	Ana3 - 3: T.Abluft	20.1
2021-03-11 18:39:58.0	Ana4 - 4: T.Fortluft	14.8
2021-03-11 18:39:58.0	Ana5 - 5: T.Raum	9999.9
2021-03-11 18:39:58.0	Ana9 - 9: T.Zuluft WRG warm	19.4
2021-03-11 18:40:08.0	Ana1 - 1: T.Au?en	10.0
2021-03-11 18:40:08.0	Ana2 - 2: T.Zuluft	16.9
2021-03-11 18:40:08.0	Ana3 - 3: T.Abluft	20.1
2021-03-11 18:40:08.0	Ana4 - 4: T.Fortluft	14.8
2021-03-11 18:40:08.0	Ana5 - 5: T.Raum	9999.9
2021-03-11 18:40:08.0	Ana9 - 9: T.Zuluft WRG warm	19.4
2021-03-11 18:40:18.0	Ana1 - 1: T.Au?en	10.0
2021-03-11 18:40:18.0	Ana2 - 2: T.Zuluft	16.9
2021-03-11 18:40:18.0	Ana3 - 3: T.Abluft	20.1
2021-03-11 18:40:18.0	Ana4 - 4: T.Fortluft	14.8
2021-03-11 18:40:18.0	Ana5 - 5: T.Raum	9999.9
2021-03-11 18:40:18.0	Ana9 - 9: T.Zuluft WRG warm	19.4
2021-03-11 18:40:28.0	Ana1 - 1: T.Au?en	10.0
2021-03-11 18:40:28.0	Ana2 - 2: T.Zuluft	16.9
2021-03-11 18:40:28.0	Ana3 - 3: T.Abluft	20.1
2021-03-11 18:40:28.0	Ana4 - 4: T.Fortluft	14.8
2021-03-11 18:40:28.0	Ana5 - 5: T.Raum	9999.9
2021-03-11 18:40:28.0	Ana9 - 9: T.Zuluft WRG warm	19.4
2021-03-11 18:40:38.0	Ana1 - 1: T.Au?en	10.0
2021-03-11 18:40:38.0	Ana2 - 2: T.Zuluft	16.9
2021-03-11 18:40:38.0	Ana3 - 3: T.Abluft	20.1
2021-03-11 18:40:38.0	Ana4 - 4: T.Fortluft	14.8
2021-03-11 18:40:38.0	Ana5 - 5: T.Raum	9999.9
2021-03-11 18:40:38.0	Ana9 - 9: T.Zuluft WRG warm	19.4
2021-03-11 18:40:48.0	Ana1 - 1: T.Au?en	10.0
2021-03-11 18:40:48.0	Ana2 - 2: T.Zuluft	16.9
2021-03-11 18:40:48.0	Ana3 - 3: T.Abluft	20.1
2021-03-11 18:40:48.0	Ana4 - 4: T.Fortluft	14.8
2021-03-11 18:40:48.0	Ana5 - 5: T.Raum	9999.9
2021-03-11 18:40:48.0	Ana9 - 9: T.Zuluft WRG warm	19.4
2021-03-11 18:40:58.0	Ana1 - 1: T.Au?en	10.0
2021-03-11 18:40:58.0	Ana2 - 2: T.Zuluft	16.9
2021-03-11 18:40:58.0	Ana3 - 3: T.Abluft	20.1
2021-03-11 18:40:58.0	Ana4 - 4: T.Fortluft	14.7
2021-03-11 18:40:58.0	Ana5 - 5: T.Raum	9999.9
2021-03-11 18:40:58.0	Ana9 - 9: T.Zuluft WRG warm	19.4
2021-03-11 18:41:08.0	Ana1 - 1: T.Au?en	10.0
2021-03-11 18:41:08.0	Ana2 - 2: T.Zuluft	16.9
2021-03-11 18:41:08.0	Ana3 - 3: T.Abluft	20.1
2021-03-11 18:41:08.0	Ana4 - 4: T.Fortluft	14.7
2021-03-11 18:41:08.0	Ana5 - 5: T.Raum	9999.9
2021-03-11 18:41:08.0	Ana9 - 9: T.Zuluft WRG warm	19.4
2021-03-11 18:41:18.0	Ana1 - 1: T.Au?en	10.0
2021-03-11 18:41:18.0	Ana2 - 2: T.Zuluft	16.9
2021-03-11 18:41:18.0	Ana3 - 3: T.Abluft	20.1
2021-03-11 18:41:18.0	Ana4 - 4: T.Fortluft	14.7
2021-03-11 18:41:18.0	Ana5 - 5: T.Raum	9999.9
2021-03-11 18:41:18.0	Ana9 - 9: T.Zuluft WRG warm	19.4
2021-03-11 18:41:28.0	Ana1 - 1: T.Au?en	10.0
2021-03-11 18:41:28.0	Ana2 - 2: T.Zuluft	16.9
2021-03-11 18:41:28.0	Ana3 - 3: T.Abluft	20.1
2021-03-11 18:41:28.0	Ana4 - 4: T.Fortluft	14.7
2021-03-11 18:41:28.0	Ana5 - 5: T.Raum	9999.9
2021-03-11 18:41:28.0	Ana9 - 9: T.Zuluft WRG warm	19.4
2021-03-11 18:41:38.0	Ana1 - 1: T.Au?en	10.0
2021-03-11 18:41:38.0	Ana2 - 2: T.Zuluft	16.9
2021-03-11 18:41:38.0	Ana3 - 3: T.Abluft	20.1
2021-03-11 18:41:38.0	Ana4 - 4: T.Fortluft	14.7
2021-03-11 18:41:38.0	Ana5 - 5: T.Raum	9999.9
2021-03-11 18:41:38.0	Ana9 - 9: T.Zuluft WRG warm	19.4
2021-03-11 18:41:48.0	Ana1 - 1: T.Au?en	10.0
2021-03-11 18:41:48.0	Ana2 - 2: T.Zuluft	16.9
2021-03-11 18:41:48.0	Ana3 - 3: T.Abluft	20.1
2021-03-11 18:41:48.0	Ana4 - 4: T.Fortluft	14.7
2021-03-11 18:41:48.0	Ana5 - 5: T.Raum	9999.9
2021-03-11 18:41:48.0	Ana9 - 9: T.Zuluft WRG warm	19.4
2021-03-11 18:41:58.0	Ana1 - 1: T.Au?en	10.0
2021-03-11 18:41:58.0	Ana2 - 2: T.Zuluft	16.9
2021-03-11 18:41:58.0	Ana3 - 3: T.Abluft	20.1
2021-03-11 18:41:58.0	Ana4 - 4: T.Fortluft	14.7
2021-03-11 18:41:58.0	Ana5 - 5: T.Raum	9999.9
2021-03-11 18:41:58.0	Ana9 - 9: T.Zuluft WRG warm	19.4
2021-03-11 18:42:08.0	Ana1 - 1: T.Au?en	10.0
2021-03-11 18:42:08.0	Ana2 - 2: T.Zuluft	16.9
2021-03-11 18:42:08.0	Ana3 - 3: T.Abluft	20.1
2021-03-11 18:42:08.0	Ana4 - 4: T.Fortluft	14.7
2021-03-11 18:42:08.0	Ana5 - 5: T.Raum	9999.9
2021-03-11 18:42:08.0	Ana9 - 9: T.Zuluft WRG warm	19.4
2021-03-11 18:42:18.0	Ana1 - 1: T.Au?en	10.0
2021-03-11 18:42:18.0	Ana2 - 2: T.Zuluft	16.9
2021-03-11 18:42:18.0	Ana3 - 3: T.Abluft	20.1
2021-03-11 18:42:18.0	Ana4 - 4: T.Fortluft	14.7
2021-03-11 18:42:18.0	Ana5 - 5: T.Raum	9999.9
2021-03-11 18:42:18.0	Ana9 - 9: T.Zuluft WRG warm	19.4
2021-03-11 18:42:28.0	Ana1 - 1: T.Au?en	10.0
2021-03-11 18:42:28.0	Ana2 - 2: T.Zuluft	16.9
2021-03-11 18:42:28.0	Ana3 - 3: T.Abluft	20.1
2021-03-11 18:42:28.0	Ana4 - 4: T.Fortluft	14.7
2021-03-11 18:42:28.0	Ana5 - 5: T.Raum	9999.9
2021-03-11 18:42:28.0	Ana9 - 9: T.Zuluft WRG warm	19.4
2021-03-11 18:42:38.0	Ana1 - 1: T.Au?en	10.0
2021-03-11 18:42:38.0	Ana2 - 2: T.Zuluft	16.9
2021-03-11 18:42:38.0	Ana3 - 3: T.Abluft	20.1
2021-03-11 18:42:38.0	Ana4 - 4: T.Fortluft	14.7
2021-03-11 18:42:38.0	Ana5 - 5: T.Raum	9999.9
2021-03-11 18:42:38.0	Ana9 - 9: T.Zuluft WRG warm	19.4
2021-03-11 18:42:48.0	Ana1 - 1: T.Au?en	10.0
2021-03-11 18:42:48.0	Ana2 - 2: T.Zuluft	16.9
2021-03-11 18:42:48.0	Ana3 - 3: T.Abluft	20.1
2021-03-11 18:42:48.0	Ana4 - 4: T.Fortluft	14.7
2021-03-11 18:42:48.0	Ana5 - 5: T.Raum	9999.9
2021-03-11 18:42:48.0	Ana9 - 9: T.Zuluft WRG warm	19.4
2021-03-11 18:42:58.0	Ana1 - 1: T.Au?en	10.0
2021-03-11 18:42:58.0	Ana2 - 2: T.Zuluft	16.9
2021-03-11 18:42:58.0	Ana3 - 3: T.Abluft	20.1
2021-03-11 18:42:58.0	Ana4 - 4: T.Fortluft	14.7
2021-03-11 18:42:58.0	Ana5 - 5: T.Raum	9999.9
2021-03-11 18:42:58.0	Ana9 - 9: T.Zuluft WRG warm	19.4
2021-03-11 18:43:08.0	Ana1 - 1: T.Au?en	10.0
2021-03-11 18:43:08.0	Ana2 - 2: T.Zuluft	16.9
2021-03-11 18:43:08.0	Ana3 - 3: T.Abluft	20.1
2021-03-11 18:43:08.0	Ana4 - 4: T.Fortluft	14.7
2021-03-11 18:43:08.0	Ana5 - 5: T.Raum	9999.9
2021-03-11 18:43:08.0	Ana9 - 9: T.Zuluft WRG warm	19.4
2021-03-11 18:43:18.0	Ana1 - 1: T.Au?en	10.0
2021-03-11 18:43:18.0	Ana2 - 2: T.Zuluft	16.9
2021-03-11 18:43:18.0	Ana3 - 3: T.Abluft	20.1
2021-03-11 18:43:18.0	Ana4 - 4: T.Fortluft	14.7
2021-03-11 18:43:18.0	Ana5 - 5: T.Raum	9999.9
2021-03-11 18:43:18.0	Ana9 - 9: T.Zuluft WRG warm	19.4
2021-03-11 18:43:28.0	Ana1 - 1: T.Au?en	10.0
2021-03-11 18:43:28.0	Ana2 - 2: T.Zuluft	16.8
2021-03-11 18:43:28.0	Ana3 - 3: T.Abluft	20.1
2021-03-11 18:43:28.0	Ana4 - 4: T.Fortluft	14.7
2021-03-11 18:43:28.0	Ana5 - 5: T.Raum	9999.9
2021-03-11 18:43:28.0	Ana9 - 9: T.Zuluft WRG warm	19.4
2021-03-11 18:43:38.0	Ana1 - 1: T.Au?en	10.0
2021-03-11 18:43:38.0	Ana2 - 2: T.Zuluft	16.9
2021-03-11 18:43:38.0	Ana3 - 3: T.Abluft	20.1
2021-03-11 18:43:38.0	Ana4 - 4: T.Fortluft	14.7
2021-03-11 18:43:38.0	Ana5 - 5: T.Raum	9999.9
2021-03-11 18:43:38.0	Ana9 - 9: T.Zuluft WRG warm	19.4
2021-03-11 18:43:48.0	Ana1 - 1: T.Au?en	10.0
2021-03-11 18:43:48.0	Ana2 - 2: T.Zuluft	16.9
2021-03-11 18:43:48.0	Ana3 - 3: T.Abluft	20.1
2021-03-11 18:43:48.0	Ana4 - 4: T.Fortluft	14.7
2021-03-11 18:43:48.0	Ana5 - 5: T.Raum	9999.9
2021-03-11 18:43:48.0	Ana9 - 9: T.Zuluft WRG warm	19.4
2021-03-11 18:43:58.0	Ana1 - 1: T.Au?en	10.0
2021-03-11 18:43:58.0	Ana2 - 2: T.Zuluft	16.9
2021-03-11 18:43:58.0	Ana3 - 3: T.Abluft	20.1
2021-03-11 18:43:58.0	Ana4 - 4: T.Fortluft	14.7
2021-03-11 18:43:58.0	Ana5 - 5: T.Raum	9999.9
2021-03-11 18:43:58.0	Ana9 - 9: T.Zuluft WRG warm	19.4
2021-03-11 18:44:08.0	Ana1 - 1: T.Au?en	10.0
2021-03-11 18:44:08.0	Ana2 - 2: T.Zuluft	16.8
2021-03-11 18:44:08.0	Ana3 - 3: T.Abluft	20.1
2021-03-11 18:44:08.0	Ana4 - 4: T.Fortluft	14.7
2021-03-11 18:44:08.0	Ana5 - 5: T.Raum	9999.9
2021-03-11 18:44:08.0	Ana9 - 9: T.Zuluft WRG warm	19.4
2021-03-11 18:44:18.0	Ana1 - 1: T.Au?en	9.9
2021-03-11 18:44:18.0	Ana2 - 2: T.Zuluft	16.9
2021-03-11 18:44:18.0	Ana3 - 3: T.Abluft	20.1
2021-03-11 18:44:18.0	Ana4 - 4: T.Fortluft	14.7
2021-03-11 18:44:18.0	Ana5 - 5: T.Raum	9999.9
2021-03-11 18:44:18.0	Ana9 - 9: T.Zuluft WRG warm	19.4
2021-03-11 18:44:28.0	Ana1 - 1: T.Au?en	9.9
2021-03-11 18:44:28.0	Ana2 - 2: T.Zuluft	16.9
2021-03-11 18:44:28.0	Ana3 - 3: T.Abluft	20.1
2021-03-11 18:44:28.0	Ana4 - 4: T.Fortluft	14.7
2021-03-11 18:44:28.0	Ana5 - 5: T.Raum	9999.9
2021-03-11 18:44:28.0	Ana9 - 9: T.Zuluft WRG warm	19.4
2021-03-11 18:44:38.0	Ana1 - 1: T.Au?en	9.9
2021-03-11 18:44:38.0	Ana2 - 2: T.Zuluft	16.9
2021-03-11 18:44:38.0	Ana3 - 3: T.Abluft	20.1
2021-03-11 18:44:38.0	Ana4 - 4: T.Fortluft	14.7
2021-03-11 18:44:38.0	Ana5 - 5: T.Raum	9999.9
2021-03-11 18:44:38.0	Ana9 - 9: T.Zuluft WRG warm	19.4
2021-03-11 18:44:48.0	Ana1 - 1: T.Au?en	9.9
2021-03-11 18:44:48.0	Ana2 - 2: T.Zuluft	16.8
2021-03-11 18:44:48.0	Ana3 - 3: T.Abluft	20.1
2021-03-11 18:44:48.0	Ana4 - 4: T.Fortluft	14.7
2021-03-11 18:44:48.0	Ana5 - 5: T.Raum	9999.9
2021-03-11 18:44:48.0	Ana9 - 9: T.Zuluft WRG warm	19.4
2021-03-11 18:44:58.0	Ana1 - 1: T.Au?en	9.9
2021-03-11 18:44:58.0	Ana2 - 2: T.Zuluft	16.8
2021-03-11 18:44:58.0	Ana3 - 3: T.Abluft	20.1
2021-03-11 18:44:58.0	Ana4 - 4: T.Fortluft	14.7
2021-03-11 18:44:58.0	Ana5 - 5: T.Raum	9999.9
2021-03-11 18:44:58.0	Ana9 - 9: T.Zuluft WRG warm	19.4
2021-03-11 18:45:08.0	Ana1 - 1: T.Au?en	9.9
2021-03-11 18:45:08.0	Ana2 - 2: T.Zuluft	16.8
2021-03-11 18:45:08.0	Ana3 - 3: T.Abluft	20.1
2021-03-11 18:45:08.0	Ana4 - 4: T.Fortluft	14.7
2021-03-11 18:45:08.0	Ana5 - 5: T.Raum	9999.9
2021-03-11 18:45:08.0	Ana9 - 9: T.Zuluft WRG warm	19.4
2021-03-11 18:45:18.0	Ana1 - 1: T.Au?en	9.9
2021-03-11 18:45:18.0	Ana2 - 2: T.Zuluft	16.8
2021-03-11 18:45:18.0	Ana3 - 3: T.Abluft	20.1
2021-03-11 18:45:18.0	Ana4 - 4: T.Fortluft	14.7
2021-03-11 18:45:18.0	Ana5 - 5: T.Raum	9999.9
2021-03-11 18:45:18.0	Ana9 - 9: T.Zuluft WRG warm	19.4
2021-03-11 18:45:28.0	Ana1 - 1: T.Au?en	9.9
2021-03-11 18:45:28.0	Ana2 - 2: T.Zuluft	16.8
2021-03-11 18:45:28.0	Ana3 - 3: T.Abluft	20.1
2021-03-11 18:45:28.0	Ana4 - 4: T.Fortluft	14.7
2021-03-11 18:45:28.0	Ana5 - 5: T.Raum	9999.9
2021-03-11 18:45:28.0	Ana9 - 9: T.Zuluft WRG warm	19.4
2021-03-11 18:45:38.0	Ana1 - 1: T.Au?en	9.9
2021-03-11 18:45:38.0	Ana2 - 2: T.Zuluft	16.8
2021-03-11 18:45:38.0	Ana3 - 3: T.Abluft	20.1
2021-03-11 18:45:38.0	Ana4 - 4: T.Fortluft	14.7
2021-03-11 18:45:38.0	Ana5 - 5: T.Raum	9999.9
2021-03-11 18:45:38.0	Ana9 - 9: T.Zuluft WRG warm	19.4
2021-03-11 18:45:48.0	Ana1 - 1: T.Au?en	9.9
2021-03-11 18:45:48.0	Ana2 - 2: T.Zuluft	16.8
2021-03-11 18:45:48.0	Ana3 - 3: T.Abluft	20.1
2021-03-11 18:45:48.0	Ana4 - 4: T.Fortluft	14.7
2021-03-11 18:45:48.0	Ana5 - 5: T.Raum	9999.9
2021-03-11 18:45:48.0	Ana9 - 9: T.Zuluft WRG warm	19.4
2021-03-11 18:45:58.0	Ana1 - 1: T.Au?en	9.9
2021-03-11 18:45:58.0	Ana2 - 2: T.Zuluft	16.8
2021-03-11 18:45:58.0	Ana3 - 3: T.Abluft	20.1
2021-03-11 18:45:58.0	Ana4 - 4: T.Fortluft	14.6
2021-03-11 18:45:58.0	Ana5 - 5: T.Raum	9999.9
2021-03-11 18:45:58.0	Ana9 - 9: T.Zuluft WRG warm	19.4
2021-03-11 18:46:08.0	Ana1 - 1: T.Au?en	9.9
2021-03-11 18:46:08.0	Ana2 - 2: T.Zuluft	16.8
2021-03-11 18:46:08.0	Ana3 - 3: T.Abluft	20.1
2021-03-11 18:46:08.0	Ana4 - 4: T.Fortluft	14.7
2021-03-11 18:46:08.0	Ana5 - 5: T.Raum	9999.9
2021-03-11 18:46:08.0	Ana9 - 9: T.Zuluft WRG warm	19.4
2021-03-11 18:46:18.0	Ana1 - 1: T.Au?en	9.9
2021-03-11 18:46:18.0	Ana2 - 2: T.Zuluft	16.8
2021-03-11 18:46:18.0	Ana3 - 3: T.Abluft	20.1
2021-03-11 18:46:18.0	Ana4 - 4: T.Fortluft	14.6
2021-03-11 18:46:18.0	Ana5 - 5: T.Raum	9999.9
2021-03-11 18:46:18.0	Ana9 - 9: T.Zuluft WRG warm	19.4
2021-03-11 18:46:28.0	Ana1 - 1: T.Au?en	9.9
2021-03-11 18:46:28.0	Ana2 - 2: T.Zuluft	16.8
2021-03-11 18:46:28.0	Ana3 - 3: T.Abluft	20.1
2021-03-11 18:46:28.0	Ana4 - 4: T.Fortluft	14.6
2021-03-11 18:46:28.0	Ana5 - 5: T.Raum	9999.9
2021-03-11 18:46:28.0	Ana9 - 9: T.Zuluft WRG warm	19.4
2021-03-11 18:46:38.0	Ana1 - 1: T.Au?en	9.9
2021-03-11 18:46:38.0	Ana2 - 2: T.Zuluft	16.8
2021-03-11 18:46:38.0	Ana3 - 3: T.Abluft	20.1
2021-03-11 18:46:38.0	Ana4 - 4: T.Fortluft	14.6
2021-03-11 18:46:38.0	Ana5 - 5: T.Raum	9999.9
2021-03-11 18:46:38.0	Ana9 - 9: T.Zuluft WRG warm	19.4
2021-03-11 18:46:48.0	Ana1 - 1: T.Au?en	9.9
2021-03-11 18:46:48.0	Ana2 - 2: T.Zuluft	16.8
2021-03-11 18:46:48.0	Ana3 - 3: T.Abluft	20.1
2021-03-11 18:46:48.0	Ana4 - 4: T.Fortluft	14.6
2021-03-11 18:46:48.0	Ana5 - 5: T.Raum	9999.9
2021-03-11 18:46:48.0	Ana9 - 9: T.Zuluft WRG warm	19.4
2021-03-11 18:46:58.0	Ana1 - 1: T.Au?en	9.9
2021-03-11 18:46:58.0	Ana2 - 2: T.Zuluft	16.8
2021-03-11 18:46:58.0	Ana3 - 3: T.Abluft	20.1
2021-03-11 18:46:58.0	Ana4 - 4: T.Fortluft	14.6
2021-03-11 18:46:58.0	Ana5 - 5: T.Raum	9999.9
2021-03-11 18:46:58.0	Ana9 - 9: T.Zuluft WRG warm	19.4
2021-03-11 18:47:08.0	Ana1 - 1: T.Au?en	9.9
2021-03-11 18:47:08.0	Ana2 - 2: T.Zuluft	16.8
2021-03-11 18:47:08.0	Ana3 - 3: T.Abluft	20.1
2021-03-11 18:47:08.0	Ana4 - 4: T.Fortluft	14.6
2021-03-11 18:47:08.0	Ana5 - 5: T.Raum	9999.9
2021-03-11 18:47:08.0	Ana9 - 9: T.Zuluft WRG warm	19.4
2021-03-11 18:47:18.0	Ana1 - 1: T.Au?en	9.9
2021-03-11 18:47:18.0	Ana2 - 2: T.Zuluft	16.8
2021-03-11 18:47:18.0	Ana3 - 3: T.Abluft	20.1
2021-03-11 18:47:18.0	Ana4 - 4: T.Fortluft	14.6
2021-03-11 18:47:18.0	Ana5 - 5: T.Raum	9999.9
2021-03-11 18:47:18.0	Ana9 - 9: T.Zuluft WRG warm	19.4
2021-03-11 18:47:28.0	Ana1 - 1: T.Au?en	9.9
2021-03-11 18:47:28.0	Ana2 - 2: T.Zuluft	16.8
2021-03-11 18:47:28.0	Ana3 - 3: T.Abluft	20.1
2021-03-11 18:47:28.0	Ana4 - 4: T.Fortluft	14.6
2021-03-11 18:47:28.0	Ana5 - 5: T.Raum	9999.9
2021-03-11 18:47:28.0	Ana9 - 9: T.Zuluft WRG warm	19.4
2021-03-11 18:47:38.0	Ana1 - 1: T.Au?en	9.9
2021-03-11 18:47:38.0	Ana2 - 2: T.Zuluft	16.8
2021-03-11 18:47:38.0	Ana3 - 3: T.Abluft	20.1
2021-03-11 18:47:38.0	Ana4 - 4: T.Fortluft	14.6
2021-03-11 18:47:38.0	Ana5 - 5: T.Raum	9999.9
2021-03-11 18:47:38.0	Ana9 - 9: T.Zuluft WRG warm	19.4
2021-03-11 18:47:48.0	Ana1 - 1: T.Au?en	9.9
2021-03-11 18:47:48.0	Ana2 - 2: T.Zuluft	16.8
2021-03-11 18:47:48.0	Ana3 - 3: T.Abluft	20.1
2021-03-11 18:47:48.0	Ana4 - 4: T.Fortluft	14.6
2021-03-11 18:47:48.0	Ana5 - 5: T.Raum	9999.9
2021-03-11 18:47:48.0	Ana9 - 9: T.Zuluft WRG warm	19.4
2021-03-11 18:47:58.0	Ana1 - 1: T.Au?en	9.9
2021-03-11 18:47:58.0	Ana2 - 2: T.Zuluft	16.8
2021-03-11 18:47:58.0	Ana3 - 3: T.Abluft	20.1
2021-03-11 18:47:58.0	Ana4 - 4: T.Fortluft	14.6
2021-03-11 18:47:58.0	Ana5 - 5: T.Raum	9999.9
2021-03-11 18:47:58.0	Ana9 - 9: T.Zuluft WRG warm	19.4
2021-03-11 18:48:08.0	Ana1 - 1: T.Au?en	9.9
2021-03-11 18:48:08.0	Ana2 - 2: T.Zuluft	16.8
2021-03-11 18:48:08.0	Ana3 - 3: T.Abluft	20.1
2021-03-11 18:48:08.0	Ana4 - 4: T.Fortluft	14.6
2021-03-11 18:48:08.0	Ana5 - 5: T.Raum	9999.9
2021-03-11 18:48:08.0	Ana9 - 9: T.Zuluft WRG warm	19.4
2021-03-11 18:48:18.0	Ana1 - 1: T.Au?en	9.9
2021-03-11 18:48:18.0	Ana2 - 2: T.Zuluft	16.8
2021-03-11 18:48:18.0	Ana3 - 3: T.Abluft	20.1
2021-03-11 18:48:18.0	Ana4 - 4: T.Fortluft	14.6
2021-03-11 18:48:18.0	Ana5 - 5: T.Raum	9999.9
2021-03-11 18:48:18.0	Ana9 - 9: T.Zuluft WRG warm	19.4
2021-03-11 18:48:28.0	Ana1 - 1: T.Au?en	9.9
2021-03-11 18:48:28.0	Ana2 - 2: T.Zuluft	16.8
2021-03-11 18:48:28.0	Ana3 - 3: T.Abluft	20.1
2021-03-11 18:48:28.0	Ana4 - 4: T.Fortluft	14.6
2021-03-11 18:48:28.0	Ana5 - 5: T.Raum	9999.9
2021-03-11 18:48:28.0	Ana9 - 9: T.Zuluft WRG warm	19.4
2021-03-11 18:48:38.0	Ana1 - 1: T.Au?en	9.9
2021-03-11 18:48:38.0	Ana2 - 2: T.Zuluft	16.8
2021-03-11 18:48:38.0	Ana3 - 3: T.Abluft	20.1
2021-03-11 18:48:38.0	Ana4 - 4: T.Fortluft	14.6
2021-03-11 18:48:38.0	Ana5 - 5: T.Raum	9999.9
2021-03-11 18:48:38.0	Ana9 - 9: T.Zuluft WRG warm	19.4
2021-03-11 18:48:48.0	Ana1 - 1: T.Au?en	9.9
2021-03-11 18:48:48.0	Ana2 - 2: T.Zuluft	16.8
2021-03-11 18:48:48.0	Ana3 - 3: T.Abluft	20.1
2021-03-11 18:48:48.0	Ana4 - 4: T.Fortluft	14.6
2021-03-11 18:48:48.0	Ana5 - 5: T.Raum	9999.9
2021-03-11 18:48:48.0	Ana9 - 9: T.Zuluft WRG warm	19.4
2021-03-11 18:48:58.0	Ana1 - 1: T.Au?en	9.9
2021-03-11 18:48:58.0	Ana2 - 2: T.Zuluft	16.8
2021-03-11 18:48:58.0	Ana3 - 3: T.Abluft	20.1
2021-03-11 18:48:58.0	Ana4 - 4: T.Fortluft	14.6
2021-03-11 18:48:58.0	Ana5 - 5: T.Raum	9999.9
2021-03-11 18:48:58.0	Ana9 - 9: T.Zuluft WRG warm	19.4
2021-03-11 18:49:08.0	Ana1 - 1: T.Au?en	9.9
2021-03-11 18:49:08.0	Ana2 - 2: T.Zuluft	16.8
2021-03-11 18:49:08.0	Ana3 - 3: T.Abluft	20.0
2021-03-11 18:49:08.0	Ana4 - 4: T.Fortluft	14.6
2021-03-11 18:49:08.0	Ana5 - 5: T.Raum	9999.9
2021-03-11 18:49:08.0	Ana9 - 9: T.Zuluft WRG warm	19.4
2021-03-11 18:49:18.0	Ana1 - 1: T.Au?en	9.9
2021-03-11 18:49:18.0	Ana2 - 2: T.Zuluft	16.8
2021-03-11 18:49:18.0	Ana3 - 3: T.Abluft	20.1
2021-03-11 18:49:18.0	Ana4 - 4: T.Fortluft	14.6
2021-03-11 18:49:18.0	Ana5 - 5: T.Raum	9999.9
2021-03-11 18:49:18.0	Ana9 - 9: T.Zuluft WRG warm	19.4
2021-03-11 18:49:28.0	Ana1 - 1: T.Au?en	9.9
2021-03-11 18:49:28.0	Ana2 - 2: T.Zuluft	16.8
2021-03-11 18:49:28.0	Ana3 - 3: T.Abluft	20.1
2021-03-11 18:49:28.0	Ana4 - 4: T.Fortluft	14.6
2021-03-11 18:49:28.0	Ana5 - 5: T.Raum	9999.9
2021-03-11 18:49:28.0	Ana9 - 9: T.Zuluft WRG warm	19.4
2021-03-11 18:49:38.0	Ana1 - 1: T.Au?en	9.9
2021-03-11 18:49:38.0	Ana2 - 2: T.Zuluft	16.8
2021-03-11 18:49:38.0	Ana3 - 3: T.Abluft	20.1
2021-03-11 18:49:38.0	Ana4 - 4: T.Fortluft	14.6
2021-03-11 18:49:38.0	Ana5 - 5: T.Raum	9999.9
2021-03-11 18:49:38.0	Ana9 - 9: T.Zuluft WRG warm	19.4
2021-03-11 18:49:48.0	Ana1 - 1: T.Au?en	9.9
2021-03-11 18:49:48.0	Ana2 - 2: T.Zuluft	16.8
2021-03-11 18:49:48.0	Ana3 - 3: T.Abluft	20.1
2021-03-11 18:49:48.0	Ana4 - 4: T.Fortluft	14.6
2021-03-11 18:49:48.0	Ana5 - 5: T.Raum	9999.9
2021-03-11 18:49:48.0	Ana9 - 9: T.Zuluft WRG warm	19.4
2021-03-11 18:49:58.0	Ana1 - 1: T.Au?en	9.9
2021-03-11 18:49:58.0	Ana2 - 2: T.Zuluft	16.8
2021-03-11 18:49:58.0	Ana3 - 3: T.Abluft	20.1
2021-03-11 18:49:58.0	Ana4 - 4: T.Fortluft	14.6
2021-03-11 18:49:58.0	Ana5 - 5: T.Raum	9999.9
2021-03-11 18:49:58.0	Ana9 - 9: T.Zuluft WRG warm	19.4
2021-03-11 18:50:08.0	Ana1 - 1: T.Au?en	9.9
2021-03-11 18:50:08.0	Ana2 - 2: T.Zuluft	16.8
2021-03-11 18:50:08.0	Ana3 - 3: T.Abluft	20.1
2021-03-11 18:50:08.0	Ana4 - 4: T.Fortluft	14.6
2021-03-11 18:50:08.0	Ana5 - 5: T.Raum	9999.9
2021-03-11 18:50:08.0	Ana9 - 9: T.Zuluft WRG warm	19.4
2021-03-11 18:50:18.0	Ana1 - 1: T.Au?en	9.9
2021-03-11 18:50:18.0	Ana2 - 2: T.Zuluft	16.7
2021-03-11 18:50:18.0	Ana3 - 3: T.Abluft	20.1
2021-03-11 18:50:18.0	Ana4 - 4: T.Fortluft	14.6
2021-03-11 18:50:18.0	Ana5 - 5: T.Raum	9999.9
2021-03-11 18:50:18.0	Ana9 - 9: T.Zuluft WRG warm	19.3
2021-03-11 18:50:28.0	Ana1 - 1: T.Au?en	9.9
2021-03-11 18:50:28.0	Ana2 - 2: T.Zuluft	16.8
2021-03-11 18:50:28.0	Ana3 - 3: T.Abluft	20.0
2021-03-11 18:50:28.0	Ana4 - 4: T.Fortluft	14.6
2021-03-11 18:50:28.0	Ana5 - 5: T.Raum	9999.9
2021-03-11 18:50:28.0	Ana9 - 9: T.Zuluft WRG warm	19.4
2021-03-11 18:50:38.0	Ana1 - 1: T.Au?en	9.9
2021-03-11 18:50:38.0	Ana2 - 2: T.Zuluft	16.8
2021-03-11 18:50:38.0	Ana3 - 3: T.Abluft	20.1
2021-03-11 18:50:38.0	Ana4 - 4: T.Fortluft	14.6
2021-03-11 18:50:38.0	Ana5 - 5: T.Raum	9999.9
2021-03-11 18:50:38.0	Ana9 - 9: T.Zuluft WRG warm	19.4
2021-03-11 18:50:48.0	Ana1 - 1: T.Au?en	9.9
2021-03-11 18:50:48.0	Ana2 - 2: T.Zuluft	16.8
2021-03-11 18:50:48.0	Ana3 - 3: T.Abluft	20.0
2021-03-11 18:50:48.0	Ana4 - 4: T.Fortluft	14.6
2021-03-11 18:50:48.0	Ana5 - 5: T.Raum	9999.9
2021-03-11 18:50:48.0	Ana9 - 9: T.Zuluft WRG warm	19.4
2021-03-11 18:50:58.0	Ana1 - 1: T.Au?en	9.9
2021-03-11 18:50:58.0	Ana2 - 2: T.Zuluft	16.8
2021-03-11 18:50:58.0	Ana3 - 3: T.Abluft	20.1
2021-03-11 18:50:58.0	Ana4 - 4: T.Fortluft	14.6
2021-03-11 18:50:58.0	Ana5 - 5: T.Raum	9999.9
2021-03-11 18:50:58.0	Ana9 - 9: T.Zuluft WRG warm	19.3
2021-03-11 18:51:08.0	Ana1 - 1: T.Au?en	9.9
2021-03-11 18:51:08.0	Ana2 - 2: T.Zuluft	16.8
2021-03-11 18:51:08.0	Ana3 - 3: T.Abluft	20.1
2021-03-11 18:51:08.0	Ana4 - 4: T.Fortluft	14.6
2021-03-11 18:51:08.0	Ana5 - 5: T.Raum	9999.9
2021-03-11 18:51:08.0	Ana9 - 9: T.Zuluft WRG warm	19.3
2021-03-11 18:51:18.0	Ana1 - 1: T.Au?en	9.9
2021-03-11 18:51:18.0	Ana2 - 2: T.Zuluft	16.8
2021-03-11 18:51:18.0	Ana3 - 3: T.Abluft	20.0
2021-03-11 18:51:18.0	Ana4 - 4: T.Fortluft	14.6
2021-03-11 18:51:18.0	Ana5 - 5: T.Raum	9999.9
2021-03-11 18:51:18.0	Ana9 - 9: T.Zuluft WRG warm	19.3
2021-03-11 18:51:28.0	Ana1 - 1: T.Au?en	9.9
2021-03-11 18:51:28.0	Ana2 - 2: T.Zuluft	16.7
2021-03-11 18:51:28.0	Ana3 - 3: T.Abluft	20.1
2021-03-11 18:51:28.0	Ana4 - 4: T.Fortluft	14.6
2021-03-11 18:51:28.0	Ana5 - 5: T.Raum	9999.9
2021-03-11 18:51:28.0	Ana9 - 9: T.Zuluft WRG warm	19.3
2021-03-11 18:51:38.0	Ana1 - 1: T.Au?en	9.9
2021-03-11 18:51:38.0	Ana2 - 2: T.Zuluft	16.7
2021-03-11 18:51:38.0	Ana3 - 3: T.Abluft	20.1
2021-03-11 18:51:38.0	Ana4 - 4: T.Fortluft	14.6
2021-03-11 18:51:38.0	Ana5 - 5: T.Raum	9999.9
2021-03-11 18:51:38.0	Ana9 - 9: T.Zuluft WRG warm	19.3
2021-03-11 18:51:48.0	Ana1 - 1: T.Au?en	9.9
2021-03-11 18:51:48.0	Ana2 - 2: T.Zuluft	16.7
2021-03-11 18:51:48.0	Ana3 - 3: T.Abluft	20.0
2021-03-11 18:51:48.0	Ana4 - 4: T.Fortluft	14.6
2021-03-11 18:51:48.0	Ana5 - 5: T.Raum	9999.9
2021-03-11 18:51:48.0	Ana9 - 9: T.Zuluft WRG warm	19.3
2021-03-11 18:51:58.0	Ana1 - 1: T.Au?en	9.9
2021-03-11 18:51:58.0	Ana2 - 2: T.Zuluft	16.7
2021-03-11 18:51:58.0	Ana3 - 3: T.Abluft	20.0
2021-03-11 18:51:58.0	Ana4 - 4: T.Fortluft	14.6
2021-03-11 18:51:58.0	Ana5 - 5: T.Raum	9999.9
2021-03-11 18:51:58.0	Ana9 - 9: T.Zuluft WRG warm	19.3
2021-03-11 18:52:08.0	Ana1 - 1: T.Au?en	9.9
2021-03-11 18:52:08.0	Ana2 - 2: T.Zuluft	16.7
2021-03-11 18:52:08.0	Ana3 - 3: T.Abluft	20.1
2021-03-11 18:52:08.0	Ana4 - 4: T.Fortluft	14.6
2021-03-11 18:52:08.0	Ana5 - 5: T.Raum	9999.9
2021-03-11 18:52:08.0	Ana9 - 9: T.Zuluft WRG warm	19.3
2021-03-11 18:52:18.0	Ana1 - 1: T.Au?en	9.9
2021-03-11 18:52:18.0	Ana2 - 2: T.Zuluft	16.7
2021-03-11 18:52:18.0	Ana3 - 3: T.Abluft	20.0
2021-03-11 18:52:18.0	Ana4 - 4: T.Fortluft	14.6
2021-03-11 18:52:18.0	Ana5 - 5: T.Raum	9999.9
2021-03-11 18:52:18.0	Ana9 - 9: T.Zuluft WRG warm	19.3
2021-03-11 18:52:28.0	Ana1 - 1: T.Au?en	9.9
2021-03-11 18:52:28.0	Ana2 - 2: T.Zuluft	16.7
2021-03-11 18:52:28.0	Ana3 - 3: T.Abluft	20.0
2021-03-11 18:52:28.0	Ana4 - 4: T.Fortluft	14.6
2021-03-11 18:52:28.0	Ana5 - 5: T.Raum	9999.9
2021-03-11 18:52:28.0	Ana9 - 9: T.Zuluft WRG warm	19.3
2021-03-11 18:52:38.0	Ana1 - 1: T.Au?en	9.9
2021-03-11 18:52:38.0	Ana2 - 2: T.Zuluft	16.7
2021-03-11 18:52:38.0	Ana3 - 3: T.Abluft	20.0
2021-03-11 18:52:38.0	Ana4 - 4: T.Fortluft	14.6
2021-03-11 18:52:38.0	Ana5 - 5: T.Raum	9999.9
2021-03-11 18:52:38.0	Ana9 - 9: T.Zuluft WRG warm	19.3
2021-03-11 18:52:48.0	Ana1 - 1: T.Au?en	9.9
2021-03-11 18:52:48.0	Ana2 - 2: T.Zuluft	16.7
2021-03-11 18:52:48.0	Ana3 - 3: T.Abluft	20.0
2021-03-11 18:52:48.0	Ana4 - 4: T.Fortluft	14.6
2021-03-11 18:52:48.0	Ana5 - 5: T.Raum	9999.9
2021-03-11 18:52:48.0	Ana9 - 9: T.Zuluft WRG warm	19.3
2021-03-11 18:52:58.0	Ana1 - 1: T.Au?en	9.9
2021-03-11 18:52:58.0	Ana2 - 2: T.Zuluft	16.7
2021-03-11 18:52:58.0	Ana3 - 3: T.Abluft	20.0
2021-03-11 18:52:58.0	Ana4 - 4: T.Fortluft	14.6
2021-03-11 18:52:58.0	Ana5 - 5: T.Raum	9999.9
2021-03-11 18:52:58.0	Ana9 - 9: T.Zuluft WRG warm	19.3
2021-03-11 18:53:08.0	Ana1 - 1: T.Au?en	9.9
2021-03-11 18:53:08.0	Ana2 - 2: T.Zuluft	16.7
2021-03-11 18:53:08.0	Ana3 - 3: T.Abluft	20.0
2021-03-11 18:53:08.0	Ana4 - 4: T.Fortluft	14.5
2021-03-11 18:53:08.0	Ana5 - 5: T.Raum	9999.9
2021-03-11 18:53:08.0	Ana9 - 9: T.Zuluft WRG warm	19.3
2021-03-11 18:53:18.0	Ana1 - 1: T.Au?en	9.9
2021-03-11 18:53:18.0	Ana2 - 2: T.Zuluft	16.7
2021-03-11 18:53:18.0	Ana3 - 3: T.Abluft	20.0
2021-03-11 18:53:18.0	Ana4 - 4: T.Fortluft	14.6
2021-03-11 18:53:18.0	Ana5 - 5: T.Raum	9999.9
2021-03-11 18:53:18.0	Ana9 - 9: T.Zuluft WRG warm	19.3
2021-03-11 18:53:28.0	Ana1 - 1: T.Au?en	9.9
2021-03-11 18:53:28.0	Ana2 - 2: T.Zuluft	16.7
2021-03-11 18:53:28.0	Ana3 - 3: T.Abluft	20.0
2021-03-11 18:53:28.0	Ana4 - 4: T.Fortluft	14.5
2021-03-11 18:53:28.0	Ana5 - 5: T.Raum	9999.9
2021-03-11 18:53:28.0	Ana9 - 9: T.Zuluft WRG warm	19.3
2021-03-11 18:53:38.0	Ana1 - 1: T.Au?en	9.9
2021-03-11 18:53:38.0	Ana2 - 2: T.Zuluft	16.7
2021-03-11 18:53:38.0	Ana3 - 3: T.Abluft	20.0
2021-03-11 18:53:38.0	Ana4 - 4: T.Fortluft	14.5
2021-03-11 18:53:38.0	Ana5 - 5: T.Raum	9999.9
2021-03-11 18:53:38.0	Ana9 - 9: T.Zuluft WRG warm	19.3
2021-03-11 18:53:48.0	Ana1 - 1: T.Au?en	9.9
2021-03-11 18:53:48.0	Ana2 - 2: T.Zuluft	16.7
2021-03-11 18:53:48.0	Ana3 - 3: T.Abluft	20.0
2021-03-11 18:53:48.0	Ana4 - 4: T.Fortluft	14.5
2021-03-11 18:53:48.0	Ana5 - 5: T.Raum	9999.9
2021-03-11 18:53:48.0	Ana9 - 9: T.Zuluft WRG warm	19.3
2021-03-11 18:53:58.0	Ana1 - 1: T.Au?en	9.9
2021-03-11 18:53:58.0	Ana2 - 2: T.Zuluft	16.7
2021-03-11 18:53:58.0	Ana3 - 3: T.Abluft	20.0
2021-03-11 18:53:58.0	Ana4 - 4: T.Fortluft	14.5
2021-03-11 18:53:58.0	Ana5 - 5: T.Raum	9999.9
2021-03-11 18:53:58.0	Ana9 - 9: T.Zuluft WRG warm	19.3
2021-03-11 18:54:08.0	Ana1 - 1: T.Au?en	9.9
2021-03-11 18:54:08.0	Ana2 - 2: T.Zuluft	16.7
2021-03-11 18:54:08.0	Ana3 - 3: T.Abluft	20.0
2021-03-11 18:54:08.0	Ana4 - 4: T.Fortluft	14.5
2021-03-11 18:54:08.0	Ana5 - 5: T.Raum	9999.9
2021-03-11 18:54:08.0	Ana9 - 9: T.Zuluft WRG warm	19.3
2021-03-11 18:54:18.0	Ana1 - 1: T.Au?en	9.9
2021-03-11 18:54:18.0	Ana2 - 2: T.Zuluft	16.7
2021-03-11 18:54:18.0	Ana3 - 3: T.Abluft	20.0
2021-03-11 18:54:18.0	Ana4 - 4: T.Fortluft	14.5
2021-03-11 18:54:18.0	Ana5 - 5: T.Raum	9999.9
2021-03-11 18:54:18.0	Ana9 - 9: T.Zuluft WRG warm	19.3
2021-03-11 18:54:28.0	Ana1 - 1: T.Au?en	9.9
2021-03-11 18:54:28.0	Ana2 - 2: T.Zuluft	16.7
2021-03-11 18:54:28.0	Ana3 - 3: T.Abluft	20.0
2021-03-11 18:54:28.0	Ana4 - 4: T.Fortluft	14.5
2021-03-11 18:54:28.0	Ana5 - 5: T.Raum	9999.9
2021-03-11 18:54:28.0	Ana9 - 9: T.Zuluft WRG warm	19.3
2021-03-11 18:54:38.0	Ana1 - 1: T.Au?en	9.9
2021-03-11 18:54:38.0	Ana2 - 2: T.Zuluft	16.7
2021-03-11 18:54:38.0	Ana3 - 3: T.Abluft	20.0
2021-03-11 18:54:38.0	Ana4 - 4: T.Fortluft	14.5
2021-03-11 18:54:38.0	Ana5 - 5: T.Raum	9999.9
2021-03-11 18:54:38.0	Ana9 - 9: T.Zuluft WRG warm	19.3
2021-03-11 18:54:48.0	Ana1 - 1: T.Au?en	9.9
2021-03-11 18:54:48.0	Ana2 - 2: T.Zuluft	16.7
2021-03-11 18:54:48.0	Ana3 - 3: T.Abluft	20.0
2021-03-11 18:54:48.0	Ana4 - 4: T.Fortluft	14.5
2021-03-11 18:54:48.0	Ana5 - 5: T.Raum	9999.9
2021-03-11 18:54:48.0	Ana9 - 9: T.Zuluft WRG warm	19.3
2021-03-11 18:54:58.0	Ana1 - 1: T.Au?en	9.9
2021-03-11 18:54:58.0	Ana2 - 2: T.Zuluft	16.7
2021-03-11 18:54:58.0	Ana3 - 3: T.Abluft	20.0
2021-03-11 18:54:58.0	Ana4 - 4: T.Fortluft	14.5
2021-03-11 18:54:58.0	Ana5 - 5: T.Raum	9999.9
2021-03-11 18:54:58.0	Ana9 - 9: T.Zuluft WRG warm	19.3
2021-03-11 18:55:08.0	Ana1 - 1: T.Au?en	9.9
2021-03-11 18:55:08.0	Ana2 - 2: T.Zuluft	16.7
2021-03-11 18:55:08.0	Ana3 - 3: T.Abluft	20.0
2021-03-11 18:55:08.0	Ana4 - 4: T.Fortluft	14.5
2021-03-11 18:55:08.0	Ana5 - 5: T.Raum	9999.9
2021-03-11 18:55:08.0	Ana9 - 9: T.Zuluft WRG warm	19.3
2021-03-11 18:55:18.0	Ana1 - 1: T.Au?en	9.9
2021-03-11 18:55:18.0	Ana2 - 2: T.Zuluft	16.7
2021-03-11 18:55:18.0	Ana3 - 3: T.Abluft	20.0
2021-03-11 18:55:18.0	Ana4 - 4: T.Fortluft	14.5
2021-03-11 18:55:18.0	Ana5 - 5: T.Raum	9999.9
2021-03-11 18:55:18.0	Ana9 - 9: T.Zuluft WRG warm	19.3
2021-03-11 18:55:28.0	Ana1 - 1: T.Au?en	9.9
2021-03-11 18:55:28.0	Ana2 - 2: T.Zuluft	16.7
2021-03-11 18:55:28.0	Ana3 - 3: T.Abluft	20.0
2021-03-11 18:55:28.0	Ana4 - 4: T.Fortluft	14.5
2021-03-11 18:55:28.0	Ana5 - 5: T.Raum	9999.9
2021-03-11 18:55:28.0	Ana9 - 9: T.Zuluft WRG warm	19.3
2021-03-11 18:55:38.0	Ana1 - 1: T.Au?en	9.9
2021-03-11 18:55:38.0	Ana2 - 2: T.Zuluft	16.7
2021-03-11 18:55:38.0	Ana3 - 3: T.Abluft	20.0
2021-03-11 18:55:38.0	Ana4 - 4: T.Fortluft	14.5
2021-03-11 18:55:38.0	Ana5 - 5: T.Raum	9999.9
2021-03-11 18:55:38.0	Ana9 - 9: T.Zuluft WRG warm	19.3
2021-03-11 18:55:48.0	Ana1 - 1: T.Au?en	9.9
2021-03-11 18:55:48.0	Ana2 - 2: T.Zuluft	16.7
2021-03-11 18:55:48.0	Ana3 - 3: T.Abluft	20.0
2021-03-11 18:55:48.0	Ana4 - 4: T.Fortluft	14.5
2021-03-11 18:55:48.0	Ana5 - 5: T.Raum	9999.9
2021-03-11 18:55:48.0	Ana9 - 9: T.Zuluft WRG warm	19.3
2021-03-11 18:55:58.0	Ana1 - 1: T.Au?en	9.8
2021-03-11 18:55:58.0	Ana2 - 2: T.Zuluft	16.7
2021-03-11 18:55:58.0	Ana3 - 3: T.Abluft	20.0
2021-03-11 18:55:58.0	Ana4 - 4: T.Fortluft	14.5
2021-03-11 18:55:58.0	Ana5 - 5: T.Raum	9999.9
2021-03-11 18:55:58.0	Ana9 - 9: T.Zuluft WRG warm	19.3
2021-03-11 18:56:08.0	Ana1 - 1: T.Au?en	9.8
2021-03-11 18:56:08.0	Ana2 - 2: T.Zuluft	16.7
2021-03-11 18:56:08.0	Ana3 - 3: T.Abluft	20.0
2021-03-11 18:56:08.0	Ana4 - 4: T.Fortluft	14.5
2021-03-11 18:56:08.0	Ana5 - 5: T.Raum	9999.9
2021-03-11 18:56:08.0	Ana9 - 9: T.Zuluft WRG warm	19.3
2021-03-11 18:56:18.0	Ana1 - 1: T.Au?en	9.8
2021-03-11 18:56:18.0	Ana2 - 2: T.Zuluft	16.7
2021-03-11 18:56:18.0	Ana3 - 3: T.Abluft	20.0
2021-03-11 18:56:18.0	Ana4 - 4: T.Fortluft	14.5
2021-03-11 18:56:18.0	Ana5 - 5: T.Raum	9999.9
2021-03-11 18:56:18.0	Ana9 - 9: T.Zuluft WRG warm	19.3
2021-03-11 18:56:28.0	Ana1 - 1: T.Au?en	9.8
2021-03-11 18:56:28.0	Ana2 - 2: T.Zuluft	16.7
2021-03-11 18:56:28.0	Ana3 - 3: T.Abluft	20.0
2021-03-11 18:56:28.0	Ana4 - 4: T.Fortluft	14.5
2021-03-11 18:56:28.0	Ana5 - 5: T.Raum	9999.9
2021-03-11 18:56:28.0	Ana9 - 9: T.Zuluft WRG warm	19.3
2021-03-11 18:56:38.0	Ana1 - 1: T.Au?en	9.8
2021-03-11 18:56:38.0	Ana2 - 2: T.Zuluft	16.7
2021-03-11 18:56:38.0	Ana3 - 3: T.Abluft	20.0
2021-03-11 18:56:38.0	Ana4 - 4: T.Fortluft	14.5
2021-03-11 18:56:38.0	Ana5 - 5: T.Raum	9999.9
2021-03-11 18:56:38.0	Ana9 - 9: T.Zuluft WRG warm	19.3
2021-03-11 18:56:48.0	Ana1 - 1: T.Au?en	9.8
2021-03-11 18:56:48.0	Ana2 - 2: T.Zuluft	16.7
2021-03-11 18:56:48.0	Ana3 - 3: T.Abluft	20.0
2021-03-11 18:56:48.0	Ana4 - 4: T.Fortluft	14.5
2021-03-11 18:56:48.0	Ana5 - 5: T.Raum	9999.9
2021-03-11 18:56:48.0	Ana9 - 9: T.Zuluft WRG warm	19.3
2021-03-11 18:56:58.0	Ana1 - 1: T.Au?en	9.8
2021-03-11 18:56:58.0	Ana2 - 2: T.Zuluft	16.7
2021-03-11 18:56:58.0	Ana3 - 3: T.Abluft	20.0
2021-03-11 18:56:58.0	Ana4 - 4: T.Fortluft	14.5
2021-03-11 18:56:58.0	Ana5 - 5: T.Raum	9999.9
2021-03-11 18:56:58.0	Ana9 - 9: T.Zuluft WRG warm	19.3
2021-03-11 18:57:08.0	Ana1 - 1: T.Au?en	9.8
2021-03-11 18:57:08.0	Ana2 - 2: T.Zuluft	16.7
2021-03-11 18:57:08.0	Ana3 - 3: T.Abluft	20.0
2021-03-11 18:57:08.0	Ana4 - 4: T.Fortluft	14.5
2021-03-11 18:57:08.0	Ana5 - 5: T.Raum	9999.9
2021-03-11 18:57:08.0	Ana9 - 9: T.Zuluft WRG warm	19.3
2021-03-11 18:57:18.0	Ana1 - 1: T.Au?en	9.8
2021-03-11 18:57:18.0	Ana2 - 2: T.Zuluft	16.7
2021-03-11 18:57:18.0	Ana3 - 3: T.Abluft	20.0
2021-03-11 18:57:18.0	Ana4 - 4: T.Fortluft	14.5
2021-03-11 18:57:18.0	Ana5 - 5: T.Raum	9999.9
2021-03-11 18:57:18.0	Ana9 - 9: T.Zuluft WRG warm	19.3
2021-03-11 18:57:28.0	Ana1 - 1: T.Au?en	9.8
2021-03-11 18:57:28.0	Ana2 - 2: T.Zuluft	16.7
2021-03-11 18:57:28.0	Ana3 - 3: T.Abluft	20.0
2021-03-11 18:57:28.0	Ana4 - 4: T.Fortluft	14.5
2021-03-11 18:57:28.0	Ana5 - 5: T.Raum	9999.9
2021-03-11 18:57:28.0	Ana9 - 9: T.Zuluft WRG warm	19.3
2021-03-11 18:57:38.0	Ana1 - 1: T.Au?en	9.8
2021-03-11 18:57:38.0	Ana2 - 2: T.Zuluft	16.7
2021-03-11 18:57:38.0	Ana3 - 3: T.Abluft	20.0
2021-03-11 18:57:38.0	Ana4 - 4: T.Fortluft	14.5
2021-03-11 18:57:38.0	Ana5 - 5: T.Raum	9999.9
2021-03-11 18:57:38.0	Ana9 - 9: T.Zuluft WRG warm	19.3
2021-03-11 18:57:48.0	Ana1 - 1: T.Au?en	9.8
2021-03-11 18:57:48.0	Ana2 - 2: T.Zuluft	16.7
2021-03-11 18:57:48.0	Ana3 - 3: T.Abluft	20.0
2021-03-11 18:57:48.0	Ana4 - 4: T.Fortluft	14.5
2021-03-11 18:57:48.0	Ana5 - 5: T.Raum	9999.9
2021-03-11 18:57:48.0	Ana9 - 9: T.Zuluft WRG warm	19.3
2021-03-11 18:57:58.0	Ana1 - 1: T.Au?en	9.8
2021-03-11 18:57:58.0	Ana2 - 2: T.Zuluft	16.7
2021-03-11 18:57:58.0	Ana3 - 3: T.Abluft	20.0
2021-03-11 18:57:58.0	Ana4 - 4: T.Fortluft	14.5
2021-03-11 18:57:58.0	Ana5 - 5: T.Raum	9999.9
2021-03-11 18:57:58.0	Ana9 - 9: T.Zuluft WRG warm	19.3
2021-03-11 18:58:08.0	Ana1 - 1: T.Au?en	9.8
2021-03-11 18:58:08.0	Ana2 - 2: T.Zuluft	16.7
2021-03-11 18:58:08.0	Ana3 - 3: T.Abluft	20.0
2021-03-11 18:58:08.0	Ana4 - 4: T.Fortluft	14.5
2021-03-11 18:58:08.0	Ana5 - 5: T.Raum	9999.9
2021-03-11 18:58:08.0	Ana9 - 9: T.Zuluft WRG warm	19.3
2021-03-11 18:58:18.0	Ana1 - 1: T.Au?en	9.8
2021-03-11 18:58:18.0	Ana2 - 2: T.Zuluft	16.7
2021-03-11 18:58:18.0	Ana3 - 3: T.Abluft	20.0
2021-03-11 18:58:18.0	Ana4 - 4: T.Fortluft	14.5
2021-03-11 18:58:18.0	Ana5 - 5: T.Raum	9999.9
2021-03-11 18:58:18.0	Ana9 - 9: T.Zuluft WRG warm	19.3
2021-03-11 18:58:28.0	Ana1 - 1: T.Au?en	9.8
2021-03-11 18:58:28.0	Ana2 - 2: T.Zuluft	16.7
2021-03-11 18:58:28.0	Ana3 - 3: T.Abluft	20.0
2021-03-11 18:58:28.0	Ana4 - 4: T.Fortluft	14.5
2021-03-11 18:58:28.0	Ana5 - 5: T.Raum	9999.9
2021-03-11 18:58:28.0	Ana9 - 9: T.Zuluft WRG warm	19.3
2021-03-11 18:58:38.0	Ana1 - 1: T.Au?en	9.8
2021-03-11 18:58:38.0	Ana2 - 2: T.Zuluft	16.7
2021-03-11 18:58:38.0	Ana3 - 3: T.Abluft	20.0
2021-03-11 18:58:38.0	Ana4 - 4: T.Fortluft	14.5
2021-03-11 18:58:38.0	Ana5 - 5: T.Raum	9999.9
2021-03-11 18:58:38.0	Ana9 - 9: T.Zuluft WRG warm	19.3
2021-03-11 18:58:48.0	Ana1 - 1: T.Au?en	9.8
2021-03-11 18:58:48.0	Ana2 - 2: T.Zuluft	16.7
2021-03-11 18:58:48.0	Ana3 - 3: T.Abluft	20.0
2021-03-11 18:58:48.0	Ana4 - 4: T.Fortluft	14.5
2021-03-11 18:58:48.0	Ana5 - 5: T.Raum	9999.9
2021-03-11 18:58:48.0	Ana9 - 9: T.Zuluft WRG warm	19.3
2021-03-11 18:58:58.0	Ana1 - 1: T.Au?en	9.8
2021-03-11 18:58:58.0	Ana2 - 2: T.Zuluft	16.7
2021-03-11 18:58:58.0	Ana3 - 3: T.Abluft	20.0
2021-03-11 18:58:58.0	Ana4 - 4: T.Fortluft	14.5
2021-03-11 18:58:58.0	Ana5 - 5: T.Raum	9999.9
2021-03-11 18:58:58.0	Ana9 - 9: T.Zuluft WRG warm	19.3
2021-03-11 18:59:08.0	Ana1 - 1: T.Au?en	9.8
2021-03-11 18:59:08.0	Ana2 - 2: T.Zuluft	16.7
2021-03-11 18:59:08.0	Ana3 - 3: T.Abluft	20.0
2021-03-11 18:59:08.0	Ana4 - 4: T.Fortluft	14.5
2021-03-11 18:59:08.0	Ana5 - 5: T.Raum	9999.9
2021-03-11 18:59:08.0	Ana9 - 9: T.Zuluft WRG warm	19.3
2021-03-11 18:59:18.0	Ana1 - 1: T.Au?en	9.8
2021-03-11 18:59:18.0	Ana2 - 2: T.Zuluft	16.7
2021-03-11 18:59:18.0	Ana3 - 3: T.Abluft	20.0
2021-03-11 18:59:18.0	Ana4 - 4: T.Fortluft	14.5
2021-03-11 18:59:18.0	Ana5 - 5: T.Raum	9999.9
2021-03-11 18:59:18.0	Ana9 - 9: T.Zuluft WRG warm	19.3
2021-03-11 18:59:28.0	Ana1 - 1: T.Au?en	9.8
2021-03-11 18:59:28.0	Ana2 - 2: T.Zuluft	16.7
2021-03-11 18:59:28.0	Ana3 - 3: T.Abluft	20.0
2021-03-11 18:59:28.0	Ana4 - 4: T.Fortluft	14.5
2021-03-11 18:59:28.0	Ana5 - 5: T.Raum	9999.9
2021-03-11 18:59:28.0	Ana9 - 9: T.Zuluft WRG warm	19.3
2021-03-11 18:59:38.0	Ana1 - 1: T.Au?en	9.8
2021-03-11 18:59:38.0	Ana2 - 2: T.Zuluft	16.6
2021-03-11 18:59:38.0	Ana3 - 3: T.Abluft	20.0
2021-03-11 18:59:38.0	Ana4 - 4: T.Fortluft	14.5
2021-03-11 18:59:38.0	Ana5 - 5: T.Raum	9999.9
2021-03-11 18:59:38.0	Ana9 - 9: T.Zuluft WRG warm	19.3
2021-03-11 18:59:48.0	Ana1 - 1: T.Au?en	9.8
2021-03-11 18:59:48.0	Ana2 - 2: T.Zuluft	16.7
2021-03-11 18:59:48.0	Ana3 - 3: T.Abluft	20.0
2021-03-11 18:59:48.0	Ana4 - 4: T.Fortluft	14.5
2021-03-11 18:59:48.0	Ana5 - 5: T.Raum	9999.9
2021-03-11 18:59:48.0	Ana9 - 9: T.Zuluft WRG warm	19.3
2021-03-11 18:59:58.0	Ana1 - 1: T.Au?en	9.8
2021-03-11 18:59:58.0	Ana2 - 2: T.Zuluft	16.7
2021-03-11 18:59:58.0	Ana3 - 3: T.Abluft	20.0
2021-03-11 18:59:58.0	Ana4 - 4: T.Fortluft	14.5
2021-03-11 18:59:58.0	Ana5 - 5: T.Raum	9999.9
2021-03-11 18:59:58.0	Ana9 - 9: T.Zuluft WRG warm	19.3
2021-03-11 19:00:08.0	Ana1 - 1: T.Au?en	9.8
2021-03-11 19:00:08.0	Ana2 - 2: T.Zuluft	16.7
2021-03-11 19:00:08.0	Ana3 - 3: T.Abluft	20.0
2021-03-11 19:00:08.0	Ana4 - 4: T.Fortluft	14.5
2021-03-11 19:00:08.0	Ana5 - 5: T.Raum	9999.9
2021-03-11 19:00:08.0	Ana9 - 9: T.Zuluft WRG warm	19.3
2021-03-11 19:00:18.0	Ana1 - 1: T.Au?en	9.8
2021-03-11 19:00:18.0	Ana2 - 2: T.Zuluft	16.6
2021-03-11 19:00:18.0	Ana3 - 3: T.Abluft	20.0
2021-03-11 19:00:18.0	Ana4 - 4: T.Fortluft	14.5
2021-03-11 19:00:18.0	Ana5 - 5: T.Raum	9999.9
2021-03-11 19:00:18.0	Ana9 - 9: T.Zuluft WRG warm	19.3
2021-03-11 19:00:28.0	Ana1 - 1: T.Au?en	9.8
2021-03-11 19:00:28.0	Ana2 - 2: T.Zuluft	16.6
2021-03-11 19:00:28.0	Ana3 - 3: T.Abluft	20.0
2021-03-11 19:00:28.0	Ana4 - 4: T.Fortluft	14.5
2021-03-11 19:00:28.0	Ana5 - 5: T.Raum	9999.9
2021-03-11 19:00:28.0	Ana9 - 9: T.Zuluft WRG warm	19.3
2021-03-11 19:00:38.0	Ana1 - 1: T.Au?en	9.8
2021-03-11 19:00:38.0	Ana2 - 2: T.Zuluft	16.6
2021-03-11 19:00:38.0	Ana3 - 3: T.Abluft	20.0
2021-03-11 19:00:38.0	Ana4 - 4: T.Fortluft	14.5
2021-03-11 19:00:38.0	Ana5 - 5: T.Raum	9999.9
2021-03-11 19:00:38.0	Ana9 - 9: T.Zuluft WRG warm	19.3
2021-03-11 19:00:48.0	Ana1 - 1: T.Au?en	9.8
2021-03-11 19:00:48.0	Ana2 - 2: T.Zuluft	16.6
2021-03-11 19:00:48.0	Ana3 - 3: T.Abluft	20.0
2021-03-11 19:00:48.0	Ana4 - 4: T.Fortluft	14.5
2021-03-11 19:00:48.0	Ana5 - 5: T.Raum	9999.9
2021-03-11 19:00:48.0	Ana9 - 9: T.Zuluft WRG warm	19.3
2021-03-11 19:00:58.0	Ana1 - 1: T.Au?en	9.7
2021-03-11 19:00:58.0	Ana2 - 2: T.Zuluft	16.6
2021-03-11 19:00:58.0	Ana3 - 3: T.Abluft	20.0
2021-03-11 19:00:58.0	Ana4 - 4: T.Fortluft	14.5
2021-03-11 19:00:58.0	Ana5 - 5: T.Raum	9999.9
2021-03-11 19:00:58.0	Ana9 - 9: T.Zuluft WRG warm	19.3
2021-03-11 19:01:08.0	Ana1 - 1: T.Au?en	9.7
2021-03-11 19:01:08.0	Ana2 - 2: T.Zuluft	16.6
2021-03-11 19:01:08.0	Ana3 - 3: T.Abluft	20.0
2021-03-11 19:01:08.0	Ana4 - 4: T.Fortluft	14.5
2021-03-11 19:01:08.0	Ana5 - 5: T.Raum	9999.9
2021-03-11 19:01:08.0	Ana9 - 9: T.Zuluft WRG warm	19.3
2021-03-11 19:01:18.0	Ana1 - 1: T.Au?en	9.7
2021-03-11 19:01:18.0	Ana2 - 2: T.Zuluft	16.6
2021-03-11 19:01:18.0	Ana3 - 3: T.Abluft	20.0
2021-03-11 19:01:18.0	Ana4 - 4: T.Fortluft	14.5
2021-03-11 19:01:18.0	Ana5 - 5: T.Raum	9999.9
2021-03-11 19:01:18.0	Ana9 - 9: T.Zuluft WRG warm	19.3
2021-03-11 19:01:28.0	Ana1 - 1: T.Au?en	9.7
2021-03-11 19:01:28.0	Ana2 - 2: T.Zuluft	16.6
2021-03-11 19:01:28.0	Ana3 - 3: T.Abluft	20.0
2021-03-11 19:01:28.0	Ana4 - 4: T.Fortluft	14.5
2021-03-11 19:01:28.0	Ana5 - 5: T.Raum	9999.9
2021-03-11 19:01:28.0	Ana9 - 9: T.Zuluft WRG warm	19.3
2021-03-11 19:01:38.0	Ana1 - 1: T.Au?en	9.7
2021-03-11 19:01:38.0	Ana2 - 2: T.Zuluft	16.6
2021-03-11 19:01:38.0	Ana3 - 3: T.Abluft	20.0
2021-03-11 19:01:38.0	Ana4 - 4: T.Fortluft	14.5
2021-03-11 19:01:38.0	Ana5 - 5: T.Raum	9999.9
2021-03-11 19:01:38.0	Ana9 - 9: T.Zuluft WRG warm	19.3
2021-03-11 19:01:48.0	Ana1 - 1: T.Au?en	9.7
2021-03-11 19:01:48.0	Ana2 - 2: T.Zuluft	16.6
2021-03-11 19:01:48.0	Ana3 - 3: T.Abluft	20.0
2021-03-11 19:01:48.0	Ana4 - 4: T.Fortluft	14.5
2021-03-11 19:01:48.0	Ana5 - 5: T.Raum	9999.9
2021-03-11 19:01:48.0	Ana9 - 9: T.Zuluft WRG warm	19.3
2021-03-11 19:01:58.0	Ana1 - 1: T.Au?en	9.7
2021-03-11 19:01:58.0	Ana2 - 2: T.Zuluft	16.6
2021-03-11 19:01:58.0	Ana3 - 3: T.Abluft	20.0
2021-03-11 19:01:58.0	Ana4 - 4: T.Fortluft	14.4
2021-03-11 19:01:58.0	Ana5 - 5: T.Raum	9999.9
2021-03-11 19:01:58.0	Ana9 - 9: T.Zuluft WRG warm	19.3
2021-03-11 19:02:08.0	Ana1 - 1: T.Au?en	9.7
2021-03-11 19:02:08.0	Ana2 - 2: T.Zuluft	16.6
2021-03-11 19:02:08.0	Ana3 - 3: T.Abluft	20.0
2021-03-11 19:02:08.0	Ana4 - 4: T.Fortluft	14.4
2021-03-11 19:02:08.0	Ana5 - 5: T.Raum	9999.9
2021-03-11 19:02:08.0	Ana9 - 9: T.Zuluft WRG warm	19.3
2021-03-11 19:02:18.0	Ana1 - 1: T.Au?en	9.7
2021-03-11 19:02:18.0	Ana2 - 2: T.Zuluft	16.6
2021-03-11 19:02:18.0	Ana3 - 3: T.Abluft	20.0
2021-03-11 19:02:18.0	Ana4 - 4: T.Fortluft	14.4
2021-03-11 19:02:18.0	Ana5 - 5: T.Raum	9999.9
2021-03-11 19:02:18.0	Ana9 - 9: T.Zuluft WRG warm	19.3
2021-03-11 19:02:28.0	Ana1 - 1: T.Au?en	9.7
2021-03-11 19:02:28.0	Ana2 - 2: T.Zuluft	16.6
2021-03-11 19:02:28.0	Ana3 - 3: T.Abluft	20.0
2021-03-11 19:02:28.0	Ana4 - 4: T.Fortluft	14.4
2021-03-11 19:02:28.0	Ana5 - 5: T.Raum	9999.9
2021-03-11 19:02:28.0	Ana9 - 9: T.Zuluft WRG warm	19.3
2021-03-11 19:02:38.0	Ana1 - 1: T.Au?en	9.7
2021-03-11 19:02:38.0	Ana2 - 2: T.Zuluft	16.6
2021-03-11 19:02:38.0	Ana3 - 3: T.Abluft	20.0
2021-03-11 19:02:38.0	Ana4 - 4: T.Fortluft	14.4
2021-03-11 19:02:38.0	Ana5 - 5: T.Raum	9999.9
2021-03-11 19:02:38.0	Ana9 - 9: T.Zuluft WRG warm	19.3
2021-03-11 19:02:48.0	Ana1 - 1: T.Au?en	9.8
2021-03-11 19:02:48.0	Ana2 - 2: T.Zuluft	16.6
2021-03-11 19:02:48.0	Ana3 - 3: T.Abluft	20.0
2021-03-11 19:02:48.0	Ana4 - 4: T.Fortluft	14.4
2021-03-11 19:02:48.0	Ana5 - 5: T.Raum	9999.9
2021-03-11 19:02:48.0	Ana9 - 9: T.Zuluft WRG warm	19.3
2021-03-11 19:02:58.0	Ana1 - 1: T.Au?en	9.8
2021-03-11 19:02:58.0	Ana2 - 2: T.Zuluft	16.6
2021-03-11 19:02:58.0	Ana3 - 3: T.Abluft	20.0
2021-03-11 19:02:58.0	Ana4 - 4: T.Fortluft	14.4
2021-03-11 19:02:58.0	Ana5 - 5: T.Raum	9999.9
2021-03-11 19:02:58.0	Ana9 - 9: T.Zuluft WRG warm	19.3
2021-03-11 19:03:08.0	Ana1 - 1: T.Au?en	9.8
2021-03-11 19:03:08.0	Ana2 - 2: T.Zuluft	16.6
2021-03-11 19:03:08.0	Ana3 - 3: T.Abluft	20.0
2021-03-11 19:03:08.0	Ana4 - 4: T.Fortluft	14.4
2021-03-11 19:03:08.0	Ana5 - 5: T.Raum	9999.9
2021-03-11 19:03:08.0	Ana9 - 9: T.Zuluft WRG warm	19.3
2021-03-11 19:03:18.0	Ana1 - 1: T.Au?en	9.8
2021-03-11 19:03:18.0	Ana2 - 2: T.Zuluft	16.6
2021-03-11 19:03:18.0	Ana3 - 3: T.Abluft	20.0
2021-03-11 19:03:18.0	Ana4 - 4: T.Fortluft	14.4
2021-03-11 19:03:18.0	Ana5 - 5: T.Raum	9999.9
2021-03-11 19:03:18.0	Ana9 - 9: T.Zuluft WRG warm	19.3
2021-03-11 19:03:28.0	Ana1 - 1: T.Au?en	9.8
2021-03-11 19:03:28.0	Ana2 - 2: T.Zuluft	16.6
2021-03-11 19:03:28.0	Ana3 - 3: T.Abluft	20.0
2021-03-11 19:03:28.0	Ana4 - 4: T.Fortluft	14.4
2021-03-11 19:03:28.0	Ana5 - 5: T.Raum	9999.9
2021-03-11 19:03:28.0	Ana9 - 9: T.Zuluft WRG warm	19.3
2021-03-11 19:03:38.0	Ana1 - 1: T.Au?en	9.8
2021-03-11 19:03:38.0	Ana2 - 2: T.Zuluft	16.6
2021-03-11 19:03:38.0	Ana3 - 3: T.Abluft	20.0
2021-03-11 19:03:38.0	Ana4 - 4: T.Fortluft	14.4
2021-03-11 19:03:38.0	Ana5 - 5: T.Raum	9999.9
2021-03-11 19:03:38.0	Ana9 - 9: T.Zuluft WRG warm	19.3
2021-03-11 19:03:48.0	Ana1 - 1: T.Au?en	9.8
2021-03-11 19:03:48.0	Ana2 - 2: T.Zuluft	16.6
2021-03-11 19:03:48.0	Ana3 - 3: T.Abluft	20.0
2021-03-11 19:03:48.0	Ana4 - 4: T.Fortluft	14.4
2021-03-11 19:03:48.0	Ana5 - 5: T.Raum	9999.9
2021-03-11 19:03:48.0	Ana9 - 9: T.Zuluft WRG warm	19.3
2021-03-11 19:03:58.0	Ana1 - 1: T.Au?en	9.8
2021-03-11 19:03:58.0	Ana2 - 2: T.Zuluft	16.6
2021-03-11 19:03:58.0	Ana3 - 3: T.Abluft	20.0
2021-03-11 19:03:58.0	Ana4 - 4: T.Fortluft	14.4
2021-03-11 19:03:58.0	Ana5 - 5: T.Raum	9999.9
2021-03-11 19:03:58.0	Ana9 - 9: T.Zuluft WRG warm	19.3
2021-03-11 19:04:08.0	Ana1 - 1: T.Au?en	9.7
2021-03-11 19:04:08.0	Ana2 - 2: T.Zuluft	16.6
2021-03-11 19:04:08.0	Ana3 - 3: T.Abluft	20.0
2021-03-11 19:04:08.0	Ana4 - 4: T.Fortluft	14.4
2021-03-11 19:04:08.0	Ana5 - 5: T.Raum	9999.9
2021-03-11 19:04:08.0	Ana9 - 9: T.Zuluft WRG warm	19.3
2021-03-11 19:04:18.0	Ana1 - 1: T.Au?en	9.7
2021-03-11 19:04:18.0	Ana2 - 2: T.Zuluft	16.6
2021-03-11 19:04:18.0	Ana3 - 3: T.Abluft	20.0
2021-03-11 19:04:18.0	Ana4 - 4: T.Fortluft	14.4
2021-03-11 19:04:18.0	Ana5 - 5: T.Raum	9999.9
2021-03-11 19:04:18.0	Ana9 - 9: T.Zuluft WRG warm	19.3
2021-03-11 19:04:28.0	Ana1 - 1: T.Au?en	9.7
2021-03-11 19:04:28.0	Ana2 - 2: T.Zuluft	16.6
2021-03-11 19:04:28.0	Ana3 - 3: T.Abluft	20.0
2021-03-11 19:04:28.0	Ana4 - 4: T.Fortluft	14.4
2021-03-11 19:04:28.0	Ana5 - 5: T.Raum	9999.9
2021-03-11 19:04:28.0	Ana9 - 9: T.Zuluft WRG warm	19.3
2021-03-11 19:04:38.0	Ana1 - 1: T.Au?en	9.7
2021-03-11 19:04:38.0	Ana2 - 2: T.Zuluft	16.6
2021-03-11 19:04:38.0	Ana3 - 3: T.Abluft	20.0
2021-03-11 19:04:38.0	Ana4 - 4: T.Fortluft	14.4
2021-03-11 19:04:38.0	Ana5 - 5: T.Raum	9999.9
2021-03-11 19:04:38.0	Ana9 - 9: T.Zuluft WRG warm	19.3
2021-03-11 19:04:48.0	Ana1 - 1: T.Au?en	9.7
2021-03-11 19:04:48.0	Ana2 - 2: T.Zuluft	16.6
2021-03-11 19:04:48.0	Ana3 - 3: T.Abluft	20.0
2021-03-11 19:04:48.0	Ana4 - 4: T.Fortluft	14.4
2021-03-11 19:04:48.0	Ana5 - 5: T.Raum	9999.9
2021-03-11 19:04:48.0	Ana9 - 9: T.Zuluft WRG warm	19.3
2021-03-11 19:04:58.0	Ana1 - 1: T.Au?en	9.7
2021-03-11 19:04:58.0	Ana2 - 2: T.Zuluft	16.6
2021-03-11 19:04:58.0	Ana3 - 3: T.Abluft	20.0
2021-03-11 19:04:58.0	Ana4 - 4: T.Fortluft	14.4
2021-03-11 19:04:58.0	Ana5 - 5: T.Raum	9999.9
2021-03-11 19:04:58.0	Ana9 - 9: T.Zuluft WRG warm	19.3
2021-03-11 19:05:08.0	Ana1 - 1: T.Au?en	9.7
2021-03-11 19:05:08.0	Ana2 - 2: T.Zuluft	16.6
2021-03-11 19:05:08.0	Ana3 - 3: T.Abluft	20.0
2021-03-11 19:05:08.0	Ana4 - 4: T.Fortluft	14.4
2021-03-11 19:05:08.0	Ana5 - 5: T.Raum	9999.9
2021-03-11 19:05:08.0	Ana9 - 9: T.Zuluft WRG warm	19.3
2021-03-11 19:05:18.0	Ana1 - 1: T.Au?en	9.7
2021-03-11 19:05:18.0	Ana2 - 2: T.Zuluft	16.6
2021-03-11 19:05:18.0	Ana3 - 3: T.Abluft	20.0
2021-03-11 19:05:18.0	Ana4 - 4: T.Fortluft	14.4
2021-03-11 19:05:18.0	Ana5 - 5: T.Raum	9999.9
2021-03-11 19:05:18.0	Ana9 - 9: T.Zuluft WRG warm	19.3
2021-03-11 19:05:28.0	Ana1 - 1: T.Au?en	9.7
2021-03-11 19:05:28.0	Ana2 - 2: T.Zuluft	16.6
2021-03-11 19:05:28.0	Ana3 - 3: T.Abluft	20.0
2021-03-11 19:05:28.0	Ana4 - 4: T.Fortluft	14.4
2021-03-11 19:05:28.0	Ana5 - 5: T.Raum	9999.9
2021-03-11 19:05:28.0	Ana9 - 9: T.Zuluft WRG warm	19.3
2021-03-11 19:05:38.0	Ana1 - 1: T.Au?en	9.7
2021-03-11 19:05:38.0	Ana2 - 2: T.Zuluft	16.6
2021-03-11 19:05:38.0	Ana3 - 3: T.Abluft	20.0
2021-03-11 19:05:38.0	Ana4 - 4: T.Fortluft	14.4
2021-03-11 19:05:38.0	Ana5 - 5: T.Raum	9999.9
2021-03-11 19:05:38.0	Ana9 - 9: T.Zuluft WRG warm	19.3
2021-03-11 19:05:48.0	Ana1 - 1: T.Au?en	9.7
2021-03-11 19:05:48.0	Ana2 - 2: T.Zuluft	16.6
2021-03-11 19:05:48.0	Ana3 - 3: T.Abluft	20.0
2021-03-11 19:05:48.0	Ana4 - 4: T.Fortluft	14.4
2021-03-11 19:05:48.0	Ana5 - 5: T.Raum	9999.9
2021-03-11 19:05:48.0	Ana9 - 9: T.Zuluft WRG warm	19.3
2021-03-11 19:05:58.0	Ana1 - 1: T.Au?en	9.7
2021-03-11 19:05:58.0	Ana2 - 2: T.Zuluft	16.6
2021-03-11 19:05:58.0	Ana3 - 3: T.Abluft	20.0
2021-03-11 19:05:58.0	Ana4 - 4: T.Fortluft	14.4
2021-03-11 19:05:58.0	Ana5 - 5: T.Raum	9999.9
2021-03-11 19:05:58.0	Ana9 - 9: T.Zuluft WRG warm	19.3
2021-03-11 19:06:08.0	Ana1 - 1: T.Au?en	9.7
2021-03-11 19:06:08.0	Ana2 - 2: T.Zuluft	16.6
2021-03-11 19:06:08.0	Ana3 - 3: T.Abluft	20.0
2021-03-11 19:06:08.0	Ana4 - 4: T.Fortluft	14.4
2021-03-11 19:06:08.0	Ana5 - 5: T.Raum	9999.9
2021-03-11 19:06:08.0	Ana9 - 9: T.Zuluft WRG warm	19.3
2021-03-11 19:06:18.0	Ana1 - 1: T.Au?en	9.7
2021-03-11 19:06:18.0	Ana2 - 2: T.Zuluft	16.6
2021-03-11 19:06:18.0	Ana3 - 3: T.Abluft	20.0
2021-03-11 19:06:18.0	Ana4 - 4: T.Fortluft	14.4
2021-03-11 19:06:18.0	Ana5 - 5: T.Raum	9999.9
2021-03-11 19:06:18.0	Ana9 - 9: T.Zuluft WRG warm	19.3
2021-03-11 19:06:28.0	Ana1 - 1: T.Au?en	9.7
2021-03-11 19:06:28.0	Ana2 - 2: T.Zuluft	16.6
2021-03-11 19:06:28.0	Ana3 - 3: T.Abluft	20.0
2021-03-11 19:06:28.0	Ana4 - 4: T.Fortluft	14.4
2021-03-11 19:06:28.0	Ana5 - 5: T.Raum	9999.9
2021-03-11 19:06:28.0	Ana9 - 9: T.Zuluft WRG warm	19.3
2021-03-11 19:06:38.0	Ana1 - 1: T.Au?en	9.7
2021-03-11 19:06:38.0	Ana2 - 2: T.Zuluft	16.6
2021-03-11 19:06:38.0	Ana3 - 3: T.Abluft	20.0
2021-03-11 19:06:38.0	Ana4 - 4: T.Fortluft	14.4
2021-03-11 19:06:38.0	Ana5 - 5: T.Raum	9999.9
2021-03-11 19:06:38.0	Ana9 - 9: T.Zuluft WRG warm	19.3
2021-03-11 19:06:48.0	Ana1 - 1: T.Au?en	9.7
2021-03-11 19:06:48.0	Ana2 - 2: T.Zuluft	16.6
2021-03-11 19:06:48.0	Ana3 - 3: T.Abluft	20.0
2021-03-11 19:06:48.0	Ana4 - 4: T.Fortluft	14.4
2021-03-11 19:06:48.0	Ana5 - 5: T.Raum	9999.9
2021-03-11 19:06:48.0	Ana9 - 9: T.Zuluft WRG warm	19.3
2021-03-11 19:06:58.0	Ana1 - 1: T.Au?en	9.7
2021-03-11 19:06:58.0	Ana2 - 2: T.Zuluft	16.6
2021-03-11 19:06:58.0	Ana3 - 3: T.Abluft	20.0
2021-03-11 19:06:58.0	Ana4 - 4: T.Fortluft	14.4
2021-03-11 19:06:58.0	Ana5 - 5: T.Raum	9999.9
2021-03-11 19:06:58.0	Ana9 - 9: T.Zuluft WRG warm	19.3
2021-03-11 19:07:08.0	Ana1 - 1: T.Au?en	9.7
2021-03-11 19:07:08.0	Ana2 - 2: T.Zuluft	16.6
2021-03-11 19:07:08.0	Ana3 - 3: T.Abluft	20.0
2021-03-11 19:07:08.0	Ana4 - 4: T.Fortluft	14.4
2021-03-11 19:07:08.0	Ana5 - 5: T.Raum	9999.9
2021-03-11 19:07:08.0	Ana9 - 9: T.Zuluft WRG warm	19.3
2021-03-11 19:07:18.0	Ana1 - 1: T.Au?en	9.7
2021-03-11 19:07:18.0	Ana2 - 2: T.Zuluft	16.6
2021-03-11 19:07:18.0	Ana3 - 3: T.Abluft	20.0
2021-03-11 19:07:18.0	Ana4 - 4: T.Fortluft	14.4
2021-03-11 19:07:18.0	Ana5 - 5: T.Raum	9999.9
2021-03-11 19:07:18.0	Ana9 - 9: T.Zuluft WRG warm	19.3
2021-03-11 19:07:28.0	Ana1 - 1: T.Au?en	9.7
2021-03-11 19:07:28.0	Ana2 - 2: T.Zuluft	16.5
2021-03-11 19:07:28.0	Ana3 - 3: T.Abluft	20.0
2021-03-11 19:07:28.0	Ana4 - 4: T.Fortluft	14.4
2021-03-11 19:07:28.0	Ana5 - 5: T.Raum	9999.9
2021-03-11 19:07:28.0	Ana9 - 9: T.Zuluft WRG warm	19.3
2021-03-11 19:07:38.0	Ana1 - 1: T.Au?en	9.7
2021-03-11 19:07:38.0	Ana2 - 2: T.Zuluft	16.5
2021-03-11 19:07:38.0	Ana3 - 3: T.Abluft	20.0
2021-03-11 19:07:38.0	Ana4 - 4: T.Fortluft	14.4
2021-03-11 19:07:38.0	Ana5 - 5: T.Raum	9999.9
2021-03-11 19:07:38.0	Ana9 - 9: T.Zuluft WRG warm	19.3
2021-03-11 19:07:48.0	Ana1 - 1: T.Au?en	9.7
2021-03-11 19:07:48.0	Ana2 - 2: T.Zuluft	16.6
2021-03-11 19:07:48.0	Ana3 - 3: T.Abluft	20.0
2021-03-11 19:07:48.0	Ana4 - 4: T.Fortluft	14.4
2021-03-11 19:07:48.0	Ana5 - 5: T.Raum	9999.9
2021-03-11 19:07:48.0	Ana9 - 9: T.Zuluft WRG warm	19.3
2021-03-11 19:07:58.0	Ana1 - 1: T.Au?en	9.7
2021-03-11 19:07:58.0	Ana2 - 2: T.Zuluft	16.6
2021-03-11 19:07:58.0	Ana3 - 3: T.Abluft	20.0
2021-03-11 19:07:58.0	Ana4 - 4: T.Fortluft	14.4
2021-03-11 19:07:58.0	Ana5 - 5: T.Raum	9999.9
2021-03-11 19:07:58.0	Ana9 - 9: T.Zuluft WRG warm	19.3
2021-03-11 19:08:08.0	Ana1 - 1: T.Au?en	9.7
2021-03-11 19:08:08.0	Ana2 - 2: T.Zuluft	16.6
2021-03-11 19:08:08.0	Ana3 - 3: T.Abluft	20.0
2021-03-11 19:08:08.0	Ana4 - 4: T.Fortluft	14.4
2021-03-11 19:08:08.0	Ana5 - 5: T.Raum	9999.9
2021-03-11 19:08:08.0	Ana9 - 9: T.Zuluft WRG warm	19.3
2021-03-11 19:08:18.0	Ana1 - 1: T.Au?en	9.7
2021-03-11 19:08:18.0	Ana2 - 2: T.Zuluft	16.5
2021-03-11 19:08:18.0	Ana3 - 3: T.Abluft	20.0
2021-03-11 19:08:18.0	Ana4 - 4: T.Fortluft	14.4
2021-03-11 19:08:18.0	Ana5 - 5: T.Raum	9999.9
2021-03-11 19:08:18.0	Ana9 - 9: T.Zuluft WRG warm	19.3
2021-03-11 19:08:28.0	Ana1 - 1: T.Au?en	9.7
2021-03-11 19:08:28.0	Ana2 - 2: T.Zuluft	16.5
2021-03-11 19:08:28.0	Ana3 - 3: T.Abluft	20.0
2021-03-11 19:08:28.0	Ana4 - 4: T.Fortluft	14.4
2021-03-11 19:08:28.0	Ana5 - 5: T.Raum	9999.9
2021-03-11 19:08:28.0	Ana9 - 9: T.Zuluft WRG warm	19.3
2021-03-11 19:08:38.0	Ana1 - 1: T.Au?en	9.7
2021-03-11 19:08:38.0	Ana2 - 2: T.Zuluft	16.6
2021-03-11 19:08:38.0	Ana3 - 3: T.Abluft	20.0
2021-03-11 19:08:38.0	Ana4 - 4: T.Fortluft	14.4
2021-03-11 19:08:38.0	Ana5 - 5: T.Raum	9999.9
2021-03-11 19:08:38.0	Ana9 - 9: T.Zuluft WRG warm	19.3
2021-03-11 19:08:48.0	Ana1 - 1: T.Au?en	9.7
2021-03-11 19:08:48.0	Ana2 - 2: T.Zuluft	16.6
2021-03-11 19:08:48.0	Ana3 - 3: T.Abluft	20.0
2021-03-11 19:08:48.0	Ana4 - 4: T.Fortluft	14.4
2021-03-11 19:08:48.0	Ana5 - 5: T.Raum	9999.9
2021-03-11 19:08:48.0	Ana9 - 9: T.Zuluft WRG warm	19.3
2021-03-11 19:08:58.0	Ana1 - 1: T.Au?en	9.7
2021-03-11 19:08:58.0	Ana2 - 2: T.Zuluft	16.6
2021-03-11 19:08:58.0	Ana3 - 3: T.Abluft	20.0
2021-03-11 19:08:58.0	Ana4 - 4: T.Fortluft	14.4
2021-03-11 19:08:58.0	Ana5 - 5: T.Raum	9999.9
2021-03-11 19:08:58.0	Ana9 - 9: T.Zuluft WRG warm	19.3
2021-03-11 19:09:08.0	Ana1 - 1: T.Au?en	9.7
2021-03-11 19:09:08.0	Ana2 - 2: T.Zuluft	16.6
2021-03-11 19:09:08.0	Ana3 - 3: T.Abluft	20.0
2021-03-11 19:09:08.0	Ana4 - 4: T.Fortluft	14.4
2021-03-11 19:09:08.0	Ana5 - 5: T.Raum	9999.9
2021-03-11 19:09:08.0	Ana9 - 9: T.Zuluft WRG warm	19.3
2021-03-11 19:09:18.0	Ana1 - 1: T.Au?en	9.7
2021-03-11 19:09:18.0	Ana2 - 2: T.Zuluft	16.5
2021-03-11 19:09:18.0	Ana3 - 3: T.Abluft	20.0
2021-03-11 19:09:18.0	Ana4 - 4: T.Fortluft	14.4
2021-03-11 19:09:18.0	Ana5 - 5: T.Raum	9999.9
2021-03-11 19:09:18.0	Ana9 - 9: T.Zuluft WRG warm	19.3
2021-03-11 19:09:28.0	Ana1 - 1: T.Au?en	9.7
2021-03-11 19:09:28.0	Ana2 - 2: T.Zuluft	16.5
2021-03-11 19:09:28.0	Ana3 - 3: T.Abluft	20.0
2021-03-11 19:09:28.0	Ana4 - 4: T.Fortluft	14.4
2021-03-11 19:09:28.0	Ana5 - 5: T.Raum	9999.9
2021-03-11 19:09:28.0	Ana9 - 9: T.Zuluft WRG warm	19.3
2021-03-11 19:09:38.0	Ana1 - 1: T.Au?en	9.7
2021-03-11 19:09:38.0	Ana2 - 2: T.Zuluft	16.5
2021-03-11 19:09:38.0	Ana3 - 3: T.Abluft	20.0
2021-03-11 19:09:38.0	Ana4 - 4: T.Fortluft	14.4
2021-03-11 19:09:38.0	Ana5 - 5: T.Raum	9999.9
2021-03-11 19:09:38.0	Ana9 - 9: T.Zuluft WRG warm	19.3
2021-03-11 19:09:48.0	Ana1 - 1: T.Au?en	9.7
2021-03-11 19:09:48.0	Ana2 - 2: T.Zuluft	16.5
2021-03-11 19:09:48.0	Ana3 - 3: T.Abluft	20.0
2021-03-11 19:09:48.0	Ana4 - 4: T.Fortluft	14.4
2021-03-11 19:09:48.0	Ana5 - 5: T.Raum	9999.9
2021-03-11 19:09:48.0	Ana9 - 9: T.Zuluft WRG warm	19.3
2021-03-11 19:09:58.0	Ana1 - 1: T.Au?en	9.7
2021-03-11 19:09:58.0	Ana2 - 2: T.Zuluft	16.5
2021-03-11 19:09:58.0	Ana3 - 3: T.Abluft	20.0
2021-03-11 19:09:58.0	Ana4 - 4: T.Fortluft	14.4
2021-03-11 19:09:58.0	Ana5 - 5: T.Raum	9999.9
2021-03-11 19:09:58.0	Ana9 - 9: T.Zuluft WRG warm	19.3
2021-03-11 19:10:08.0	Ana1 - 1: T.Au?en	9.7
2021-03-11 19:10:08.0	Ana2 - 2: T.Zuluft	16.5
2021-03-11 19:10:08.0	Ana3 - 3: T.Abluft	20.0
2021-03-11 19:10:08.0	Ana4 - 4: T.Fortluft	14.4
2021-03-11 19:10:08.0	Ana5 - 5: T.Raum	9999.9
2021-03-11 19:10:08.0	Ana9 - 9: T.Zuluft WRG warm	19.3
2021-03-11 19:10:18.0	Ana1 - 1: T.Au?en	9.7
2021-03-11 19:10:18.0	Ana2 - 2: T.Zuluft	16.5
2021-03-11 19:10:18.0	Ana3 - 3: T.Abluft	20.0
2021-03-11 19:10:18.0	Ana4 - 4: T.Fortluft	14.4
2021-03-11 19:10:18.0	Ana5 - 5: T.Raum	9999.9
2021-03-11 19:10:18.0	Ana9 - 9: T.Zuluft WRG warm	19.3
2021-03-11 19:10:28.0	Ana1 - 1: T.Au?en	9.7
2021-03-11 19:10:28.0	Ana2 - 2: T.Zuluft	16.6
2021-03-11 19:10:28.0	Ana3 - 3: T.Abluft	20.0
2021-03-11 19:10:28.0	Ana4 - 4: T.Fortluft	14.4
2021-03-11 19:10:28.0	Ana5 - 5: T.Raum	9999.9
2021-03-11 19:10:28.0	Ana9 - 9: T.Zuluft WRG warm	19.3
2021-03-11 19:10:38.0	Ana1 - 1: T.Au?en	9.7
2021-03-11 19:10:38.0	Ana2 - 2: T.Zuluft	16.5
2021-03-11 19:10:38.0	Ana3 - 3: T.Abluft	20.0
2021-03-11 19:10:38.0	Ana4 - 4: T.Fortluft	14.3
2021-03-11 19:10:38.0	Ana5 - 5: T.Raum	9999.9
2021-03-11 19:10:38.0	Ana9 - 9: T.Zuluft WRG warm	19.3
2021-03-11 19:10:48.0	Ana1 - 1: T.Au?en	9.7
2021-03-11 19:10:48.0	Ana2 - 2: T.Zuluft	16.5
2021-03-11 19:10:48.0	Ana3 - 3: T.Abluft	20.0
2021-03-11 19:10:48.0	Ana4 - 4: T.Fortluft	14.4
2021-03-11 19:10:48.0	Ana5 - 5: T.Raum	9999.9
2021-03-11 19:10:48.0	Ana9 - 9: T.Zuluft WRG warm	19.3
2021-03-11 19:10:58.0	Ana1 - 1: T.Au?en	9.7
2021-03-11 19:10:58.0	Ana2 - 2: T.Zuluft	16.5
2021-03-11 19:10:58.0	Ana3 - 3: T.Abluft	20.0
2021-03-11 19:10:58.0	Ana4 - 4: T.Fortluft	14.4
2021-03-11 19:10:58.0	Ana5 - 5: T.Raum	9999.9
2021-03-11 19:10:58.0	Ana9 - 9: T.Zuluft WRG warm	19.3
2021-03-11 19:11:08.0	Ana1 - 1: T.Au?en	9.6
2021-03-11 19:11:08.0	Ana2 - 2: T.Zuluft	16.5
2021-03-11 19:11:08.0	Ana3 - 3: T.Abluft	20.0
2021-03-11 19:11:08.0	Ana4 - 4: T.Fortluft	14.3
2021-03-11 19:11:08.0	Ana5 - 5: T.Raum	9999.9
2021-03-11 19:11:08.0	Ana9 - 9: T.Zuluft WRG warm	19.3
2021-03-11 19:11:18.0	Ana1 - 1: T.Au?en	9.6
2021-03-11 19:11:18.0	Ana2 - 2: T.Zuluft	16.5
2021-03-11 19:11:18.0	Ana3 - 3: T.Abluft	20.0
2021-03-11 19:11:18.0	Ana4 - 4: T.Fortluft	14.3
2021-03-11 19:11:18.0	Ana5 - 5: T.Raum	9999.9
2021-03-11 19:11:18.0	Ana9 - 9: T.Zuluft WRG warm	19.2
2021-03-11 19:11:28.0	Ana1 - 1: T.Au?en	9.6
2021-03-11 19:11:28.0	Ana2 - 2: T.Zuluft	16.5
2021-03-11 19:11:28.0	Ana3 - 3: T.Abluft	20.0
2021-03-11 19:11:28.0	Ana4 - 4: T.Fortluft	14.3
2021-03-11 19:11:28.0	Ana5 - 5: T.Raum	9999.9
2021-03-11 19:11:28.0	Ana9 - 9: T.Zuluft WRG warm	19.2
2021-03-11 19:11:38.0	Ana1 - 1: T.Au?en	9.6
2021-03-11 19:11:38.0	Ana2 - 2: T.Zuluft	16.5
2021-03-11 19:11:38.0	Ana3 - 3: T.Abluft	20.0
2021-03-11 19:11:38.0	Ana4 - 4: T.Fortluft	14.3
2021-03-11 19:11:38.0	Ana5 - 5: T.Raum	9999.9
2021-03-11 19:11:38.0	Ana9 - 9: T.Zuluft WRG warm	19.2
2021-03-11 19:11:48.0	Ana1 - 1: T.Au?en	9.6
2021-03-11 19:11:48.0	Ana2 - 2: T.Zuluft	16.5
2021-03-11 19:11:48.0	Ana3 - 3: T.Abluft	20.0
2021-03-11 19:11:48.0	Ana4 - 4: T.Fortluft	14.3
2021-03-11 19:11:48.0	Ana5 - 5: T.Raum	9999.9
2021-03-11 19:11:48.0	Ana9 - 9: T.Zuluft WRG warm	19.2
2021-03-11 19:11:58.0	Ana1 - 1: T.Au?en	9.6
2021-03-11 19:11:58.0	Ana2 - 2: T.Zuluft	16.5
2021-03-11 19:11:58.0	Ana3 - 3: T.Abluft	20.0
2021-03-11 19:11:58.0	Ana4 - 4: T.Fortluft	14.3
2021-03-11 19:11:58.0	Ana5 - 5: T.Raum	9999.9
2021-03-11 19:11:58.0	Ana9 - 9: T.Zuluft WRG warm	19.2
2021-03-11 19:12:08.0	Ana1 - 1: T.Au?en	9.6
2021-03-11 19:12:08.0	Ana2 - 2: T.Zuluft	16.5
2021-03-11 19:12:08.0	Ana3 - 3: T.Abluft	20.0
2021-03-11 19:12:08.0	Ana4 - 4: T.Fortluft	14.3
2021-03-11 19:12:08.0	Ana5 - 5: T.Raum	9999.9
2021-03-11 19:12:08.0	Ana9 - 9: T.Zuluft WRG warm	19.2
2021-03-11 19:12:18.0	Ana1 - 1: T.Au?en	9.7
2021-03-11 19:12:18.0	Ana2 - 2: T.Zuluft	16.5
2021-03-11 19:12:18.0	Ana3 - 3: T.Abluft	20.0
2021-03-11 19:12:18.0	Ana4 - 4: T.Fortluft	14.3
2021-03-11 19:12:18.0	Ana5 - 5: T.Raum	9999.9
2021-03-11 19:12:18.0	Ana9 - 9: T.Zuluft WRG warm	19.2
2021-03-11 19:12:28.0	Ana1 - 1: T.Au?en	9.7
2021-03-11 19:12:28.0	Ana2 - 2: T.Zuluft	16.5
2021-03-11 19:12:28.0	Ana3 - 3: T.Abluft	20.0
2021-03-11 19:12:28.0	Ana4 - 4: T.Fortluft	14.3
2021-03-11 19:12:28.0	Ana5 - 5: T.Raum	9999.9
2021-03-11 19:12:28.0	Ana9 - 9: T.Zuluft WRG warm	19.2
2021-03-11 19:12:38.0	Ana1 - 1: T.Au?en	9.7
2021-03-11 19:12:38.0	Ana2 - 2: T.Zuluft	16.5
2021-03-11 19:12:38.0	Ana3 - 3: T.Abluft	20.0
2021-03-11 19:12:38.0	Ana4 - 4: T.Fortluft	14.3
2021-03-11 19:12:38.0	Ana5 - 5: T.Raum	9999.9
2021-03-11 19:12:38.0	Ana9 - 9: T.Zuluft WRG warm	19.2
2021-03-11 19:12:48.0	Ana1 - 1: T.Au?en	9.7
2021-03-11 19:12:48.0	Ana2 - 2: T.Zuluft	16.5
2021-03-11 19:12:48.0	Ana3 - 3: T.Abluft	20.0
2021-03-11 19:12:48.0	Ana4 - 4: T.Fortluft	14.3
2021-03-11 19:12:48.0	Ana5 - 5: T.Raum	9999.9
2021-03-11 19:12:48.0	Ana9 - 9: T.Zuluft WRG warm	19.2
2021-03-11 19:12:58.0	Ana1 - 1: T.Au?en	9.7
2021-03-11 19:12:58.0	Ana2 - 2: T.Zuluft	16.5
2021-03-11 19:12:58.0	Ana3 - 3: T.Abluft	20.0
2021-03-11 19:12:58.0	Ana4 - 4: T.Fortluft	14.3
2021-03-11 19:12:58.0	Ana5 - 5: T.Raum	9999.9
2021-03-11 19:12:58.0	Ana9 - 9: T.Zuluft WRG warm	19.2
2021-03-11 19:13:08.0	Ana1 - 1: T.Au?en	9.7
2021-03-11 19:13:08.0	Ana2 - 2: T.Zuluft	16.5
2021-03-11 19:13:08.0	Ana3 - 3: T.Abluft	20.0
2021-03-11 19:13:08.0	Ana4 - 4: T.Fortluft	14.3
2021-03-11 19:13:08.0	Ana5 - 5: T.Raum	9999.9
2021-03-11 19:13:08.0	Ana9 - 9: T.Zuluft WRG warm	19.2
2021-03-11 19:13:18.0	Ana1 - 1: T.Au?en	9.6
2021-03-11 19:13:18.0	Ana2 - 2: T.Zuluft	16.5
2021-03-11 19:13:18.0	Ana3 - 3: T.Abluft	20.0
2021-03-11 19:13:18.0	Ana4 - 4: T.Fortluft	14.3
2021-03-11 19:13:18.0	Ana5 - 5: T.Raum	9999.9
2021-03-11 19:13:18.0	Ana9 - 9: T.Zuluft WRG warm	19.2
2021-03-11 19:13:28.0	Ana1 - 1: T.Au?en	9.6
2021-03-11 19:13:28.0	Ana2 - 2: T.Zuluft	16.5
2021-03-11 19:13:28.0	Ana3 - 3: T.Abluft	20.0
2021-03-11 19:13:28.0	Ana4 - 4: T.Fortluft	14.3
2021-03-11 19:13:28.0	Ana5 - 5: T.Raum	9999.9
2021-03-11 19:13:28.0	Ana9 - 9: T.Zuluft WRG warm	19.2
2021-03-11 19:13:38.0	Ana1 - 1: T.Au?en	9.6
2021-03-11 19:13:38.0	Ana2 - 2: T.Zuluft	16.5
2021-03-11 19:13:38.0	Ana3 - 3: T.Abluft	20.0
2021-03-11 19:13:38.0	Ana4 - 4: T.Fortluft	14.3
2021-03-11 19:13:38.0	Ana5 - 5: T.Raum	9999.9
2021-03-11 19:13:38.0	Ana9 - 9: T.Zuluft WRG warm	19.2
2021-03-11 19:13:48.0	Ana1 - 1: T.Au?en	9.6
2021-03-11 19:13:48.0	Ana2 - 2: T.Zuluft	16.5
2021-03-11 19:13:48.0	Ana3 - 3: T.Abluft	20.0
2021-03-11 19:13:48.0	Ana4 - 4: T.Fortluft	14.3
2021-03-11 19:13:48.0	Ana5 - 5: T.Raum	9999.9
2021-03-11 19:13:48.0	Ana9 - 9: T.Zuluft WRG warm	19.2
2021-03-11 19:13:58.0	Ana1 - 1: T.Au?en	9.6
2021-03-11 19:13:58.0	Ana2 - 2: T.Zuluft	16.5
2021-03-11 19:13:58.0	Ana3 - 3: T.Abluft	20.0
2021-03-11 19:13:58.0	Ana4 - 4: T.Fortluft	14.3
2021-03-11 19:13:58.0	Ana5 - 5: T.Raum	9999.9
2021-03-11 19:13:58.0	Ana9 - 9: T.Zuluft WRG warm	19.2
2021-03-11 19:14:08.0	Ana1 - 1: T.Au?en	9.6
2021-03-11 19:14:08.0	Ana2 - 2: T.Zuluft	16.5
2021-03-11 19:14:08.0	Ana3 - 3: T.Abluft	20.0
2021-03-11 19:14:08.0	Ana4 - 4: T.Fortluft	14.3
2021-03-11 19:14:08.0	Ana5 - 5: T.Raum	9999.9
2021-03-11 19:14:08.0	Ana9 - 9: T.Zuluft WRG warm	19.2
2021-03-11 19:14:18.0	Ana1 - 1: T.Au?en	9.6
2021-03-11 19:14:18.0	Ana2 - 2: T.Zuluft	16.5
2021-03-11 19:14:18.0	Ana3 - 3: T.Abluft	20.0
2021-03-11 19:14:18.0	Ana4 - 4: T.Fortluft	14.3
2021-03-11 19:14:18.0	Ana5 - 5: T.Raum	9999.9
2021-03-11 19:14:18.0	Ana9 - 9: T.Zuluft WRG warm	19.2
2021-03-11 19:14:28.0	Ana1 - 1: T.Au?en	9.6
2021-03-11 19:14:28.0	Ana2 - 2: T.Zuluft	16.5
2021-03-11 19:14:28.0	Ana3 - 3: T.Abluft	20.0
2021-03-11 19:14:28.0	Ana4 - 4: T.Fortluft	14.3
2021-03-11 19:14:28.0	Ana5 - 5: T.Raum	9999.9
2021-03-11 19:14:28.0	Ana9 - 9: T.Zuluft WRG warm	19.2
2021-03-11 19:14:38.0	Ana1 - 1: T.Au?en	9.6
2021-03-11 19:14:38.0	Ana2 - 2: T.Zuluft	16.5
2021-03-11 19:14:38.0	Ana3 - 3: T.Abluft	20.0
2021-03-11 19:14:38.0	Ana4 - 4: T.Fortluft	14.3
2021-03-11 19:14:38.0	Ana5 - 5: T.Raum	9999.9
2021-03-11 19:14:38.0	Ana9 - 9: T.Zuluft WRG warm	19.2
2021-03-11 19:14:48.0	Ana1 - 1: T.Au?en	9.6
2021-03-11 19:14:48.0	Ana2 - 2: T.Zuluft	16.5
2021-03-11 19:14:48.0	Ana3 - 3: T.Abluft	20.0
2021-03-11 19:14:48.0	Ana4 - 4: T.Fortluft	14.3
2021-03-11 19:14:48.0	Ana5 - 5: T.Raum	9999.9
2021-03-11 19:14:48.0	Ana9 - 9: T.Zuluft WRG warm	19.2
2021-03-11 19:14:58.0	Ana1 - 1: T.Au?en	9.6
2021-03-11 19:14:58.0	Ana2 - 2: T.Zuluft	16.5
2021-03-11 19:14:58.0	Ana3 - 3: T.Abluft	20.0
2021-03-11 19:14:58.0	Ana4 - 4: T.Fortluft	14.3
2021-03-11 19:14:58.0	Ana5 - 5: T.Raum	9999.9
2021-03-11 19:14:58.0	Ana9 - 9: T.Zuluft WRG warm	19.2
2021-03-11 19:15:08.0	Ana1 - 1: T.Au?en	9.6
2021-03-11 19:15:08.0	Ana2 - 2: T.Zuluft	16.5
2021-03-11 19:15:08.0	Ana3 - 3: T.Abluft	20.0
2021-03-11 19:15:08.0	Ana4 - 4: T.Fortluft	14.3
2021-03-11 19:15:08.0	Ana5 - 5: T.Raum	9999.9
2021-03-11 19:15:08.0	Ana9 - 9: T.Zuluft WRG warm	19.2
2021-03-11 19:15:18.0	Ana1 - 1: T.Au?en	9.6
2021-03-11 19:15:18.0	Ana2 - 2: T.Zuluft	16.5
2021-03-11 19:15:18.0	Ana3 - 3: T.Abluft	20.0
2021-03-11 19:15:18.0	Ana4 - 4: T.Fortluft	14.3
2021-03-11 19:15:18.0	Ana5 - 5: T.Raum	9999.9
2021-03-11 19:15:18.0	Ana9 - 9: T.Zuluft WRG warm	19.2
2021-03-11 19:15:28.0	Ana1 - 1: T.Au?en	9.6
2021-03-11 19:15:28.0	Ana2 - 2: T.Zuluft	16.5
2021-03-11 19:15:28.0	Ana3 - 3: T.Abluft	20.0
2021-03-11 19:15:28.0	Ana4 - 4: T.Fortluft	14.3
2021-03-11 19:15:28.0	Ana5 - 5: T.Raum	9999.9
2021-03-11 19:15:28.0	Ana9 - 9: T.Zuluft WRG warm	19.2
2021-03-11 19:15:38.0	Ana1 - 1: T.Au?en	9.6
2021-03-11 19:15:38.0	Ana2 - 2: T.Zuluft	16.5
2021-03-11 19:15:38.0	Ana3 - 3: T.Abluft	20.0
2021-03-11 19:15:38.0	Ana4 - 4: T.Fortluft	14.3
2021-03-11 19:15:38.0	Ana5 - 5: T.Raum	9999.9
2021-03-11 19:15:38.0	Ana9 - 9: T.Zuluft WRG warm	19.2
2021-03-11 19:15:48.0	Ana1 - 1: T.Au?en	9.6
2021-03-11 19:15:48.0	Ana2 - 2: T.Zuluft	16.5
2021-03-11 19:15:48.0	Ana3 - 3: T.Abluft	20.0
2021-03-11 19:15:48.0	Ana4 - 4: T.Fortluft	14.3
2021-03-11 19:15:48.0	Ana5 - 5: T.Raum	9999.9
2021-03-11 19:15:48.0	Ana9 - 9: T.Zuluft WRG warm	19.2
2021-03-11 19:15:58.0	Ana1 - 1: T.Au?en	9.6
2021-03-11 19:15:58.0	Ana2 - 2: T.Zuluft	16.5
2021-03-11 19:15:58.0	Ana3 - 3: T.Abluft	20.0
2021-03-11 19:15:58.0	Ana4 - 4: T.Fortluft	14.3
2021-03-11 19:15:58.0	Ana5 - 5: T.Raum	9999.9
2021-03-11 19:15:58.0	Ana9 - 9: T.Zuluft WRG warm	19.2
2021-03-11 19:16:08.0	Ana1 - 1: T.Au?en	9.6
2021-03-11 19:16:08.0	Ana2 - 2: T.Zuluft	16.5
2021-03-11 19:16:08.0	Ana3 - 3: T.Abluft	20.0
2021-03-11 19:16:08.0	Ana4 - 4: T.Fortluft	14.3
2021-03-11 19:16:08.0	Ana5 - 5: T.Raum	9999.9
2021-03-11 19:16:08.0	Ana9 - 9: T.Zuluft WRG warm	19.2
2021-03-11 19:16:18.0	Ana1 - 1: T.Au?en	9.6
2021-03-11 19:16:18.0	Ana2 - 2: T.Zuluft	16.5
2021-03-11 19:16:18.0	Ana3 - 3: T.Abluft	20.0
2021-03-11 19:16:18.0	Ana4 - 4: T.Fortluft	14.3
2021-03-11 19:16:18.0	Ana5 - 5: T.Raum	9999.9
2021-03-11 19:16:18.0	Ana9 - 9: T.Zuluft WRG warm	19.2
2021-03-11 19:16:28.0	Ana1 - 1: T.Au?en	9.6
2021-03-11 19:16:28.0	Ana2 - 2: T.Zuluft	16.5
2021-03-11 19:16:28.0	Ana3 - 3: T.Abluft	20.0
2021-03-11 19:16:28.0	Ana4 - 4: T.Fortluft	14.3
2021-03-11 19:16:28.0	Ana5 - 5: T.Raum	9999.9
2021-03-11 19:16:28.0	Ana9 - 9: T.Zuluft WRG warm	19.2
2021-03-11 19:16:38.0	Ana1 - 1: T.Au?en	9.6
2021-03-11 19:16:38.0	Ana2 - 2: T.Zuluft	16.5
2021-03-11 19:16:38.0	Ana3 - 3: T.Abluft	20.0
2021-03-11 19:16:38.0	Ana4 - 4: T.Fortluft	14.3
2021-03-11 19:16:38.0	Ana5 - 5: T.Raum	9999.9
2021-03-11 19:16:38.0	Ana9 - 9: T.Zuluft WRG warm	19.2
2021-03-11 19:16:48.0	Ana1 - 1: T.Au?en	9.6
2021-03-11 19:16:48.0	Ana2 - 2: T.Zuluft	16.5
2021-03-11 19:16:48.0	Ana3 - 3: T.Abluft	20.0
2021-03-11 19:16:48.0	Ana4 - 4: T.Fortluft	14.3
2021-03-11 19:16:48.0	Ana5 - 5: T.Raum	9999.9
2021-03-11 19:16:48.0	Ana9 - 9: T.Zuluft WRG warm	19.2
2021-03-11 19:16:58.0	Ana1 - 1: T.Au?en	9.6
2021-03-11 19:16:58.0	Ana2 - 2: T.Zuluft	16.5
2021-03-11 19:16:58.0	Ana3 - 3: T.Abluft	20.0
2021-03-11 19:16:58.0	Ana4 - 4: T.Fortluft	14.3
2021-03-11 19:16:58.0	Ana5 - 5: T.Raum	9999.9
2021-03-11 19:16:58.0	Ana9 - 9: T.Zuluft WRG warm	19.2
2021-03-11 19:17:08.0	Ana1 - 1: T.Au?en	9.6
2021-03-11 19:17:08.0	Ana2 - 2: T.Zuluft	16.5
2021-03-11 19:17:08.0	Ana3 - 3: T.Abluft	20.0
2021-03-11 19:17:08.0	Ana4 - 4: T.Fortluft	14.3
2021-03-11 19:17:08.0	Ana5 - 5: T.Raum	9999.9
2021-03-11 19:17:08.0	Ana9 - 9: T.Zuluft WRG warm	19.2
2021-03-11 19:17:18.0	Ana1 - 1: T.Au?en	9.6
2021-03-11 19:17:18.0	Ana2 - 2: T.Zuluft	16.5
2021-03-11 19:17:18.0	Ana3 - 3: T.Abluft	20.0
2021-03-11 19:17:18.0	Ana4 - 4: T.Fortluft	14.3
2021-03-11 19:17:18.0	Ana5 - 5: T.Raum	9999.9
2021-03-11 19:17:18.0	Ana9 - 9: T.Zuluft WRG warm	19.2
2021-03-11 19:17:28.0	Ana1 - 1: T.Au?en	9.6
2021-03-11 19:17:28.0	Ana2 - 2: T.Zuluft	16.5
2021-03-11 19:17:28.0	Ana3 - 3: T.Abluft	20.0
2021-03-11 19:17:28.0	Ana4 - 4: T.Fortluft	14.3
2021-03-11 19:17:28.0	Ana5 - 5: T.Raum	9999.9
2021-03-11 19:17:28.0	Ana9 - 9: T.Zuluft WRG warm	19.2
2021-03-11 19:17:38.0	Ana1 - 1: T.Au?en	9.6
2021-03-11 19:17:38.0	Ana2 - 2: T.Zuluft	16.5
2021-03-11 19:17:38.0	Ana3 - 3: T.Abluft	20.0
2021-03-11 19:17:38.0	Ana4 - 4: T.Fortluft	14.3
2021-03-11 19:17:38.0	Ana5 - 5: T.Raum	9999.9
2021-03-11 19:17:38.0	Ana9 - 9: T.Zuluft WRG warm	19.2
2021-03-11 19:17:48.0	Ana1 - 1: T.Au?en	9.6
2021-03-11 19:17:48.0	Ana2 - 2: T.Zuluft	16.5
2021-03-11 19:17:48.0	Ana3 - 3: T.Abluft	20.0
2021-03-11 19:17:48.0	Ana4 - 4: T.Fortluft	14.3
2021-03-11 19:17:48.0	Ana5 - 5: T.Raum	9999.9
2021-03-11 19:17:48.0	Ana9 - 9: T.Zuluft WRG warm	19.2
2021-03-11 19:17:58.0	Ana1 - 1: T.Au?en	9.6
2021-03-11 19:17:58.0	Ana2 - 2: T.Zuluft	16.5
2021-03-11 19:17:58.0	Ana3 - 3: T.Abluft	20.0
2021-03-11 19:17:58.0	Ana4 - 4: T.Fortluft	14.3
2021-03-11 19:17:58.0	Ana5 - 5: T.Raum	9999.9
2021-03-11 19:17:58.0	Ana9 - 9: T.Zuluft WRG warm	19.2
2021-03-11 19:18:08.0	Ana1 - 1: T.Au?en	9.6
2021-03-11 19:18:08.0	Ana2 - 2: T.Zuluft	16.5
2021-03-11 19:18:08.0	Ana3 - 3: T.Abluft	20.0
2021-03-11 19:18:08.0	Ana4 - 4: T.Fortluft	14.3
2021-03-11 19:18:08.0	Ana5 - 5: T.Raum	9999.9
2021-03-11 19:18:08.0	Ana9 - 9: T.Zuluft WRG warm	19.2
2021-03-11 19:18:18.0	Ana1 - 1: T.Au?en	9.6
2021-03-11 19:18:18.0	Ana2 - 2: T.Zuluft	16.5
2021-03-11 19:18:18.0	Ana3 - 3: T.Abluft	20.0
2021-03-11 19:18:18.0	Ana4 - 4: T.Fortluft	14.3
2021-03-11 19:18:18.0	Ana5 - 5: T.Raum	9999.9
2021-03-11 19:18:18.0	Ana9 - 9: T.Zuluft WRG warm	19.2
2021-03-11 19:18:28.0	Ana1 - 1: T.Au?en	9.6
2021-03-11 19:18:28.0	Ana2 - 2: T.Zuluft	16.5
2021-03-11 19:18:28.0	Ana3 - 3: T.Abluft	20.0
2021-03-11 19:18:28.0	Ana4 - 4: T.Fortluft	14.3
2021-03-11 19:18:28.0	Ana5 - 5: T.Raum	9999.9
2021-03-11 19:18:28.0	Ana9 - 9: T.Zuluft WRG warm	19.2
2021-03-11 19:18:38.0	Ana1 - 1: T.Au?en	9.6
2021-03-11 19:18:38.0	Ana2 - 2: T.Zuluft	16.5
2021-03-11 19:18:38.0	Ana3 - 3: T.Abluft	20.0
2021-03-11 19:18:38.0	Ana4 - 4: T.Fortluft	14.3
2021-03-11 19:18:38.0	Ana5 - 5: T.Raum	9999.9
2021-03-11 19:18:38.0	Ana9 - 9: T.Zuluft WRG warm	19.2
2021-03-11 19:18:48.0	Ana1 - 1: T.Au?en	9.6
2021-03-11 19:18:48.0	Ana2 - 2: T.Zuluft	16.5
2021-03-11 19:18:48.0	Ana3 - 3: T.Abluft	20.0
2021-03-11 19:18:48.0	Ana4 - 4: T.Fortluft	14.3
2021-03-11 19:18:48.0	Ana5 - 5: T.Raum	9999.9
2021-03-11 19:18:48.0	Ana9 - 9: T.Zuluft WRG warm	19.2
2021-03-11 19:18:58.0	Ana1 - 1: T.Au?en	9.6
2021-03-11 19:18:58.0	Ana2 - 2: T.Zuluft	16.4
2021-03-11 19:18:58.0	Ana3 - 3: T.Abluft	20.0
2021-03-11 19:18:58.0	Ana4 - 4: T.Fortluft	14.3
2021-03-11 19:18:58.0	Ana5 - 5: T.Raum	9999.9
2021-03-11 19:18:58.0	Ana9 - 9: T.Zuluft WRG warm	19.2
2021-03-11 19:19:08.0	Ana1 - 1: T.Au?en	9.6
2021-03-11 19:19:08.0	Ana2 - 2: T.Zuluft	16.4
2021-03-11 19:19:08.0	Ana3 - 3: T.Abluft	20.0
2021-03-11 19:19:08.0	Ana4 - 4: T.Fortluft	14.3
2021-03-11 19:19:08.0	Ana5 - 5: T.Raum	9999.9
2021-03-11 19:19:08.0	Ana9 - 9: T.Zuluft WRG warm	19.2
2021-03-11 19:19:18.0	Ana1 - 1: T.Au?en	9.6
2021-03-11 19:19:18.0	Ana2 - 2: T.Zuluft	16.4
2021-03-11 19:19:18.0	Ana3 - 3: T.Abluft	20.0
2021-03-11 19:19:18.0	Ana4 - 4: T.Fortluft	14.3
2021-03-11 19:19:18.0	Ana5 - 5: T.Raum	9999.9
2021-03-11 19:19:18.0	Ana9 - 9: T.Zuluft WRG warm	19.2
2021-03-11 19:19:28.0	Ana1 - 1: T.Au?en	9.6
2021-03-11 19:19:28.0	Ana2 - 2: T.Zuluft	16.5
2021-03-11 19:19:28.0	Ana3 - 3: T.Abluft	20.0
2021-03-11 19:19:28.0	Ana4 - 4: T.Fortluft	14.3
2021-03-11 19:19:28.0	Ana5 - 5: T.Raum	9999.9
2021-03-11 19:19:28.0	Ana9 - 9: T.Zuluft WRG warm	19.2
2021-03-11 19:19:38.0	Ana1 - 1: T.Au?en	9.6
2021-03-11 19:19:38.0	Ana2 - 2: T.Zuluft	16.5
2021-03-11 19:19:38.0	Ana3 - 3: T.Abluft	20.0
2021-03-11 19:19:38.0	Ana4 - 4: T.Fortluft	14.3
2021-03-11 19:19:38.0	Ana5 - 5: T.Raum	9999.9
2021-03-11 19:19:38.0	Ana9 - 9: T.Zuluft WRG warm	19.2
2021-03-11 19:19:48.0	Ana1 - 1: T.Au?en	9.6
2021-03-11 19:19:48.0	Ana2 - 2: T.Zuluft	16.5
2021-03-11 19:19:48.0	Ana3 - 3: T.Abluft	20.0
2021-03-11 19:19:48.0	Ana4 - 4: T.Fortluft	14.3
2021-03-11 19:19:48.0	Ana5 - 5: T.Raum	9999.9
2021-03-11 19:19:48.0	Ana9 - 9: T.Zuluft WRG warm	19.2
2021-03-11 19:19:58.0	Ana1 - 1: T.Au?en	9.5
2021-03-11 19:19:58.0	Ana2 - 2: T.Zuluft	16.5
2021-03-11 19:19:58.0	Ana3 - 3: T.Abluft	20.0
2021-03-11 19:19:58.0	Ana4 - 4: T.Fortluft	14.3
2021-03-11 19:19:58.0	Ana5 - 5: T.Raum	9999.9
2021-03-11 19:19:58.0	Ana9 - 9: T.Zuluft WRG warm	19.2
2021-03-11 19:20:08.0	Ana1 - 1: T.Au?en	9.5
2021-03-11 19:20:08.0	Ana2 - 2: T.Zuluft	16.4
2021-03-11 19:20:08.0	Ana3 - 3: T.Abluft	20.0
2021-03-11 19:20:08.0	Ana4 - 4: T.Fortluft	14.3
2021-03-11 19:20:08.0	Ana5 - 5: T.Raum	9999.9
2021-03-11 19:20:08.0	Ana9 - 9: T.Zuluft WRG warm	19.2
2021-03-11 19:20:18.0	Ana1 - 1: T.Au?en	9.5
2021-03-11 19:20:18.0	Ana2 - 2: T.Zuluft	16.4
2021-03-11 19:20:18.0	Ana3 - 3: T.Abluft	20.0
2021-03-11 19:20:18.0	Ana4 - 4: T.Fortluft	14.3
2021-03-11 19:20:18.0	Ana5 - 5: T.Raum	9999.9
2021-03-11 19:20:18.0	Ana9 - 9: T.Zuluft WRG warm	19.2
2021-03-11 19:20:28.0	Ana1 - 1: T.Au?en	9.5
2021-03-11 19:20:28.0	Ana2 - 2: T.Zuluft	16.5
2021-03-11 19:20:28.0	Ana3 - 3: T.Abluft	20.0
2021-03-11 19:20:28.0	Ana4 - 4: T.Fortluft	14.3
2021-03-11 19:20:28.0	Ana5 - 5: T.Raum	9999.9
2021-03-11 19:20:28.0	Ana9 - 9: T.Zuluft WRG warm	19.2
2021-03-11 19:20:38.0	Ana1 - 1: T.Au?en	9.5
2021-03-11 19:20:38.0	Ana2 - 2: T.Zuluft	16.5
2021-03-11 19:20:38.0	Ana3 - 3: T.Abluft	20.0
2021-03-11 19:20:38.0	Ana4 - 4: T.Fortluft	14.3
2021-03-11 19:20:38.0	Ana5 - 5: T.Raum	9999.9
2021-03-11 19:20:38.0	Ana9 - 9: T.Zuluft WRG warm	19.2
2021-03-11 19:20:48.0	Ana1 - 1: T.Au?en	9.5
2021-03-11 19:20:48.0	Ana2 - 2: T.Zuluft	16.4
2021-03-11 19:20:48.0	Ana3 - 3: T.Abluft	20.0
2021-03-11 19:20:48.0	Ana4 - 4: T.Fortluft	14.3
2021-03-11 19:20:48.0	Ana5 - 5: T.Raum	9999.9
2021-03-11 19:20:48.0	Ana9 - 9: T.Zuluft WRG warm	19.2
2021-03-11 19:20:58.0	Ana1 - 1: T.Au?en	9.5
2021-03-11 19:20:58.0	Ana2 - 2: T.Zuluft	16.4
2021-03-11 19:20:58.0	Ana3 - 3: T.Abluft	20.0
2021-03-11 19:20:58.0	Ana4 - 4: T.Fortluft	14.3
2021-03-11 19:20:58.0	Ana5 - 5: T.Raum	9999.9
2021-03-11 19:20:58.0	Ana9 - 9: T.Zuluft WRG warm	19.2
2021-03-11 19:21:08.0	Ana1 - 1: T.Au?en	9.6
2021-03-11 19:21:08.0	Ana2 - 2: T.Zuluft	16.5
2021-03-11 19:21:08.0	Ana3 - 3: T.Abluft	20.0
2021-03-11 19:21:08.0	Ana4 - 4: T.Fortluft	14.3
2021-03-11 19:21:08.0	Ana5 - 5: T.Raum	9999.9
2021-03-11 19:21:08.0	Ana9 - 9: T.Zuluft WRG warm	19.2
2021-03-11 19:21:18.0	Ana1 - 1: T.Au?en	9.6
2021-03-11 19:21:18.0	Ana2 - 2: T.Zuluft	16.5
2021-03-11 19:21:18.0	Ana3 - 3: T.Abluft	20.0
2021-03-11 19:21:18.0	Ana4 - 4: T.Fortluft	14.3
2021-03-11 19:21:18.0	Ana5 - 5: T.Raum	9999.9
2021-03-11 19:21:18.0	Ana9 - 9: T.Zuluft WRG warm	19.2
2021-03-11 19:21:28.0	Ana1 - 1: T.Au?en	9.6
2021-03-11 19:21:28.0	Ana2 - 2: T.Zuluft	16.5
2021-03-11 19:21:28.0	Ana3 - 3: T.Abluft	20.0
2021-03-11 19:21:28.0	Ana4 - 4: T.Fortluft	14.3
2021-03-11 19:21:28.0	Ana5 - 5: T.Raum	9999.9
2021-03-11 19:21:28.0	Ana9 - 9: T.Zuluft WRG warm	19.2
2021-03-11 19:21:38.0	Ana1 - 1: T.Au?en	9.6
2021-03-11 19:21:38.0	Ana2 - 2: T.Zuluft	16.4
2021-03-11 19:21:38.0	Ana3 - 3: T.Abluft	20.0
2021-03-11 19:21:38.0	Ana4 - 4: T.Fortluft	14.3
2021-03-11 19:21:38.0	Ana5 - 5: T.Raum	9999.9
2021-03-11 19:21:38.0	Ana9 - 9: T.Zuluft WRG warm	19.2
2021-03-11 19:21:48.0	Ana1 - 1: T.Au?en	9.6
2021-03-11 19:21:48.0	Ana2 - 2: T.Zuluft	16.4
2021-03-11 19:21:48.0	Ana3 - 3: T.Abluft	20.0
2021-03-11 19:21:48.0	Ana4 - 4: T.Fortluft	14.3
2021-03-11 19:21:48.0	Ana5 - 5: T.Raum	9999.9
2021-03-11 19:21:48.0	Ana9 - 9: T.Zuluft WRG warm	19.2
2021-03-11 19:21:58.0	Ana1 - 1: T.Au?en	9.6
2021-03-11 19:21:58.0	Ana2 - 2: T.Zuluft	16.4
2021-03-11 19:21:58.0	Ana3 - 3: T.Abluft	19.9
2021-03-11 19:21:58.0	Ana4 - 4: T.Fortluft	14.3
2021-03-11 19:21:58.0	Ana5 - 5: T.Raum	9999.9
2021-03-11 19:21:58.0	Ana9 - 9: T.Zuluft WRG warm	19.2
2021-03-11 19:22:08.0	Ana1 - 1: T.Au?en	9.6
2021-03-11 19:22:08.0	Ana2 - 2: T.Zuluft	16.4
2021-03-11 19:22:08.0	Ana3 - 3: T.Abluft	19.9
2021-03-11 19:22:08.0	Ana4 - 4: T.Fortluft	14.3
2021-03-11 19:22:08.0	Ana5 - 5: T.Raum	9999.9
2021-03-11 19:22:08.0	Ana9 - 9: T.Zuluft WRG warm	19.2
2021-03-11 19:22:18.0	Ana1 - 1: T.Au?en	9.5
2021-03-11 19:22:18.0	Ana2 - 2: T.Zuluft	16.5
2021-03-11 19:22:18.0	Ana3 - 3: T.Abluft	19.9
2021-03-11 19:22:18.0	Ana4 - 4: T.Fortluft	14.3
2021-03-11 19:22:18.0	Ana5 - 5: T.Raum	9999.9
2021-03-11 19:22:18.0	Ana9 - 9: T.Zuluft WRG warm	19.2
2021-03-11 19:22:28.0	Ana1 - 1: T.Au?en	9.5
2021-03-11 19:22:28.0	Ana2 - 2: T.Zuluft	16.4
2021-03-11 19:22:28.0	Ana3 - 3: T.Abluft	20.0
2021-03-11 19:22:28.0	Ana4 - 4: T.Fortluft	14.3
2021-03-11 19:22:28.0	Ana5 - 5: T.Raum	9999.9
2021-03-11 19:22:28.0	Ana9 - 9: T.Zuluft WRG warm	19.2
2021-03-11 19:22:38.0	Ana1 - 1: T.Au?en	9.5
2021-03-11 19:22:38.0	Ana2 - 2: T.Zuluft	16.4
2021-03-11 19:22:38.0	Ana3 - 3: T.Abluft	20.0
2021-03-11 19:22:38.0	Ana4 - 4: T.Fortluft	14.3
2021-03-11 19:22:38.0	Ana5 - 5: T.Raum	9999.9
2021-03-11 19:22:38.0	Ana9 - 9: T.Zuluft WRG warm	19.2
2021-03-11 19:22:48.0	Ana1 - 1: T.Au?en	9.5
2021-03-11 19:22:48.0	Ana2 - 2: T.Zuluft	16.4
2021-03-11 19:22:48.0	Ana3 - 3: T.Abluft	20.0
2021-03-11 19:22:48.0	Ana4 - 4: T.Fortluft	14.3
2021-03-11 19:22:48.0	Ana5 - 5: T.Raum	9999.9
2021-03-11 19:22:48.0	Ana9 - 9: T.Zuluft WRG warm	19.2
2021-03-11 19:22:58.0	Ana1 - 1: T.Au?en	9.5
2021-03-11 19:22:58.0	Ana2 - 2: T.Zuluft	16.4
2021-03-11 19:22:58.0	Ana3 - 3: T.Abluft	20.0
2021-03-11 19:22:58.0	Ana4 - 4: T.Fortluft	14.2
2021-03-11 19:22:58.0	Ana5 - 5: T.Raum	9999.9
2021-03-11 19:22:58.0	Ana9 - 9: T.Zuluft WRG warm	19.2
2021-03-11 19:23:08.0	Ana1 - 1: T.Au?en	9.5
2021-03-11 19:23:08.0	Ana2 - 2: T.Zuluft	16.4
2021-03-11 19:23:08.0	Ana3 - 3: T.Abluft	19.9
2021-03-11 19:23:08.0	Ana4 - 4: T.Fortluft	14.2
2021-03-11 19:23:08.0	Ana5 - 5: T.Raum	9999.9
2021-03-11 19:23:08.0	Ana9 - 9: T.Zuluft WRG warm	19.2
2021-03-11 19:23:18.0	Ana1 - 1: T.Au?en	9.5
2021-03-11 19:23:18.0	Ana2 - 2: T.Zuluft	16.4
2021-03-11 19:23:18.0	Ana3 - 3: T.Abluft	19.9
2021-03-11 19:23:18.0	Ana4 - 4: T.Fortluft	14.2
2021-03-11 19:23:18.0	Ana5 - 5: T.Raum	9999.9
2021-03-11 19:23:18.0	Ana9 - 9: T.Zuluft WRG warm	19.2
2021-03-11 19:23:28.0	Ana1 - 1: T.Au?en	9.5
2021-03-11 19:23:28.0	Ana2 - 2: T.Zuluft	16.4
2021-03-11 19:23:28.0	Ana3 - 3: T.Abluft	19.9
2021-03-11 19:23:28.0	Ana4 - 4: T.Fortluft	14.2
2021-03-11 19:23:28.0	Ana5 - 5: T.Raum	9999.9
2021-03-11 19:23:28.0	Ana9 - 9: T.Zuluft WRG warm	19.2
2021-03-11 19:23:38.0	Ana1 - 1: T.Au?en	9.5
2021-03-11 19:23:38.0	Ana2 - 2: T.Zuluft	16.4
2021-03-11 19:23:38.0	Ana3 - 3: T.Abluft	20.0
2021-03-11 19:23:38.0	Ana4 - 4: T.Fortluft	14.2
2021-03-11 19:23:38.0	Ana5 - 5: T.Raum	9999.9
2021-03-11 19:23:38.0	Ana9 - 9: T.Zuluft WRG warm	19.2
2021-03-11 19:23:48.0	Ana1 - 1: T.Au?en	9.5
2021-03-11 19:23:48.0	Ana2 - 2: T.Zuluft	16.4
2021-03-11 19:23:48.0	Ana3 - 3: T.Abluft	20.0
2021-03-11 19:23:48.0	Ana4 - 4: T.Fortluft	14.2
2021-03-11 19:23:48.0	Ana5 - 5: T.Raum	9999.9
2021-03-11 19:23:48.0	Ana9 - 9: T.Zuluft WRG warm	19.2
2021-03-11 19:23:58.0	Ana1 - 1: T.Au?en	9.5
2021-03-11 19:23:58.0	Ana2 - 2: T.Zuluft	16.4
2021-03-11 19:23:58.0	Ana3 - 3: T.Abluft	20.0
2021-03-11 19:23:58.0	Ana4 - 4: T.Fortluft	14.2
2021-03-11 19:23:58.0	Ana5 - 5: T.Raum	9999.9
2021-03-11 19:23:58.0	Ana9 - 9: T.Zuluft WRG warm	19.2
2021-03-11 19:24:08.0	Ana1 - 1: T.Au?en	9.5
2021-03-11 19:24:08.0	Ana2 - 2: T.Zuluft	16.4
2021-03-11 19:24:08.0	Ana3 - 3: T.Abluft	20.0
2021-03-11 19:24:08.0	Ana4 - 4: T.Fortluft	14.2
2021-03-11 19:24:08.0	Ana5 - 5: T.Raum	9999.9
2021-03-11 19:24:08.0	Ana9 - 9: T.Zuluft WRG warm	19.2
2021-03-11 19:24:18.0	Ana1 - 1: T.Au?en	9.5
2021-03-11 19:24:18.0	Ana2 - 2: T.Zuluft	16.4
2021-03-11 19:24:18.0	Ana3 - 3: T.Abluft	19.9
2021-03-11 19:24:18.0	Ana4 - 4: T.Fortluft	14.2
2021-03-11 19:24:18.0	Ana5 - 5: T.Raum	9999.9
2021-03-11 19:24:18.0	Ana9 - 9: T.Zuluft WRG warm	19.2
2021-03-11 19:24:28.0	Ana1 - 1: T.Au?en	9.5
2021-03-11 19:24:28.0	Ana2 - 2: T.Zuluft	16.4
2021-03-11 19:24:28.0	Ana3 - 3: T.Abluft	20.0
2021-03-11 19:24:28.0	Ana4 - 4: T.Fortluft	14.2
2021-03-11 19:24:28.0	Ana5 - 5: T.Raum	9999.9
2021-03-11 19:24:28.0	Ana9 - 9: T.Zuluft WRG warm	19.2
2021-03-11 19:24:38.0	Ana1 - 1: T.Au?en	9.5
2021-03-11 19:24:38.0	Ana2 - 2: T.Zuluft	16.4
2021-03-11 19:24:38.0	Ana3 - 3: T.Abluft	19.9
2021-03-11 19:24:38.0	Ana4 - 4: T.Fortluft	14.2
2021-03-11 19:24:38.0	Ana5 - 5: T.Raum	9999.9
2021-03-11 19:24:38.0	Ana9 - 9: T.Zuluft WRG warm	19.2
2021-03-11 19:24:48.0	Ana1 - 1: T.Au?en	9.5
2021-03-11 19:24:48.0	Ana2 - 2: T.Zuluft	16.4
2021-03-11 19:24:48.0	Ana3 - 3: T.Abluft	19.9
2021-03-11 19:24:48.0	Ana4 - 4: T.Fortluft	14.2
2021-03-11 19:24:48.0	Ana5 - 5: T.Raum	9999.9
2021-03-11 19:24:48.0	Ana9 - 9: T.Zuluft WRG warm	19.2
2021-03-11 19:24:58.0	Ana1 - 1: T.Au?en	9.5
2021-03-11 19:24:58.0	Ana2 - 2: T.Zuluft	16.4
2021-03-11 19:24:58.0	Ana3 - 3: T.Abluft	20.0
2021-03-11 19:24:58.0	Ana4 - 4: T.Fortluft	14.2
2021-03-11 19:24:58.0	Ana5 - 5: T.Raum	9999.9
2021-03-11 19:24:58.0	Ana9 - 9: T.Zuluft WRG warm	19.2
2021-03-11 19:25:08.0	Ana1 - 1: T.Au?en	9.5
2021-03-11 19:25:08.0	Ana2 - 2: T.Zuluft	16.4
2021-03-11 19:25:08.0	Ana3 - 3: T.Abluft	19.9
2021-03-11 19:25:08.0	Ana4 - 4: T.Fortluft	14.3
2021-03-11 19:25:08.0	Ana5 - 5: T.Raum	9999.9
2021-03-11 19:25:08.0	Ana9 - 9: T.Zuluft WRG warm	19.2
2021-03-11 19:25:18.0	Ana1 - 1: T.Au?en	9.5
2021-03-11 19:25:18.0	Ana2 - 2: T.Zuluft	16.4
2021-03-11 19:25:18.0	Ana3 - 3: T.Abluft	19.9
2021-03-11 19:25:18.0	Ana4 - 4: T.Fortluft	14.2
2021-03-11 19:25:18.0	Ana5 - 5: T.Raum	9999.9
2021-03-11 19:25:18.0	Ana9 - 9: T.Zuluft WRG warm	19.2
2021-03-11 19:25:28.0	Ana1 - 1: T.Au?en	9.5
2021-03-11 19:25:28.0	Ana2 - 2: T.Zuluft	16.4
2021-03-11 19:25:28.0	Ana3 - 3: T.Abluft	19.9
2021-03-11 19:25:28.0	Ana4 - 4: T.Fortluft	14.2
2021-03-11 19:25:28.0	Ana5 - 5: T.Raum	9999.9
2021-03-11 19:25:28.0	Ana9 - 9: T.Zuluft WRG warm	19.2
2021-03-11 19:25:38.0	Ana1 - 1: T.Au?en	9.5
2021-03-11 19:25:38.0	Ana2 - 2: T.Zuluft	16.4
2021-03-11 19:25:38.0	Ana3 - 3: T.Abluft	19.9
2021-03-11 19:25:38.0	Ana4 - 4: T.Fortluft	14.2
2021-03-11 19:25:38.0	Ana5 - 5: T.Raum	9999.9
2021-03-11 19:25:38.0	Ana9 - 9: T.Zuluft WRG warm	19.2
2021-03-11 19:25:48.0	Ana1 - 1: T.Au?en	9.5
2021-03-11 19:25:48.0	Ana2 - 2: T.Zuluft	16.4
2021-03-11 19:25:48.0	Ana3 - 3: T.Abluft	19.9
2021-03-11 19:25:48.0	Ana4 - 4: T.Fortluft	14.2
2021-03-11 19:25:48.0	Ana5 - 5: T.Raum	9999.9
2021-03-11 19:25:48.0	Ana9 - 9: T.Zuluft WRG warm	19.2
2021-03-11 19:25:58.0	Ana1 - 1: T.Au?en	9.5
2021-03-11 19:25:58.0	Ana2 - 2: T.Zuluft	16.4
2021-03-11 19:25:58.0	Ana3 - 3: T.Abluft	19.9
2021-03-11 19:25:58.0	Ana4 - 4: T.Fortluft	14.2
2021-03-11 19:25:58.0	Ana5 - 5: T.Raum	9999.9
2021-03-11 19:25:58.0	Ana9 - 9: T.Zuluft WRG warm	19.2
2021-03-11 19:26:08.0	Ana1 - 1: T.Au?en	9.5
2021-03-11 19:26:08.0	Ana2 - 2: T.Zuluft	16.4
2021-03-11 19:26:08.0	Ana3 - 3: T.Abluft	19.9
2021-03-11 19:26:08.0	Ana4 - 4: T.Fortluft	14.2
2021-03-11 19:26:08.0	Ana5 - 5: T.Raum	9999.9
2021-03-11 19:26:08.0	Ana9 - 9: T.Zuluft WRG warm	19.2
2021-03-11 19:26:18.0	Ana1 - 1: T.Au?en	9.5
2021-03-11 19:26:18.0	Ana2 - 2: T.Zuluft	16.4
2021-03-11 19:26:18.0	Ana3 - 3: T.Abluft	19.9
2021-03-11 19:26:18.0	Ana4 - 4: T.Fortluft	14.2
2021-03-11 19:26:18.0	Ana5 - 5: T.Raum	9999.9
2021-03-11 19:26:18.0	Ana9 - 9: T.Zuluft WRG warm	19.2
2021-03-11 19:26:28.0	Ana1 - 1: T.Au?en	9.5
2021-03-11 19:26:28.0	Ana2 - 2: T.Zuluft	16.4
2021-03-11 19:26:28.0	Ana3 - 3: T.Abluft	19.9
2021-03-11 19:26:28.0	Ana4 - 4: T.Fortluft	14.2
2021-03-11 19:26:28.0	Ana5 - 5: T.Raum	9999.9
2021-03-11 19:26:28.0	Ana9 - 9: T.Zuluft WRG warm	19.2
2021-03-11 19:26:38.0	Ana1 - 1: T.Au?en	9.5
2021-03-11 19:26:38.0	Ana2 - 2: T.Zuluft	16.4
2021-03-11 19:26:38.0	Ana3 - 3: T.Abluft	19.9
2021-03-11 19:26:38.0	Ana4 - 4: T.Fortluft	14.2
2021-03-11 19:26:38.0	Ana5 - 5: T.Raum	9999.9
2021-03-11 19:26:38.0	Ana9 - 9: T.Zuluft WRG warm	19.2
2021-03-11 19:26:48.0	Ana1 - 1: T.Au?en	9.5
2021-03-11 19:26:48.0	Ana2 - 2: T.Zuluft	16.4
2021-03-11 19:26:48.0	Ana3 - 3: T.Abluft	19.9
2021-03-11 19:26:48.0	Ana4 - 4: T.Fortluft	14.2
2021-03-11 19:26:48.0	Ana5 - 5: T.Raum	9999.9
2021-03-11 19:26:48.0	Ana9 - 9: T.Zuluft WRG warm	19.2
2021-03-11 19:26:58.0	Ana1 - 1: T.Au?en	9.5
2021-03-11 19:26:58.0	Ana2 - 2: T.Zuluft	16.4
2021-03-11 19:26:58.0	Ana3 - 3: T.Abluft	19.9
2021-03-11 19:26:58.0	Ana4 - 4: T.Fortluft	14.2
2021-03-11 19:26:58.0	Ana5 - 5: T.Raum	9999.9
2021-03-11 19:26:58.0	Ana9 - 9: T.Zuluft WRG warm	19.2
2021-03-11 19:27:08.0	Ana1 - 1: T.Au?en	9.5
2021-03-11 19:27:08.0	Ana2 - 2: T.Zuluft	16.4
2021-03-11 19:27:08.0	Ana3 - 3: T.Abluft	19.9
2021-03-11 19:27:08.0	Ana4 - 4: T.Fortluft	14.2
2021-03-11 19:27:08.0	Ana5 - 5: T.Raum	9999.9
2021-03-11 19:27:08.0	Ana9 - 9: T.Zuluft WRG warm	19.2
2021-03-11 19:27:18.0	Ana1 - 1: T.Au?en	9.5
2021-03-11 19:27:18.0	Ana2 - 2: T.Zuluft	16.4
2021-03-11 19:27:18.0	Ana3 - 3: T.Abluft	19.9
2021-03-11 19:27:18.0	Ana4 - 4: T.Fortluft	14.2
2021-03-11 19:27:18.0	Ana5 - 5: T.Raum	9999.9
2021-03-11 19:27:18.0	Ana9 - 9: T.Zuluft WRG warm	19.2
2021-03-11 19:27:28.0	Ana1 - 1: T.Au?en	9.5
2021-03-11 19:27:28.0	Ana2 - 2: T.Zuluft	16.4
2021-03-11 19:27:28.0	Ana3 - 3: T.Abluft	19.9
2021-03-11 19:27:28.0	Ana4 - 4: T.Fortluft	14.2
2021-03-11 19:27:28.0	Ana5 - 5: T.Raum	9999.9
2021-03-11 19:27:28.0	Ana9 - 9: T.Zuluft WRG warm	19.2
2021-03-11 19:27:38.0	Ana1 - 1: T.Au?en	9.5
2021-03-11 19:27:38.0	Ana2 - 2: T.Zuluft	16.4
2021-03-11 19:27:38.0	Ana3 - 3: T.Abluft	19.9
2021-03-11 19:27:38.0	Ana4 - 4: T.Fortluft	14.2
2021-03-11 19:27:38.0	Ana5 - 5: T.Raum	9999.9
2021-03-11 19:27:38.0	Ana9 - 9: T.Zuluft WRG warm	19.2
2021-03-11 19:27:48.0	Ana1 - 1: T.Au?en	9.5
2021-03-11 19:27:48.0	Ana2 - 2: T.Zuluft	16.4
2021-03-11 19:27:48.0	Ana3 - 3: T.Abluft	19.9
2021-03-11 19:27:48.0	Ana4 - 4: T.Fortluft	14.2
2021-03-11 19:27:48.0	Ana5 - 5: T.Raum	9999.9
2021-03-11 19:27:48.0	Ana9 - 9: T.Zuluft WRG warm	19.2
2021-03-11 19:27:58.0	Ana1 - 1: T.Au?en	9.5
2021-03-11 19:27:58.0	Ana2 - 2: T.Zuluft	16.4
2021-03-11 19:27:58.0	Ana3 - 3: T.Abluft	19.9
2021-03-11 19:27:58.0	Ana4 - 4: T.Fortluft	14.2
2021-03-11 19:27:58.0	Ana5 - 5: T.Raum	9999.9
2021-03-11 19:27:58.0	Ana9 - 9: T.Zuluft WRG warm	19.2
2021-03-11 19:28:08.0	Ana1 - 1: T.Au?en	9.5
2021-03-11 19:28:08.0	Ana2 - 2: T.Zuluft	16.4
2021-03-11 19:28:08.0	Ana3 - 3: T.Abluft	19.9
2021-03-11 19:28:08.0	Ana4 - 4: T.Fortluft	14.2
2021-03-11 19:28:08.0	Ana5 - 5: T.Raum	9999.9
2021-03-11 19:28:08.0	Ana9 - 9: T.Zuluft WRG warm	19.2
2021-03-11 19:28:18.0	Ana1 - 1: T.Au?en	9.5
2021-03-11 19:28:18.0	Ana2 - 2: T.Zuluft	16.4
2021-03-11 19:28:18.0	Ana3 - 3: T.Abluft	19.9
2021-03-11 19:28:18.0	Ana4 - 4: T.Fortluft	14.2
2021-03-11 19:28:18.0	Ana5 - 5: T.Raum	9999.9
2021-03-11 19:28:18.0	Ana9 - 9: T.Zuluft WRG warm	19.2
2021-03-11 19:28:28.0	Ana1 - 1: T.Au?en	9.5
2021-03-11 19:28:28.0	Ana2 - 2: T.Zuluft	16.4
2021-03-11 19:28:28.0	Ana3 - 3: T.Abluft	19.9
2021-03-11 19:28:28.0	Ana4 - 4: T.Fortluft	14.2
2021-03-11 19:28:28.0	Ana5 - 5: T.Raum	9999.9
2021-03-11 19:28:28.0	Ana9 - 9: T.Zuluft WRG warm	19.2
2021-03-11 19:28:38.0	Ana1 - 1: T.Au?en	9.5
2021-03-11 19:28:38.0	Ana2 - 2: T.Zuluft	16.4
2021-03-11 19:28:38.0	Ana3 - 3: T.Abluft	19.9
2021-03-11 19:28:38.0	Ana4 - 4: T.Fortluft	14.2
2021-03-11 19:28:38.0	Ana5 - 5: T.Raum	9999.9
2021-03-11 19:28:38.0	Ana9 - 9: T.Zuluft WRG warm	19.2
2021-03-11 19:28:48.0	Ana1 - 1: T.Au?en	9.5
2021-03-11 19:28:48.0	Ana2 - 2: T.Zuluft	16.4
2021-03-11 19:28:48.0	Ana3 - 3: T.Abluft	19.9
2021-03-11 19:28:48.0	Ana4 - 4: T.Fortluft	14.2
2021-03-11 19:28:48.0	Ana5 - 5: T.Raum	9999.9
2021-03-11 19:28:48.0	Ana9 - 9: T.Zuluft WRG warm	19.2
2021-03-11 19:28:58.0	Ana1 - 1: T.Au?en	9.5
2021-03-11 19:28:58.0	Ana2 - 2: T.Zuluft	16.4
2021-03-11 19:28:58.0	Ana3 - 3: T.Abluft	19.9
2021-03-11 19:28:58.0	Ana4 - 4: T.Fortluft	14.2
2021-03-11 19:28:58.0	Ana5 - 5: T.Raum	9999.9
2021-03-11 19:28:58.0	Ana9 - 9: T.Zuluft WRG warm	19.2
2021-03-11 19:29:08.0	Ana1 - 1: T.Au?en	9.5
2021-03-11 19:29:08.0	Ana2 - 2: T.Zuluft	16.4
2021-03-11 19:29:08.0	Ana3 - 3: T.Abluft	19.9
2021-03-11 19:29:08.0	Ana4 - 4: T.Fortluft	14.2
2021-03-11 19:29:08.0	Ana5 - 5: T.Raum	9999.9
2021-03-11 19:29:08.0	Ana9 - 9: T.Zuluft WRG warm	19.2
2021-03-11 19:29:18.0	Ana1 - 1: T.Au?en	9.5
2021-03-11 19:29:18.0	Ana2 - 2: T.Zuluft	16.4
2021-03-11 19:29:18.0	Ana3 - 3: T.Abluft	19.9
2021-03-11 19:29:18.0	Ana4 - 4: T.Fortluft	14.2
2021-03-11 19:29:18.0	Ana5 - 5: T.Raum	9999.9
2021-03-11 19:29:18.0	Ana9 - 9: T.Zuluft WRG warm	19.2
2021-03-11 19:29:28.0	Ana1 - 1: T.Au?en	9.5
2021-03-11 19:29:28.0	Ana2 - 2: T.Zuluft	16.4
2021-03-11 19:29:28.0	Ana3 - 3: T.Abluft	19.9
2021-03-11 19:29:28.0	Ana4 - 4: T.Fortluft	14.2
2021-03-11 19:29:28.0	Ana5 - 5: T.Raum	9999.9
2021-03-11 19:29:28.0	Ana9 - 9: T.Zuluft WRG warm	19.2
2021-03-11 19:29:38.0	Ana1 - 1: T.Au?en	9.5
2021-03-11 19:29:38.0	Ana2 - 2: T.Zuluft	16.4
2021-03-11 19:29:38.0	Ana3 - 3: T.Abluft	19.9
2021-03-11 19:29:38.0	Ana4 - 4: T.Fortluft	14.2
2021-03-11 19:29:38.0	Ana5 - 5: T.Raum	9999.9
2021-03-11 19:29:38.0	Ana9 - 9: T.Zuluft WRG warm	19.2
2021-03-11 19:29:48.0	Ana1 - 1: T.Au?en	9.5
2021-03-11 19:29:48.0	Ana2 - 2: T.Zuluft	16.4
2021-03-11 19:29:48.0	Ana3 - 3: T.Abluft	19.9
2021-03-11 19:29:48.0	Ana4 - 4: T.Fortluft	14.2
2021-03-11 19:29:48.0	Ana5 - 5: T.Raum	9999.9
2021-03-11 19:29:48.0	Ana9 - 9: T.Zuluft WRG warm	19.2
2021-03-11 19:29:58.0	Ana1 - 1: T.Au?en	9.5
2021-03-11 19:29:58.0	Ana2 - 2: T.Zuluft	16.4
2021-03-11 19:29:58.0	Ana3 - 3: T.Abluft	19.9
2021-03-11 19:29:58.0	Ana4 - 4: T.Fortluft	14.2
2021-03-11 19:29:58.0	Ana5 - 5: T.Raum	9999.9
2021-03-11 19:29:58.0	Ana9 - 9: T.Zuluft WRG warm	19.2
2021-03-11 19:30:08.0	Ana1 - 1: T.Au?en	9.5
2021-03-11 19:30:08.0	Ana2 - 2: T.Zuluft	16.4
2021-03-11 19:30:08.0	Ana3 - 3: T.Abluft	19.9
2021-03-11 19:30:08.0	Ana4 - 4: T.Fortluft	14.2
2021-03-11 19:30:08.0	Ana5 - 5: T.Raum	9999.9
2021-03-11 19:30:08.0	Ana9 - 9: T.Zuluft WRG warm	19.2
2021-03-11 19:30:18.0	Ana1 - 1: T.Au?en	9.5
2021-03-11 19:30:18.0	Ana2 - 2: T.Zuluft	16.4
2021-03-11 19:30:18.0	Ana3 - 3: T.Abluft	19.9
2021-03-11 19:30:18.0	Ana4 - 4: T.Fortluft	14.2
2021-03-11 19:30:18.0	Ana5 - 5: T.Raum	9999.9
2021-03-11 19:30:18.0	Ana9 - 9: T.Zuluft WRG warm	19.2
2021-03-11 19:30:28.0	Ana1 - 1: T.Au?en	9.5
2021-03-11 19:30:28.0	Ana2 - 2: T.Zuluft	16.4
2021-03-11 19:30:28.0	Ana3 - 3: T.Abluft	19.9
2021-03-11 19:30:28.0	Ana4 - 4: T.Fortluft	14.2
2021-03-11 19:30:28.0	Ana5 - 5: T.Raum	9999.9
2021-03-11 19:30:28.0	Ana9 - 9: T.Zuluft WRG warm	19.2
2021-03-11 19:30:38.0	Ana1 - 1: T.Au?en	9.4
2021-03-11 19:30:38.0	Ana2 - 2: T.Zuluft	16.4
2021-03-11 19:30:38.0	Ana3 - 3: T.Abluft	19.9
2021-03-11 19:30:38.0	Ana4 - 4: T.Fortluft	14.2
2021-03-11 19:30:38.0	Ana5 - 5: T.Raum	9999.9
2021-03-11 19:30:38.0	Ana9 - 9: T.Zuluft WRG warm	19.2
2021-03-11 19:30:48.0	Ana1 - 1: T.Au?en	9.4
2021-03-11 19:30:48.0	Ana2 - 2: T.Zuluft	16.4
2021-03-11 19:30:48.0	Ana3 - 3: T.Abluft	19.9
2021-03-11 19:30:48.0	Ana4 - 4: T.Fortluft	14.2
2021-03-11 19:30:48.0	Ana5 - 5: T.Raum	9999.9
2021-03-11 19:30:48.0	Ana9 - 9: T.Zuluft WRG warm	19.2
2021-03-11 19:30:58.0	Ana1 - 1: T.Au?en	9.4
2021-03-11 19:30:58.0	Ana2 - 2: T.Zuluft	16.4
2021-03-11 19:30:58.0	Ana3 - 3: T.Abluft	19.9
2021-03-11 19:30:58.0	Ana4 - 4: T.Fortluft	14.2
2021-03-11 19:30:58.0	Ana5 - 5: T.Raum	9999.9
2021-03-11 19:30:58.0	Ana9 - 9: T.Zuluft WRG warm	19.2
2021-03-11 19:31:08.0	Ana1 - 1: T.Au?en	9.4
2021-03-11 19:31:08.0	Ana2 - 2: T.Zuluft	16.4
2021-03-11 19:31:08.0	Ana3 - 3: T.Abluft	19.9
2021-03-11 19:31:08.0	Ana4 - 4: T.Fortluft	14.2
2021-03-11 19:31:08.0	Ana5 - 5: T.Raum	9999.9
2021-03-11 19:31:08.0	Ana9 - 9: T.Zuluft WRG warm	19.2
2021-03-11 19:31:18.0	Ana1 - 1: T.Au?en	9.4
2021-03-11 19:31:18.0	Ana2 - 2: T.Zuluft	16.4
2021-03-11 19:31:18.0	Ana3 - 3: T.Abluft	19.9
2021-03-11 19:31:18.0	Ana4 - 4: T.Fortluft	14.2
2021-03-11 19:31:18.0	Ana5 - 5: T.Raum	9999.9
2021-03-11 19:31:18.0	Ana9 - 9: T.Zuluft WRG warm	19.2
2021-03-11 19:31:28.0	Ana1 - 1: T.Au?en	9.4
2021-03-11 19:31:28.0	Ana2 - 2: T.Zuluft	16.4
2021-03-11 19:31:28.0	Ana3 - 3: T.Abluft	19.9
2021-03-11 19:31:28.0	Ana4 - 4: T.Fortluft	14.2
2021-03-11 19:31:28.0	Ana5 - 5: T.Raum	9999.9
2021-03-11 19:31:28.0	Ana9 - 9: T.Zuluft WRG warm	19.2
2021-03-11 19:31:38.0	Ana1 - 1: T.Au?en	9.4
2021-03-11 19:31:38.0	Ana2 - 2: T.Zuluft	16.4
2021-03-11 19:31:38.0	Ana3 - 3: T.Abluft	19.9
2021-03-11 19:31:38.0	Ana4 - 4: T.Fortluft	14.2
2021-03-11 19:31:38.0	Ana5 - 5: T.Raum	9999.9
2021-03-11 19:31:38.0	Ana9 - 9: T.Zuluft WRG warm	19.2
2021-03-11 19:31:48.0	Ana1 - 1: T.Au?en	9.4
2021-03-11 19:31:48.0	Ana2 - 2: T.Zuluft	16.4
2021-03-11 19:31:48.0	Ana3 - 3: T.Abluft	19.9
2021-03-11 19:31:48.0	Ana4 - 4: T.Fortluft	14.2
2021-03-11 19:31:48.0	Ana5 - 5: T.Raum	9999.9
2021-03-11 19:31:48.0	Ana9 - 9: T.Zuluft WRG warm	19.2
2021-03-11 19:31:58.0	Ana1 - 1: T.Au?en	9.5
2021-03-11 19:31:58.0	Ana2 - 2: T.Zuluft	16.4
2021-03-11 19:31:58.0	Ana3 - 3: T.Abluft	19.9
2021-03-11 19:31:58.0	Ana4 - 4: T.Fortluft	14.2
2021-03-11 19:31:58.0	Ana5 - 5: T.Raum	9999.9
2021-03-11 19:31:58.0	Ana9 - 9: T.Zuluft WRG warm	19.2
2021-03-11 19:32:08.0	Ana1 - 1: T.Au?en	9.5
2021-03-11 19:32:08.0	Ana2 - 2: T.Zuluft	16.4
2021-03-11 19:32:08.0	Ana3 - 3: T.Abluft	19.9
2021-03-11 19:32:08.0	Ana4 - 4: T.Fortluft	14.2
2021-03-11 19:32:08.0	Ana5 - 5: T.Raum	9999.9
2021-03-11 19:32:08.0	Ana9 - 9: T.Zuluft WRG warm	19.2
2021-03-11 19:32:18.0	Ana1 - 1: T.Au?en	9.5
2021-03-11 19:32:18.0	Ana2 - 2: T.Zuluft	16.4
2021-03-11 19:32:18.0	Ana3 - 3: T.Abluft	19.9
2021-03-11 19:32:18.0	Ana4 - 4: T.Fortluft	14.2
2021-03-11 19:32:18.0	Ana5 - 5: T.Raum	9999.9
2021-03-11 19:32:18.0	Ana9 - 9: T.Zuluft WRG warm	19.2
2021-03-11 19:32:28.0	Ana1 - 1: T.Au?en	9.5
2021-03-11 19:32:28.0	Ana2 - 2: T.Zuluft	16.4
2021-03-11 19:32:28.0	Ana3 - 3: T.Abluft	19.9
2021-03-11 19:32:28.0	Ana4 - 4: T.Fortluft	14.2
2021-03-11 19:32:28.0	Ana5 - 5: T.Raum	9999.9
2021-03-11 19:32:28.0	Ana9 - 9: T.Zuluft WRG warm	19.2
2021-03-11 19:32:38.0	Ana1 - 1: T.Au?en	9.5
2021-03-11 19:32:38.0	Ana2 - 2: T.Zuluft	16.4
2021-03-11 19:32:38.0	Ana3 - 3: T.Abluft	19.9
2021-03-11 19:32:38.0	Ana4 - 4: T.Fortluft	14.2
2021-03-11 19:32:38.0	Ana5 - 5: T.Raum	9999.9
2021-03-11 19:32:38.0	Ana9 - 9: T.Zuluft WRG warm	19.2
2021-03-11 19:32:48.0	Ana1 - 1: T.Au?en	9.5
2021-03-11 19:32:48.0	Ana2 - 2: T.Zuluft	16.4
2021-03-11 19:32:48.0	Ana3 - 3: T.Abluft	19.9
2021-03-11 19:32:48.0	Ana4 - 4: T.Fortluft	14.2
2021-03-11 19:32:48.0	Ana5 - 5: T.Raum	9999.9
2021-03-11 19:32:48.0	Ana9 - 9: T.Zuluft WRG warm	19.2
2021-03-11 19:32:58.0	Ana1 - 1: T.Au?en	9.5
2021-03-11 19:32:58.0	Ana2 - 2: T.Zuluft	16.4
2021-03-11 19:32:58.0	Ana3 - 3: T.Abluft	19.9
2021-03-11 19:32:58.0	Ana4 - 4: T.Fortluft	14.2
2021-03-11 19:32:58.0	Ana5 - 5: T.Raum	9999.9
2021-03-11 19:32:58.0	Ana9 - 9: T.Zuluft WRG warm	19.2
2021-03-11 19:33:08.0	Ana1 - 1: T.Au?en	9.5
2021-03-11 19:33:08.0	Ana2 - 2: T.Zuluft	16.4
2021-03-11 19:33:08.0	Ana3 - 3: T.Abluft	19.9
2021-03-11 19:33:08.0	Ana4 - 4: T.Fortluft	14.2
2021-03-11 19:33:08.0	Ana5 - 5: T.Raum	9999.9
2021-03-11 19:33:08.0	Ana9 - 9: T.Zuluft WRG warm	19.2
2021-03-11 19:33:18.0	Ana1 - 1: T.Au?en	9.5
2021-03-11 19:33:18.0	Ana2 - 2: T.Zuluft	16.4
2021-03-11 19:33:18.0	Ana3 - 3: T.Abluft	19.9
2021-03-11 19:33:18.0	Ana4 - 4: T.Fortluft	14.2
2021-03-11 19:33:18.0	Ana5 - 5: T.Raum	9999.9
2021-03-11 19:33:18.0	Ana9 - 9: T.Zuluft WRG warm	19.2
2021-03-11 19:33:28.0	Ana1 - 1: T.Au?en	9.5
2021-03-11 19:33:28.0	Ana2 - 2: T.Zuluft	16.4
2021-03-11 19:33:28.0	Ana3 - 3: T.Abluft	19.9
2021-03-11 19:33:28.0	Ana4 - 4: T.Fortluft	14.2
2021-03-11 19:33:28.0	Ana5 - 5: T.Raum	9999.9
2021-03-11 19:33:28.0	Ana9 - 9: T.Zuluft WRG warm	19.2
2021-03-11 19:33:38.0	Ana1 - 1: T.Au?en	9.4
2021-03-11 19:33:38.0	Ana2 - 2: T.Zuluft	16.4
2021-03-11 19:33:38.0	Ana3 - 3: T.Abluft	19.9
2021-03-11 19:33:38.0	Ana4 - 4: T.Fortluft	14.2
2021-03-11 19:33:38.0	Ana5 - 5: T.Raum	9999.9
2021-03-11 19:33:38.0	Ana9 - 9: T.Zuluft WRG warm	19.2
2021-03-11 19:33:48.0	Ana1 - 1: T.Au?en	9.4
2021-03-11 19:33:48.0	Ana2 - 2: T.Zuluft	16.4
2021-03-11 19:33:48.0	Ana3 - 3: T.Abluft	19.9
2021-03-11 19:33:48.0	Ana4 - 4: T.Fortluft	14.2
2021-03-11 19:33:48.0	Ana5 - 5: T.Raum	9999.9
2021-03-11 19:33:48.0	Ana9 - 9: T.Zuluft WRG warm	19.2
2021-03-11 19:33:58.0	Ana1 - 1: T.Au?en	9.4
2021-03-11 19:33:58.0	Ana2 - 2: T.Zuluft	16.4
2021-03-11 19:33:58.0	Ana3 - 3: T.Abluft	19.9
2021-03-11 19:33:58.0	Ana4 - 4: T.Fortluft	14.2
2021-03-11 19:33:58.0	Ana5 - 5: T.Raum	9999.9
2021-03-11 19:33:58.0	Ana9 - 9: T.Zuluft WRG warm	19.2
2021-03-11 19:34:08.0	Ana1 - 1: T.Au?en	9.4
2021-03-11 19:34:08.0	Ana2 - 2: T.Zuluft	16.4
2021-03-11 19:34:08.0	Ana3 - 3: T.Abluft	19.9
2021-03-11 19:34:08.0	Ana4 - 4: T.Fortluft	14.2
2021-03-11 19:34:08.0	Ana5 - 5: T.Raum	9999.9
2021-03-11 19:34:08.0	Ana9 - 9: T.Zuluft WRG warm	19.2
2021-03-11 19:34:18.0	Ana1 - 1: T.Au?en	9.4
2021-03-11 19:34:18.0	Ana2 - 2: T.Zuluft	16.4
2021-03-11 19:34:18.0	Ana3 - 3: T.Abluft	19.9
2021-03-11 19:34:18.0	Ana4 - 4: T.Fortluft	14.2
2021-03-11 19:34:18.0	Ana5 - 5: T.Raum	9999.9
2021-03-11 19:34:18.0	Ana9 - 9: T.Zuluft WRG warm	19.2
2021-03-11 19:34:28.0	Ana1 - 1: T.Au?en	9.4
2021-03-11 19:34:28.0	Ana2 - 2: T.Zuluft	16.4
2021-03-11 19:34:28.0	Ana3 - 3: T.Abluft	19.9
2021-03-11 19:34:28.0	Ana4 - 4: T.Fortluft	14.2
2021-03-11 19:34:28.0	Ana5 - 5: T.Raum	9999.9
2021-03-11 19:34:28.0	Ana9 - 9: T.Zuluft WRG warm	19.2
2021-03-11 19:34:38.0	Ana1 - 1: T.Au?en	9.4
2021-03-11 19:34:38.0	Ana2 - 2: T.Zuluft	16.4
2021-03-11 19:34:38.0	Ana3 - 3: T.Abluft	19.9
2021-03-11 19:34:38.0	Ana4 - 4: T.Fortluft	14.2
2021-03-11 19:34:38.0	Ana5 - 5: T.Raum	9999.9
2021-03-11 19:34:38.0	Ana9 - 9: T.Zuluft WRG warm	19.2
2021-03-11 19:34:48.0	Ana1 - 1: T.Au?en	9.4
2021-03-11 19:34:48.0	Ana2 - 2: T.Zuluft	16.4
2021-03-11 19:34:48.0	Ana3 - 3: T.Abluft	19.9
2021-03-11 19:34:48.0	Ana4 - 4: T.Fortluft	14.2
2021-03-11 19:34:48.0	Ana5 - 5: T.Raum	9999.9
2021-03-11 19:34:48.0	Ana9 - 9: T.Zuluft WRG warm	19.2
2021-03-11 19:34:58.0	Ana1 - 1: T.Au?en	9.4
2021-03-11 19:34:58.0	Ana2 - 2: T.Zuluft	16.3
2021-03-11 19:34:58.0	Ana3 - 3: T.Abluft	19.9
2021-03-11 19:34:58.0	Ana4 - 4: T.Fortluft	14.2
2021-03-11 19:34:58.0	Ana5 - 5: T.Raum	9999.9
2021-03-11 19:34:58.0	Ana9 - 9: T.Zuluft WRG warm	19.2
2021-03-11 19:35:08.0	Ana1 - 1: T.Au?en	9.4
2021-03-11 19:35:08.0	Ana2 - 2: T.Zuluft	16.4
2021-03-11 19:35:08.0	Ana3 - 3: T.Abluft	19.9
2021-03-11 19:35:08.0	Ana4 - 4: T.Fortluft	14.2
2021-03-11 19:35:08.0	Ana5 - 5: T.Raum	9999.9
2021-03-11 19:35:08.0	Ana9 - 9: T.Zuluft WRG warm	19.2
2021-03-11 19:35:18.0	Ana1 - 1: T.Au?en	9.4
2021-03-11 19:35:18.0	Ana2 - 2: T.Zuluft	16.4
2021-03-11 19:35:18.0	Ana3 - 3: T.Abluft	19.9
2021-03-11 19:35:18.0	Ana4 - 4: T.Fortluft	14.2
2021-03-11 19:35:18.0	Ana5 - 5: T.Raum	9999.9
2021-03-11 19:35:18.0	Ana9 - 9: T.Zuluft WRG warm	19.2
2021-03-11 19:35:28.0	Ana1 - 1: T.Au?en	9.4
2021-03-11 19:35:28.0	Ana2 - 2: T.Zuluft	16.4
2021-03-11 19:35:28.0	Ana3 - 3: T.Abluft	19.9
2021-03-11 19:35:28.0	Ana4 - 4: T.Fortluft	14.2
2021-03-11 19:35:28.0	Ana5 - 5: T.Raum	9999.9
2021-03-11 19:35:28.0	Ana9 - 9: T.Zuluft WRG warm	19.2
2021-03-11 19:35:38.0	Ana1 - 1: T.Au?en	9.4
2021-03-11 19:35:38.0	Ana2 - 2: T.Zuluft	16.3
2021-03-11 19:35:38.0	Ana3 - 3: T.Abluft	19.9
2021-03-11 19:35:38.0	Ana4 - 4: T.Fortluft	14.2
2021-03-11 19:35:38.0	Ana5 - 5: T.Raum	9999.9
2021-03-11 19:35:38.0	Ana9 - 9: T.Zuluft WRG warm	19.2
2021-03-11 19:35:48.0	Ana1 - 1: T.Au?en	9.4
2021-03-11 19:35:48.0	Ana2 - 2: T.Zuluft	16.3
2021-03-11 19:35:48.0	Ana3 - 3: T.Abluft	19.9
2021-03-11 19:35:48.0	Ana4 - 4: T.Fortluft	14.2
2021-03-11 19:35:48.0	Ana5 - 5: T.Raum	9999.9
2021-03-11 19:35:48.0	Ana9 - 9: T.Zuluft WRG warm	19.2
2021-03-11 19:35:58.0	Ana1 - 1: T.Au?en	9.4
2021-03-11 19:35:58.0	Ana2 - 2: T.Zuluft	16.4
2021-03-11 19:35:58.0	Ana3 - 3: T.Abluft	19.9
2021-03-11 19:35:58.0	Ana4 - 4: T.Fortluft	14.2
2021-03-11 19:35:58.0	Ana5 - 5: T.Raum	9999.9
2021-03-11 19:35:58.0	Ana9 - 9: T.Zuluft WRG warm	19.2
2021-03-11 19:36:08.0	Ana1 - 1: T.Au?en	9.4
2021-03-11 19:36:08.0	Ana2 - 2: T.Zuluft	16.3
2021-03-11 19:36:08.0	Ana3 - 3: T.Abluft	19.9
2021-03-11 19:36:08.0	Ana4 - 4: T.Fortluft	14.2
2021-03-11 19:36:08.0	Ana5 - 5: T.Raum	9999.9
2021-03-11 19:36:08.0	Ana9 - 9: T.Zuluft WRG warm	19.2
2021-03-11 19:36:18.0	Ana1 - 1: T.Au?en	9.4
2021-03-11 19:36:18.0	Ana2 - 2: T.Zuluft	16.3
2021-03-11 19:36:18.0	Ana3 - 3: T.Abluft	19.9
2021-03-11 19:36:18.0	Ana4 - 4: T.Fortluft	14.2
2021-03-11 19:36:18.0	Ana5 - 5: T.Raum	9999.9
2021-03-11 19:36:18.0	Ana9 - 9: T.Zuluft WRG warm	19.2
2021-03-11 19:36:28.0	Ana1 - 1: T.Au?en	9.4
2021-03-11 19:36:28.0	Ana2 - 2: T.Zuluft	16.3
2021-03-11 19:36:28.0	Ana3 - 3: T.Abluft	19.9
2021-03-11 19:36:28.0	Ana4 - 4: T.Fortluft	14.2
2021-03-11 19:36:28.0	Ana5 - 5: T.Raum	9999.9
2021-03-11 19:36:28.0	Ana9 - 9: T.Zuluft WRG warm	19.2
2021-03-11 19:36:38.0	Ana1 - 1: T.Au?en	9.4
2021-03-11 19:36:38.0	Ana2 - 2: T.Zuluft	16.4
2021-03-11 19:36:38.0	Ana3 - 3: T.Abluft	19.9
2021-03-11 19:36:38.0	Ana4 - 4: T.Fortluft	14.2
2021-03-11 19:36:38.0	Ana5 - 5: T.Raum	9999.9
2021-03-11 19:36:38.0	Ana9 - 9: T.Zuluft WRG warm	19.2
2021-03-11 19:36:48.0	Ana1 - 1: T.Au?en	9.4
2021-03-11 19:36:48.0	Ana2 - 2: T.Zuluft	16.3
2021-03-11 19:36:48.0	Ana3 - 3: T.Abluft	19.9
2021-03-11 19:36:48.0	Ana4 - 4: T.Fortluft	14.2
2021-03-11 19:36:48.0	Ana5 - 5: T.Raum	9999.9
2021-03-11 19:36:48.0	Ana9 - 9: T.Zuluft WRG warm	19.2
2021-03-11 19:36:58.0	Ana1 - 1: T.Au?en	9.4
2021-03-11 19:36:58.0	Ana2 - 2: T.Zuluft	16.3
2021-03-11 19:36:58.0	Ana3 - 3: T.Abluft	19.9
2021-03-11 19:36:58.0	Ana4 - 4: T.Fortluft	14.1
2021-03-11 19:36:58.0	Ana5 - 5: T.Raum	9999.9
2021-03-11 19:36:58.0	Ana9 - 9: T.Zuluft WRG warm	19.2
2021-03-11 19:37:08.0	Ana1 - 1: T.Au?en	9.4
2021-03-11 19:37:08.0	Ana2 - 2: T.Zuluft	16.3
2021-03-11 19:37:08.0	Ana3 - 3: T.Abluft	19.9
2021-03-11 19:37:08.0	Ana4 - 4: T.Fortluft	14.1
2021-03-11 19:37:08.0	Ana5 - 5: T.Raum	9999.9
2021-03-11 19:37:08.0	Ana9 - 9: T.Zuluft WRG warm	19.2
2021-03-11 19:37:18.0	Ana1 - 1: T.Au?en	9.4
2021-03-11 19:37:18.0	Ana2 - 2: T.Zuluft	16.3
2021-03-11 19:37:18.0	Ana3 - 3: T.Abluft	19.9
2021-03-11 19:37:18.0	Ana4 - 4: T.Fortluft	14.2
2021-03-11 19:37:18.0	Ana5 - 5: T.Raum	9999.9
2021-03-11 19:37:18.0	Ana9 - 9: T.Zuluft WRG warm	19.2
2021-03-11 19:37:28.0	Ana1 - 1: T.Au?en	9.4
2021-03-11 19:37:28.0	Ana2 - 2: T.Zuluft	16.3
2021-03-11 19:37:28.0	Ana3 - 3: T.Abluft	19.9
2021-03-11 19:37:28.0	Ana4 - 4: T.Fortluft	14.2
2021-03-11 19:37:28.0	Ana5 - 5: T.Raum	9999.9
2021-03-11 19:37:28.0	Ana9 - 9: T.Zuluft WRG warm	19.2
2021-03-11 19:37:38.0	Ana1 - 1: T.Au?en	9.4
2021-03-11 19:37:38.0	Ana2 - 2: T.Zuluft	16.3
2021-03-11 19:37:38.0	Ana3 - 3: T.Abluft	19.9
2021-03-11 19:37:38.0	Ana4 - 4: T.Fortluft	14.2
2021-03-11 19:37:38.0	Ana5 - 5: T.Raum	9999.9
2021-03-11 19:37:38.0	Ana9 - 9: T.Zuluft WRG warm	19.2
2021-03-11 19:37:48.0	Ana1 - 1: T.Au?en	9.4
2021-03-11 19:37:48.0	Ana2 - 2: T.Zuluft	16.3
2021-03-11 19:37:48.0	Ana3 - 3: T.Abluft	19.9
2021-03-11 19:37:48.0	Ana4 - 4: T.Fortluft	14.1
2021-03-11 19:37:48.0	Ana5 - 5: T.Raum	9999.9
2021-03-11 19:37:48.0	Ana9 - 9: T.Zuluft WRG warm	19.2
2021-03-11 19:37:58.0	Ana1 - 1: T.Au?en	9.4
2021-03-11 19:37:58.0	Ana2 - 2: T.Zuluft	16.3
2021-03-11 19:37:58.0	Ana3 - 3: T.Abluft	19.9
2021-03-11 19:37:58.0	Ana4 - 4: T.Fortluft	14.1
2021-03-11 19:37:58.0	Ana5 - 5: T.Raum	9999.9
2021-03-11 19:37:58.0	Ana9 - 9: T.Zuluft WRG warm	19.2
2021-03-11 19:38:08.0	Ana1 - 1: T.Au?en	9.4
2021-03-11 19:38:08.0	Ana2 - 2: T.Zuluft	16.3
2021-03-11 19:38:08.0	Ana3 - 3: T.Abluft	19.9
2021-03-11 19:38:08.0	Ana4 - 4: T.Fortluft	14.2
2021-03-11 19:38:08.0	Ana5 - 5: T.Raum	9999.9
2021-03-11 19:38:08.0	Ana9 - 9: T.Zuluft WRG warm	19.2
2021-03-11 19:38:18.0	Ana1 - 1: T.Au?en	9.4
2021-03-11 19:38:18.0	Ana2 - 2: T.Zuluft	16.3
2021-03-11 19:38:18.0	Ana3 - 3: T.Abluft	19.9
2021-03-11 19:38:18.0	Ana4 - 4: T.Fortluft	14.2
2021-03-11 19:38:18.0	Ana5 - 5: T.Raum	9999.9
2021-03-11 19:38:18.0	Ana9 - 9: T.Zuluft WRG warm	19.2
2021-03-11 19:38:28.0	Ana1 - 1: T.Au?en	9.4
2021-03-11 19:38:28.0	Ana2 - 2: T.Zuluft	16.3
2021-03-11 19:38:28.0	Ana3 - 3: T.Abluft	19.9
2021-03-11 19:38:28.0	Ana4 - 4: T.Fortluft	14.2
2021-03-11 19:38:28.0	Ana5 - 5: T.Raum	9999.9
2021-03-11 19:38:28.0	Ana9 - 9: T.Zuluft WRG warm	19.2
2021-03-11 19:38:38.0	Ana1 - 1: T.Au?en	9.4
2021-03-11 19:38:38.0	Ana2 - 2: T.Zuluft	16.3
2021-03-11 19:38:38.0	Ana3 - 3: T.Abluft	19.9
2021-03-11 19:38:38.0	Ana4 - 4: T.Fortluft	14.1
2021-03-11 19:38:38.0	Ana5 - 5: T.Raum	9999.9
2021-03-11 19:38:38.0	Ana9 - 9: T.Zuluft WRG warm	19.2
2021-03-11 19:38:48.0	Ana1 - 1: T.Au?en	9.4
2021-03-11 19:38:48.0	Ana2 - 2: T.Zuluft	16.3
2021-03-11 19:38:48.0	Ana3 - 3: T.Abluft	19.9
2021-03-11 19:38:48.0	Ana4 - 4: T.Fortluft	14.1
2021-03-11 19:38:48.0	Ana5 - 5: T.Raum	9999.9
2021-03-11 19:38:48.0	Ana9 - 9: T.Zuluft WRG warm	19.2
2021-03-11 19:38:58.0	Ana1 - 1: T.Au?en	9.4
2021-03-11 19:38:58.0	Ana2 - 2: T.Zuluft	16.3
2021-03-11 19:38:58.0	Ana3 - 3: T.Abluft	19.9
2021-03-11 19:38:58.0	Ana4 - 4: T.Fortluft	14.1
2021-03-11 19:38:58.0	Ana5 - 5: T.Raum	9999.9
2021-03-11 19:38:58.0	Ana9 - 9: T.Zuluft WRG warm	19.2
2021-03-11 19:39:08.0	Ana1 - 1: T.Au?en	9.4
2021-03-11 19:39:08.0	Ana2 - 2: T.Zuluft	16.3
2021-03-11 19:39:08.0	Ana3 - 3: T.Abluft	19.9
2021-03-11 19:39:08.0	Ana4 - 4: T.Fortluft	14.1
2021-03-11 19:39:08.0	Ana5 - 5: T.Raum	9999.9
2021-03-11 19:39:08.0	Ana9 - 9: T.Zuluft WRG warm	19.2
2021-03-11 19:39:18.0	Ana1 - 1: T.Au?en	9.4
2021-03-11 19:39:18.0	Ana2 - 2: T.Zuluft	16.3
2021-03-11 19:39:18.0	Ana3 - 3: T.Abluft	19.9
2021-03-11 19:39:18.0	Ana4 - 4: T.Fortluft	14.1
2021-03-11 19:39:18.0	Ana5 - 5: T.Raum	9999.9
2021-03-11 19:39:18.0	Ana9 - 9: T.Zuluft WRG warm	19.2
2021-03-11 19:39:28.0	Ana1 - 1: T.Au?en	9.4
2021-03-11 19:39:28.0	Ana2 - 2: T.Zuluft	16.3
2021-03-11 19:39:28.0	Ana3 - 3: T.Abluft	19.9
2021-03-11 19:39:28.0	Ana4 - 4: T.Fortluft	14.1
2021-03-11 19:39:28.0	Ana5 - 5: T.Raum	9999.9
2021-03-11 19:39:28.0	Ana9 - 9: T.Zuluft WRG warm	19.2
2021-03-11 19:39:38.0	Ana1 - 1: T.Au?en	9.4
2021-03-11 19:39:38.0	Ana2 - 2: T.Zuluft	16.3
2021-03-11 19:39:38.0	Ana3 - 3: T.Abluft	19.9
2021-03-11 19:39:38.0	Ana4 - 4: T.Fortluft	14.1
2021-03-11 19:39:38.0	Ana5 - 5: T.Raum	9999.9
2021-03-11 19:39:38.0	Ana9 - 9: T.Zuluft WRG warm	19.2
2021-03-11 19:39:48.0	Ana1 - 1: T.Au?en	9.4
2021-03-11 19:39:48.0	Ana2 - 2: T.Zuluft	16.3
2021-03-11 19:39:48.0	Ana3 - 3: T.Abluft	19.9
2021-03-11 19:39:48.0	Ana4 - 4: T.Fortluft	14.1
2021-03-11 19:39:48.0	Ana5 - 5: T.Raum	9999.9
2021-03-11 19:39:48.0	Ana9 - 9: T.Zuluft WRG warm	19.2
2021-03-11 19:39:58.0	Ana1 - 1: T.Au?en	9.3
2021-03-11 19:39:58.0	Ana2 - 2: T.Zuluft	16.3
2021-03-11 19:39:58.0	Ana3 - 3: T.Abluft	19.9
2021-03-11 19:39:58.0	Ana4 - 4: T.Fortluft	14.2
2021-03-11 19:39:58.0	Ana5 - 5: T.Raum	9999.9
2021-03-11 19:39:58.0	Ana9 - 9: T.Zuluft WRG warm	19.2
2021-03-11 19:40:08.0	Ana1 - 1: T.Au?en	9.3
2021-03-11 19:40:08.0	Ana2 - 2: T.Zuluft	16.3
2021-03-11 19:40:08.0	Ana3 - 3: T.Abluft	19.9
2021-03-11 19:40:08.0	Ana4 - 4: T.Fortluft	14.1
2021-03-11 19:40:08.0	Ana5 - 5: T.Raum	9999.9
2021-03-11 19:40:08.0	Ana9 - 9: T.Zuluft WRG warm	19.2
2021-03-11 19:40:18.0	Ana1 - 1: T.Au?en	9.3
2021-03-11 19:40:18.0	Ana2 - 2: T.Zuluft	16.3
2021-03-11 19:40:18.0	Ana3 - 3: T.Abluft	19.9
2021-03-11 19:40:18.0	Ana4 - 4: T.Fortluft	14.1
2021-03-11 19:40:18.0	Ana5 - 5: T.Raum	9999.9
2021-03-11 19:40:18.0	Ana9 - 9: T.Zuluft WRG warm	19.2
2021-03-11 19:40:28.0	Ana1 - 1: T.Au?en	9.3
2021-03-11 19:40:28.0	Ana2 - 2: T.Zuluft	16.3
2021-03-11 19:40:28.0	Ana3 - 3: T.Abluft	19.9
2021-03-11 19:40:28.0	Ana4 - 4: T.Fortluft	14.1
2021-03-11 19:40:28.0	Ana5 - 5: T.Raum	9999.9
2021-03-11 19:40:28.0	Ana9 - 9: T.Zuluft WRG warm	19.2
2021-03-11 19:40:38.0	Ana1 - 1: T.Au?en	9.3
2021-03-11 19:40:38.0	Ana2 - 2: T.Zuluft	16.3
2021-03-11 19:40:38.0	Ana3 - 3: T.Abluft	19.9
2021-03-11 19:40:38.0	Ana4 - 4: T.Fortluft	14.1
2021-03-11 19:40:38.0	Ana5 - 5: T.Raum	9999.9
2021-03-11 19:40:38.0	Ana9 - 9: T.Zuluft WRG warm	19.2
2021-03-11 19:40:48.0	Ana1 - 1: T.Au?en	9.3
2021-03-11 19:40:48.0	Ana2 - 2: T.Zuluft	16.3
2021-03-11 19:40:48.0	Ana3 - 3: T.Abluft	19.9
2021-03-11 19:40:48.0	Ana4 - 4: T.Fortluft	14.1
2021-03-11 19:40:48.0	Ana5 - 5: T.Raum	9999.9
2021-03-11 19:40:48.0	Ana9 - 9: T.Zuluft WRG warm	19.2
2021-03-11 19:40:58.0	Ana1 - 1: T.Au?en	9.3
2021-03-11 19:40:58.0	Ana2 - 2: T.Zuluft	16.3
2021-03-11 19:40:58.0	Ana3 - 3: T.Abluft	19.9
2021-03-11 19:40:58.0	Ana4 - 4: T.Fortluft	14.1
2021-03-11 19:40:58.0	Ana5 - 5: T.Raum	9999.9
2021-03-11 19:40:58.0	Ana9 - 9: T.Zuluft WRG warm	19.2
2021-03-11 19:41:08.0	Ana1 - 1: T.Au?en	9.3
2021-03-11 19:41:08.0	Ana2 - 2: T.Zuluft	16.3
2021-03-11 19:41:08.0	Ana3 - 3: T.Abluft	19.9
2021-03-11 19:41:08.0	Ana4 - 4: T.Fortluft	14.1
2021-03-11 19:41:08.0	Ana5 - 5: T.Raum	9999.9
2021-03-11 19:41:08.0	Ana9 - 9: T.Zuluft WRG warm	19.2
2021-03-11 19:41:18.0	Ana1 - 1: T.Au?en	9.3
2021-03-11 19:41:18.0	Ana2 - 2: T.Zuluft	16.3
2021-03-11 19:41:18.0	Ana3 - 3: T.Abluft	19.9
2021-03-11 19:41:18.0	Ana4 - 4: T.Fortluft	14.1
2021-03-11 19:41:18.0	Ana5 - 5: T.Raum	9999.9
2021-03-11 19:41:18.0	Ana9 - 9: T.Zuluft WRG warm	19.2
2021-03-11 19:41:28.0	Ana1 - 1: T.Au?en	9.3
2021-03-11 19:41:28.0	Ana2 - 2: T.Zuluft	16.3
2021-03-11 19:41:28.0	Ana3 - 3: T.Abluft	19.9
2021-03-11 19:41:28.0	Ana4 - 4: T.Fortluft	14.1
2021-03-11 19:41:28.0	Ana5 - 5: T.Raum	9999.9
2021-03-11 19:41:28.0	Ana9 - 9: T.Zuluft WRG warm	19.2
2021-03-11 19:41:38.0	Ana1 - 1: T.Au?en	9.3
2021-03-11 19:41:38.0	Ana2 - 2: T.Zuluft	16.3
2021-03-11 19:41:38.0	Ana3 - 3: T.Abluft	19.9
2021-03-11 19:41:38.0	Ana4 - 4: T.Fortluft	14.1
2021-03-11 19:41:38.0	Ana5 - 5: T.Raum	9999.9
2021-03-11 19:41:38.0	Ana9 - 9: T.Zuluft WRG warm	19.2
2021-03-11 19:41:48.0	Ana1 - 1: T.Au?en	9.3
2021-03-11 19:41:48.0	Ana2 - 2: T.Zuluft	16.3
2021-03-11 19:41:48.0	Ana3 - 3: T.Abluft	19.9
2021-03-11 19:41:48.0	Ana4 - 4: T.Fortluft	14.1
2021-03-11 19:41:48.0	Ana5 - 5: T.Raum	9999.9
2021-03-11 19:41:48.0	Ana9 - 9: T.Zuluft WRG warm	19.2
2021-03-11 19:41:58.0	Ana1 - 1: T.Au?en	9.3
2021-03-11 19:41:58.0	Ana2 - 2: T.Zuluft	16.3
2021-03-11 19:41:58.0	Ana3 - 3: T.Abluft	19.9
2021-03-11 19:41:58.0	Ana4 - 4: T.Fortluft	14.1
2021-03-11 19:41:58.0	Ana5 - 5: T.Raum	9999.9
2021-03-11 19:41:58.0	Ana9 - 9: T.Zuluft WRG warm	19.2
2021-03-11 19:42:08.0	Ana1 - 1: T.Au?en	9.3
2021-03-11 19:42:08.0	Ana2 - 2: T.Zuluft	16.3
2021-03-11 19:42:08.0	Ana3 - 3: T.Abluft	19.9
2021-03-11 19:42:08.0	Ana4 - 4: T.Fortluft	14.1
2021-03-11 19:42:08.0	Ana5 - 5: T.Raum	9999.9
2021-03-11 19:42:08.0	Ana9 - 9: T.Zuluft WRG warm	19.2
2021-03-11 19:42:18.0	Ana1 - 1: T.Au?en	9.3
2021-03-11 19:42:18.0	Ana2 - 2: T.Zuluft	16.3
2021-03-11 19:42:18.0	Ana3 - 3: T.Abluft	19.9
2021-03-11 19:42:18.0	Ana4 - 4: T.Fortluft	14.1
2021-03-11 19:42:18.0	Ana5 - 5: T.Raum	9999.9
2021-03-11 19:42:18.0	Ana9 - 9: T.Zuluft WRG warm	19.2
2021-03-11 19:42:28.0	Ana1 - 1: T.Au?en	9.3
2021-03-11 19:42:28.0	Ana2 - 2: T.Zuluft	16.3
2021-03-11 19:42:28.0	Ana3 - 3: T.Abluft	19.9
2021-03-11 19:42:28.0	Ana4 - 4: T.Fortluft	14.1
2021-03-11 19:42:28.0	Ana5 - 5: T.Raum	9999.9
2021-03-11 19:42:28.0	Ana9 - 9: T.Zuluft WRG warm	19.2
2021-03-11 19:42:38.0	Ana1 - 1: T.Au?en	9.3
2021-03-11 19:42:38.0	Ana2 - 2: T.Zuluft	16.3
2021-03-11 19:42:38.0	Ana3 - 3: T.Abluft	19.9
2021-03-11 19:42:38.0	Ana4 - 4: T.Fortluft	14.1
2021-03-11 19:42:38.0	Ana5 - 5: T.Raum	9999.9
2021-03-11 19:42:38.0	Ana9 - 9: T.Zuluft WRG warm	19.2
2021-03-11 19:42:48.0	Ana1 - 1: T.Au?en	9.3
2021-03-11 19:42:48.0	Ana2 - 2: T.Zuluft	16.3
2021-03-11 19:42:48.0	Ana3 - 3: T.Abluft	19.9
2021-03-11 19:42:48.0	Ana4 - 4: T.Fortluft	14.1
2021-03-11 19:42:48.0	Ana5 - 5: T.Raum	9999.9
2021-03-11 19:42:48.0	Ana9 - 9: T.Zuluft WRG warm	19.2
2021-03-11 19:42:58.0	Ana1 - 1: T.Au?en	9.3
2021-03-11 19:42:58.0	Ana2 - 2: T.Zuluft	16.3
2021-03-11 19:42:58.0	Ana3 - 3: T.Abluft	19.9
2021-03-11 19:42:58.0	Ana4 - 4: T.Fortluft	14.1
2021-03-11 19:42:58.0	Ana5 - 5: T.Raum	9999.9
2021-03-11 19:42:58.0	Ana9 - 9: T.Zuluft WRG warm	19.2
2021-03-11 19:43:08.0	Ana1 - 1: T.Au?en	9.3
2021-03-11 19:43:08.0	Ana2 - 2: T.Zuluft	16.3
2021-03-11 19:43:08.0	Ana3 - 3: T.Abluft	19.9
2021-03-11 19:43:08.0	Ana4 - 4: T.Fortluft	14.1
2021-03-11 19:43:08.0	Ana5 - 5: T.Raum	9999.9
2021-03-11 19:43:08.0	Ana9 - 9: T.Zuluft WRG warm	19.2
2021-03-11 19:43:18.0	Ana1 - 1: T.Au?en	9.3
2021-03-11 19:43:18.0	Ana2 - 2: T.Zuluft	16.3
2021-03-11 19:43:18.0	Ana3 - 3: T.Abluft	19.9
2021-03-11 19:43:18.0	Ana4 - 4: T.Fortluft	14.1
2021-03-11 19:43:18.0	Ana5 - 5: T.Raum	9999.9
2021-03-11 19:43:18.0	Ana9 - 9: T.Zuluft WRG warm	19.2
2021-03-11 19:43:28.0	Ana1 - 1: T.Au?en	9.3
2021-03-11 19:43:28.0	Ana2 - 2: T.Zuluft	16.3
2021-03-11 19:43:28.0	Ana3 - 3: T.Abluft	19.9
2021-03-11 19:43:28.0	Ana4 - 4: T.Fortluft	14.1
2021-03-11 19:43:28.0	Ana5 - 5: T.Raum	9999.9
2021-03-11 19:43:28.0	Ana9 - 9: T.Zuluft WRG warm	19.2
2021-03-11 19:43:38.0	Ana1 - 1: T.Au?en	9.3
2021-03-11 19:43:38.0	Ana2 - 2: T.Zuluft	16.3
2021-03-11 19:43:38.0	Ana3 - 3: T.Abluft	19.9
2021-03-11 19:43:38.0	Ana4 - 4: T.Fortluft	14.1
2021-03-11 19:43:38.0	Ana5 - 5: T.Raum	9999.9
2021-03-11 19:43:38.0	Ana9 - 9: T.Zuluft WRG warm	19.2
2021-03-11 19:43:48.0	Ana1 - 1: T.Au?en	9.3
2021-03-11 19:43:48.0	Ana2 - 2: T.Zuluft	16.3
2021-03-11 19:43:48.0	Ana3 - 3: T.Abluft	19.9
2021-03-11 19:43:48.0	Ana4 - 4: T.Fortluft	14.1
2021-03-11 19:43:48.0	Ana5 - 5: T.Raum	9999.9
2021-03-11 19:43:48.0	Ana9 - 9: T.Zuluft WRG warm	19.2
2021-03-11 19:43:58.0	Ana1 - 1: T.Au?en	9.3
2021-03-11 19:43:58.0	Ana2 - 2: T.Zuluft	16.3
2021-03-11 19:43:58.0	Ana3 - 3: T.Abluft	19.9
2021-03-11 19:43:58.0	Ana4 - 4: T.Fortluft	14.1
2021-03-11 19:43:58.0	Ana5 - 5: T.Raum	9999.9
2021-03-11 19:43:58.0	Ana9 - 9: T.Zuluft WRG warm	19.2
2021-03-11 19:44:08.0	Ana1 - 1: T.Au?en	9.3
2021-03-11 19:44:08.0	Ana2 - 2: T.Zuluft	16.3
2021-03-11 19:44:08.0	Ana3 - 3: T.Abluft	19.9
2021-03-11 19:44:08.0	Ana4 - 4: T.Fortluft	14.1
2021-03-11 19:44:08.0	Ana5 - 5: T.Raum	9999.9
2021-03-11 19:44:08.0	Ana9 - 9: T.Zuluft WRG warm	19.2
2021-03-11 19:44:18.0	Ana1 - 1: T.Au?en	9.3
2021-03-11 19:44:18.0	Ana2 - 2: T.Zuluft	16.3
2021-03-11 19:44:18.0	Ana3 - 3: T.Abluft	19.9
2021-03-11 19:44:18.0	Ana4 - 4: T.Fortluft	14.1
2021-03-11 19:44:18.0	Ana5 - 5: T.Raum	9999.9
2021-03-11 19:44:18.0	Ana9 - 9: T.Zuluft WRG warm	19.2
2021-03-11 19:44:28.0	Ana1 - 1: T.Au?en	9.3
2021-03-11 19:44:28.0	Ana2 - 2: T.Zuluft	16.3
2021-03-11 19:44:28.0	Ana3 - 3: T.Abluft	19.9
2021-03-11 19:44:28.0	Ana4 - 4: T.Fortluft	14.1
2021-03-11 19:44:28.0	Ana5 - 5: T.Raum	9999.9
2021-03-11 19:44:28.0	Ana9 - 9: T.Zuluft WRG warm	19.2
2021-03-11 19:44:38.0	Ana1 - 1: T.Au?en	9.3
2021-03-11 19:44:38.0	Ana2 - 2: T.Zuluft	16.3
2021-03-11 19:44:38.0	Ana3 - 3: T.Abluft	19.9
2021-03-11 19:44:38.0	Ana4 - 4: T.Fortluft	14.1
2021-03-11 19:44:38.0	Ana5 - 5: T.Raum	9999.9
2021-03-11 19:44:38.0	Ana9 - 9: T.Zuluft WRG warm	19.2
2021-03-11 19:44:48.0	Ana1 - 1: T.Au?en	9.3
2021-03-11 19:44:48.0	Ana2 - 2: T.Zuluft	16.3
2021-03-11 19:44:48.0	Ana3 - 3: T.Abluft	19.9
2021-03-11 19:44:48.0	Ana4 - 4: T.Fortluft	14.1
2021-03-11 19:44:48.0	Ana5 - 5: T.Raum	9999.9
2021-03-11 19:44:48.0	Ana9 - 9: T.Zuluft WRG warm	19.2
2021-03-11 19:44:58.0	Ana1 - 1: T.Au?en	9.3
2021-03-11 19:44:58.0	Ana2 - 2: T.Zuluft	16.3
2021-03-11 19:44:58.0	Ana3 - 3: T.Abluft	19.9
2021-03-11 19:44:58.0	Ana4 - 4: T.Fortluft	14.1
2021-03-11 19:44:58.0	Ana5 - 5: T.Raum	9999.9
2021-03-11 19:44:58.0	Ana9 - 9: T.Zuluft WRG warm	19.2
2021-03-11 19:45:08.0	Ana1 - 1: T.Au?en	9.3
2021-03-11 19:45:08.0	Ana2 - 2: T.Zuluft	16.3
2021-03-11 19:45:08.0	Ana3 - 3: T.Abluft	19.9
2021-03-11 19:45:08.0	Ana4 - 4: T.Fortluft	14.1
2021-03-11 19:45:08.0	Ana5 - 5: T.Raum	9999.9
2021-03-11 19:45:08.0	Ana9 - 9: T.Zuluft WRG warm	19.2
2021-03-11 19:45:18.0	Ana1 - 1: T.Au?en	9.3
2021-03-11 19:45:18.0	Ana2 - 2: T.Zuluft	16.3
2021-03-11 19:45:18.0	Ana3 - 3: T.Abluft	19.9
2021-03-11 19:45:18.0	Ana4 - 4: T.Fortluft	14.1
2021-03-11 19:45:18.0	Ana5 - 5: T.Raum	9999.9
2021-03-11 19:45:18.0	Ana9 - 9: T.Zuluft WRG warm	19.2
2021-03-11 19:45:28.0	Ana1 - 1: T.Au?en	9.3
2021-03-11 19:45:28.0	Ana2 - 2: T.Zuluft	16.3
2021-03-11 19:45:28.0	Ana3 - 3: T.Abluft	19.9
2021-03-11 19:45:28.0	Ana4 - 4: T.Fortluft	14.1
2021-03-11 19:45:28.0	Ana5 - 5: T.Raum	9999.9
2021-03-11 19:45:28.0	Ana9 - 9: T.Zuluft WRG warm	19.2
2021-03-11 19:45:38.0	Ana1 - 1: T.Au?en	9.3
2021-03-11 19:45:38.0	Ana2 - 2: T.Zuluft	16.3
2021-03-11 19:45:38.0	Ana3 - 3: T.Abluft	19.9
2021-03-11 19:45:38.0	Ana4 - 4: T.Fortluft	14.1
2021-03-11 19:45:38.0	Ana5 - 5: T.Raum	9999.9
2021-03-11 19:45:38.0	Ana9 - 9: T.Zuluft WRG warm	19.2
2021-03-11 19:45:48.0	Ana1 - 1: T.Au?en	9.3
2021-03-11 19:45:48.0	Ana2 - 2: T.Zuluft	16.3
2021-03-11 19:45:48.0	Ana3 - 3: T.Abluft	19.9
2021-03-11 19:45:48.0	Ana4 - 4: T.Fortluft	14.1
2021-03-11 19:45:48.0	Ana5 - 5: T.Raum	9999.9
2021-03-11 19:45:48.0	Ana9 - 9: T.Zuluft WRG warm	19.2
2021-03-11 19:45:58.0	Ana1 - 1: T.Au?en	9.3
2021-03-11 19:45:58.0	Ana2 - 2: T.Zuluft	16.3
2021-03-11 19:45:58.0	Ana3 - 3: T.Abluft	19.9
2021-03-11 19:45:58.0	Ana4 - 4: T.Fortluft	14.1
2021-03-11 19:45:58.0	Ana5 - 5: T.Raum	9999.9
2021-03-11 19:45:58.0	Ana9 - 9: T.Zuluft WRG warm	19.2
2021-03-11 19:46:08.0	Ana1 - 1: T.Au?en	9.3
2021-03-11 19:46:08.0	Ana2 - 2: T.Zuluft	16.3
2021-03-11 19:46:08.0	Ana3 - 3: T.Abluft	19.9
2021-03-11 19:46:08.0	Ana4 - 4: T.Fortluft	14.1
2021-03-11 19:46:08.0	Ana5 - 5: T.Raum	9999.9
2021-03-11 19:46:08.0	Ana9 - 9: T.Zuluft WRG warm	19.2
2021-03-11 19:46:18.0	Ana1 - 1: T.Au?en	9.3
2021-03-11 19:46:18.0	Ana2 - 2: T.Zuluft	16.3
2021-03-11 19:46:18.0	Ana3 - 3: T.Abluft	19.9
2021-03-11 19:46:18.0	Ana4 - 4: T.Fortluft	14.1
2021-03-11 19:46:18.0	Ana5 - 5: T.Raum	9999.9
2021-03-11 19:46:18.0	Ana9 - 9: T.Zuluft WRG warm	19.2
2021-03-11 19:46:28.0	Ana1 - 1: T.Au?en	9.3
2021-03-11 19:46:28.0	Ana2 - 2: T.Zuluft	16.3
2021-03-11 19:46:28.0	Ana3 - 3: T.Abluft	19.9
2021-03-11 19:46:28.0	Ana4 - 4: T.Fortluft	14.1
2021-03-11 19:46:28.0	Ana5 - 5: T.Raum	9999.9
2021-03-11 19:46:28.0	Ana9 - 9: T.Zuluft WRG warm	19.2
2021-03-11 19:46:38.0	Ana1 - 1: T.Au?en	9.3
2021-03-11 19:46:38.0	Ana2 - 2: T.Zuluft	16.3
2021-03-11 19:46:38.0	Ana3 - 3: T.Abluft	19.9
2021-03-11 19:46:38.0	Ana4 - 4: T.Fortluft	14.1
2021-03-11 19:46:38.0	Ana5 - 5: T.Raum	9999.9
2021-03-11 19:46:38.0	Ana9 - 9: T.Zuluft WRG warm	19.2
2021-03-11 19:46:48.0	Ana1 - 1: T.Au?en	9.3
2021-03-11 19:46:48.0	Ana2 - 2: T.Zuluft	16.3
2021-03-11 19:46:48.0	Ana3 - 3: T.Abluft	19.9
2021-03-11 19:46:48.0	Ana4 - 4: T.Fortluft	14.1
2021-03-11 19:46:48.0	Ana5 - 5: T.Raum	9999.9
2021-03-11 19:46:48.0	Ana9 - 9: T.Zuluft WRG warm	19.2
2021-03-11 19:46:58.0	Ana1 - 1: T.Au?en	9.3
2021-03-11 19:46:58.0	Ana2 - 2: T.Zuluft	16.3
2021-03-11 19:46:58.0	Ana3 - 3: T.Abluft	19.9
2021-03-11 19:46:58.0	Ana4 - 4: T.Fortluft	14.1
2021-03-11 19:46:58.0	Ana5 - 5: T.Raum	9999.9
2021-03-11 19:46:58.0	Ana9 - 9: T.Zuluft WRG warm	19.2
2021-03-11 19:47:08.0	Ana1 - 1: T.Au?en	9.3
2021-03-11 19:47:08.0	Ana2 - 2: T.Zuluft	16.3
2021-03-11 19:47:08.0	Ana3 - 3: T.Abluft	19.9
2021-03-11 19:47:08.0	Ana4 - 4: T.Fortluft	14.1
2021-03-11 19:47:08.0	Ana5 - 5: T.Raum	9999.9
2021-03-11 19:47:08.0	Ana9 - 9: T.Zuluft WRG warm	19.2
2021-03-11 19:47:18.0	Ana1 - 1: T.Au?en	9.3
2021-03-11 19:47:18.0	Ana2 - 2: T.Zuluft	16.3
2021-03-11 19:47:18.0	Ana3 - 3: T.Abluft	19.9
2021-03-11 19:47:18.0	Ana4 - 4: T.Fortluft	14.1
2021-03-11 19:47:18.0	Ana5 - 5: T.Raum	9999.9
2021-03-11 19:47:18.0	Ana9 - 9: T.Zuluft WRG warm	19.2
2021-03-11 19:47:28.0	Ana1 - 1: T.Au?en	9.3
2021-03-11 19:47:28.0	Ana2 - 2: T.Zuluft	16.3
2021-03-11 19:47:28.0	Ana3 - 3: T.Abluft	19.9
2021-03-11 19:47:28.0	Ana4 - 4: T.Fortluft	14.1
2021-03-11 19:47:28.0	Ana5 - 5: T.Raum	9999.9
2021-03-11 19:47:28.0	Ana9 - 9: T.Zuluft WRG warm	19.2
2021-03-11 19:47:38.0	Ana1 - 1: T.Au?en	9.3
2021-03-11 19:47:38.0	Ana2 - 2: T.Zuluft	16.3
2021-03-11 19:47:38.0	Ana3 - 3: T.Abluft	19.9
2021-03-11 19:47:38.0	Ana4 - 4: T.Fortluft	14.1
2021-03-11 19:47:38.0	Ana5 - 5: T.Raum	9999.9
2021-03-11 19:47:38.0	Ana9 - 9: T.Zuluft WRG warm	19.2
2021-03-11 19:47:48.0	Ana1 - 1: T.Au?en	9.3
2021-03-11 19:47:48.0	Ana2 - 2: T.Zuluft	16.3
2021-03-11 19:47:48.0	Ana3 - 3: T.Abluft	19.9
2021-03-11 19:47:48.0	Ana4 - 4: T.Fortluft	14.1
2021-03-11 19:47:48.0	Ana5 - 5: T.Raum	9999.9
2021-03-11 19:47:48.0	Ana9 - 9: T.Zuluft WRG warm	19.2
2021-03-11 19:47:58.0	Ana1 - 1: T.Au?en	9.3
2021-03-11 19:47:58.0	Ana2 - 2: T.Zuluft	16.3
2021-03-11 19:47:58.0	Ana3 - 3: T.Abluft	19.9
2021-03-11 19:47:58.0	Ana4 - 4: T.Fortluft	14.1
2021-03-11 19:47:58.0	Ana5 - 5: T.Raum	9999.9
2021-03-11 19:47:58.0	Ana9 - 9: T.Zuluft WRG warm	19.2
2021-03-11 19:48:08.0	Ana1 - 1: T.Au?en	9.3
2021-03-11 19:48:08.0	Ana2 - 2: T.Zuluft	16.3
2021-03-11 19:48:08.0	Ana3 - 3: T.Abluft	19.9
2021-03-11 19:48:08.0	Ana4 - 4: T.Fortluft	14.1
2021-03-11 19:48:08.0	Ana5 - 5: T.Raum	9999.9
2021-03-11 19:48:08.0	Ana9 - 9: T.Zuluft WRG warm	19.2
2021-03-11 19:48:18.0	Ana1 - 1: T.Au?en	9.3
2021-03-11 19:48:18.0	Ana2 - 2: T.Zuluft	16.3
2021-03-11 19:48:18.0	Ana3 - 3: T.Abluft	19.9
2021-03-11 19:48:18.0	Ana4 - 4: T.Fortluft	14.1
2021-03-11 19:48:18.0	Ana5 - 5: T.Raum	9999.9
2021-03-11 19:48:18.0	Ana9 - 9: T.Zuluft WRG warm	19.2
2021-03-11 19:48:28.0	Ana1 - 1: T.Au?en	9.3
2021-03-11 19:48:28.0	Ana2 - 2: T.Zuluft	16.3
2021-03-11 19:48:28.0	Ana3 - 3: T.Abluft	19.9
2021-03-11 19:48:28.0	Ana4 - 4: T.Fortluft	14.1
2021-03-11 19:48:28.0	Ana5 - 5: T.Raum	9999.9
2021-03-11 19:48:28.0	Ana9 - 9: T.Zuluft WRG warm	19.2
2021-03-11 19:48:38.0	Ana1 - 1: T.Au?en	9.3
2021-03-11 19:48:38.0	Ana2 - 2: T.Zuluft	16.3
2021-03-11 19:48:38.0	Ana3 - 3: T.Abluft	19.9
2021-03-11 19:48:38.0	Ana4 - 4: T.Fortluft	14.1
2021-03-11 19:48:38.0	Ana5 - 5: T.Raum	9999.9
2021-03-11 19:48:38.0	Ana9 - 9: T.Zuluft WRG warm	19.2
2021-03-11 19:48:48.0	Ana1 - 1: T.Au?en	9.3
2021-03-11 19:48:48.0	Ana2 - 2: T.Zuluft	16.3
2021-03-11 19:48:48.0	Ana3 - 3: T.Abluft	19.9
2021-03-11 19:48:48.0	Ana4 - 4: T.Fortluft	14.1
2021-03-11 19:48:48.0	Ana5 - 5: T.Raum	9999.9
2021-03-11 19:48:48.0	Ana9 - 9: T.Zuluft WRG warm	19.2
2021-03-11 19:48:58.0	Ana1 - 1: T.Au?en	9.3
2021-03-11 19:48:58.0	Ana2 - 2: T.Zuluft	16.3
2021-03-11 19:48:58.0	Ana3 - 3: T.Abluft	19.9
2021-03-11 19:48:58.0	Ana4 - 4: T.Fortluft	14.1
2021-03-11 19:48:58.0	Ana5 - 5: T.Raum	9999.9
2021-03-11 19:48:58.0	Ana9 - 9: T.Zuluft WRG warm	19.2
2021-03-11 19:49:08.0	Ana1 - 1: T.Au?en	9.3
2021-03-11 19:49:08.0	Ana2 - 2: T.Zuluft	16.3
2021-03-11 19:49:08.0	Ana3 - 3: T.Abluft	19.9
2021-03-11 19:49:08.0	Ana4 - 4: T.Fortluft	14.1
2021-03-11 19:49:08.0	Ana5 - 5: T.Raum	9999.9
2021-03-11 19:49:08.0	Ana9 - 9: T.Zuluft WRG warm	19.2
2021-03-11 19:49:18.0	Ana1 - 1: T.Au?en	9.3
2021-03-11 19:49:18.0	Ana2 - 2: T.Zuluft	16.3
2021-03-11 19:49:18.0	Ana3 - 3: T.Abluft	19.9
2021-03-11 19:49:18.0	Ana4 - 4: T.Fortluft	14.1
2021-03-11 19:49:18.0	Ana5 - 5: T.Raum	9999.9
2021-03-11 19:49:18.0	Ana9 - 9: T.Zuluft WRG warm	19.2
2021-03-11 19:49:28.0	Ana1 - 1: T.Au?en	9.3
2021-03-11 19:49:28.0	Ana2 - 2: T.Zuluft	16.3
2021-03-11 19:49:28.0	Ana3 - 3: T.Abluft	19.9
2021-03-11 19:49:28.0	Ana4 - 4: T.Fortluft	14.1
2021-03-11 19:49:28.0	Ana5 - 5: T.Raum	9999.9
2021-03-11 19:49:28.0	Ana9 - 9: T.Zuluft WRG warm	19.2
2021-03-11 19:49:38.0	Ana1 - 1: T.Au?en	9.3
2021-03-11 19:49:38.0	Ana2 - 2: T.Zuluft	16.3
2021-03-11 19:49:38.0	Ana3 - 3: T.Abluft	19.9
2021-03-11 19:49:38.0	Ana4 - 4: T.Fortluft	14.1
2021-03-11 19:49:38.0	Ana5 - 5: T.Raum	9999.9
2021-03-11 19:49:38.0	Ana9 - 9: T.Zuluft WRG warm	19.2
2021-03-11 19:49:48.0	Ana1 - 1: T.Au?en	9.3
2021-03-11 19:49:48.0	Ana2 - 2: T.Zuluft	16.3
2021-03-11 19:49:48.0	Ana3 - 3: T.Abluft	19.9
2021-03-11 19:49:48.0	Ana4 - 4: T.Fortluft	14.1
2021-03-11 19:49:48.0	Ana5 - 5: T.Raum	9999.9
2021-03-11 19:49:48.0	Ana9 - 9: T.Zuluft WRG warm	19.2
2021-03-11 19:49:58.0	Ana1 - 1: T.Au?en	9.3
2021-03-11 19:49:58.0	Ana2 - 2: T.Zuluft	16.3
2021-03-11 19:49:58.0	Ana3 - 3: T.Abluft	19.9
2021-03-11 19:49:58.0	Ana4 - 4: T.Fortluft	14.1
2021-03-11 19:49:58.0	Ana5 - 5: T.Raum	9999.9
2021-03-11 19:49:58.0	Ana9 - 9: T.Zuluft WRG warm	19.2
2021-03-11 19:50:08.0	Ana1 - 1: T.Au?en	9.3
2021-03-11 19:50:08.0	Ana2 - 2: T.Zuluft	16.3
2021-03-11 19:50:08.0	Ana3 - 3: T.Abluft	19.9
2021-03-11 19:50:08.0	Ana4 - 4: T.Fortluft	14.1
2021-03-11 19:50:08.0	Ana5 - 5: T.Raum	9999.9
2021-03-11 19:50:08.0	Ana9 - 9: T.Zuluft WRG warm	19.2
2021-03-11 19:50:18.0	Ana1 - 1: T.Au?en	9.3
2021-03-11 19:50:18.0	Ana2 - 2: T.Zuluft	16.3
2021-03-11 19:50:18.0	Ana3 - 3: T.Abluft	19.9
2021-03-11 19:50:18.0	Ana4 - 4: T.Fortluft	14.1
2021-03-11 19:50:18.0	Ana5 - 5: T.Raum	9999.9
2021-03-11 19:50:18.0	Ana9 - 9: T.Zuluft WRG warm	19.2
2021-03-11 19:50:28.0	Ana1 - 1: T.Au?en	9.3
2021-03-11 19:50:28.0	Ana2 - 2: T.Zuluft	16.3
2021-03-11 19:50:28.0	Ana3 - 3: T.Abluft	19.9
2021-03-11 19:50:28.0	Ana4 - 4: T.Fortluft	14.1
2021-03-11 19:50:28.0	Ana5 - 5: T.Raum	9999.9
2021-03-11 19:50:28.0	Ana9 - 9: T.Zuluft WRG warm	19.2
2021-03-11 19:50:38.0	Ana1 - 1: T.Au?en	9.3
2021-03-11 19:50:38.0	Ana2 - 2: T.Zuluft	16.3
2021-03-11 19:50:38.0	Ana3 - 3: T.Abluft	19.9
2021-03-11 19:50:38.0	Ana4 - 4: T.Fortluft	14.1
2021-03-11 19:50:38.0	Ana5 - 5: T.Raum	9999.9
2021-03-11 19:50:38.0	Ana9 - 9: T.Zuluft WRG warm	19.2
2021-03-11 19:50:48.0	Ana1 - 1: T.Au?en	9.3
2021-03-11 19:50:48.0	Ana2 - 2: T.Zuluft	16.3
2021-03-11 19:50:48.0	Ana3 - 3: T.Abluft	19.9
2021-03-11 19:50:48.0	Ana4 - 4: T.Fortluft	14.1
2021-03-11 19:50:48.0	Ana5 - 5: T.Raum	9999.9
2021-03-11 19:50:48.0	Ana9 - 9: T.Zuluft WRG warm	19.2
2021-03-11 19:50:58.0	Ana1 - 1: T.Au?en	9.3
2021-03-11 19:50:58.0	Ana2 - 2: T.Zuluft	16.3
2021-03-11 19:50:58.0	Ana3 - 3: T.Abluft	19.9
2021-03-11 19:50:58.0	Ana4 - 4: T.Fortluft	14.1
2021-03-11 19:50:58.0	Ana5 - 5: T.Raum	9999.9
2021-03-11 19:50:58.0	Ana9 - 9: T.Zuluft WRG warm	19.2
2021-03-11 19:51:08.0	Ana1 - 1: T.Au?en	9.3
2021-03-11 19:51:08.0	Ana2 - 2: T.Zuluft	16.3
2021-03-11 19:51:08.0	Ana3 - 3: T.Abluft	19.9
2021-03-11 19:51:08.0	Ana4 - 4: T.Fortluft	14.1
2021-03-11 19:51:08.0	Ana5 - 5: T.Raum	9999.9
2021-03-11 19:51:08.0	Ana9 - 9: T.Zuluft WRG warm	19.2
2021-03-11 19:51:18.0	Ana1 - 1: T.Au?en	9.3
2021-03-11 19:51:18.0	Ana2 - 2: T.Zuluft	16.3
2021-03-11 19:51:18.0	Ana3 - 3: T.Abluft	19.9
2021-03-11 19:51:18.0	Ana4 - 4: T.Fortluft	14.1
2021-03-11 19:51:18.0	Ana5 - 5: T.Raum	9999.9
2021-03-11 19:51:18.0	Ana9 - 9: T.Zuluft WRG warm	19.2
2021-03-11 19:51:28.0	Ana1 - 1: T.Au?en	9.3
2021-03-11 19:51:28.0	Ana2 - 2: T.Zuluft	16.3
2021-03-11 19:51:28.0	Ana3 - 3: T.Abluft	19.9
2021-03-11 19:51:28.0	Ana4 - 4: T.Fortluft	14.1
2021-03-11 19:51:28.0	Ana5 - 5: T.Raum	9999.9
2021-03-11 19:51:28.0	Ana9 - 9: T.Zuluft WRG warm	19.2
2021-03-11 19:51:38.0	Ana1 - 1: T.Au?en	9.3
2021-03-11 19:51:38.0	Ana2 - 2: T.Zuluft	16.3
2021-03-11 19:51:38.0	Ana3 - 3: T.Abluft	19.9
2021-03-11 19:51:38.0	Ana4 - 4: T.Fortluft	14.1
2021-03-11 19:51:38.0	Ana5 - 5: T.Raum	9999.9
2021-03-11 19:51:38.0	Ana9 - 9: T.Zuluft WRG warm	19.2
2021-03-11 19:51:48.0	Ana1 - 1: T.Au?en	9.3
2021-03-11 19:51:48.0	Ana2 - 2: T.Zuluft	16.3
2021-03-11 19:51:48.0	Ana3 - 3: T.Abluft	19.9
2021-03-11 19:51:48.0	Ana4 - 4: T.Fortluft	14.1
2021-03-11 19:51:48.0	Ana5 - 5: T.Raum	9999.9
2021-03-11 19:51:48.0	Ana9 - 9: T.Zuluft WRG warm	19.2
2021-03-11 19:51:58.0	Ana1 - 1: T.Au?en	9.3
2021-03-11 19:51:58.0	Ana2 - 2: T.Zuluft	16.3
2021-03-11 19:51:58.0	Ana3 - 3: T.Abluft	19.9
2021-03-11 19:51:58.0	Ana4 - 4: T.Fortluft	14.1
2021-03-11 19:51:58.0	Ana5 - 5: T.Raum	9999.9
2021-03-11 19:51:58.0	Ana9 - 9: T.Zuluft WRG warm	19.2
2021-03-11 19:52:08.0	Ana1 - 1: T.Au?en	9.3
2021-03-11 19:52:08.0	Ana2 - 2: T.Zuluft	16.3
2021-03-11 19:52:08.0	Ana3 - 3: T.Abluft	19.9
2021-03-11 19:52:08.0	Ana4 - 4: T.Fortluft	14.1
2021-03-11 19:52:08.0	Ana5 - 5: T.Raum	9999.9
2021-03-11 19:52:08.0	Ana9 - 9: T.Zuluft WRG warm	19.2
2021-03-11 19:52:18.0	Ana1 - 1: T.Au?en	9.3
2021-03-11 19:52:18.0	Ana2 - 2: T.Zuluft	16.2
2021-03-11 19:52:18.0	Ana3 - 3: T.Abluft	19.9
2021-03-11 19:52:18.0	Ana4 - 4: T.Fortluft	14.1
2021-03-11 19:52:18.0	Ana5 - 5: T.Raum	9999.9
2021-03-11 19:52:18.0	Ana9 - 9: T.Zuluft WRG warm	19.2
2021-03-11 19:52:28.0	Ana1 - 1: T.Au?en	9.3
2021-03-11 19:52:28.0	Ana2 - 2: T.Zuluft	16.2
2021-03-11 19:52:28.0	Ana3 - 3: T.Abluft	19.9
2021-03-11 19:52:28.0	Ana4 - 4: T.Fortluft	14.1
2021-03-11 19:52:28.0	Ana5 - 5: T.Raum	9999.9
2021-03-11 19:52:28.0	Ana9 - 9: T.Zuluft WRG warm	19.2
2021-03-11 19:52:38.0	Ana1 - 1: T.Au?en	9.3
2021-03-11 19:52:38.0	Ana2 - 2: T.Zuluft	16.3
2021-03-11 19:52:38.0	Ana3 - 3: T.Abluft	19.9
2021-03-11 19:52:38.0	Ana4 - 4: T.Fortluft	14.1
2021-03-11 19:52:38.0	Ana5 - 5: T.Raum	9999.9
2021-03-11 19:52:38.0	Ana9 - 9: T.Zuluft WRG warm	19.2
2021-03-11 19:52:48.0	Ana1 - 1: T.Au?en	9.3
2021-03-11 19:52:48.0	Ana2 - 2: T.Zuluft	16.3
2021-03-11 19:52:48.0	Ana3 - 3: T.Abluft	19.9
2021-03-11 19:52:48.0	Ana4 - 4: T.Fortluft	14.1
2021-03-11 19:52:48.0	Ana5 - 5: T.Raum	9999.9
2021-03-11 19:52:48.0	Ana9 - 9: T.Zuluft WRG warm	19.2
2021-03-11 19:52:58.0	Ana1 - 1: T.Au?en	9.3
2021-03-11 19:52:58.0	Ana2 - 2: T.Zuluft	16.3
2021-03-11 19:52:58.0	Ana3 - 3: T.Abluft	19.9
2021-03-11 19:52:58.0	Ana4 - 4: T.Fortluft	14.1
2021-03-11 19:52:58.0	Ana5 - 5: T.Raum	9999.9
2021-03-11 19:52:58.0	Ana9 - 9: T.Zuluft WRG warm	19.2
2021-03-11 19:53:08.0	Ana1 - 1: T.Au?en	9.3
2021-03-11 19:53:08.0	Ana2 - 2: T.Zuluft	16.3
2021-03-11 19:53:08.0	Ana3 - 3: T.Abluft	19.9
2021-03-11 19:53:08.0	Ana4 - 4: T.Fortluft	14.1
2021-03-11 19:53:08.0	Ana5 - 5: T.Raum	9999.9
2021-03-11 19:53:08.0	Ana9 - 9: T.Zuluft WRG warm	19.2
2021-03-11 19:53:18.0	Ana1 - 1: T.Au?en	9.3
2021-03-11 19:53:18.0	Ana2 - 2: T.Zuluft	16.3
2021-03-11 19:53:18.0	Ana3 - 3: T.Abluft	19.9
2021-03-11 19:53:18.0	Ana4 - 4: T.Fortluft	14.1
2021-03-11 19:53:18.0	Ana5 - 5: T.Raum	9999.9
2021-03-11 19:53:18.0	Ana9 - 9: T.Zuluft WRG warm	19.2
2021-03-11 19:53:28.0	Ana1 - 1: T.Au?en	9.3
2021-03-11 19:53:28.0	Ana2 - 2: T.Zuluft	16.3
2021-03-11 19:53:28.0	Ana3 - 3: T.Abluft	19.9
2021-03-11 19:53:28.0	Ana4 - 4: T.Fortluft	14.1
2021-03-11 19:53:28.0	Ana5 - 5: T.Raum	9999.9
2021-03-11 19:53:28.0	Ana9 - 9: T.Zuluft WRG warm	19.2
2021-03-11 19:53:38.0	Ana1 - 1: T.Au?en	9.3
2021-03-11 19:53:38.0	Ana2 - 2: T.Zuluft	16.3
2021-03-11 19:53:38.0	Ana3 - 3: T.Abluft	19.9
2021-03-11 19:53:38.0	Ana4 - 4: T.Fortluft	14.1
2021-03-11 19:53:38.0	Ana5 - 5: T.Raum	9999.9
2021-03-11 19:53:38.0	Ana9 - 9: T.Zuluft WRG warm	19.2
2021-03-11 19:53:48.0	Ana1 - 1: T.Au?en	9.3
2021-03-11 19:53:48.0	Ana2 - 2: T.Zuluft	16.2
2021-03-11 19:53:48.0	Ana3 - 3: T.Abluft	19.9
2021-03-11 19:53:48.0	Ana4 - 4: T.Fortluft	14.1
2021-03-11 19:53:48.0	Ana5 - 5: T.Raum	9999.9
2021-03-11 19:53:48.0	Ana9 - 9: T.Zuluft WRG warm	19.2
2021-03-11 19:53:58.0	Ana1 - 1: T.Au?en	9.2
2021-03-11 19:53:58.0	Ana2 - 2: T.Zuluft	16.2
2021-03-11 19:53:58.0	Ana3 - 3: T.Abluft	19.9
2021-03-11 19:53:58.0	Ana4 - 4: T.Fortluft	14.1
2021-03-11 19:53:58.0	Ana5 - 5: T.Raum	9999.9
2021-03-11 19:53:58.0	Ana9 - 9: T.Zuluft WRG warm	19.2
2021-03-11 19:54:08.0	Ana1 - 1: T.Au?en	9.2
2021-03-11 19:54:08.0	Ana2 - 2: T.Zuluft	16.2
2021-03-11 19:54:08.0	Ana3 - 3: T.Abluft	19.9
2021-03-11 19:54:08.0	Ana4 - 4: T.Fortluft	14.1
2021-03-11 19:54:08.0	Ana5 - 5: T.Raum	9999.9
2021-03-11 19:54:08.0	Ana9 - 9: T.Zuluft WRG warm	19.2
2021-03-11 19:54:18.0	Ana1 - 1: T.Au?en	9.2
2021-03-11 19:54:18.0	Ana2 - 2: T.Zuluft	16.3
2021-03-11 19:54:18.0	Ana3 - 3: T.Abluft	19.9
2021-03-11 19:54:18.0	Ana4 - 4: T.Fortluft	14.1
2021-03-11 19:54:18.0	Ana5 - 5: T.Raum	9999.9
2021-03-11 19:54:18.0	Ana9 - 9: T.Zuluft WRG warm	19.2
2021-03-11 19:54:28.0	Ana1 - 1: T.Au?en	9.2
2021-03-11 19:54:28.0	Ana2 - 2: T.Zuluft	16.2
2021-03-11 19:54:28.0	Ana3 - 3: T.Abluft	19.9
2021-03-11 19:54:28.0	Ana4 - 4: T.Fortluft	14.1
2021-03-11 19:54:28.0	Ana5 - 5: T.Raum	9999.9
2021-03-11 19:54:28.0	Ana9 - 9: T.Zuluft WRG warm	19.2
2021-03-11 19:54:38.0	Ana1 - 1: T.Au?en	9.2
2021-03-11 19:54:38.0	Ana2 - 2: T.Zuluft	16.2
2021-03-11 19:54:38.0	Ana3 - 3: T.Abluft	19.9
2021-03-11 19:54:38.0	Ana4 - 4: T.Fortluft	14.1
2021-03-11 19:54:38.0	Ana5 - 5: T.Raum	9999.9
2021-03-11 19:54:38.0	Ana9 - 9: T.Zuluft WRG warm	19.2
2021-03-11 19:54:48.0	Ana1 - 1: T.Au?en	9.2
2021-03-11 19:54:48.0	Ana2 - 2: T.Zuluft	16.2
2021-03-11 19:54:48.0	Ana3 - 3: T.Abluft	19.9
2021-03-11 19:54:48.0	Ana4 - 4: T.Fortluft	14.1
2021-03-11 19:54:48.0	Ana5 - 5: T.Raum	9999.9
2021-03-11 19:54:48.0	Ana9 - 9: T.Zuluft WRG warm	19.2
2021-03-11 19:54:58.0	Ana1 - 1: T.Au?en	9.2
2021-03-11 19:54:58.0	Ana2 - 2: T.Zuluft	16.2
2021-03-11 19:54:58.0	Ana3 - 3: T.Abluft	19.9
2021-03-11 19:54:58.0	Ana4 - 4: T.Fortluft	14.1
2021-03-11 19:54:58.0	Ana5 - 5: T.Raum	9999.9
2021-03-11 19:54:58.0	Ana9 - 9: T.Zuluft WRG warm	19.2
2021-03-11 19:55:08.0	Ana1 - 1: T.Au?en	9.2
2021-03-11 19:55:08.0	Ana2 - 2: T.Zuluft	16.2
2021-03-11 19:55:08.0	Ana3 - 3: T.Abluft	19.9
2021-03-11 19:55:08.0	Ana4 - 4: T.Fortluft	14.1
2021-03-11 19:55:08.0	Ana5 - 5: T.Raum	9999.9
2021-03-11 19:55:08.0	Ana9 - 9: T.Zuluft WRG warm	19.2
2021-03-11 19:55:18.0	Ana1 - 1: T.Au?en	9.2
2021-03-11 19:55:18.0	Ana2 - 2: T.Zuluft	16.2
2021-03-11 19:55:18.0	Ana3 - 3: T.Abluft	19.9
2021-03-11 19:55:18.0	Ana4 - 4: T.Fortluft	14.1
2021-03-11 19:55:18.0	Ana5 - 5: T.Raum	9999.9
2021-03-11 19:55:18.0	Ana9 - 9: T.Zuluft WRG warm	19.2
2021-03-11 19:55:28.0	Ana1 - 1: T.Au?en	9.2
2021-03-11 19:55:28.0	Ana2 - 2: T.Zuluft	16.2
2021-03-11 19:55:28.0	Ana3 - 3: T.Abluft	19.9
2021-03-11 19:55:28.0	Ana4 - 4: T.Fortluft	14.1
2021-03-11 19:55:28.0	Ana5 - 5: T.Raum	9999.9
2021-03-11 19:55:28.0	Ana9 - 9: T.Zuluft WRG warm	19.2
2021-03-11 19:55:38.0	Ana1 - 1: T.Au?en	9.2
2021-03-11 19:55:38.0	Ana2 - 2: T.Zuluft	16.2
2021-03-11 19:55:38.0	Ana3 - 3: T.Abluft	19.9
2021-03-11 19:55:38.0	Ana4 - 4: T.Fortluft	14.1
2021-03-11 19:55:38.0	Ana5 - 5: T.Raum	9999.9
2021-03-11 19:55:38.0	Ana9 - 9: T.Zuluft WRG warm	19.2
2021-03-11 19:55:48.0	Ana1 - 1: T.Au?en	9.2
2021-03-11 19:55:48.0	Ana2 - 2: T.Zuluft	16.2
2021-03-11 19:55:48.0	Ana3 - 3: T.Abluft	19.9
2021-03-11 19:55:48.0	Ana4 - 4: T.Fortluft	14.1
2021-03-11 19:55:48.0	Ana5 - 5: T.Raum	9999.9
2021-03-11 19:55:48.0	Ana9 - 9: T.Zuluft WRG warm	19.2
2021-03-11 19:55:58.0	Ana1 - 1: T.Au?en	9.2
2021-03-11 19:55:58.0	Ana2 - 2: T.Zuluft	16.2
2021-03-11 19:55:58.0	Ana3 - 3: T.Abluft	19.9
2021-03-11 19:55:58.0	Ana4 - 4: T.Fortluft	14.0
2021-03-11 19:55:58.0	Ana5 - 5: T.Raum	9999.9
2021-03-11 19:55:58.0	Ana9 - 9: T.Zuluft WRG warm	19.2
2021-03-11 19:56:08.0	Ana1 - 1: T.Au?en	9.2
2021-03-11 19:56:08.0	Ana2 - 2: T.Zuluft	16.2
2021-03-11 19:56:08.0	Ana3 - 3: T.Abluft	19.9
2021-03-11 19:56:08.0	Ana4 - 4: T.Fortluft	14.0
2021-03-11 19:56:08.0	Ana5 - 5: T.Raum	9999.9
2021-03-11 19:56:08.0	Ana9 - 9: T.Zuluft WRG warm	19.2
2021-03-11 19:56:18.0	Ana1 - 1: T.Au?en	9.2
2021-03-11 19:56:18.0	Ana2 - 2: T.Zuluft	16.2
2021-03-11 19:56:18.0	Ana3 - 3: T.Abluft	19.9
2021-03-11 19:56:18.0	Ana4 - 4: T.Fortluft	14.1
2021-03-11 19:56:18.0	Ana5 - 5: T.Raum	9999.9
2021-03-11 19:56:18.0	Ana9 - 9: T.Zuluft WRG warm	19.2
2021-03-11 19:56:28.0	Ana1 - 1: T.Au?en	9.2
2021-03-11 19:56:28.0	Ana2 - 2: T.Zuluft	16.2
2021-03-11 19:56:28.0	Ana3 - 3: T.Abluft	19.9
2021-03-11 19:56:28.0	Ana4 - 4: T.Fortluft	14.1
2021-03-11 19:56:28.0	Ana5 - 5: T.Raum	9999.9
2021-03-11 19:56:28.0	Ana9 - 9: T.Zuluft WRG warm	19.2
2021-03-11 19:56:38.0	Ana1 - 1: T.Au?en	9.2
2021-03-11 19:56:38.0	Ana2 - 2: T.Zuluft	16.2
2021-03-11 19:56:38.0	Ana3 - 3: T.Abluft	19.9
2021-03-11 19:56:38.0	Ana4 - 4: T.Fortluft	14.1
2021-03-11 19:56:38.0	Ana5 - 5: T.Raum	9999.9
2021-03-11 19:56:38.0	Ana9 - 9: T.Zuluft WRG warm	19.2
2021-03-11 19:56:48.0	Ana1 - 1: T.Au?en	9.2
2021-03-11 19:56:48.0	Ana2 - 2: T.Zuluft	16.2
2021-03-11 19:56:48.0	Ana3 - 3: T.Abluft	19.9
2021-03-11 19:56:48.0	Ana4 - 4: T.Fortluft	14.0
2021-03-11 19:56:48.0	Ana5 - 5: T.Raum	9999.9
2021-03-11 19:56:48.0	Ana9 - 9: T.Zuluft WRG warm	19.2
2021-03-11 19:56:58.0	Ana1 - 1: T.Au?en	9.2
2021-03-11 19:56:58.0	Ana2 - 2: T.Zuluft	16.2
2021-03-11 19:56:58.0	Ana3 - 3: T.Abluft	19.8
2021-03-11 19:56:58.0	Ana4 - 4: T.Fortluft	14.0
2021-03-11 19:56:58.0	Ana5 - 5: T.Raum	9999.9
2021-03-11 19:56:58.0	Ana9 - 9: T.Zuluft WRG warm	19.2
2021-03-11 19:57:08.0	Ana1 - 1: T.Au?en	9.2
2021-03-11 19:57:08.0	Ana2 - 2: T.Zuluft	16.2
2021-03-11 19:57:08.0	Ana3 - 3: T.Abluft	19.9
2021-03-11 19:57:08.0	Ana4 - 4: T.Fortluft	14.0
2021-03-11 19:57:08.0	Ana5 - 5: T.Raum	9999.9
2021-03-11 19:57:08.0	Ana9 - 9: T.Zuluft WRG warm	19.2
2021-03-11 19:57:18.0	Ana1 - 1: T.Au?en	9.2
2021-03-11 19:57:18.0	Ana2 - 2: T.Zuluft	16.2
2021-03-11 19:57:18.0	Ana3 - 3: T.Abluft	19.9
2021-03-11 19:57:18.0	Ana4 - 4: T.Fortluft	14.0
2021-03-11 19:57:18.0	Ana5 - 5: T.Raum	9999.9
2021-03-11 19:57:18.0	Ana9 - 9: T.Zuluft WRG warm	19.2
2021-03-11 19:57:28.0	Ana1 - 1: T.Au?en	9.2
2021-03-11 19:57:28.0	Ana2 - 2: T.Zuluft	16.2
2021-03-11 19:57:28.0	Ana3 - 3: T.Abluft	19.9
2021-03-11 19:57:28.0	Ana4 - 4: T.Fortluft	14.0
2021-03-11 19:57:28.0	Ana5 - 5: T.Raum	9999.9
2021-03-11 19:57:28.0	Ana9 - 9: T.Zuluft WRG warm	19.2
2021-03-11 19:57:38.0	Ana1 - 1: T.Au?en	9.2
2021-03-11 19:57:38.0	Ana2 - 2: T.Zuluft	16.2
2021-03-11 19:57:38.0	Ana3 - 3: T.Abluft	19.9
2021-03-11 19:57:38.0	Ana4 - 4: T.Fortluft	14.0
2021-03-11 19:57:38.0	Ana5 - 5: T.Raum	9999.9
2021-03-11 19:57:38.0	Ana9 - 9: T.Zuluft WRG warm	19.2
2021-03-11 19:57:48.0	Ana1 - 1: T.Au?en	9.2
2021-03-11 19:57:48.0	Ana2 - 2: T.Zuluft	16.2
2021-03-11 19:57:48.0	Ana3 - 3: T.Abluft	19.9
2021-03-11 19:57:48.0	Ana4 - 4: T.Fortluft	14.0
2021-03-11 19:57:48.0	Ana5 - 5: T.Raum	9999.9
2021-03-11 19:57:48.0	Ana9 - 9: T.Zuluft WRG warm	19.2
2021-03-11 19:57:58.0	Ana1 - 1: T.Au?en	9.2
2021-03-11 19:57:58.0	Ana2 - 2: T.Zuluft	16.2
2021-03-11 19:57:58.0	Ana3 - 3: T.Abluft	19.9
2021-03-11 19:57:58.0	Ana4 - 4: T.Fortluft	14.0
2021-03-11 19:57:58.0	Ana5 - 5: T.Raum	9999.9
2021-03-11 19:57:58.0	Ana9 - 9: T.Zuluft WRG warm	19.2
2021-03-11 19:58:08.0	Ana1 - 1: T.Au?en	9.2
2021-03-11 19:58:08.0	Ana2 - 2: T.Zuluft	16.2
2021-03-11 19:58:08.0	Ana3 - 3: T.Abluft	19.9
2021-03-11 19:58:08.0	Ana4 - 4: T.Fortluft	14.0
2021-03-11 19:58:08.0	Ana5 - 5: T.Raum	9999.9
2021-03-11 19:58:08.0	Ana9 - 9: T.Zuluft WRG warm	19.2
2021-03-11 19:58:18.0	Ana1 - 1: T.Au?en	9.2
2021-03-11 19:58:18.0	Ana2 - 2: T.Zuluft	16.2
2021-03-11 19:58:18.0	Ana3 - 3: T.Abluft	19.9
2021-03-11 19:58:18.0	Ana4 - 4: T.Fortluft	14.0
2021-03-11 19:58:18.0	Ana5 - 5: T.Raum	9999.9
2021-03-11 19:58:18.0	Ana9 - 9: T.Zuluft WRG warm	19.2
2021-03-11 19:58:28.0	Ana1 - 1: T.Au?en	9.2
2021-03-11 19:58:28.0	Ana2 - 2: T.Zuluft	16.2
2021-03-11 19:58:28.0	Ana3 - 3: T.Abluft	19.9
2021-03-11 19:58:28.0	Ana4 - 4: T.Fortluft	14.0
2021-03-11 19:58:28.0	Ana5 - 5: T.Raum	9999.9
2021-03-11 19:58:28.0	Ana9 - 9: T.Zuluft WRG warm	19.2
2021-03-11 19:58:38.0	Ana1 - 1: T.Au?en	9.2
2021-03-11 19:58:38.0	Ana2 - 2: T.Zuluft	16.2
2021-03-11 19:58:38.0	Ana3 - 3: T.Abluft	19.9
2021-03-11 19:58:38.0	Ana4 - 4: T.Fortluft	14.0
2021-03-11 19:58:38.0	Ana5 - 5: T.Raum	9999.9
2021-03-11 19:58:38.0	Ana9 - 9: T.Zuluft WRG warm	19.2
2021-03-11 19:58:48.0	Ana1 - 1: T.Au?en	9.2
2021-03-11 19:58:48.0	Ana2 - 2: T.Zuluft	16.2
2021-03-11 19:58:48.0	Ana3 - 3: T.Abluft	19.8
2021-03-11 19:58:48.0	Ana4 - 4: T.Fortluft	14.0
2021-03-11 19:58:48.0	Ana5 - 5: T.Raum	9999.9
2021-03-11 19:58:48.0	Ana9 - 9: T.Zuluft WRG warm	19.2
2021-03-11 19:58:58.0	Ana1 - 1: T.Au?en	9.2
2021-03-11 19:58:58.0	Ana2 - 2: T.Zuluft	16.2
2021-03-11 19:58:58.0	Ana3 - 3: T.Abluft	19.9
2021-03-11 19:58:58.0	Ana4 - 4: T.Fortluft	14.0
2021-03-11 19:58:58.0	Ana5 - 5: T.Raum	9999.9
2021-03-11 19:58:58.0	Ana9 - 9: T.Zuluft WRG warm	19.2
2021-03-11 19:59:08.0	Ana1 - 1: T.Au?en	9.2
2021-03-11 19:59:08.0	Ana2 - 2: T.Zuluft	16.2
2021-03-11 19:59:08.0	Ana3 - 3: T.Abluft	19.9
2021-03-11 19:59:08.0	Ana4 - 4: T.Fortluft	14.0
2021-03-11 19:59:08.0	Ana5 - 5: T.Raum	9999.9
2021-03-11 19:59:08.0	Ana9 - 9: T.Zuluft WRG warm	19.2
2021-03-11 19:59:18.0	Ana1 - 1: T.Au?en	9.2
2021-03-11 19:59:18.0	Ana2 - 2: T.Zuluft	16.2
2021-03-11 19:59:18.0	Ana3 - 3: T.Abluft	19.9
2021-03-11 19:59:18.0	Ana4 - 4: T.Fortluft	14.0
2021-03-11 19:59:18.0	Ana5 - 5: T.Raum	9999.9
2021-03-11 19:59:18.0	Ana9 - 9: T.Zuluft WRG warm	19.2
2021-03-11 19:59:28.0	Ana1 - 1: T.Au?en	9.2
2021-03-11 19:59:28.0	Ana2 - 2: T.Zuluft	16.2
2021-03-11 19:59:28.0	Ana3 - 3: T.Abluft	19.8
2021-03-11 19:59:28.0	Ana4 - 4: T.Fortluft	14.0
2021-03-11 19:59:28.0	Ana5 - 5: T.Raum	9999.9
2021-03-11 19:59:28.0	Ana9 - 9: T.Zuluft WRG warm	19.2
2021-03-11 19:59:38.0	Ana1 - 1: T.Au?en	9.2
2021-03-11 19:59:38.0	Ana2 - 2: T.Zuluft	16.2
2021-03-11 19:59:38.0	Ana3 - 3: T.Abluft	19.9
2021-03-11 19:59:38.0	Ana4 - 4: T.Fortluft	14.0
2021-03-11 19:59:38.0	Ana5 - 5: T.Raum	9999.9
2021-03-11 19:59:38.0	Ana9 - 9: T.Zuluft WRG warm	19.1
2021-03-11 19:59:48.0	Ana1 - 1: T.Au?en	9.2
2021-03-11 19:59:48.0	Ana2 - 2: T.Zuluft	16.2
2021-03-11 19:59:48.0	Ana3 - 3: T.Abluft	19.9
2021-03-11 19:59:48.0	Ana4 - 4: T.Fortluft	14.0
2021-03-11 19:59:48.0	Ana5 - 5: T.Raum	9999.9
2021-03-11 19:59:48.0	Ana9 - 9: T.Zuluft WRG warm	19.1
2021-03-11 19:59:58.0	Ana1 - 1: T.Au?en	9.1
2021-03-11 19:59:58.0	Ana2 - 2: T.Zuluft	16.2
2021-03-11 19:59:58.0	Ana3 - 3: T.Abluft	19.9
2021-03-11 19:59:58.0	Ana4 - 4: T.Fortluft	14.0
2021-03-11 19:59:58.0	Ana5 - 5: T.Raum	9999.9
2021-03-11 19:59:58.0	Ana9 - 9: T.Zuluft WRG warm	19.1
2021-03-11 20:00:08.0	Ana1 - 1: T.Au?en	9.1
2021-03-11 20:00:08.0	Ana2 - 2: T.Zuluft	16.2
2021-03-11 20:00:08.0	Ana3 - 3: T.Abluft	19.9
2021-03-11 20:00:08.0	Ana4 - 4: T.Fortluft	14.0
2021-03-11 20:00:08.0	Ana5 - 5: T.Raum	9999.9
2021-03-11 20:00:08.0	Ana9 - 9: T.Zuluft WRG warm	19.1
2021-03-11 20:00:18.0	Ana1 - 1: T.Au?en	9.1
2021-03-11 20:00:18.0	Ana2 - 2: T.Zuluft	16.2
2021-03-11 20:00:18.0	Ana3 - 3: T.Abluft	19.8
2021-03-11 20:00:18.0	Ana4 - 4: T.Fortluft	14.0
2021-03-11 20:00:18.0	Ana5 - 5: T.Raum	9999.9
2021-03-11 20:00:18.0	Ana9 - 9: T.Zuluft WRG warm	19.1
2021-03-11 20:00:28.0	Ana1 - 1: T.Au?en	9.1
2021-03-11 20:00:28.0	Ana2 - 2: T.Zuluft	16.2
2021-03-11 20:00:28.0	Ana3 - 3: T.Abluft	19.9
2021-03-11 20:00:28.0	Ana4 - 4: T.Fortluft	14.0
2021-03-11 20:00:28.0	Ana5 - 5: T.Raum	9999.9
2021-03-11 20:00:28.0	Ana9 - 9: T.Zuluft WRG warm	19.1
2021-03-11 20:00:38.0	Ana1 - 1: T.Au?en	9.1
2021-03-11 20:00:38.0	Ana2 - 2: T.Zuluft	16.2
2021-03-11 20:00:38.0	Ana3 - 3: T.Abluft	19.9
2021-03-11 20:00:38.0	Ana4 - 4: T.Fortluft	14.0
2021-03-11 20:00:38.0	Ana5 - 5: T.Raum	9999.9
2021-03-11 20:00:38.0	Ana9 - 9: T.Zuluft WRG warm	19.1
2021-03-11 20:00:48.0	Ana1 - 1: T.Au?en	9.1
2021-03-11 20:00:48.0	Ana2 - 2: T.Zuluft	16.2
2021-03-11 20:00:48.0	Ana3 - 3: T.Abluft	19.9
2021-03-11 20:00:48.0	Ana4 - 4: T.Fortluft	14.0
2021-03-11 20:00:48.0	Ana5 - 5: T.Raum	9999.9
2021-03-11 20:00:48.0	Ana9 - 9: T.Zuluft WRG warm	19.1
2021-03-11 20:00:58.0	Ana1 - 1: T.Au?en	9.1
2021-03-11 20:00:58.0	Ana2 - 2: T.Zuluft	16.2
2021-03-11 20:00:58.0	Ana3 - 3: T.Abluft	19.9
2021-03-11 20:00:58.0	Ana4 - 4: T.Fortluft	14.0
2021-03-11 20:00:58.0	Ana5 - 5: T.Raum	9999.9
2021-03-11 20:00:58.0	Ana9 - 9: T.Zuluft WRG warm	19.1
2021-03-11 20:01:08.0	Ana1 - 1: T.Au?en	9.1
2021-03-11 20:01:08.0	Ana2 - 2: T.Zuluft	16.2
2021-03-11 20:01:08.0	Ana3 - 3: T.Abluft	19.9
2021-03-11 20:01:08.0	Ana4 - 4: T.Fortluft	14.0
2021-03-11 20:01:08.0	Ana5 - 5: T.Raum	9999.9
2021-03-11 20:01:08.0	Ana9 - 9: T.Zuluft WRG warm	19.1
2021-03-11 20:01:18.0	Ana1 - 1: T.Au?en	9.1
2021-03-11 20:01:18.0	Ana2 - 2: T.Zuluft	16.2
2021-03-11 20:01:18.0	Ana3 - 3: T.Abluft	19.9
2021-03-11 20:01:18.0	Ana4 - 4: T.Fortluft	14.0
2021-03-11 20:01:18.0	Ana5 - 5: T.Raum	9999.9
2021-03-11 20:01:18.0	Ana9 - 9: T.Zuluft WRG warm	19.1
2021-03-11 20:01:28.0	Ana1 - 1: T.Au?en	9.1
2021-03-11 20:01:28.0	Ana2 - 2: T.Zuluft	16.2
2021-03-11 20:01:28.0	Ana3 - 3: T.Abluft	19.8
2021-03-11 20:01:28.0	Ana4 - 4: T.Fortluft	14.0
2021-03-11 20:01:28.0	Ana5 - 5: T.Raum	9999.9
2021-03-11 20:01:28.0	Ana9 - 9: T.Zuluft WRG warm	19.1
2021-03-11 20:01:38.0	Ana1 - 1: T.Au?en	9.1
2021-03-11 20:01:38.0	Ana2 - 2: T.Zuluft	16.2
2021-03-11 20:01:38.0	Ana3 - 3: T.Abluft	19.9
2021-03-11 20:01:38.0	Ana4 - 4: T.Fortluft	14.0
2021-03-11 20:01:38.0	Ana5 - 5: T.Raum	9999.9
2021-03-11 20:01:38.0	Ana9 - 9: T.Zuluft WRG warm	19.1
2021-03-11 20:01:48.0	Ana1 - 1: T.Au?en	9.1
2021-03-11 20:01:48.0	Ana2 - 2: T.Zuluft	16.2
2021-03-11 20:01:48.0	Ana3 - 3: T.Abluft	19.8
2021-03-11 20:01:48.0	Ana4 - 4: T.Fortluft	14.0
2021-03-11 20:01:48.0	Ana5 - 5: T.Raum	9999.9
2021-03-11 20:01:48.0	Ana9 - 9: T.Zuluft WRG warm	19.1
2021-03-11 20:01:58.0	Ana1 - 1: T.Au?en	9.1
2021-03-11 20:01:58.0	Ana2 - 2: T.Zuluft	16.2
2021-03-11 20:01:58.0	Ana3 - 3: T.Abluft	19.9
2021-03-11 20:01:58.0	Ana4 - 4: T.Fortluft	14.0
2021-03-11 20:01:58.0	Ana5 - 5: T.Raum	9999.9
2021-03-11 20:01:58.0	Ana9 - 9: T.Zuluft WRG warm	19.1
2021-03-11 20:02:08.0	Ana1 - 1: T.Au?en	9.1
2021-03-11 20:02:08.0	Ana2 - 2: T.Zuluft	16.2
2021-03-11 20:02:08.0	Ana3 - 3: T.Abluft	19.9
2021-03-11 20:02:08.0	Ana4 - 4: T.Fortluft	14.0
2021-03-11 20:02:08.0	Ana5 - 5: T.Raum	9999.9
2021-03-11 20:02:08.0	Ana9 - 9: T.Zuluft WRG warm	19.1
2021-03-11 20:02:18.0	Ana1 - 1: T.Au?en	9.1
2021-03-11 20:02:18.0	Ana2 - 2: T.Zuluft	16.2
2021-03-11 20:02:18.0	Ana3 - 3: T.Abluft	19.9
2021-03-11 20:02:18.0	Ana4 - 4: T.Fortluft	14.0
2021-03-11 20:02:18.0	Ana5 - 5: T.Raum	9999.9
2021-03-11 20:02:18.0	Ana9 - 9: T.Zuluft WRG warm	19.1
2021-03-11 20:02:28.0	Ana1 - 1: T.Au?en	9.1
2021-03-11 20:02:28.0	Ana2 - 2: T.Zuluft	16.2
2021-03-11 20:02:28.0	Ana3 - 3: T.Abluft	19.9
2021-03-11 20:02:28.0	Ana4 - 4: T.Fortluft	14.0
2021-03-11 20:02:28.0	Ana5 - 5: T.Raum	9999.9
2021-03-11 20:02:28.0	Ana9 - 9: T.Zuluft WRG warm	19.1
2021-03-11 20:02:38.0	Ana1 - 1: T.Au?en	9.1
2021-03-11 20:02:38.0	Ana2 - 2: T.Zuluft	16.2
2021-03-11 20:02:38.0	Ana3 - 3: T.Abluft	19.9
2021-03-11 20:02:38.0	Ana4 - 4: T.Fortluft	14.0
2021-03-11 20:02:38.0	Ana5 - 5: T.Raum	9999.9
2021-03-11 20:02:38.0	Ana9 - 9: T.Zuluft WRG warm	19.1
2021-03-11 20:02:48.0	Ana1 - 1: T.Au?en	9.1
2021-03-11 20:02:48.0	Ana2 - 2: T.Zuluft	16.2
2021-03-11 20:02:48.0	Ana3 - 3: T.Abluft	19.9
2021-03-11 20:02:48.0	Ana4 - 4: T.Fortluft	14.0
2021-03-11 20:02:48.0	Ana5 - 5: T.Raum	9999.9
2021-03-11 20:02:48.0	Ana9 - 9: T.Zuluft WRG warm	19.1
2021-03-11 20:02:58.0	Ana1 - 1: T.Au?en	9.1
2021-03-11 20:02:58.0	Ana2 - 2: T.Zuluft	16.2
2021-03-11 20:02:58.0	Ana3 - 3: T.Abluft	19.9
2021-03-11 20:02:58.0	Ana4 - 4: T.Fortluft	14.0
2021-03-11 20:02:58.0	Ana5 - 5: T.Raum	9999.9
2021-03-11 20:02:58.0	Ana9 - 9: T.Zuluft WRG warm	19.1
2021-03-11 20:03:08.0	Ana1 - 1: T.Au?en	9.1
2021-03-11 20:03:08.0	Ana2 - 2: T.Zuluft	16.2
2021-03-11 20:03:08.0	Ana3 - 3: T.Abluft	19.9
2021-03-11 20:03:08.0	Ana4 - 4: T.Fortluft	14.0
2021-03-11 20:03:08.0	Ana5 - 5: T.Raum	9999.9
2021-03-11 20:03:08.0	Ana9 - 9: T.Zuluft WRG warm	19.1
2021-03-11 20:03:18.0	Ana1 - 1: T.Au?en	9.1
2021-03-11 20:03:18.0	Ana2 - 2: T.Zuluft	16.2
2021-03-11 20:03:18.0	Ana3 - 3: T.Abluft	19.9
2021-03-11 20:03:18.0	Ana4 - 4: T.Fortluft	14.0
2021-03-11 20:03:18.0	Ana5 - 5: T.Raum	9999.9
2021-03-11 20:03:18.0	Ana9 - 9: T.Zuluft WRG warm	19.1
2021-03-11 20:03:28.0	Ana1 - 1: T.Au?en	9.1
2021-03-11 20:03:28.0	Ana2 - 2: T.Zuluft	16.2
2021-03-11 20:03:28.0	Ana3 - 3: T.Abluft	19.9
2021-03-11 20:03:28.0	Ana4 - 4: T.Fortluft	14.0
2021-03-11 20:03:28.0	Ana5 - 5: T.Raum	9999.9
2021-03-11 20:03:28.0	Ana9 - 9: T.Zuluft WRG warm	19.1
2021-03-11 20:03:38.0	Ana1 - 1: T.Au?en	9.1
2021-03-11 20:03:38.0	Ana2 - 2: T.Zuluft	16.2
2021-03-11 20:03:38.0	Ana3 - 3: T.Abluft	19.9
2021-03-11 20:03:38.0	Ana4 - 4: T.Fortluft	14.0
2021-03-11 20:03:38.0	Ana5 - 5: T.Raum	9999.9
2021-03-11 20:03:38.0	Ana9 - 9: T.Zuluft WRG warm	19.1
2021-03-11 20:03:48.0	Ana1 - 1: T.Au?en	9.1
2021-03-11 20:03:48.0	Ana2 - 2: T.Zuluft	16.2
2021-03-11 20:03:48.0	Ana3 - 3: T.Abluft	19.9
2021-03-11 20:03:48.0	Ana4 - 4: T.Fortluft	14.0
2021-03-11 20:03:48.0	Ana5 - 5: T.Raum	9999.9
2021-03-11 20:03:48.0	Ana9 - 9: T.Zuluft WRG warm	19.1
2021-03-11 20:03:58.0	Ana1 - 1: T.Au?en	9.1
2021-03-11 20:03:58.0	Ana2 - 2: T.Zuluft	16.2
2021-03-11 20:03:58.0	Ana3 - 3: T.Abluft	19.8
2021-03-11 20:03:58.0	Ana4 - 4: T.Fortluft	14.0
2021-03-11 20:03:58.0	Ana5 - 5: T.Raum	9999.9
2021-03-11 20:03:58.0	Ana9 - 9: T.Zuluft WRG warm	19.1
2021-03-11 20:04:08.0	Ana1 - 1: T.Au?en	9.1
2021-03-11 20:04:08.0	Ana2 - 2: T.Zuluft	16.2
2021-03-11 20:04:08.0	Ana3 - 3: T.Abluft	19.9
2021-03-11 20:04:08.0	Ana4 - 4: T.Fortluft	14.0
2021-03-11 20:04:08.0	Ana5 - 5: T.Raum	9999.9
2021-03-11 20:04:08.0	Ana9 - 9: T.Zuluft WRG warm	19.1
2021-03-11 20:04:18.0	Ana1 - 1: T.Au?en	9.1
2021-03-11 20:04:18.0	Ana2 - 2: T.Zuluft	16.2
2021-03-11 20:04:18.0	Ana3 - 3: T.Abluft	19.9
2021-03-11 20:04:18.0	Ana4 - 4: T.Fortluft	14.0
2021-03-11 20:04:18.0	Ana5 - 5: T.Raum	9999.9
2021-03-11 20:04:18.0	Ana9 - 9: T.Zuluft WRG warm	19.1
2021-03-11 20:04:28.0	Ana1 - 1: T.Au?en	9.1
2021-03-11 20:04:28.0	Ana2 - 2: T.Zuluft	16.2
2021-03-11 20:04:28.0	Ana3 - 3: T.Abluft	19.9
2021-03-11 20:04:28.0	Ana4 - 4: T.Fortluft	14.0
2021-03-11 20:04:28.0	Ana5 - 5: T.Raum	9999.9
2021-03-11 20:04:28.0	Ana9 - 9: T.Zuluft WRG warm	19.1
2021-03-11 20:04:38.0	Ana1 - 1: T.Au?en	9.1
2021-03-11 20:04:38.0	Ana2 - 2: T.Zuluft	16.2
2021-03-11 20:04:38.0	Ana3 - 3: T.Abluft	19.8
2021-03-11 20:04:38.0	Ana4 - 4: T.Fortluft	14.0
2021-03-11 20:04:38.0	Ana5 - 5: T.Raum	9999.9
2021-03-11 20:04:38.0	Ana9 - 9: T.Zuluft WRG warm	19.1
2021-03-11 20:04:48.0	Ana1 - 1: T.Au?en	9.1
2021-03-11 20:04:48.0	Ana2 - 2: T.Zuluft	16.2
2021-03-11 20:04:48.0	Ana3 - 3: T.Abluft	19.9
2021-03-11 20:04:48.0	Ana4 - 4: T.Fortluft	14.0
2021-03-11 20:04:48.0	Ana5 - 5: T.Raum	9999.9
2021-03-11 20:04:48.0	Ana9 - 9: T.Zuluft WRG warm	19.1
2021-03-11 20:04:58.0	Ana1 - 1: T.Au?en	9.1
2021-03-11 20:04:58.0	Ana2 - 2: T.Zuluft	16.2
2021-03-11 20:04:58.0	Ana3 - 3: T.Abluft	19.9
2021-03-11 20:04:58.0	Ana4 - 4: T.Fortluft	14.0
2021-03-11 20:04:58.0	Ana5 - 5: T.Raum	9999.9
2021-03-11 20:04:58.0	Ana9 - 9: T.Zuluft WRG warm	19.1
2021-03-11 20:05:08.0	Ana1 - 1: T.Au?en	9.1
2021-03-11 20:05:08.0	Ana2 - 2: T.Zuluft	16.2
2021-03-11 20:05:08.0	Ana3 - 3: T.Abluft	19.9
2021-03-11 20:05:08.0	Ana4 - 4: T.Fortluft	14.0
2021-03-11 20:05:08.0	Ana5 - 5: T.Raum	9999.9
2021-03-11 20:05:08.0	Ana9 - 9: T.Zuluft WRG warm	19.1
2021-03-11 20:05:18.0	Ana1 - 1: T.Au?en	9.1
2021-03-11 20:05:18.0	Ana2 - 2: T.Zuluft	16.2
2021-03-11 20:05:18.0	Ana3 - 3: T.Abluft	19.8
2021-03-11 20:05:18.0	Ana4 - 4: T.Fortluft	14.0
2021-03-11 20:05:18.0	Ana5 - 5: T.Raum	9999.9
2021-03-11 20:05:18.0	Ana9 - 9: T.Zuluft WRG warm	19.1
2021-03-11 20:05:28.0	Ana1 - 1: T.Au?en	9.1
2021-03-11 20:05:28.0	Ana2 - 2: T.Zuluft	16.2
2021-03-11 20:05:28.0	Ana3 - 3: T.Abluft	19.8
2021-03-11 20:05:28.0	Ana4 - 4: T.Fortluft	14.0
2021-03-11 20:05:28.0	Ana5 - 5: T.Raum	9999.9
2021-03-11 20:05:28.0	Ana9 - 9: T.Zuluft WRG warm	19.1
2021-03-11 20:05:38.0	Ana1 - 1: T.Au?en	9.1
2021-03-11 20:05:38.0	Ana2 - 2: T.Zuluft	16.2
2021-03-11 20:05:38.0	Ana3 - 3: T.Abluft	19.9
2021-03-11 20:05:38.0	Ana4 - 4: T.Fortluft	14.0
2021-03-11 20:05:38.0	Ana5 - 5: T.Raum	9999.9
2021-03-11 20:05:38.0	Ana9 - 9: T.Zuluft WRG warm	19.1
2021-03-11 20:05:48.0	Ana1 - 1: T.Au?en	9.1
2021-03-11 20:05:48.0	Ana2 - 2: T.Zuluft	16.2
2021-03-11 20:05:48.0	Ana3 - 3: T.Abluft	19.8
2021-03-11 20:05:48.0	Ana4 - 4: T.Fortluft	14.0
2021-03-11 20:05:48.0	Ana5 - 5: T.Raum	9999.9
2021-03-11 20:05:48.0	Ana9 - 9: T.Zuluft WRG warm	19.1
2021-03-11 20:05:58.0	Ana1 - 1: T.Au?en	9.1
2021-03-11 20:05:58.0	Ana2 - 2: T.Zuluft	16.2
2021-03-11 20:05:58.0	Ana3 - 3: T.Abluft	19.8
2021-03-11 20:05:58.0	Ana4 - 4: T.Fortluft	14.0
2021-03-11 20:05:58.0	Ana5 - 5: T.Raum	9999.9
2021-03-11 20:05:58.0	Ana9 - 9: T.Zuluft WRG warm	19.1
2021-03-11 20:06:08.0	Ana1 - 1: T.Au?en	9.1
2021-03-11 20:06:08.0	Ana2 - 2: T.Zuluft	16.2
2021-03-11 20:06:08.0	Ana3 - 3: T.Abluft	19.8
2021-03-11 20:06:08.0	Ana4 - 4: T.Fortluft	14.0
2021-03-11 20:06:08.0	Ana5 - 5: T.Raum	9999.9
2021-03-11 20:06:08.0	Ana9 - 9: T.Zuluft WRG warm	19.1
2021-03-11 20:06:18.0	Ana1 - 1: T.Au?en	9.1
2021-03-11 20:06:18.0	Ana2 - 2: T.Zuluft	16.2
2021-03-11 20:06:18.0	Ana3 - 3: T.Abluft	19.8
2021-03-11 20:06:18.0	Ana4 - 4: T.Fortluft	14.0
2021-03-11 20:06:18.0	Ana5 - 5: T.Raum	9999.9
2021-03-11 20:06:18.0	Ana9 - 9: T.Zuluft WRG warm	19.1
2021-03-11 20:06:28.0	Ana1 - 1: T.Au?en	9.1
2021-03-11 20:06:28.0	Ana2 - 2: T.Zuluft	16.2
2021-03-11 20:06:28.0	Ana3 - 3: T.Abluft	19.8
2021-03-11 20:06:28.0	Ana4 - 4: T.Fortluft	14.0
2021-03-11 20:06:28.0	Ana5 - 5: T.Raum	9999.9
2021-03-11 20:06:28.0	Ana9 - 9: T.Zuluft WRG warm	19.1
2021-03-11 20:06:38.0	Ana1 - 1: T.Au?en	9.1
2021-03-11 20:06:38.0	Ana2 - 2: T.Zuluft	16.2
2021-03-11 20:06:38.0	Ana3 - 3: T.Abluft	19.8
2021-03-11 20:06:38.0	Ana4 - 4: T.Fortluft	14.0
2021-03-11 20:06:38.0	Ana5 - 5: T.Raum	9999.9
2021-03-11 20:06:38.0	Ana9 - 9: T.Zuluft WRG warm	19.1
2021-03-11 20:06:48.0	Ana1 - 1: T.Au?en	9.1
2021-03-11 20:06:48.0	Ana2 - 2: T.Zuluft	16.2
2021-03-11 20:06:48.0	Ana3 - 3: T.Abluft	19.8
2021-03-11 20:06:48.0	Ana4 - 4: T.Fortluft	14.0
2021-03-11 20:06:48.0	Ana5 - 5: T.Raum	9999.9
2021-03-11 20:06:48.0	Ana9 - 9: T.Zuluft WRG warm	19.1
2021-03-11 20:06:58.0	Ana1 - 1: T.Au?en	9.1
2021-03-11 20:06:58.0	Ana2 - 2: T.Zuluft	16.2
2021-03-11 20:06:58.0	Ana3 - 3: T.Abluft	19.9
2021-03-11 20:06:58.0	Ana4 - 4: T.Fortluft	14.0
2021-03-11 20:06:58.0	Ana5 - 5: T.Raum	9999.9
2021-03-11 20:06:58.0	Ana9 - 9: T.Zuluft WRG warm	19.1
2021-03-11 20:07:08.0	Ana1 - 1: T.Au?en	9.1
2021-03-11 20:07:08.0	Ana2 - 2: T.Zuluft	16.2
2021-03-11 20:07:08.0	Ana3 - 3: T.Abluft	19.8
2021-03-11 20:07:08.0	Ana4 - 4: T.Fortluft	14.0
2021-03-11 20:07:08.0	Ana5 - 5: T.Raum	9999.9
2021-03-11 20:07:08.0	Ana9 - 9: T.Zuluft WRG warm	19.1
2021-03-11 20:07:18.0	Ana1 - 1: T.Au?en	9.1
2021-03-11 20:07:18.0	Ana2 - 2: T.Zuluft	16.2
2021-03-11 20:07:18.0	Ana3 - 3: T.Abluft	19.8
2021-03-11 20:07:18.0	Ana4 - 4: T.Fortluft	14.0
2021-03-11 20:07:18.0	Ana5 - 5: T.Raum	9999.9
2021-03-11 20:07:18.0	Ana9 - 9: T.Zuluft WRG warm	19.1
2021-03-11 20:07:28.0	Ana1 - 1: T.Au?en	9.1
2021-03-11 20:07:28.0	Ana2 - 2: T.Zuluft	16.2
2021-03-11 20:07:28.0	Ana3 - 3: T.Abluft	19.8
2021-03-11 20:07:28.0	Ana4 - 4: T.Fortluft	14.0
2021-03-11 20:07:28.0	Ana5 - 5: T.Raum	9999.9
2021-03-11 20:07:28.0	Ana9 - 9: T.Zuluft WRG warm	19.1
2021-03-11 20:07:38.0	Ana1 - 1: T.Au?en	9.1
2021-03-11 20:07:38.0	Ana2 - 2: T.Zuluft	16.2
2021-03-11 20:07:38.0	Ana3 - 3: T.Abluft	19.9
2021-03-11 20:07:38.0	Ana4 - 4: T.Fortluft	14.0
2021-03-11 20:07:38.0	Ana5 - 5: T.Raum	9999.9
2021-03-11 20:07:38.0	Ana9 - 9: T.Zuluft WRG warm	19.1
2021-03-11 20:07:48.0	Ana1 - 1: T.Au?en	9.1
2021-03-11 20:07:48.0	Ana2 - 2: T.Zuluft	16.2
2021-03-11 20:07:48.0	Ana3 - 3: T.Abluft	19.8
2021-03-11 20:07:48.0	Ana4 - 4: T.Fortluft	14.0
2021-03-11 20:07:48.0	Ana5 - 5: T.Raum	9999.9
2021-03-11 20:07:48.0	Ana9 - 9: T.Zuluft WRG warm	19.1
2021-03-11 20:07:58.0	Ana1 - 1: T.Au?en	9.1
2021-03-11 20:07:58.0	Ana2 - 2: T.Zuluft	16.2
2021-03-11 20:07:58.0	Ana3 - 3: T.Abluft	19.8
2021-03-11 20:07:58.0	Ana4 - 4: T.Fortluft	14.0
2021-03-11 20:07:58.0	Ana5 - 5: T.Raum	9999.9
2021-03-11 20:07:58.0	Ana9 - 9: T.Zuluft WRG warm	19.1
2021-03-11 20:08:08.0	Ana1 - 1: T.Au?en	9.1
2021-03-11 20:08:08.0	Ana2 - 2: T.Zuluft	16.2
2021-03-11 20:08:08.0	Ana3 - 3: T.Abluft	19.8
2021-03-11 20:08:08.0	Ana4 - 4: T.Fortluft	14.0
2021-03-11 20:08:08.0	Ana5 - 5: T.Raum	9999.9
2021-03-11 20:08:08.0	Ana9 - 9: T.Zuluft WRG warm	19.1
2021-03-11 20:08:18.0	Ana1 - 1: T.Au?en	9.1
2021-03-11 20:08:18.0	Ana2 - 2: T.Zuluft	16.2
2021-03-11 20:08:18.0	Ana3 - 3: T.Abluft	19.8
2021-03-11 20:08:18.0	Ana4 - 4: T.Fortluft	14.0
2021-03-11 20:08:18.0	Ana5 - 5: T.Raum	9999.9
2021-03-11 20:08:18.0	Ana9 - 9: T.Zuluft WRG warm	19.1
2021-03-11 20:08:28.0	Ana1 - 1: T.Au?en	9.1
2021-03-11 20:08:28.0	Ana2 - 2: T.Zuluft	16.2
2021-03-11 20:08:28.0	Ana3 - 3: T.Abluft	19.8
2021-03-11 20:08:28.0	Ana4 - 4: T.Fortluft	14.0
2021-03-11 20:08:28.0	Ana5 - 5: T.Raum	9999.9
2021-03-11 20:08:28.0	Ana9 - 9: T.Zuluft WRG warm	19.1
2021-03-11 20:08:38.0	Ana1 - 1: T.Au?en	9.1
2021-03-11 20:08:38.0	Ana2 - 2: T.Zuluft	16.2
2021-03-11 20:08:38.0	Ana3 - 3: T.Abluft	19.8
2021-03-11 20:08:38.0	Ana4 - 4: T.Fortluft	14.0
2021-03-11 20:08:38.0	Ana5 - 5: T.Raum	9999.9
2021-03-11 20:08:38.0	Ana9 - 9: T.Zuluft WRG warm	19.1
2021-03-11 20:08:48.0	Ana1 - 1: T.Au?en	9.1
2021-03-11 20:08:48.0	Ana2 - 2: T.Zuluft	16.2
2021-03-11 20:08:48.0	Ana3 - 3: T.Abluft	19.8
2021-03-11 20:08:48.0	Ana4 - 4: T.Fortluft	14.0
2021-03-11 20:08:48.0	Ana5 - 5: T.Raum	9999.9
2021-03-11 20:08:48.0	Ana9 - 9: T.Zuluft WRG warm	19.1
2021-03-11 20:08:58.0	Ana1 - 1: T.Au?en	9.0
2021-03-11 20:08:58.0	Ana2 - 2: T.Zuluft	16.2
2021-03-11 20:08:58.0	Ana3 - 3: T.Abluft	19.8
2021-03-11 20:08:58.0	Ana4 - 4: T.Fortluft	14.0
2021-03-11 20:08:58.0	Ana5 - 5: T.Raum	9999.9
2021-03-11 20:08:58.0	Ana9 - 9: T.Zuluft WRG warm	19.1
2021-03-11 20:09:08.0	Ana1 - 1: T.Au?en	9.0
2021-03-11 20:09:08.0	Ana2 - 2: T.Zuluft	16.2
2021-03-11 20:09:08.0	Ana3 - 3: T.Abluft	19.8
2021-03-11 20:09:08.0	Ana4 - 4: T.Fortluft	14.0
2021-03-11 20:09:08.0	Ana5 - 5: T.Raum	9999.9
2021-03-11 20:09:08.0	Ana9 - 9: T.Zuluft WRG warm	19.1
2021-03-11 20:09:18.0	Ana1 - 1: T.Au?en	9.0
2021-03-11 20:09:18.0	Ana2 - 2: T.Zuluft	16.2
2021-03-11 20:09:18.0	Ana3 - 3: T.Abluft	19.8
2021-03-11 20:09:18.0	Ana4 - 4: T.Fortluft	14.0
2021-03-11 20:09:18.0	Ana5 - 5: T.Raum	9999.9
2021-03-11 20:09:18.0	Ana9 - 9: T.Zuluft WRG warm	19.1
2021-03-11 20:09:28.0	Ana1 - 1: T.Au?en	9.0
2021-03-11 20:09:28.0	Ana2 - 2: T.Zuluft	16.2
2021-03-11 20:09:28.0	Ana3 - 3: T.Abluft	19.8
2021-03-11 20:09:28.0	Ana4 - 4: T.Fortluft	13.9
2021-03-11 20:09:28.0	Ana5 - 5: T.Raum	9999.9
2021-03-11 20:09:28.0	Ana9 - 9: T.Zuluft WRG warm	19.1
2021-03-11 20:09:38.0	Ana1 - 1: T.Au?en	9.0
2021-03-11 20:09:38.0	Ana2 - 2: T.Zuluft	16.2
2021-03-11 20:09:38.0	Ana3 - 3: T.Abluft	19.8
2021-03-11 20:09:38.0	Ana4 - 4: T.Fortluft	14.0
2021-03-11 20:09:38.0	Ana5 - 5: T.Raum	9999.9
2021-03-11 20:09:38.0	Ana9 - 9: T.Zuluft WRG warm	19.1
2021-03-11 20:09:48.0	Ana1 - 1: T.Au?en	9.0
2021-03-11 20:09:48.0	Ana2 - 2: T.Zuluft	16.2
2021-03-11 20:09:48.0	Ana3 - 3: T.Abluft	19.8
2021-03-11 20:09:48.0	Ana4 - 4: T.Fortluft	14.0
2021-03-11 20:09:48.0	Ana5 - 5: T.Raum	9999.9
2021-03-11 20:09:48.0	Ana9 - 9: T.Zuluft WRG warm	19.1
2021-03-11 20:09:58.0	Ana1 - 1: T.Au?en	9.0
2021-03-11 20:09:58.0	Ana2 - 2: T.Zuluft	16.2
2021-03-11 20:09:58.0	Ana3 - 3: T.Abluft	19.8
2021-03-11 20:09:58.0	Ana4 - 4: T.Fortluft	14.0
2021-03-11 20:09:58.0	Ana5 - 5: T.Raum	9999.9
2021-03-11 20:09:58.0	Ana9 - 9: T.Zuluft WRG warm	19.1
2021-03-11 20:10:08.0	Ana1 - 1: T.Au?en	9.0
2021-03-11 20:10:08.0	Ana2 - 2: T.Zuluft	16.2
2021-03-11 20:10:08.0	Ana3 - 3: T.Abluft	19.8
2021-03-11 20:10:08.0	Ana4 - 4: T.Fortluft	14.0
2021-03-11 20:10:08.0	Ana5 - 5: T.Raum	9999.9
2021-03-11 20:10:08.0	Ana9 - 9: T.Zuluft WRG warm	19.1
2021-03-11 20:10:18.0	Ana1 - 1: T.Au?en	9.0
2021-03-11 20:10:18.0	Ana2 - 2: T.Zuluft	16.1
2021-03-11 20:10:18.0	Ana3 - 3: T.Abluft	19.8
2021-03-11 20:10:18.0	Ana4 - 4: T.Fortluft	14.0
2021-03-11 20:10:18.0	Ana5 - 5: T.Raum	9999.9
2021-03-11 20:10:18.0	Ana9 - 9: T.Zuluft WRG warm	19.1
2021-03-11 20:10:28.0	Ana1 - 1: T.Au?en	9.0
2021-03-11 20:10:28.0	Ana2 - 2: T.Zuluft	16.2
2021-03-11 20:10:28.0	Ana3 - 3: T.Abluft	19.8
2021-03-11 20:10:28.0	Ana4 - 4: T.Fortluft	14.0
2021-03-11 20:10:28.0	Ana5 - 5: T.Raum	9999.9
2021-03-11 20:10:28.0	Ana9 - 9: T.Zuluft WRG warm	19.1
2021-03-11 20:10:38.0	Ana1 - 1: T.Au?en	9.0
2021-03-11 20:10:38.0	Ana2 - 2: T.Zuluft	16.1
2021-03-11 20:10:38.0	Ana3 - 3: T.Abluft	19.8
2021-03-11 20:10:38.0	Ana4 - 4: T.Fortluft	14.0
2021-03-11 20:10:38.0	Ana5 - 5: T.Raum	9999.9
2021-03-11 20:10:38.0	Ana9 - 9: T.Zuluft WRG warm	19.1
2021-03-11 20:10:48.0	Ana1 - 1: T.Au?en	9.0
2021-03-11 20:10:48.0	Ana2 - 2: T.Zuluft	16.2
2021-03-11 20:10:48.0	Ana3 - 3: T.Abluft	19.8
2021-03-11 20:10:48.0	Ana4 - 4: T.Fortluft	14.0
2021-03-11 20:10:48.0	Ana5 - 5: T.Raum	9999.9
2021-03-11 20:10:48.0	Ana9 - 9: T.Zuluft WRG warm	19.1
2021-03-11 20:10:58.0	Ana1 - 1: T.Au?en	9.0
2021-03-11 20:10:58.0	Ana2 - 2: T.Zuluft	16.2
2021-03-11 20:10:58.0	Ana3 - 3: T.Abluft	19.8
2021-03-11 20:10:58.0	Ana4 - 4: T.Fortluft	13.9
2021-03-11 20:10:58.0	Ana5 - 5: T.Raum	9999.9
2021-03-11 20:10:58.0	Ana9 - 9: T.Zuluft WRG warm	19.1
2021-03-11 20:11:08.0	Ana1 - 1: T.Au?en	9.0
2021-03-11 20:11:08.0	Ana2 - 2: T.Zuluft	16.1
2021-03-11 20:11:08.0	Ana3 - 3: T.Abluft	19.8
2021-03-11 20:11:08.0	Ana4 - 4: T.Fortluft	13.9
2021-03-11 20:11:08.0	Ana5 - 5: T.Raum	9999.9
2021-03-11 20:11:08.0	Ana9 - 9: T.Zuluft WRG warm	19.1
2021-03-11 20:11:18.0	Ana1 - 1: T.Au?en	9.0
2021-03-11 20:11:18.0	Ana2 - 2: T.Zuluft	16.1
2021-03-11 20:11:18.0	Ana3 - 3: T.Abluft	19.8
2021-03-11 20:11:18.0	Ana4 - 4: T.Fortluft	13.9
2021-03-11 20:11:18.0	Ana5 - 5: T.Raum	9999.9
2021-03-11 20:11:18.0	Ana9 - 9: T.Zuluft WRG warm	19.1
2021-03-11 20:11:28.0	Ana1 - 1: T.Au?en	9.0
2021-03-11 20:11:28.0	Ana2 - 2: T.Zuluft	16.1
2021-03-11 20:11:28.0	Ana3 - 3: T.Abluft	19.8
2021-03-11 20:11:28.0	Ana4 - 4: T.Fortluft	13.9
2021-03-11 20:11:28.0	Ana5 - 5: T.Raum	9999.9
2021-03-11 20:11:28.0	Ana9 - 9: T.Zuluft WRG warm	19.1
2021-03-11 20:11:38.0	Ana1 - 1: T.Au?en	9.0
2021-03-11 20:11:38.0	Ana2 - 2: T.Zuluft	16.2
2021-03-11 20:11:38.0	Ana3 - 3: T.Abluft	19.8
2021-03-11 20:11:38.0	Ana4 - 4: T.Fortluft	13.9
2021-03-11 20:11:38.0	Ana5 - 5: T.Raum	9999.9
2021-03-11 20:11:38.0	Ana9 - 9: T.Zuluft WRG warm	19.1
2021-03-11 20:11:48.0	Ana1 - 1: T.Au?en	9.0
2021-03-11 20:11:48.0	Ana2 - 2: T.Zuluft	16.2
2021-03-11 20:11:48.0	Ana3 - 3: T.Abluft	19.8
2021-03-11 20:11:48.0	Ana4 - 4: T.Fortluft	13.9
2021-03-11 20:11:48.0	Ana5 - 5: T.Raum	9999.9
2021-03-11 20:11:48.0	Ana9 - 9: T.Zuluft WRG warm	19.1
2021-03-11 20:11:58.0	Ana1 - 1: T.Au?en	9.0
2021-03-11 20:11:58.0	Ana2 - 2: T.Zuluft	16.1
2021-03-11 20:11:58.0	Ana3 - 3: T.Abluft	19.8
2021-03-11 20:11:58.0	Ana4 - 4: T.Fortluft	14.0
2021-03-11 20:11:58.0	Ana5 - 5: T.Raum	9999.9
2021-03-11 20:11:58.0	Ana9 - 9: T.Zuluft WRG warm	19.1
2021-03-11 20:12:08.0	Ana1 - 1: T.Au?en	9.0
2021-03-11 20:12:08.0	Ana2 - 2: T.Zuluft	16.2
2021-03-11 20:12:08.0	Ana3 - 3: T.Abluft	19.8
2021-03-11 20:12:08.0	Ana4 - 4: T.Fortluft	14.0
2021-03-11 20:12:08.0	Ana5 - 5: T.Raum	9999.9
2021-03-11 20:12:08.0	Ana9 - 9: T.Zuluft WRG warm	19.1
2021-03-11 20:12:18.0	Ana1 - 1: T.Au?en	9.0
2021-03-11 20:12:18.0	Ana2 - 2: T.Zuluft	16.2
2021-03-11 20:12:18.0	Ana3 - 3: T.Abluft	19.8
2021-03-11 20:12:18.0	Ana4 - 4: T.Fortluft	14.0
2021-03-11 20:12:18.0	Ana5 - 5: T.Raum	9999.9
2021-03-11 20:12:18.0	Ana9 - 9: T.Zuluft WRG warm	19.1
2021-03-11 20:12:28.0	Ana1 - 1: T.Au?en	9.0
2021-03-11 20:12:28.0	Ana2 - 2: T.Zuluft	16.2
2021-03-11 20:12:28.0	Ana3 - 3: T.Abluft	19.8
2021-03-11 20:12:28.0	Ana4 - 4: T.Fortluft	13.9
2021-03-11 20:12:28.0	Ana5 - 5: T.Raum	9999.9
2021-03-11 20:12:28.0	Ana9 - 9: T.Zuluft WRG warm	19.1
2021-03-11 20:12:38.0	Ana1 - 1: T.Au?en	9.0
2021-03-11 20:12:38.0	Ana2 - 2: T.Zuluft	16.1
2021-03-11 20:12:38.0	Ana3 - 3: T.Abluft	19.8
2021-03-11 20:12:38.0	Ana4 - 4: T.Fortluft	13.9
2021-03-11 20:12:38.0	Ana5 - 5: T.Raum	9999.9
2021-03-11 20:12:38.0	Ana9 - 9: T.Zuluft WRG warm	19.1
2021-03-11 20:12:48.0	Ana1 - 1: T.Au?en	9.0
2021-03-11 20:12:48.0	Ana2 - 2: T.Zuluft	16.1
2021-03-11 20:12:48.0	Ana3 - 3: T.Abluft	19.8
2021-03-11 20:12:48.0	Ana4 - 4: T.Fortluft	13.9
2021-03-11 20:12:48.0	Ana5 - 5: T.Raum	9999.9
2021-03-11 20:12:48.0	Ana9 - 9: T.Zuluft WRG warm	19.1
2021-03-11 20:12:58.0	Ana1 - 1: T.Au?en	9.0
2021-03-11 20:12:58.0	Ana2 - 2: T.Zuluft	16.1
2021-03-11 20:12:58.0	Ana3 - 3: T.Abluft	19.8
2021-03-11 20:12:58.0	Ana4 - 4: T.Fortluft	13.9
2021-03-11 20:12:58.0	Ana5 - 5: T.Raum	9999.9
2021-03-11 20:12:58.0	Ana9 - 9: T.Zuluft WRG warm	19.1
2021-03-11 20:13:08.0	Ana1 - 1: T.Au?en	8.9
2021-03-11 20:13:08.0	Ana2 - 2: T.Zuluft	16.1
2021-03-11 20:13:08.0	Ana3 - 3: T.Abluft	19.8
2021-03-11 20:13:08.0	Ana4 - 4: T.Fortluft	13.9
2021-03-11 20:13:08.0	Ana5 - 5: T.Raum	9999.9
2021-03-11 20:13:08.0	Ana9 - 9: T.Zuluft WRG warm	19.1
2021-03-11 20:13:18.0	Ana1 - 1: T.Au?en	8.9
2021-03-11 20:13:18.0	Ana2 - 2: T.Zuluft	16.1
2021-03-11 20:13:18.0	Ana3 - 3: T.Abluft	19.8
2021-03-11 20:13:18.0	Ana4 - 4: T.Fortluft	13.9
2021-03-11 20:13:18.0	Ana5 - 5: T.Raum	9999.9
2021-03-11 20:13:18.0	Ana9 - 9: T.Zuluft WRG warm	19.1
2021-03-11 20:13:28.0	Ana1 - 1: T.Au?en	8.9
2021-03-11 20:13:28.0	Ana2 - 2: T.Zuluft	16.1
2021-03-11 20:13:28.0	Ana3 - 3: T.Abluft	19.8
2021-03-11 20:13:28.0	Ana4 - 4: T.Fortluft	13.9
2021-03-11 20:13:28.0	Ana5 - 5: T.Raum	9999.9
2021-03-11 20:13:28.0	Ana9 - 9: T.Zuluft WRG warm	19.1
2021-03-11 20:13:38.0	Ana1 - 1: T.Au?en	8.9
2021-03-11 20:13:38.0	Ana2 - 2: T.Zuluft	16.1
2021-03-11 20:13:38.0	Ana3 - 3: T.Abluft	19.8
2021-03-11 20:13:38.0	Ana4 - 4: T.Fortluft	13.9
2021-03-11 20:13:38.0	Ana5 - 5: T.Raum	9999.9
2021-03-11 20:13:38.0	Ana9 - 9: T.Zuluft WRG warm	19.1
2021-03-11 20:13:48.0	Ana1 - 1: T.Au?en	8.9
2021-03-11 20:13:48.0	Ana2 - 2: T.Zuluft	16.1
2021-03-11 20:13:48.0	Ana3 - 3: T.Abluft	19.8
2021-03-11 20:13:48.0	Ana4 - 4: T.Fortluft	13.9
2021-03-11 20:13:48.0	Ana5 - 5: T.Raum	9999.9
2021-03-11 20:13:48.0	Ana9 - 9: T.Zuluft WRG warm	19.1
2021-03-11 20:13:58.0	Ana1 - 1: T.Au?en	9.0
2021-03-11 20:13:58.0	Ana2 - 2: T.Zuluft	16.1
2021-03-11 20:13:58.0	Ana3 - 3: T.Abluft	19.8
2021-03-11 20:13:58.0	Ana4 - 4: T.Fortluft	13.9
2021-03-11 20:13:58.0	Ana5 - 5: T.Raum	9999.9
2021-03-11 20:13:58.0	Ana9 - 9: T.Zuluft WRG warm	19.1
2021-03-11 20:14:08.0	Ana1 - 1: T.Au?en	9.0
2021-03-11 20:14:08.0	Ana2 - 2: T.Zuluft	16.1
2021-03-11 20:14:08.0	Ana3 - 3: T.Abluft	19.8
2021-03-11 20:14:08.0	Ana4 - 4: T.Fortluft	13.9
2021-03-11 20:14:08.0	Ana5 - 5: T.Raum	9999.9
2021-03-11 20:14:08.0	Ana9 - 9: T.Zuluft WRG warm	19.1
2021-03-11 20:14:18.0	Ana1 - 1: T.Au?en	9.0
2021-03-11 20:14:18.0	Ana2 - 2: T.Zuluft	16.1
2021-03-11 20:14:18.0	Ana3 - 3: T.Abluft	19.8
2021-03-11 20:14:18.0	Ana4 - 4: T.Fortluft	13.9
2021-03-11 20:14:18.0	Ana5 - 5: T.Raum	9999.9
2021-03-11 20:14:18.0	Ana9 - 9: T.Zuluft WRG warm	19.1
2021-03-11 20:14:28.0	Ana1 - 1: T.Au?en	9.0
2021-03-11 20:14:28.0	Ana2 - 2: T.Zuluft	16.1
2021-03-11 20:14:28.0	Ana3 - 3: T.Abluft	19.8
2021-03-11 20:14:28.0	Ana4 - 4: T.Fortluft	13.9
2021-03-11 20:14:28.0	Ana5 - 5: T.Raum	9999.9
2021-03-11 20:14:28.0	Ana9 - 9: T.Zuluft WRG warm	19.1
2021-03-11 20:14:38.0	Ana1 - 1: T.Au?en	9.0
2021-03-11 20:14:38.0	Ana2 - 2: T.Zuluft	16.1
2021-03-11 20:14:38.0	Ana3 - 3: T.Abluft	19.8
2021-03-11 20:14:38.0	Ana4 - 4: T.Fortluft	13.9
2021-03-11 20:14:38.0	Ana5 - 5: T.Raum	9999.9
2021-03-11 20:14:38.0	Ana9 - 9: T.Zuluft WRG warm	19.1
2021-03-11 20:14:48.0	Ana1 - 1: T.Au?en	8.9
2021-03-11 20:14:48.0	Ana2 - 2: T.Zuluft	16.1
2021-03-11 20:14:48.0	Ana3 - 3: T.Abluft	19.8
2021-03-11 20:14:48.0	Ana4 - 4: T.Fortluft	13.9
2021-03-11 20:14:48.0	Ana5 - 5: T.Raum	9999.9
2021-03-11 20:14:48.0	Ana9 - 9: T.Zuluft WRG warm	19.1
2021-03-11 20:14:58.0	Ana1 - 1: T.Au?en	8.9
2021-03-11 20:14:58.0	Ana2 - 2: T.Zuluft	16.1
2021-03-11 20:14:58.0	Ana3 - 3: T.Abluft	19.8
2021-03-11 20:14:58.0	Ana4 - 4: T.Fortluft	13.9
2021-03-11 20:14:58.0	Ana5 - 5: T.Raum	9999.9
2021-03-11 20:14:58.0	Ana9 - 9: T.Zuluft WRG warm	19.1
2021-03-11 20:15:08.0	Ana1 - 1: T.Au?en	8.9
2021-03-11 20:15:08.0	Ana2 - 2: T.Zuluft	16.1
2021-03-11 20:15:08.0	Ana3 - 3: T.Abluft	19.8
2021-03-11 20:15:08.0	Ana4 - 4: T.Fortluft	13.9
2021-03-11 20:15:08.0	Ana5 - 5: T.Raum	9999.9
2021-03-11 20:15:08.0	Ana9 - 9: T.Zuluft WRG warm	19.1
2021-03-11 20:15:18.0	Ana1 - 1: T.Au?en	8.9
2021-03-11 20:15:18.0	Ana2 - 2: T.Zuluft	16.1
2021-03-11 20:15:18.0	Ana3 - 3: T.Abluft	19.8
2021-03-11 20:15:18.0	Ana4 - 4: T.Fortluft	13.9
2021-03-11 20:15:18.0	Ana5 - 5: T.Raum	9999.9
2021-03-11 20:15:18.0	Ana9 - 9: T.Zuluft WRG warm	19.1
2021-03-11 20:15:28.0	Ana1 - 1: T.Au?en	8.9
2021-03-11 20:15:28.0	Ana2 - 2: T.Zuluft	16.1
2021-03-11 20:15:28.0	Ana3 - 3: T.Abluft	19.8
2021-03-11 20:15:28.0	Ana4 - 4: T.Fortluft	13.9
2021-03-11 20:15:28.0	Ana5 - 5: T.Raum	9999.9
2021-03-11 20:15:28.0	Ana9 - 9: T.Zuluft WRG warm	19.1
2021-03-11 20:15:38.0	Ana1 - 1: T.Au?en	8.9
2021-03-11 20:15:38.0	Ana2 - 2: T.Zuluft	16.1
2021-03-11 20:15:38.0	Ana3 - 3: T.Abluft	19.8
2021-03-11 20:15:38.0	Ana4 - 4: T.Fortluft	13.9
2021-03-11 20:15:38.0	Ana5 - 5: T.Raum	9999.9
2021-03-11 20:15:38.0	Ana9 - 9: T.Zuluft WRG warm	19.1
2021-03-11 20:15:48.0	Ana1 - 1: T.Au?en	8.9
2021-03-11 20:15:48.0	Ana2 - 2: T.Zuluft	16.1
2021-03-11 20:15:48.0	Ana3 - 3: T.Abluft	19.8
2021-03-11 20:15:48.0	Ana4 - 4: T.Fortluft	13.9
2021-03-11 20:15:48.0	Ana5 - 5: T.Raum	9999.9
2021-03-11 20:15:48.0	Ana9 - 9: T.Zuluft WRG warm	19.1
2021-03-11 20:15:58.0	Ana1 - 1: T.Au?en	8.9
2021-03-11 20:15:58.0	Ana2 - 2: T.Zuluft	16.1
2021-03-11 20:15:58.0	Ana3 - 3: T.Abluft	19.8
2021-03-11 20:15:58.0	Ana4 - 4: T.Fortluft	13.9
2021-03-11 20:15:58.0	Ana5 - 5: T.Raum	9999.9
2021-03-11 20:15:58.0	Ana9 - 9: T.Zuluft WRG warm	19.1
2021-03-11 20:16:08.0	Ana1 - 1: T.Au?en	8.9
2021-03-11 20:16:08.0	Ana2 - 2: T.Zuluft	16.1
2021-03-11 20:16:08.0	Ana3 - 3: T.Abluft	19.8
2021-03-11 20:16:08.0	Ana4 - 4: T.Fortluft	13.9
2021-03-11 20:16:08.0	Ana5 - 5: T.Raum	9999.9
2021-03-11 20:16:08.0	Ana9 - 9: T.Zuluft WRG warm	19.1
2021-03-11 20:16:18.0	Ana1 - 1: T.Au?en	8.9
2021-03-11 20:16:18.0	Ana2 - 2: T.Zuluft	16.1
2021-03-11 20:16:18.0	Ana3 - 3: T.Abluft	19.8
2021-03-11 20:16:18.0	Ana4 - 4: T.Fortluft	13.9
2021-03-11 20:16:18.0	Ana5 - 5: T.Raum	9999.9
2021-03-11 20:16:18.0	Ana9 - 9: T.Zuluft WRG warm	19.1
2021-03-11 20:16:28.0	Ana1 - 1: T.Au?en	8.9
2021-03-11 20:16:28.0	Ana2 - 2: T.Zuluft	16.1
2021-03-11 20:16:28.0	Ana3 - 3: T.Abluft	19.8
2021-03-11 20:16:28.0	Ana4 - 4: T.Fortluft	13.9
2021-03-11 20:16:28.0	Ana5 - 5: T.Raum	9999.9
2021-03-11 20:16:28.0	Ana9 - 9: T.Zuluft WRG warm	19.1
2021-03-11 20:16:38.0	Ana1 - 1: T.Au?en	8.9
2021-03-11 20:16:38.0	Ana2 - 2: T.Zuluft	16.1
2021-03-11 20:16:38.0	Ana3 - 3: T.Abluft	19.8
2021-03-11 20:16:38.0	Ana4 - 4: T.Fortluft	13.9
2021-03-11 20:16:38.0	Ana5 - 5: T.Raum	9999.9
2021-03-11 20:16:38.0	Ana9 - 9: T.Zuluft WRG warm	19.1
2021-03-11 20:16:48.0	Ana1 - 1: T.Au?en	8.9
2021-03-11 20:16:48.0	Ana2 - 2: T.Zuluft	16.1
2021-03-11 20:16:48.0	Ana3 - 3: T.Abluft	19.8
2021-03-11 20:16:48.0	Ana4 - 4: T.Fortluft	13.9
2021-03-11 20:16:48.0	Ana5 - 5: T.Raum	9999.9
2021-03-11 20:16:48.0	Ana9 - 9: T.Zuluft WRG warm	19.1
2021-03-11 20:16:58.0	Ana1 - 1: T.Au?en	8.9
2021-03-11 20:16:58.0	Ana2 - 2: T.Zuluft	16.1
2021-03-11 20:16:58.0	Ana3 - 3: T.Abluft	19.8
2021-03-11 20:16:58.0	Ana4 - 4: T.Fortluft	13.9
2021-03-11 20:16:58.0	Ana5 - 5: T.Raum	9999.9
2021-03-11 20:16:58.0	Ana9 - 9: T.Zuluft WRG warm	19.1
2021-03-11 20:17:08.0	Ana1 - 1: T.Au?en	8.9
2021-03-11 20:17:08.0	Ana2 - 2: T.Zuluft	16.1
2021-03-11 20:17:08.0	Ana3 - 3: T.Abluft	19.8
2021-03-11 20:17:08.0	Ana4 - 4: T.Fortluft	13.9
2021-03-11 20:17:08.0	Ana5 - 5: T.Raum	9999.9
2021-03-11 20:17:08.0	Ana9 - 9: T.Zuluft WRG warm	19.1
2021-03-11 20:17:18.0	Ana1 - 1: T.Au?en	8.9
2021-03-11 20:17:18.0	Ana2 - 2: T.Zuluft	16.1
2021-03-11 20:17:18.0	Ana3 - 3: T.Abluft	19.8
2021-03-11 20:17:18.0	Ana4 - 4: T.Fortluft	13.9
2021-03-11 20:17:18.0	Ana5 - 5: T.Raum	9999.9
2021-03-11 20:17:18.0	Ana9 - 9: T.Zuluft WRG warm	19.1
2021-03-11 20:17:28.0	Ana1 - 1: T.Au?en	8.9
2021-03-11 20:17:28.0	Ana2 - 2: T.Zuluft	16.1
2021-03-11 20:17:28.0	Ana3 - 3: T.Abluft	19.8
2021-03-11 20:17:28.0	Ana4 - 4: T.Fortluft	13.9
2021-03-11 20:17:28.0	Ana5 - 5: T.Raum	9999.9
2021-03-11 20:17:28.0	Ana9 - 9: T.Zuluft WRG warm	19.1
2021-03-11 20:17:38.0	Ana1 - 1: T.Au?en	8.9
2021-03-11 20:17:38.0	Ana2 - 2: T.Zuluft	16.1
2021-03-11 20:17:38.0	Ana3 - 3: T.Abluft	19.8
2021-03-11 20:17:38.0	Ana4 - 4: T.Fortluft	13.9
2021-03-11 20:17:38.0	Ana5 - 5: T.Raum	9999.9
2021-03-11 20:17:38.0	Ana9 - 9: T.Zuluft WRG warm	19.1
2021-03-11 20:17:48.0	Ana1 - 1: T.Au?en	8.9
2021-03-11 20:17:48.0	Ana2 - 2: T.Zuluft	16.1
2021-03-11 20:17:48.0	Ana3 - 3: T.Abluft	19.8
2021-03-11 20:17:48.0	Ana4 - 4: T.Fortluft	13.9
2021-03-11 20:17:48.0	Ana5 - 5: T.Raum	9999.9
2021-03-11 20:17:48.0	Ana9 - 9: T.Zuluft WRG warm	19.1
2021-03-11 20:17:58.0	Ana1 - 1: T.Au?en	8.9
2021-03-11 20:17:58.0	Ana2 - 2: T.Zuluft	16.1
2021-03-11 20:17:58.0	Ana3 - 3: T.Abluft	19.8
2021-03-11 20:17:58.0	Ana4 - 4: T.Fortluft	13.9
2021-03-11 20:17:58.0	Ana5 - 5: T.Raum	9999.9
2021-03-11 20:17:58.0	Ana9 - 9: T.Zuluft WRG warm	19.1
2021-03-11 20:18:08.0	Ana1 - 1: T.Au?en	8.9
2021-03-11 20:18:08.0	Ana2 - 2: T.Zuluft	16.1
2021-03-11 20:18:08.0	Ana3 - 3: T.Abluft	19.8
2021-03-11 20:18:08.0	Ana4 - 4: T.Fortluft	13.9
2021-03-11 20:18:08.0	Ana5 - 5: T.Raum	9999.9
2021-03-11 20:18:08.0	Ana9 - 9: T.Zuluft WRG warm	19.1
2021-03-11 20:18:18.0	Ana1 - 1: T.Au?en	8.9
2021-03-11 20:18:18.0	Ana2 - 2: T.Zuluft	16.1
2021-03-11 20:18:18.0	Ana3 - 3: T.Abluft	19.8
2021-03-11 20:18:18.0	Ana4 - 4: T.Fortluft	13.9
2021-03-11 20:18:18.0	Ana5 - 5: T.Raum	9999.9
2021-03-11 20:18:18.0	Ana9 - 9: T.Zuluft WRG warm	19.1
2021-03-11 20:18:28.0	Ana1 - 1: T.Au?en	8.9
2021-03-11 20:18:28.0	Ana2 - 2: T.Zuluft	16.1
2021-03-11 20:18:28.0	Ana3 - 3: T.Abluft	19.8
2021-03-11 20:18:28.0	Ana4 - 4: T.Fortluft	13.9
2021-03-11 20:18:28.0	Ana5 - 5: T.Raum	9999.9
2021-03-11 20:18:28.0	Ana9 - 9: T.Zuluft WRG warm	19.1
2021-03-11 20:18:38.0	Ana1 - 1: T.Au?en	8.9
2021-03-11 20:18:38.0	Ana2 - 2: T.Zuluft	16.1
2021-03-11 20:18:38.0	Ana3 - 3: T.Abluft	19.8
2021-03-11 20:18:38.0	Ana4 - 4: T.Fortluft	13.9
2021-03-11 20:18:38.0	Ana5 - 5: T.Raum	9999.9
2021-03-11 20:18:38.0	Ana9 - 9: T.Zuluft WRG warm	19.1
2021-03-11 20:18:48.0	Ana1 - 1: T.Au?en	8.9
2021-03-11 20:18:48.0	Ana2 - 2: T.Zuluft	16.1
2021-03-11 20:18:48.0	Ana3 - 3: T.Abluft	19.8
2021-03-11 20:18:48.0	Ana4 - 4: T.Fortluft	13.9
2021-03-11 20:18:48.0	Ana5 - 5: T.Raum	9999.9
2021-03-11 20:18:48.0	Ana9 - 9: T.Zuluft WRG warm	19.1
2021-03-11 20:18:58.0	Ana1 - 1: T.Au?en	8.9
2021-03-11 20:18:58.0	Ana2 - 2: T.Zuluft	16.1
2021-03-11 20:18:58.0	Ana3 - 3: T.Abluft	19.8
2021-03-11 20:18:58.0	Ana4 - 4: T.Fortluft	13.9
2021-03-11 20:18:58.0	Ana5 - 5: T.Raum	9999.9
2021-03-11 20:18:58.0	Ana9 - 9: T.Zuluft WRG warm	19.1
2021-03-11 20:19:08.0	Ana1 - 1: T.Au?en	8.9
2021-03-11 20:19:08.0	Ana2 - 2: T.Zuluft	16.1
2021-03-11 20:19:08.0	Ana3 - 3: T.Abluft	19.8
2021-03-11 20:19:08.0	Ana4 - 4: T.Fortluft	13.9
2021-03-11 20:19:08.0	Ana5 - 5: T.Raum	9999.9
2021-03-11 20:19:08.0	Ana9 - 9: T.Zuluft WRG warm	19.1
2021-03-11 20:19:18.0	Ana1 - 1: T.Au?en	8.9
2021-03-11 20:19:18.0	Ana2 - 2: T.Zuluft	16.1
2021-03-11 20:19:18.0	Ana3 - 3: T.Abluft	19.8
2021-03-11 20:19:18.0	Ana4 - 4: T.Fortluft	13.9
2021-03-11 20:19:18.0	Ana5 - 5: T.Raum	9999.9
2021-03-11 20:19:18.0	Ana9 - 9: T.Zuluft WRG warm	19.1
2021-03-11 20:19:28.0	Ana1 - 1: T.Au?en	8.9
2021-03-11 20:19:28.0	Ana2 - 2: T.Zuluft	16.1
2021-03-11 20:19:28.0	Ana3 - 3: T.Abluft	19.8
2021-03-11 20:19:28.0	Ana4 - 4: T.Fortluft	13.9
2021-03-11 20:19:28.0	Ana5 - 5: T.Raum	9999.9
2021-03-11 20:19:28.0	Ana9 - 9: T.Zuluft WRG warm	19.1
2021-03-11 20:19:38.0	Ana1 - 1: T.Au?en	8.9
2021-03-11 20:19:38.0	Ana2 - 2: T.Zuluft	16.1
2021-03-11 20:19:38.0	Ana3 - 3: T.Abluft	19.8
2021-03-11 20:19:38.0	Ana4 - 4: T.Fortluft	13.9
2021-03-11 20:19:38.0	Ana5 - 5: T.Raum	9999.9
2021-03-11 20:19:38.0	Ana9 - 9: T.Zuluft WRG warm	19.1
2021-03-11 20:19:48.0	Ana1 - 1: T.Au?en	8.9
2021-03-11 20:19:48.0	Ana2 - 2: T.Zuluft	16.1
2021-03-11 20:19:48.0	Ana3 - 3: T.Abluft	19.8
2021-03-11 20:19:48.0	Ana4 - 4: T.Fortluft	13.9
2021-03-11 20:19:48.0	Ana5 - 5: T.Raum	9999.9
2021-03-11 20:19:48.0	Ana9 - 9: T.Zuluft WRG warm	19.1
2021-03-11 20:19:58.0	Ana1 - 1: T.Au?en	8.9
2021-03-11 20:19:58.0	Ana2 - 2: T.Zuluft	16.1
2021-03-11 20:19:58.0	Ana3 - 3: T.Abluft	19.8
2021-03-11 20:19:58.0	Ana4 - 4: T.Fortluft	13.9
2021-03-11 20:19:58.0	Ana5 - 5: T.Raum	9999.9
2021-03-11 20:19:58.0	Ana9 - 9: T.Zuluft WRG warm	19.1
2021-03-11 20:20:08.0	Ana1 - 1: T.Au?en	8.9
2021-03-11 20:20:08.0	Ana2 - 2: T.Zuluft	16.1
2021-03-11 20:20:08.0	Ana3 - 3: T.Abluft	19.8
2021-03-11 20:20:08.0	Ana4 - 4: T.Fortluft	13.9
2021-03-11 20:20:08.0	Ana5 - 5: T.Raum	9999.9
2021-03-11 20:20:08.0	Ana9 - 9: T.Zuluft WRG warm	19.1
2021-03-11 20:20:18.0	Ana1 - 1: T.Au?en	8.9
2021-03-11 20:20:18.0	Ana2 - 2: T.Zuluft	16.1
2021-03-11 20:20:18.0	Ana3 - 3: T.Abluft	19.8
2021-03-11 20:20:18.0	Ana4 - 4: T.Fortluft	13.9
2021-03-11 20:20:18.0	Ana5 - 5: T.Raum	9999.9
2021-03-11 20:20:18.0	Ana9 - 9: T.Zuluft WRG warm	19.1
2021-03-11 20:20:28.0	Ana1 - 1: T.Au?en	8.9
2021-03-11 20:20:28.0	Ana2 - 2: T.Zuluft	16.1
2021-03-11 20:20:28.0	Ana3 - 3: T.Abluft	19.8
2021-03-11 20:20:28.0	Ana4 - 4: T.Fortluft	13.9
2021-03-11 20:20:28.0	Ana5 - 5: T.Raum	9999.9
2021-03-11 20:20:28.0	Ana9 - 9: T.Zuluft WRG warm	19.1
2021-03-11 20:20:38.0	Ana1 - 1: T.Au?en	8.9
2021-03-11 20:20:38.0	Ana2 - 2: T.Zuluft	16.1
2021-03-11 20:20:38.0	Ana3 - 3: T.Abluft	19.8
2021-03-11 20:20:38.0	Ana4 - 4: T.Fortluft	13.9
2021-03-11 20:20:38.0	Ana5 - 5: T.Raum	9999.9
2021-03-11 20:20:38.0	Ana9 - 9: T.Zuluft WRG warm	19.1
2021-03-11 20:20:48.0	Ana1 - 1: T.Au?en	8.9
2021-03-11 20:20:48.0	Ana2 - 2: T.Zuluft	16.1
2021-03-11 20:20:48.0	Ana3 - 3: T.Abluft	19.8
2021-03-11 20:20:48.0	Ana4 - 4: T.Fortluft	13.9
2021-03-11 20:20:48.0	Ana5 - 5: T.Raum	9999.9
2021-03-11 20:20:48.0	Ana9 - 9: T.Zuluft WRG warm	19.1
2021-03-11 20:20:58.0	Ana1 - 1: T.Au?en	8.9
2021-03-11 20:20:58.0	Ana2 - 2: T.Zuluft	16.1
2021-03-11 20:20:58.0	Ana3 - 3: T.Abluft	19.8
2021-03-11 20:20:58.0	Ana4 - 4: T.Fortluft	13.9
2021-03-11 20:20:58.0	Ana5 - 5: T.Raum	9999.9
2021-03-11 20:20:58.0	Ana9 - 9: T.Zuluft WRG warm	19.1
2021-03-11 20:21:08.0	Ana1 - 1: T.Au?en	8.9
2021-03-11 20:21:08.0	Ana2 - 2: T.Zuluft	16.1
2021-03-11 20:21:08.0	Ana3 - 3: T.Abluft	19.8
2021-03-11 20:21:08.0	Ana4 - 4: T.Fortluft	13.9
2021-03-11 20:21:08.0	Ana5 - 5: T.Raum	9999.9
2021-03-11 20:21:08.0	Ana9 - 9: T.Zuluft WRG warm	19.1
2021-03-11 20:21:18.0	Ana1 - 1: T.Au?en	8.9
2021-03-11 20:21:18.0	Ana2 - 2: T.Zuluft	16.1
2021-03-11 20:21:18.0	Ana3 - 3: T.Abluft	19.8
2021-03-11 20:21:18.0	Ana4 - 4: T.Fortluft	13.9
2021-03-11 20:21:18.0	Ana5 - 5: T.Raum	9999.9
2021-03-11 20:21:18.0	Ana9 - 9: T.Zuluft WRG warm	19.1
2021-03-11 20:21:28.0	Ana1 - 1: T.Au?en	8.9
2021-03-11 20:21:28.0	Ana2 - 2: T.Zuluft	16.1
2021-03-11 20:21:28.0	Ana3 - 3: T.Abluft	19.8
2021-03-11 20:21:28.0	Ana4 - 4: T.Fortluft	13.9
2021-03-11 20:21:28.0	Ana5 - 5: T.Raum	9999.9
2021-03-11 20:21:28.0	Ana9 - 9: T.Zuluft WRG warm	19.1
2021-03-11 20:21:38.0	Ana1 - 1: T.Au?en	8.9
2021-03-11 20:21:38.0	Ana2 - 2: T.Zuluft	16.1
2021-03-11 20:21:38.0	Ana3 - 3: T.Abluft	19.8
2021-03-11 20:21:38.0	Ana4 - 4: T.Fortluft	13.9
2021-03-11 20:21:38.0	Ana5 - 5: T.Raum	9999.9
2021-03-11 20:21:38.0	Ana9 - 9: T.Zuluft WRG warm	19.1
2021-03-11 20:21:48.0	Ana1 - 1: T.Au?en	8.9
2021-03-11 20:21:48.0	Ana2 - 2: T.Zuluft	16.1
2021-03-11 20:21:48.0	Ana3 - 3: T.Abluft	19.8
2021-03-11 20:21:48.0	Ana4 - 4: T.Fortluft	13.9
2021-03-11 20:21:48.0	Ana5 - 5: T.Raum	9999.9
2021-03-11 20:21:48.0	Ana9 - 9: T.Zuluft WRG warm	19.1
2021-03-11 20:21:58.0	Ana1 - 1: T.Au?en	8.9
2021-03-11 20:21:58.0	Ana2 - 2: T.Zuluft	16.1
2021-03-11 20:21:58.0	Ana3 - 3: T.Abluft	19.8
2021-03-11 20:21:58.0	Ana4 - 4: T.Fortluft	13.9
2021-03-11 20:21:58.0	Ana5 - 5: T.Raum	9999.9
2021-03-11 20:21:58.0	Ana9 - 9: T.Zuluft WRG warm	19.1
2021-03-11 20:22:08.0	Ana1 - 1: T.Au?en	8.9
2021-03-11 20:22:08.0	Ana2 - 2: T.Zuluft	16.1
2021-03-11 20:22:08.0	Ana3 - 3: T.Abluft	19.8
2021-03-11 20:22:08.0	Ana4 - 4: T.Fortluft	13.9
2021-03-11 20:22:08.0	Ana5 - 5: T.Raum	9999.9
2021-03-11 20:22:08.0	Ana9 - 9: T.Zuluft WRG warm	19.1
2021-03-11 20:22:18.0	Ana1 - 1: T.Au?en	8.9
2021-03-11 20:22:18.0	Ana2 - 2: T.Zuluft	16.1
2021-03-11 20:22:18.0	Ana3 - 3: T.Abluft	19.8
2021-03-11 20:22:18.0	Ana4 - 4: T.Fortluft	13.9
2021-03-11 20:22:18.0	Ana5 - 5: T.Raum	9999.9
2021-03-11 20:22:18.0	Ana9 - 9: T.Zuluft WRG warm	19.1
2021-03-11 20:22:28.0	Ana1 - 1: T.Au?en	8.9
2021-03-11 20:22:28.0	Ana2 - 2: T.Zuluft	16.1
2021-03-11 20:22:28.0	Ana3 - 3: T.Abluft	19.8
2021-03-11 20:22:28.0	Ana4 - 4: T.Fortluft	13.9
2021-03-11 20:22:28.0	Ana5 - 5: T.Raum	9999.9
2021-03-11 20:22:28.0	Ana9 - 9: T.Zuluft WRG warm	19.1
2021-03-11 20:22:38.0	Ana1 - 1: T.Au?en	8.9
2021-03-11 20:22:38.0	Ana2 - 2: T.Zuluft	16.1
2021-03-11 20:22:38.0	Ana3 - 3: T.Abluft	19.8
2021-03-11 20:22:38.0	Ana4 - 4: T.Fortluft	13.9
2021-03-11 20:22:38.0	Ana5 - 5: T.Raum	9999.9
2021-03-11 20:22:38.0	Ana9 - 9: T.Zuluft WRG warm	19.1
2021-03-11 20:22:48.0	Ana1 - 1: T.Au?en	8.9
2021-03-11 20:22:48.0	Ana2 - 2: T.Zuluft	16.1
2021-03-11 20:22:48.0	Ana3 - 3: T.Abluft	19.8
2021-03-11 20:22:48.0	Ana4 - 4: T.Fortluft	13.9
2021-03-11 20:22:48.0	Ana5 - 5: T.Raum	9999.9
2021-03-11 20:22:48.0	Ana9 - 9: T.Zuluft WRG warm	19.1
2021-03-11 20:22:58.0	Ana1 - 1: T.Au?en	8.9
2021-03-11 20:22:58.0	Ana2 - 2: T.Zuluft	16.1
2021-03-11 20:22:58.0	Ana3 - 3: T.Abluft	19.8
2021-03-11 20:22:58.0	Ana4 - 4: T.Fortluft	13.9
2021-03-11 20:22:58.0	Ana5 - 5: T.Raum	9999.9
2021-03-11 20:22:58.0	Ana9 - 9: T.Zuluft WRG warm	19.1
2021-03-11 20:23:08.0	Ana1 - 1: T.Au?en	8.9
2021-03-11 20:23:08.0	Ana2 - 2: T.Zuluft	16.1
2021-03-11 20:23:08.0	Ana3 - 3: T.Abluft	19.8
2021-03-11 20:23:08.0	Ana4 - 4: T.Fortluft	13.9
2021-03-11 20:23:08.0	Ana5 - 5: T.Raum	9999.9
2021-03-11 20:23:08.0	Ana9 - 9: T.Zuluft WRG warm	19.1
2021-03-11 20:23:18.0	Ana1 - 1: T.Au?en	8.9
2021-03-11 20:23:18.0	Ana2 - 2: T.Zuluft	16.1
2021-03-11 20:23:18.0	Ana3 - 3: T.Abluft	19.8
2021-03-11 20:23:18.0	Ana4 - 4: T.Fortluft	13.9
2021-03-11 20:23:18.0	Ana5 - 5: T.Raum	9999.9
2021-03-11 20:23:18.0	Ana9 - 9: T.Zuluft WRG warm	19.1
2021-03-11 20:23:28.0	Ana1 - 1: T.Au?en	8.9
2021-03-11 20:23:28.0	Ana2 - 2: T.Zuluft	16.1
2021-03-11 20:23:28.0	Ana3 - 3: T.Abluft	19.8
2021-03-11 20:23:28.0	Ana4 - 4: T.Fortluft	13.9
2021-03-11 20:23:28.0	Ana5 - 5: T.Raum	9999.9
2021-03-11 20:23:28.0	Ana9 - 9: T.Zuluft WRG warm	19.1
2021-03-11 20:23:38.0	Ana1 - 1: T.Au?en	8.9
2021-03-11 20:23:38.0	Ana2 - 2: T.Zuluft	16.1
2021-03-11 20:23:38.0	Ana3 - 3: T.Abluft	19.8
2021-03-11 20:23:38.0	Ana4 - 4: T.Fortluft	13.9
2021-03-11 20:23:38.0	Ana5 - 5: T.Raum	9999.9
2021-03-11 20:23:38.0	Ana9 - 9: T.Zuluft WRG warm	19.1
2021-03-11 20:23:48.0	Ana1 - 1: T.Au?en	8.9
2021-03-11 20:23:48.0	Ana2 - 2: T.Zuluft	16.1
2021-03-11 20:23:48.0	Ana3 - 3: T.Abluft	19.8
2021-03-11 20:23:48.0	Ana4 - 4: T.Fortluft	13.9
2021-03-11 20:23:48.0	Ana5 - 5: T.Raum	9999.9
2021-03-11 20:23:48.0	Ana9 - 9: T.Zuluft WRG warm	19.1
2021-03-11 20:23:58.0	Ana1 - 1: T.Au?en	8.9
2021-03-11 20:23:58.0	Ana2 - 2: T.Zuluft	16.1
2021-03-11 20:23:58.0	Ana3 - 3: T.Abluft	19.8
2021-03-11 20:23:58.0	Ana4 - 4: T.Fortluft	13.9
2021-03-11 20:23:58.0	Ana5 - 5: T.Raum	9999.9
2021-03-11 20:23:58.0	Ana9 - 9: T.Zuluft WRG warm	19.1
2021-03-11 20:24:08.0	Ana1 - 1: T.Au?en	8.9
2021-03-11 20:24:08.0	Ana2 - 2: T.Zuluft	16.1
2021-03-11 20:24:08.0	Ana3 - 3: T.Abluft	19.8
2021-03-11 20:24:08.0	Ana4 - 4: T.Fortluft	13.9
2021-03-11 20:24:08.0	Ana5 - 5: T.Raum	9999.9
2021-03-11 20:24:08.0	Ana9 - 9: T.Zuluft WRG warm	19.1
2021-03-11 20:24:18.0	Ana1 - 1: T.Au?en	8.9
2021-03-11 20:24:18.0	Ana2 - 2: T.Zuluft	16.1
2021-03-11 20:24:18.0	Ana3 - 3: T.Abluft	19.8
2021-03-11 20:24:18.0	Ana4 - 4: T.Fortluft	13.9
2021-03-11 20:24:18.0	Ana5 - 5: T.Raum	9999.9
2021-03-11 20:24:18.0	Ana9 - 9: T.Zuluft WRG warm	19.1
2021-03-11 20:24:28.0	Ana1 - 1: T.Au?en	8.9
2021-03-11 20:24:28.0	Ana2 - 2: T.Zuluft	16.1
2021-03-11 20:24:28.0	Ana3 - 3: T.Abluft	19.8
2021-03-11 20:24:28.0	Ana4 - 4: T.Fortluft	13.9
2021-03-11 20:24:28.0	Ana5 - 5: T.Raum	9999.9
2021-03-11 20:24:28.0	Ana9 - 9: T.Zuluft WRG warm	19.1
2021-03-11 20:24:38.0	Ana1 - 1: T.Au?en	8.9
2021-03-11 20:24:38.0	Ana2 - 2: T.Zuluft	16.1
2021-03-11 20:24:38.0	Ana3 - 3: T.Abluft	19.8
2021-03-11 20:24:38.0	Ana4 - 4: T.Fortluft	13.9
2021-03-11 20:24:38.0	Ana5 - 5: T.Raum	9999.9
2021-03-11 20:24:38.0	Ana9 - 9: T.Zuluft WRG warm	19.1
2021-03-11 20:24:48.0	Ana1 - 1: T.Au?en	8.9
2021-03-11 20:24:48.0	Ana2 - 2: T.Zuluft	16.1
2021-03-11 20:24:48.0	Ana3 - 3: T.Abluft	19.8
2021-03-11 20:24:48.0	Ana4 - 4: T.Fortluft	13.9
2021-03-11 20:24:48.0	Ana5 - 5: T.Raum	9999.9
2021-03-11 20:24:48.0	Ana9 - 9: T.Zuluft WRG warm	19.1
2021-03-11 20:24:58.0	Ana1 - 1: T.Au?en	8.9
2021-03-11 20:24:58.0	Ana2 - 2: T.Zuluft	16.1
2021-03-11 20:24:58.0	Ana3 - 3: T.Abluft	19.8
2021-03-11 20:24:58.0	Ana4 - 4: T.Fortluft	13.9
2021-03-11 20:24:58.0	Ana5 - 5: T.Raum	9999.9
2021-03-11 20:24:58.0	Ana9 - 9: T.Zuluft WRG warm	19.1
2021-03-11 20:25:08.0	Ana1 - 1: T.Au?en	8.9
2021-03-11 20:25:08.0	Ana2 - 2: T.Zuluft	16.1
2021-03-11 20:25:08.0	Ana3 - 3: T.Abluft	19.8
2021-03-11 20:25:08.0	Ana4 - 4: T.Fortluft	13.8
2021-03-11 20:25:08.0	Ana5 - 5: T.Raum	9999.9
2021-03-11 20:25:08.0	Ana9 - 9: T.Zuluft WRG warm	19.1
2021-03-11 20:25:18.0	Ana1 - 1: T.Au?en	8.9
2021-03-11 20:25:18.0	Ana2 - 2: T.Zuluft	16.1
2021-03-11 20:25:18.0	Ana3 - 3: T.Abluft	19.8
2021-03-11 20:25:18.0	Ana4 - 4: T.Fortluft	13.8
2021-03-11 20:25:18.0	Ana5 - 5: T.Raum	9999.9
2021-03-11 20:25:18.0	Ana9 - 9: T.Zuluft WRG warm	19.1
2021-03-11 20:25:28.0	Ana1 - 1: T.Au?en	8.9
2021-03-11 20:25:28.0	Ana2 - 2: T.Zuluft	16.1
2021-03-11 20:25:28.0	Ana3 - 3: T.Abluft	19.8
2021-03-11 20:25:28.0	Ana4 - 4: T.Fortluft	13.8
2021-03-11 20:25:28.0	Ana5 - 5: T.Raum	9999.9
2021-03-11 20:25:28.0	Ana9 - 9: T.Zuluft WRG warm	19.1
2021-03-11 20:25:38.0	Ana1 - 1: T.Au?en	8.9
2021-03-11 20:25:38.0	Ana2 - 2: T.Zuluft	16.1
2021-03-11 20:25:38.0	Ana3 - 3: T.Abluft	19.8
2021-03-11 20:25:38.0	Ana4 - 4: T.Fortluft	13.8
2021-03-11 20:25:38.0	Ana5 - 5: T.Raum	9999.9
2021-03-11 20:25:38.0	Ana9 - 9: T.Zuluft WRG warm	19.1
2021-03-11 20:25:48.0	Ana1 - 1: T.Au?en	8.9
2021-03-11 20:25:48.0	Ana2 - 2: T.Zuluft	16.1
2021-03-11 20:25:48.0	Ana3 - 3: T.Abluft	19.8
2021-03-11 20:25:48.0	Ana4 - 4: T.Fortluft	13.8
2021-03-11 20:25:48.0	Ana5 - 5: T.Raum	9999.9
2021-03-11 20:25:48.0	Ana9 - 9: T.Zuluft WRG warm	19.1
2021-03-11 20:25:58.0	Ana1 - 1: T.Au?en	8.9
2021-03-11 20:25:58.0	Ana2 - 2: T.Zuluft	16.1
2021-03-11 20:25:58.0	Ana3 - 3: T.Abluft	19.8
2021-03-11 20:25:58.0	Ana4 - 4: T.Fortluft	13.8
2021-03-11 20:25:58.0	Ana5 - 5: T.Raum	9999.9
2021-03-11 20:25:58.0	Ana9 - 9: T.Zuluft WRG warm	19.1
2021-03-11 20:26:08.0	Ana1 - 1: T.Au?en	8.8
2021-03-11 20:26:08.0	Ana2 - 2: T.Zuluft	16.1
2021-03-11 20:26:08.0	Ana3 - 3: T.Abluft	19.8
2021-03-11 20:26:08.0	Ana4 - 4: T.Fortluft	13.8
2021-03-11 20:26:08.0	Ana5 - 5: T.Raum	9999.9
2021-03-11 20:26:08.0	Ana9 - 9: T.Zuluft WRG warm	19.1
2021-03-11 20:26:18.0	Ana1 - 1: T.Au?en	8.8
2021-03-11 20:26:18.0	Ana2 - 2: T.Zuluft	16.0
2021-03-11 20:26:18.0	Ana3 - 3: T.Abluft	19.8
2021-03-11 20:26:18.0	Ana4 - 4: T.Fortluft	13.8
2021-03-11 20:26:18.0	Ana5 - 5: T.Raum	9999.9
2021-03-11 20:26:18.0	Ana9 - 9: T.Zuluft WRG warm	19.1
2021-03-11 20:26:28.0	Ana1 - 1: T.Au?en	8.8
2021-03-11 20:26:28.0	Ana2 - 2: T.Zuluft	16.1
2021-03-11 20:26:28.0	Ana3 - 3: T.Abluft	19.8
2021-03-11 20:26:28.0	Ana4 - 4: T.Fortluft	13.8
2021-03-11 20:26:28.0	Ana5 - 5: T.Raum	9999.9
2021-03-11 20:26:28.0	Ana9 - 9: T.Zuluft WRG warm	19.1
2021-03-11 20:26:38.0	Ana1 - 1: T.Au?en	8.9
2021-03-11 20:26:38.0	Ana2 - 2: T.Zuluft	16.1
2021-03-11 20:26:38.0	Ana3 - 3: T.Abluft	19.8
2021-03-11 20:26:38.0	Ana4 - 4: T.Fortluft	13.8
2021-03-11 20:26:38.0	Ana5 - 5: T.Raum	9999.9
2021-03-11 20:26:38.0	Ana9 - 9: T.Zuluft WRG warm	19.1
2021-03-11 20:26:48.0	Ana1 - 1: T.Au?en	8.9
2021-03-11 20:26:48.0	Ana2 - 2: T.Zuluft	16.0
2021-03-11 20:26:48.0	Ana3 - 3: T.Abluft	19.8
2021-03-11 20:26:48.0	Ana4 - 4: T.Fortluft	13.8
2021-03-11 20:26:48.0	Ana5 - 5: T.Raum	9999.9
2021-03-11 20:26:48.0	Ana9 - 9: T.Zuluft WRG warm	19.1
2021-03-11 20:26:58.0	Ana1 - 1: T.Au?en	8.9
2021-03-11 20:26:58.0	Ana2 - 2: T.Zuluft	16.0
2021-03-11 20:26:58.0	Ana3 - 3: T.Abluft	19.8
2021-03-11 20:26:58.0	Ana4 - 4: T.Fortluft	13.8
2021-03-11 20:26:58.0	Ana5 - 5: T.Raum	9999.9
2021-03-11 20:26:58.0	Ana9 - 9: T.Zuluft WRG warm	19.1
2021-03-11 20:27:08.0	Ana1 - 1: T.Au?en	8.9
2021-03-11 20:27:08.0	Ana2 - 2: T.Zuluft	16.0
2021-03-11 20:27:08.0	Ana3 - 3: T.Abluft	19.8
2021-03-11 20:27:08.0	Ana4 - 4: T.Fortluft	13.8
2021-03-11 20:27:08.0	Ana5 - 5: T.Raum	9999.9
2021-03-11 20:27:08.0	Ana9 - 9: T.Zuluft WRG warm	19.1
2021-03-11 20:27:18.0	Ana1 - 1: T.Au?en	8.9
2021-03-11 20:27:18.0	Ana2 - 2: T.Zuluft	16.1
2021-03-11 20:27:18.0	Ana3 - 3: T.Abluft	19.8
2021-03-11 20:27:18.0	Ana4 - 4: T.Fortluft	13.8
2021-03-11 20:27:18.0	Ana5 - 5: T.Raum	9999.9
2021-03-11 20:27:18.0	Ana9 - 9: T.Zuluft WRG warm	19.1
2021-03-11 20:27:28.0	Ana1 - 1: T.Au?en	8.9
2021-03-11 20:27:28.0	Ana2 - 2: T.Zuluft	16.0
2021-03-11 20:27:28.0	Ana3 - 3: T.Abluft	19.8
2021-03-11 20:27:28.0	Ana4 - 4: T.Fortluft	13.8
2021-03-11 20:27:28.0	Ana5 - 5: T.Raum	9999.9
2021-03-11 20:27:28.0	Ana9 - 9: T.Zuluft WRG warm	19.1
2021-03-11 20:27:38.0	Ana1 - 1: T.Au?en	8.9
2021-03-11 20:27:38.0	Ana2 - 2: T.Zuluft	16.0
2021-03-11 20:27:38.0	Ana3 - 3: T.Abluft	19.8
2021-03-11 20:27:38.0	Ana4 - 4: T.Fortluft	13.8
2021-03-11 20:27:38.0	Ana5 - 5: T.Raum	9999.9
2021-03-11 20:27:38.0	Ana9 - 9: T.Zuluft WRG warm	19.1
2021-03-11 20:27:48.0	Ana1 - 1: T.Au?en	8.8
2021-03-11 20:27:48.0	Ana2 - 2: T.Zuluft	16.0
2021-03-11 20:27:48.0	Ana3 - 3: T.Abluft	19.8
2021-03-11 20:27:48.0	Ana4 - 4: T.Fortluft	13.8
2021-03-11 20:27:48.0	Ana5 - 5: T.Raum	9999.9
2021-03-11 20:27:48.0	Ana9 - 9: T.Zuluft WRG warm	19.1
2021-03-11 20:27:58.0	Ana1 - 1: T.Au?en	8.8
2021-03-11 20:27:58.0	Ana2 - 2: T.Zuluft	16.0
2021-03-11 20:27:58.0	Ana3 - 3: T.Abluft	19.8
2021-03-11 20:27:58.0	Ana4 - 4: T.Fortluft	13.8
2021-03-11 20:27:58.0	Ana5 - 5: T.Raum	9999.9
2021-03-11 20:27:58.0	Ana9 - 9: T.Zuluft WRG warm	19.1
2021-03-11 20:28:08.0	Ana1 - 1: T.Au?en	8.8
2021-03-11 20:28:08.0	Ana2 - 2: T.Zuluft	16.0
2021-03-11 20:28:08.0	Ana3 - 3: T.Abluft	19.8
2021-03-11 20:28:08.0	Ana4 - 4: T.Fortluft	13.8
2021-03-11 20:28:08.0	Ana5 - 5: T.Raum	9999.9
2021-03-11 20:28:08.0	Ana9 - 9: T.Zuluft WRG warm	19.1
2021-03-11 20:28:18.0	Ana1 - 1: T.Au?en	8.8
2021-03-11 20:28:18.0	Ana2 - 2: T.Zuluft	16.0
2021-03-11 20:28:18.0	Ana3 - 3: T.Abluft	19.8
2021-03-11 20:28:18.0	Ana4 - 4: T.Fortluft	13.8
2021-03-11 20:28:18.0	Ana5 - 5: T.Raum	9999.9
2021-03-11 20:28:18.0	Ana9 - 9: T.Zuluft WRG warm	19.1
2021-03-11 20:28:28.0	Ana1 - 1: T.Au?en	8.8
2021-03-11 20:28:28.0	Ana2 - 2: T.Zuluft	16.0
2021-03-11 20:28:28.0	Ana3 - 3: T.Abluft	19.8
2021-03-11 20:28:28.0	Ana4 - 4: T.Fortluft	13.8
2021-03-11 20:28:28.0	Ana5 - 5: T.Raum	9999.9
2021-03-11 20:28:28.0	Ana9 - 9: T.Zuluft WRG warm	19.1
2021-03-11 20:28:38.0	Ana1 - 1: T.Au?en	8.8
2021-03-11 20:28:38.0	Ana2 - 2: T.Zuluft	16.0
2021-03-11 20:28:38.0	Ana3 - 3: T.Abluft	19.8
2021-03-11 20:28:38.0	Ana4 - 4: T.Fortluft	13.8
2021-03-11 20:28:38.0	Ana5 - 5: T.Raum	9999.9
2021-03-11 20:28:38.0	Ana9 - 9: T.Zuluft WRG warm	19.1
2021-03-11 20:28:48.0	Ana1 - 1: T.Au?en	8.8
2021-03-11 20:28:48.0	Ana2 - 2: T.Zuluft	16.0
2021-03-11 20:28:48.0	Ana3 - 3: T.Abluft	19.8
2021-03-11 20:28:48.0	Ana4 - 4: T.Fortluft	13.8
2021-03-11 20:28:48.0	Ana5 - 5: T.Raum	9999.9
2021-03-11 20:28:48.0	Ana9 - 9: T.Zuluft WRG warm	19.1
2021-03-11 20:28:58.0	Ana1 - 1: T.Au?en	8.8
2021-03-11 20:28:58.0	Ana2 - 2: T.Zuluft	16.0
2021-03-11 20:28:58.0	Ana3 - 3: T.Abluft	19.8
2021-03-11 20:28:58.0	Ana4 - 4: T.Fortluft	13.8
2021-03-11 20:28:58.0	Ana5 - 5: T.Raum	9999.9
2021-03-11 20:28:58.0	Ana9 - 9: T.Zuluft WRG warm	19.1
2021-03-11 20:29:08.0	Ana1 - 1: T.Au?en	8.8
2021-03-11 20:29:08.0	Ana2 - 2: T.Zuluft	16.0
2021-03-11 20:29:08.0	Ana3 - 3: T.Abluft	19.8
2021-03-11 20:29:08.0	Ana4 - 4: T.Fortluft	13.8
2021-03-11 20:29:08.0	Ana5 - 5: T.Raum	9999.9
2021-03-11 20:29:08.0	Ana9 - 9: T.Zuluft WRG warm	19.1
2021-03-11 20:29:18.0	Ana1 - 1: T.Au?en	8.8
2021-03-11 20:29:18.0	Ana2 - 2: T.Zuluft	16.0
2021-03-11 20:29:18.0	Ana3 - 3: T.Abluft	19.8
2021-03-11 20:29:18.0	Ana4 - 4: T.Fortluft	13.8
2021-03-11 20:29:18.0	Ana5 - 5: T.Raum	9999.9
2021-03-11 20:29:18.0	Ana9 - 9: T.Zuluft WRG warm	19.1
2021-03-11 20:29:28.0	Ana1 - 1: T.Au?en	8.8
2021-03-11 20:29:28.0	Ana2 - 2: T.Zuluft	16.0
2021-03-11 20:29:28.0	Ana3 - 3: T.Abluft	19.8
2021-03-11 20:29:28.0	Ana4 - 4: T.Fortluft	13.8
2021-03-11 20:29:28.0	Ana5 - 5: T.Raum	9999.9
2021-03-11 20:29:28.0	Ana9 - 9: T.Zuluft WRG warm	19.1
2021-03-11 20:29:38.0	Ana1 - 1: T.Au?en	8.8
2021-03-11 20:29:38.0	Ana2 - 2: T.Zuluft	16.0
2021-03-11 20:29:38.0	Ana3 - 3: T.Abluft	19.8
2021-03-11 20:29:38.0	Ana4 - 4: T.Fortluft	13.8
2021-03-11 20:29:38.0	Ana5 - 5: T.Raum	9999.9
2021-03-11 20:29:38.0	Ana9 - 9: T.Zuluft WRG warm	19.1
2021-03-11 20:29:48.0	Ana1 - 1: T.Au?en	8.8
2021-03-11 20:29:48.0	Ana2 - 2: T.Zuluft	16.0
2021-03-11 20:29:48.0	Ana3 - 3: T.Abluft	19.8
2021-03-11 20:29:48.0	Ana4 - 4: T.Fortluft	13.8
2021-03-11 20:29:48.0	Ana5 - 5: T.Raum	9999.9
2021-03-11 20:29:48.0	Ana9 - 9: T.Zuluft WRG warm	19.1
2021-03-11 20:29:58.0	Ana1 - 1: T.Au?en	8.8
2021-03-11 20:29:58.0	Ana2 - 2: T.Zuluft	16.0
2021-03-11 20:29:58.0	Ana3 - 3: T.Abluft	19.8
2021-03-11 20:29:58.0	Ana4 - 4: T.Fortluft	13.8
2021-03-11 20:29:58.0	Ana5 - 5: T.Raum	9999.9
2021-03-11 20:29:58.0	Ana9 - 9: T.Zuluft WRG warm	19.1
2021-03-11 20:30:08.0	Ana1 - 1: T.Au?en	8.8
2021-03-11 20:30:08.0	Ana2 - 2: T.Zuluft	16.0
2021-03-11 20:30:08.0	Ana3 - 3: T.Abluft	19.8
2021-03-11 20:30:08.0	Ana4 - 4: T.Fortluft	13.8
2021-03-11 20:30:08.0	Ana5 - 5: T.Raum	9999.9
2021-03-11 20:30:08.0	Ana9 - 9: T.Zuluft WRG warm	19.1
2021-03-11 20:30:18.0	Ana1 - 1: T.Au?en	8.8
2021-03-11 20:30:18.0	Ana2 - 2: T.Zuluft	16.0
2021-03-11 20:30:18.0	Ana3 - 3: T.Abluft	19.8
2021-03-11 20:30:18.0	Ana4 - 4: T.Fortluft	13.8
2021-03-11 20:30:18.0	Ana5 - 5: T.Raum	9999.9
2021-03-11 20:30:18.0	Ana9 - 9: T.Zuluft WRG warm	19.1
2021-03-11 20:30:28.0	Ana1 - 1: T.Au?en	8.8
2021-03-11 20:30:28.0	Ana2 - 2: T.Zuluft	16.0
2021-03-11 20:30:28.0	Ana3 - 3: T.Abluft	19.8
2021-03-11 20:30:28.0	Ana4 - 4: T.Fortluft	13.8
2021-03-11 20:30:28.0	Ana5 - 5: T.Raum	9999.9
2021-03-11 20:30:28.0	Ana9 - 9: T.Zuluft WRG warm	19.1
2021-03-11 20:30:38.0	Ana1 - 1: T.Au?en	8.8
2021-03-11 20:30:38.0	Ana2 - 2: T.Zuluft	16.0
2021-03-11 20:30:38.0	Ana3 - 3: T.Abluft	19.8
2021-03-11 20:30:38.0	Ana4 - 4: T.Fortluft	13.8
2021-03-11 20:30:38.0	Ana5 - 5: T.Raum	9999.9
2021-03-11 20:30:38.0	Ana9 - 9: T.Zuluft WRG warm	19.1
2021-03-11 20:30:48.0	Ana1 - 1: T.Au?en	8.8
2021-03-11 20:30:48.0	Ana2 - 2: T.Zuluft	16.0
2021-03-11 20:30:48.0	Ana3 - 3: T.Abluft	19.8
2021-03-11 20:30:48.0	Ana4 - 4: T.Fortluft	13.8
2021-03-11 20:30:48.0	Ana5 - 5: T.Raum	9999.9
2021-03-11 20:30:48.0	Ana9 - 9: T.Zuluft WRG warm	19.1
2021-03-11 20:30:58.0	Ana1 - 1: T.Au?en	8.8
2021-03-11 20:30:58.0	Ana2 - 2: T.Zuluft	16.0
2021-03-11 20:30:58.0	Ana3 - 3: T.Abluft	19.8
2021-03-11 20:30:58.0	Ana4 - 4: T.Fortluft	13.8
2021-03-11 20:30:58.0	Ana5 - 5: T.Raum	9999.9
2021-03-11 20:30:58.0	Ana9 - 9: T.Zuluft WRG warm	19.1
2021-03-11 20:31:08.0	Ana1 - 1: T.Au?en	8.8
2021-03-11 20:31:08.0	Ana2 - 2: T.Zuluft	16.0
2021-03-11 20:31:08.0	Ana3 - 3: T.Abluft	19.8
2021-03-11 20:31:08.0	Ana4 - 4: T.Fortluft	13.8
2021-03-11 20:31:08.0	Ana5 - 5: T.Raum	9999.9
2021-03-11 20:31:08.0	Ana9 - 9: T.Zuluft WRG warm	19.1
2021-03-11 20:31:18.0	Ana1 - 1: T.Au?en	8.8
2021-03-11 20:31:18.0	Ana2 - 2: T.Zuluft	16.0
2021-03-11 20:31:18.0	Ana3 - 3: T.Abluft	19.8
2021-03-11 20:31:18.0	Ana4 - 4: T.Fortluft	13.8
2021-03-11 20:31:18.0	Ana5 - 5: T.Raum	9999.9
2021-03-11 20:31:18.0	Ana9 - 9: T.Zuluft WRG warm	19.1
2021-03-11 20:31:28.0	Ana1 - 1: T.Au?en	8.7
2021-03-11 20:31:28.0	Ana2 - 2: T.Zuluft	16.0
2021-03-11 20:31:28.0	Ana3 - 3: T.Abluft	19.8
2021-03-11 20:31:28.0	Ana4 - 4: T.Fortluft	13.8
2021-03-11 20:31:28.0	Ana5 - 5: T.Raum	9999.9
2021-03-11 20:31:28.0	Ana9 - 9: T.Zuluft WRG warm	19.1
2021-03-11 20:31:38.0	Ana1 - 1: T.Au?en	8.7
2021-03-11 20:31:38.0	Ana2 - 2: T.Zuluft	16.0
2021-03-11 20:31:38.0	Ana3 - 3: T.Abluft	19.8
2021-03-11 20:31:38.0	Ana4 - 4: T.Fortluft	13.8
2021-03-11 20:31:38.0	Ana5 - 5: T.Raum	9999.9
2021-03-11 20:31:38.0	Ana9 - 9: T.Zuluft WRG warm	19.1
2021-03-11 20:31:48.0	Ana1 - 1: T.Au?en	8.7
2021-03-11 20:31:48.0	Ana2 - 2: T.Zuluft	16.0
2021-03-11 20:31:48.0	Ana3 - 3: T.Abluft	19.8
2021-03-11 20:31:48.0	Ana4 - 4: T.Fortluft	13.8
2021-03-11 20:31:48.0	Ana5 - 5: T.Raum	9999.9
2021-03-11 20:31:48.0	Ana9 - 9: T.Zuluft WRG warm	19.1
2021-03-11 20:31:58.0	Ana1 - 1: T.Au?en	8.7
2021-03-11 20:31:58.0	Ana2 - 2: T.Zuluft	16.0
2021-03-11 20:31:58.0	Ana3 - 3: T.Abluft	19.8
2021-03-11 20:31:58.0	Ana4 - 4: T.Fortluft	13.8
2021-03-11 20:31:58.0	Ana5 - 5: T.Raum	9999.9
2021-03-11 20:31:58.0	Ana9 - 9: T.Zuluft WRG warm	19.1
2021-03-11 20:32:08.0	Ana1 - 1: T.Au?en	8.7
2021-03-11 20:32:08.0	Ana2 - 2: T.Zuluft	16.0
2021-03-11 20:32:08.0	Ana3 - 3: T.Abluft	19.8
2021-03-11 20:32:08.0	Ana4 - 4: T.Fortluft	13.8
2021-03-11 20:32:08.0	Ana5 - 5: T.Raum	9999.9
2021-03-11 20:32:08.0	Ana9 - 9: T.Zuluft WRG warm	19.1
2021-03-11 20:32:18.0	Ana1 - 1: T.Au?en	8.7
2021-03-11 20:32:18.0	Ana2 - 2: T.Zuluft	16.0
2021-03-11 20:32:18.0	Ana3 - 3: T.Abluft	19.8
2021-03-11 20:32:18.0	Ana4 - 4: T.Fortluft	13.8
2021-03-11 20:32:18.0	Ana5 - 5: T.Raum	9999.9
2021-03-11 20:32:18.0	Ana9 - 9: T.Zuluft WRG warm	19.1
2021-03-11 20:32:28.0	Ana1 - 1: T.Au?en	8.7
2021-03-11 20:32:28.0	Ana2 - 2: T.Zuluft	16.0
2021-03-11 20:32:28.0	Ana3 - 3: T.Abluft	19.8
2021-03-11 20:32:28.0	Ana4 - 4: T.Fortluft	13.8
2021-03-11 20:32:28.0	Ana5 - 5: T.Raum	9999.9
2021-03-11 20:32:28.0	Ana9 - 9: T.Zuluft WRG warm	19.1
2021-03-11 20:32:38.0	Ana1 - 1: T.Au?en	8.7
2021-03-11 20:32:38.0	Ana2 - 2: T.Zuluft	16.0
2021-03-11 20:32:38.0	Ana3 - 3: T.Abluft	19.8
2021-03-11 20:32:38.0	Ana4 - 4: T.Fortluft	13.8
2021-03-11 20:32:38.0	Ana5 - 5: T.Raum	9999.9
2021-03-11 20:32:38.0	Ana9 - 9: T.Zuluft WRG warm	19.1
2021-03-11 20:32:48.0	Ana1 - 1: T.Au?en	8.7
2021-03-11 20:32:48.0	Ana2 - 2: T.Zuluft	16.0
2021-03-11 20:32:48.0	Ana3 - 3: T.Abluft	19.8
2021-03-11 20:32:48.0	Ana4 - 4: T.Fortluft	13.8
2021-03-11 20:32:48.0	Ana5 - 5: T.Raum	9999.9
2021-03-11 20:32:48.0	Ana9 - 9: T.Zuluft WRG warm	19.1
2021-03-11 20:32:58.0	Ana1 - 1: T.Au?en	8.7
2021-03-11 20:32:58.0	Ana2 - 2: T.Zuluft	16.0
2021-03-11 20:32:58.0	Ana3 - 3: T.Abluft	19.8
2021-03-11 20:32:58.0	Ana4 - 4: T.Fortluft	13.8
2021-03-11 20:32:58.0	Ana5 - 5: T.Raum	9999.9
2021-03-11 20:32:58.0	Ana9 - 9: T.Zuluft WRG warm	19.1
2021-03-11 20:33:08.0	Ana1 - 1: T.Au?en	8.7
2021-03-11 20:33:08.0	Ana2 - 2: T.Zuluft	16.0
2021-03-11 20:33:08.0	Ana3 - 3: T.Abluft	19.8
2021-03-11 20:33:08.0	Ana4 - 4: T.Fortluft	13.8
2021-03-11 20:33:08.0	Ana5 - 5: T.Raum	9999.9
2021-03-11 20:33:08.0	Ana9 - 9: T.Zuluft WRG warm	19.1
2021-03-11 20:33:18.0	Ana1 - 1: T.Au?en	8.7
2021-03-11 20:33:18.0	Ana2 - 2: T.Zuluft	16.0
2021-03-11 20:33:18.0	Ana3 - 3: T.Abluft	19.8
2021-03-11 20:33:18.0	Ana4 - 4: T.Fortluft	13.8
2021-03-11 20:33:18.0	Ana5 - 5: T.Raum	9999.9
2021-03-11 20:33:18.0	Ana9 - 9: T.Zuluft WRG warm	19.1
2021-03-11 20:33:28.0	Ana1 - 1: T.Au?en	8.7
2021-03-11 20:33:28.0	Ana2 - 2: T.Zuluft	16.0
2021-03-11 20:33:28.0	Ana3 - 3: T.Abluft	19.8
2021-03-11 20:33:28.0	Ana4 - 4: T.Fortluft	13.8
2021-03-11 20:33:28.0	Ana5 - 5: T.Raum	9999.9
2021-03-11 20:33:28.0	Ana9 - 9: T.Zuluft WRG warm	19.1
2021-03-11 20:33:38.0	Ana1 - 1: T.Au?en	8.7
2021-03-11 20:33:38.0	Ana2 - 2: T.Zuluft	16.0
2021-03-11 20:33:38.0	Ana3 - 3: T.Abluft	19.8
2021-03-11 20:33:38.0	Ana4 - 4: T.Fortluft	13.8
2021-03-11 20:33:38.0	Ana5 - 5: T.Raum	9999.9
2021-03-11 20:33:38.0	Ana9 - 9: T.Zuluft WRG warm	19.1
2021-03-11 20:33:48.0	Ana1 - 1: T.Au?en	8.7
2021-03-11 20:33:48.0	Ana2 - 2: T.Zuluft	16.0
2021-03-11 20:33:48.0	Ana3 - 3: T.Abluft	19.8
2021-03-11 20:33:48.0	Ana4 - 4: T.Fortluft	13.8
2021-03-11 20:33:48.0	Ana5 - 5: T.Raum	9999.9
2021-03-11 20:33:48.0	Ana9 - 9: T.Zuluft WRG warm	19.1
2021-03-11 20:33:58.0	Ana1 - 1: T.Au?en	8.7
2021-03-11 20:33:58.0	Ana2 - 2: T.Zuluft	16.0
2021-03-11 20:33:58.0	Ana3 - 3: T.Abluft	19.8
2021-03-11 20:33:58.0	Ana4 - 4: T.Fortluft	13.8
2021-03-11 20:33:58.0	Ana5 - 5: T.Raum	9999.9
2021-03-11 20:33:58.0	Ana9 - 9: T.Zuluft WRG warm	19.1
2021-03-11 20:34:08.0	Ana1 - 1: T.Au?en	8.7
2021-03-11 20:34:08.0	Ana2 - 2: T.Zuluft	16.0
2021-03-11 20:34:08.0	Ana3 - 3: T.Abluft	19.8
2021-03-11 20:34:08.0	Ana4 - 4: T.Fortluft	13.8
2021-03-11 20:34:08.0	Ana5 - 5: T.Raum	9999.9
2021-03-11 20:34:08.0	Ana9 - 9: T.Zuluft WRG warm	19.1
2021-03-11 20:34:18.0	Ana1 - 1: T.Au?en	8.7
2021-03-11 20:34:18.0	Ana2 - 2: T.Zuluft	16.0
2021-03-11 20:34:18.0	Ana3 - 3: T.Abluft	19.8
2021-03-11 20:34:18.0	Ana4 - 4: T.Fortluft	13.8
2021-03-11 20:34:18.0	Ana5 - 5: T.Raum	9999.9
2021-03-11 20:34:18.0	Ana9 - 9: T.Zuluft WRG warm	19.1
2021-03-11 20:34:28.0	Ana1 - 1: T.Au?en	8.7
2021-03-11 20:34:28.0	Ana2 - 2: T.Zuluft	16.0
2021-03-11 20:34:28.0	Ana3 - 3: T.Abluft	19.8
2021-03-11 20:34:28.0	Ana4 - 4: T.Fortluft	13.8
2021-03-11 20:34:28.0	Ana5 - 5: T.Raum	9999.9
2021-03-11 20:34:28.0	Ana9 - 9: T.Zuluft WRG warm	19.1
2021-03-11 20:34:38.0	Ana1 - 1: T.Au?en	8.7
2021-03-11 20:34:38.0	Ana2 - 2: T.Zuluft	16.0
2021-03-11 20:34:38.0	Ana3 - 3: T.Abluft	19.8
2021-03-11 20:34:38.0	Ana4 - 4: T.Fortluft	13.8
2021-03-11 20:34:38.0	Ana5 - 5: T.Raum	9999.9
2021-03-11 20:34:38.0	Ana9 - 9: T.Zuluft WRG warm	19.1
2021-03-11 20:34:48.0	Ana1 - 1: T.Au?en	8.7
2021-03-11 20:34:48.0	Ana2 - 2: T.Zuluft	16.0
2021-03-11 20:34:48.0	Ana3 - 3: T.Abluft	19.8
2021-03-11 20:34:48.0	Ana4 - 4: T.Fortluft	13.8
2021-03-11 20:34:48.0	Ana5 - 5: T.Raum	9999.9
2021-03-11 20:34:48.0	Ana9 - 9: T.Zuluft WRG warm	19.1
2021-03-11 20:34:58.0	Ana1 - 1: T.Au?en	8.7
2021-03-11 20:34:58.0	Ana2 - 2: T.Zuluft	16.0
2021-03-11 20:34:58.0	Ana3 - 3: T.Abluft	19.8
2021-03-11 20:34:58.0	Ana4 - 4: T.Fortluft	13.8
2021-03-11 20:34:58.0	Ana5 - 5: T.Raum	9999.9
2021-03-11 20:34:58.0	Ana9 - 9: T.Zuluft WRG warm	19.1
2021-03-11 20:35:08.0	Ana1 - 1: T.Au?en	8.7
2021-03-11 20:35:08.0	Ana2 - 2: T.Zuluft	16.0
2021-03-11 20:35:08.0	Ana3 - 3: T.Abluft	19.8
2021-03-11 20:35:08.0	Ana4 - 4: T.Fortluft	13.8
2021-03-11 20:35:08.0	Ana5 - 5: T.Raum	9999.9
2021-03-11 20:35:08.0	Ana9 - 9: T.Zuluft WRG warm	19.1
2021-03-11 20:35:18.0	Ana1 - 1: T.Au?en	8.7
2021-03-11 20:35:18.0	Ana2 - 2: T.Zuluft	16.0
2021-03-11 20:35:18.0	Ana3 - 3: T.Abluft	19.8
2021-03-11 20:35:18.0	Ana4 - 4: T.Fortluft	13.8
2021-03-11 20:35:18.0	Ana5 - 5: T.Raum	9999.9
2021-03-11 20:35:18.0	Ana9 - 9: T.Zuluft WRG warm	19.1
2021-03-11 20:35:28.0	Ana1 - 1: T.Au?en	8.7
2021-03-11 20:35:28.0	Ana2 - 2: T.Zuluft	16.0
2021-03-11 20:35:28.0	Ana3 - 3: T.Abluft	19.8
2021-03-11 20:35:28.0	Ana4 - 4: T.Fortluft	13.8
2021-03-11 20:35:28.0	Ana5 - 5: T.Raum	9999.9
2021-03-11 20:35:28.0	Ana9 - 9: T.Zuluft WRG warm	19.1
2021-03-11 20:35:38.0	Ana1 - 1: T.Au?en	8.7
2021-03-11 20:35:38.0	Ana2 - 2: T.Zuluft	16.0
2021-03-11 20:35:38.0	Ana3 - 3: T.Abluft	19.8
2021-03-11 20:35:38.0	Ana4 - 4: T.Fortluft	13.8
2021-03-11 20:35:38.0	Ana5 - 5: T.Raum	9999.9
2021-03-11 20:35:38.0	Ana9 - 9: T.Zuluft WRG warm	19.1
2021-03-11 20:35:48.0	Ana1 - 1: T.Au?en	8.7
2021-03-11 20:35:48.0	Ana2 - 2: T.Zuluft	16.0
2021-03-11 20:35:48.0	Ana3 - 3: T.Abluft	19.8
2021-03-11 20:35:48.0	Ana4 - 4: T.Fortluft	13.8
2021-03-11 20:35:48.0	Ana5 - 5: T.Raum	9999.9
2021-03-11 20:35:48.0	Ana9 - 9: T.Zuluft WRG warm	19.1
2021-03-11 20:35:58.0	Ana1 - 1: T.Au?en	8.7
2021-03-11 20:35:58.0	Ana2 - 2: T.Zuluft	16.0
2021-03-11 20:35:58.0	Ana3 - 3: T.Abluft	19.8
2021-03-11 20:35:58.0	Ana4 - 4: T.Fortluft	13.8
2021-03-11 20:35:58.0	Ana5 - 5: T.Raum	9999.9
2021-03-11 20:35:58.0	Ana9 - 9: T.Zuluft WRG warm	19.1
2021-03-11 20:36:08.0	Ana1 - 1: T.Au?en	8.7
2021-03-11 20:36:08.0	Ana2 - 2: T.Zuluft	16.0
2021-03-11 20:36:08.0	Ana3 - 3: T.Abluft	19.8
2021-03-11 20:36:08.0	Ana4 - 4: T.Fortluft	13.8
2021-03-11 20:36:08.0	Ana5 - 5: T.Raum	9999.9
2021-03-11 20:36:08.0	Ana9 - 9: T.Zuluft WRG warm	19.1
2021-03-11 20:36:18.0	Ana1 - 1: T.Au?en	8.7
2021-03-11 20:36:18.0	Ana2 - 2: T.Zuluft	16.0
2021-03-11 20:36:18.0	Ana3 - 3: T.Abluft	19.8
2021-03-11 20:36:18.0	Ana4 - 4: T.Fortluft	13.8
2021-03-11 20:36:18.0	Ana5 - 5: T.Raum	9999.9
2021-03-11 20:36:18.0	Ana9 - 9: T.Zuluft WRG warm	19.1
2021-03-11 20:36:28.0	Ana1 - 1: T.Au?en	8.7
2021-03-11 20:36:28.0	Ana2 - 2: T.Zuluft	16.0
2021-03-11 20:36:28.0	Ana3 - 3: T.Abluft	19.8
2021-03-11 20:36:28.0	Ana4 - 4: T.Fortluft	13.8
2021-03-11 20:36:28.0	Ana5 - 5: T.Raum	9999.9
2021-03-11 20:36:28.0	Ana9 - 9: T.Zuluft WRG warm	19.1
2021-03-11 20:36:38.0	Ana1 - 1: T.Au?en	8.7
2021-03-11 20:36:38.0	Ana2 - 2: T.Zuluft	16.0
2021-03-11 20:36:38.0	Ana3 - 3: T.Abluft	19.8
2021-03-11 20:36:38.0	Ana4 - 4: T.Fortluft	13.8
2021-03-11 20:36:38.0	Ana5 - 5: T.Raum	9999.9
2021-03-11 20:36:38.0	Ana9 - 9: T.Zuluft WRG warm	19.1
2021-03-11 20:36:48.0	Ana1 - 1: T.Au?en	8.7
2021-03-11 20:36:48.0	Ana2 - 2: T.Zuluft	16.0
2021-03-11 20:36:48.0	Ana3 - 3: T.Abluft	19.8
2021-03-11 20:36:48.0	Ana4 - 4: T.Fortluft	13.8
2021-03-11 20:36:48.0	Ana5 - 5: T.Raum	9999.9
2021-03-11 20:36:48.0	Ana9 - 9: T.Zuluft WRG warm	19.1
2021-03-11 20:36:58.0	Ana1 - 1: T.Au?en	8.6
2021-03-11 20:36:58.0	Ana2 - 2: T.Zuluft	16.0
2021-03-11 20:36:58.0	Ana3 - 3: T.Abluft	19.8
2021-03-11 20:36:58.0	Ana4 - 4: T.Fortluft	13.8
2021-03-11 20:36:58.0	Ana5 - 5: T.Raum	9999.9
2021-03-11 20:36:58.0	Ana9 - 9: T.Zuluft WRG warm	19.1
2021-03-11 20:37:08.0	Ana1 - 1: T.Au?en	8.6
2021-03-11 20:37:08.0	Ana2 - 2: T.Zuluft	16.0
2021-03-11 20:37:08.0	Ana3 - 3: T.Abluft	19.8
2021-03-11 20:37:08.0	Ana4 - 4: T.Fortluft	13.8
2021-03-11 20:37:08.0	Ana5 - 5: T.Raum	9999.9
2021-03-11 20:37:08.0	Ana9 - 9: T.Zuluft WRG warm	19.1
2021-03-11 20:37:18.0	Ana1 - 1: T.Au?en	8.6
2021-03-11 20:37:18.0	Ana2 - 2: T.Zuluft	16.0
2021-03-11 20:37:18.0	Ana3 - 3: T.Abluft	19.8
2021-03-11 20:37:18.0	Ana4 - 4: T.Fortluft	13.8
2021-03-11 20:37:18.0	Ana5 - 5: T.Raum	9999.9
2021-03-11 20:37:18.0	Ana9 - 9: T.Zuluft WRG warm	19.1
2021-03-11 20:37:28.0	Ana1 - 1: T.Au?en	8.6
2021-03-11 20:37:28.0	Ana2 - 2: T.Zuluft	16.0
2021-03-11 20:37:28.0	Ana3 - 3: T.Abluft	19.8
2021-03-11 20:37:28.0	Ana4 - 4: T.Fortluft	13.7
2021-03-11 20:37:28.0	Ana5 - 5: T.Raum	9999.9
2021-03-11 20:37:28.0	Ana9 - 9: T.Zuluft WRG warm	19.1
2021-03-11 20:37:38.0	Ana1 - 1: T.Au?en	8.6
2021-03-11 20:37:38.0	Ana2 - 2: T.Zuluft	16.0
2021-03-11 20:37:38.0	Ana3 - 3: T.Abluft	19.8
2021-03-11 20:37:38.0	Ana4 - 4: T.Fortluft	13.7
2021-03-11 20:37:38.0	Ana5 - 5: T.Raum	9999.9
2021-03-11 20:37:38.0	Ana9 - 9: T.Zuluft WRG warm	19.1
2021-03-11 20:37:48.0	Ana1 - 1: T.Au?en	8.6
2021-03-11 20:37:48.0	Ana2 - 2: T.Zuluft	16.0
2021-03-11 20:37:48.0	Ana3 - 3: T.Abluft	19.8
2021-03-11 20:37:48.0	Ana4 - 4: T.Fortluft	13.8
2021-03-11 20:37:48.0	Ana5 - 5: T.Raum	9999.9
2021-03-11 20:37:48.0	Ana9 - 9: T.Zuluft WRG warm	19.1
2021-03-11 20:37:58.0	Ana1 - 1: T.Au?en	8.6
2021-03-11 20:37:58.0	Ana2 - 2: T.Zuluft	16.0
2021-03-11 20:37:58.0	Ana3 - 3: T.Abluft	19.8
2021-03-11 20:37:58.0	Ana4 - 4: T.Fortluft	13.7
2021-03-11 20:37:58.0	Ana5 - 5: T.Raum	9999.9
2021-03-11 20:37:58.0	Ana9 - 9: T.Zuluft WRG warm	19.1
2021-03-11 20:38:08.0	Ana1 - 1: T.Au?en	8.6
2021-03-11 20:38:08.0	Ana2 - 2: T.Zuluft	16.0
2021-03-11 20:38:08.0	Ana3 - 3: T.Abluft	19.8
2021-03-11 20:38:08.0	Ana4 - 4: T.Fortluft	13.7
2021-03-11 20:38:08.0	Ana5 - 5: T.Raum	9999.9
2021-03-11 20:38:08.0	Ana9 - 9: T.Zuluft WRG warm	19.1
2021-03-11 20:38:18.0	Ana1 - 1: T.Au?en	8.6
2021-03-11 20:38:18.0	Ana2 - 2: T.Zuluft	16.0
2021-03-11 20:38:18.0	Ana3 - 3: T.Abluft	19.8
2021-03-11 20:38:18.0	Ana4 - 4: T.Fortluft	13.7
2021-03-11 20:38:18.0	Ana5 - 5: T.Raum	9999.9
2021-03-11 20:38:18.0	Ana9 - 9: T.Zuluft WRG warm	19.1
2021-03-11 20:38:28.0	Ana1 - 1: T.Au?en	8.6
2021-03-11 20:38:28.0	Ana2 - 2: T.Zuluft	16.0
2021-03-11 20:38:28.0	Ana3 - 3: T.Abluft	19.8
2021-03-11 20:38:28.0	Ana4 - 4: T.Fortluft	13.7
2021-03-11 20:38:28.0	Ana5 - 5: T.Raum	9999.9
2021-03-11 20:38:28.0	Ana9 - 9: T.Zuluft WRG warm	19.1
2021-03-11 20:38:38.0	Ana1 - 1: T.Au?en	8.6
2021-03-11 20:38:38.0	Ana2 - 2: T.Zuluft	16.0
2021-03-11 20:38:38.0	Ana3 - 3: T.Abluft	19.8
2021-03-11 20:38:38.0	Ana4 - 4: T.Fortluft	13.7
2021-03-11 20:38:38.0	Ana5 - 5: T.Raum	9999.9
2021-03-11 20:38:38.0	Ana9 - 9: T.Zuluft WRG warm	19.1
2021-03-11 20:38:48.0	Ana1 - 1: T.Au?en	8.6
2021-03-11 20:38:48.0	Ana2 - 2: T.Zuluft	16.0
2021-03-11 20:38:48.0	Ana3 - 3: T.Abluft	19.8
2021-03-11 20:38:48.0	Ana4 - 4: T.Fortluft	13.7
2021-03-11 20:38:48.0	Ana5 - 5: T.Raum	9999.9
2021-03-11 20:38:48.0	Ana9 - 9: T.Zuluft WRG warm	19.1
2021-03-11 20:38:58.0	Ana1 - 1: T.Au?en	8.6
2021-03-11 20:38:58.0	Ana2 - 2: T.Zuluft	16.0
2021-03-11 20:38:58.0	Ana3 - 3: T.Abluft	19.8
2021-03-11 20:38:58.0	Ana4 - 4: T.Fortluft	13.7
2021-03-11 20:38:58.0	Ana5 - 5: T.Raum	9999.9
2021-03-11 20:38:58.0	Ana9 - 9: T.Zuluft WRG warm	19.1
2021-03-11 20:39:08.0	Ana1 - 1: T.Au?en	8.6
2021-03-11 20:39:08.0	Ana2 - 2: T.Zuluft	16.0
2021-03-11 20:39:08.0	Ana3 - 3: T.Abluft	19.8
2021-03-11 20:39:08.0	Ana4 - 4: T.Fortluft	13.7
2021-03-11 20:39:08.0	Ana5 - 5: T.Raum	9999.9
2021-03-11 20:39:08.0	Ana9 - 9: T.Zuluft WRG warm	19.1
2021-03-11 20:39:18.0	Ana1 - 1: T.Au?en	8.6
2021-03-11 20:39:18.0	Ana2 - 2: T.Zuluft	16.0
2021-03-11 20:39:18.0	Ana3 - 3: T.Abluft	19.8
2021-03-11 20:39:18.0	Ana4 - 4: T.Fortluft	13.7
2021-03-11 20:39:18.0	Ana5 - 5: T.Raum	9999.9
2021-03-11 20:39:18.0	Ana9 - 9: T.Zuluft WRG warm	19.1
2021-03-11 20:39:28.0	Ana1 - 1: T.Au?en	8.6
2021-03-11 20:39:28.0	Ana2 - 2: T.Zuluft	16.0
2021-03-11 20:39:28.0	Ana3 - 3: T.Abluft	19.8
2021-03-11 20:39:28.0	Ana4 - 4: T.Fortluft	13.7
2021-03-11 20:39:28.0	Ana5 - 5: T.Raum	9999.9
2021-03-11 20:39:28.0	Ana9 - 9: T.Zuluft WRG warm	19.1
2021-03-11 20:39:38.0	Ana1 - 1: T.Au?en	8.6
2021-03-11 20:39:38.0	Ana2 - 2: T.Zuluft	16.0
2021-03-11 20:39:38.0	Ana3 - 3: T.Abluft	19.8
2021-03-11 20:39:38.0	Ana4 - 4: T.Fortluft	13.7
2021-03-11 20:39:38.0	Ana5 - 5: T.Raum	9999.9
2021-03-11 20:39:38.0	Ana9 - 9: T.Zuluft WRG warm	19.1
2021-03-11 20:39:48.0	Ana1 - 1: T.Au?en	8.6
2021-03-11 20:39:48.0	Ana2 - 2: T.Zuluft	16.0
2021-03-11 20:39:48.0	Ana3 - 3: T.Abluft	19.8
2021-03-11 20:39:48.0	Ana4 - 4: T.Fortluft	13.7
2021-03-11 20:39:48.0	Ana5 - 5: T.Raum	9999.9
2021-03-11 20:39:48.0	Ana9 - 9: T.Zuluft WRG warm	19.1
2021-03-11 20:39:58.0	Ana1 - 1: T.Au?en	8.6
2021-03-11 20:39:58.0	Ana2 - 2: T.Zuluft	16.0
2021-03-11 20:39:58.0	Ana3 - 3: T.Abluft	19.8
2021-03-11 20:39:58.0	Ana4 - 4: T.Fortluft	13.7
2021-03-11 20:39:58.0	Ana5 - 5: T.Raum	9999.9
2021-03-11 20:39:58.0	Ana9 - 9: T.Zuluft WRG warm	19.1
2021-03-11 20:40:08.0	Ana1 - 1: T.Au?en	8.6
2021-03-11 20:40:08.0	Ana2 - 2: T.Zuluft	16.0
2021-03-11 20:40:08.0	Ana3 - 3: T.Abluft	19.8
2021-03-11 20:40:08.0	Ana4 - 4: T.Fortluft	13.7
2021-03-11 20:40:08.0	Ana5 - 5: T.Raum	9999.9
2021-03-11 20:40:08.0	Ana9 - 9: T.Zuluft WRG warm	19.1
2021-03-11 20:40:18.0	Ana1 - 1: T.Au?en	8.6
2021-03-11 20:40:18.0	Ana2 - 2: T.Zuluft	16.0
2021-03-11 20:40:18.0	Ana3 - 3: T.Abluft	19.8
2021-03-11 20:40:18.0	Ana4 - 4: T.Fortluft	13.7
2021-03-11 20:40:18.0	Ana5 - 5: T.Raum	9999.9
2021-03-11 20:40:18.0	Ana9 - 9: T.Zuluft WRG warm	19.1
2021-03-11 20:40:28.0	Ana1 - 1: T.Au?en	8.6
2021-03-11 20:40:28.0	Ana2 - 2: T.Zuluft	16.0
2021-03-11 20:40:28.0	Ana3 - 3: T.Abluft	19.8
2021-03-11 20:40:28.0	Ana4 - 4: T.Fortluft	13.7
2021-03-11 20:40:28.0	Ana5 - 5: T.Raum	9999.9
2021-03-11 20:40:28.0	Ana9 - 9: T.Zuluft WRG warm	19.1
2021-03-11 20:40:38.0	Ana1 - 1: T.Au?en	8.6
2021-03-11 20:40:38.0	Ana2 - 2: T.Zuluft	16.0
2021-03-11 20:40:38.0	Ana3 - 3: T.Abluft	19.8
2021-03-11 20:40:38.0	Ana4 - 4: T.Fortluft	13.7
2021-03-11 20:40:38.0	Ana5 - 5: T.Raum	9999.9
2021-03-11 20:40:38.0	Ana9 - 9: T.Zuluft WRG warm	19.1
2021-03-11 20:40:48.0	Ana1 - 1: T.Au?en	8.6
2021-03-11 20:40:48.0	Ana2 - 2: T.Zuluft	16.0
2021-03-11 20:40:48.0	Ana3 - 3: T.Abluft	19.8
2021-03-11 20:40:48.0	Ana4 - 4: T.Fortluft	13.7
2021-03-11 20:40:48.0	Ana5 - 5: T.Raum	9999.9
2021-03-11 20:40:48.0	Ana9 - 9: T.Zuluft WRG warm	19.1
2021-03-11 20:40:58.0	Ana1 - 1: T.Au?en	8.6
2021-03-11 20:40:58.0	Ana2 - 2: T.Zuluft	16.0
2021-03-11 20:40:58.0	Ana3 - 3: T.Abluft	19.8
2021-03-11 20:40:58.0	Ana4 - 4: T.Fortluft	13.7
2021-03-11 20:40:58.0	Ana5 - 5: T.Raum	9999.9
2021-03-11 20:40:58.0	Ana9 - 9: T.Zuluft WRG warm	19.1
2021-03-11 20:41:08.0	Ana1 - 1: T.Au?en	8.6
2021-03-11 20:41:08.0	Ana2 - 2: T.Zuluft	16.0
2021-03-11 20:41:08.0	Ana3 - 3: T.Abluft	19.8
2021-03-11 20:41:08.0	Ana4 - 4: T.Fortluft	13.7
2021-03-11 20:41:08.0	Ana5 - 5: T.Raum	9999.9
2021-03-11 20:41:08.0	Ana9 - 9: T.Zuluft WRG warm	19.1
2021-03-11 20:41:18.0	Ana1 - 1: T.Au?en	8.6
2021-03-11 20:41:18.0	Ana2 - 2: T.Zuluft	16.0
2021-03-11 20:41:18.0	Ana3 - 3: T.Abluft	19.8
2021-03-11 20:41:18.0	Ana4 - 4: T.Fortluft	13.7
2021-03-11 20:41:18.0	Ana5 - 5: T.Raum	9999.9
2021-03-11 20:41:18.0	Ana9 - 9: T.Zuluft WRG warm	19.1
2021-03-11 20:41:28.0	Ana1 - 1: T.Au?en	8.6
2021-03-11 20:41:28.0	Ana2 - 2: T.Zuluft	16.0
2021-03-11 20:41:28.0	Ana3 - 3: T.Abluft	19.8
2021-03-11 20:41:28.0	Ana4 - 4: T.Fortluft	13.7
2021-03-11 20:41:28.0	Ana5 - 5: T.Raum	9999.9
2021-03-11 20:41:28.0	Ana9 - 9: T.Zuluft WRG warm	19.1
2021-03-11 20:41:38.0	Ana1 - 1: T.Au?en	8.6
2021-03-11 20:41:38.0	Ana2 - 2: T.Zuluft	16.0
2021-03-11 20:41:38.0	Ana3 - 3: T.Abluft	19.8
2021-03-11 20:41:38.0	Ana4 - 4: T.Fortluft	13.7
2021-03-11 20:41:38.0	Ana5 - 5: T.Raum	9999.9
2021-03-11 20:41:38.0	Ana9 - 9: T.Zuluft WRG warm	19.1
2021-03-11 20:41:48.0	Ana1 - 1: T.Au?en	8.5
2021-03-11 20:41:48.0	Ana2 - 2: T.Zuluft	15.9
2021-03-11 20:41:48.0	Ana3 - 3: T.Abluft	19.8
2021-03-11 20:41:48.0	Ana4 - 4: T.Fortluft	13.7
2021-03-11 20:41:48.0	Ana5 - 5: T.Raum	9999.9
2021-03-11 20:41:48.0	Ana9 - 9: T.Zuluft WRG warm	19.1
2021-03-11 20:41:58.0	Ana1 - 1: T.Au?en	8.5
2021-03-11 20:41:58.0	Ana2 - 2: T.Zuluft	16.0
2021-03-11 20:41:58.0	Ana3 - 3: T.Abluft	19.8
2021-03-11 20:41:58.0	Ana4 - 4: T.Fortluft	13.7
2021-03-11 20:41:58.0	Ana5 - 5: T.Raum	9999.9
2021-03-11 20:41:58.0	Ana9 - 9: T.Zuluft WRG warm	19.1
2021-03-11 20:42:08.0	Ana1 - 1: T.Au?en	8.5
2021-03-11 20:42:08.0	Ana2 - 2: T.Zuluft	16.0
2021-03-11 20:42:08.0	Ana3 - 3: T.Abluft	19.8
2021-03-11 20:42:08.0	Ana4 - 4: T.Fortluft	13.7
2021-03-11 20:42:08.0	Ana5 - 5: T.Raum	9999.9
2021-03-11 20:42:08.0	Ana9 - 9: T.Zuluft WRG warm	19.1
2021-03-11 20:42:18.0	Ana1 - 1: T.Au?en	8.5
2021-03-11 20:42:18.0	Ana2 - 2: T.Zuluft	16.0
2021-03-11 20:42:18.0	Ana3 - 3: T.Abluft	19.8
2021-03-11 20:42:18.0	Ana4 - 4: T.Fortluft	13.7
2021-03-11 20:42:18.0	Ana5 - 5: T.Raum	9999.9
2021-03-11 20:42:18.0	Ana9 - 9: T.Zuluft WRG warm	19.1
2021-03-11 20:42:28.0	Ana1 - 1: T.Au?en	8.5
2021-03-11 20:42:28.0	Ana2 - 2: T.Zuluft	16.0
2021-03-11 20:42:28.0	Ana3 - 3: T.Abluft	19.8
2021-03-11 20:42:28.0	Ana4 - 4: T.Fortluft	13.7
2021-03-11 20:42:28.0	Ana5 - 5: T.Raum	9999.9
2021-03-11 20:42:28.0	Ana9 - 9: T.Zuluft WRG warm	19.1
2021-03-11 20:42:38.0	Ana1 - 1: T.Au?en	8.5
2021-03-11 20:42:38.0	Ana2 - 2: T.Zuluft	15.9
2021-03-11 20:42:38.0	Ana3 - 3: T.Abluft	19.8
2021-03-11 20:42:38.0	Ana4 - 4: T.Fortluft	13.7
2021-03-11 20:42:38.0	Ana5 - 5: T.Raum	9999.9
2021-03-11 20:42:38.0	Ana9 - 9: T.Zuluft WRG warm	19.1
2021-03-11 20:42:48.0	Ana1 - 1: T.Au?en	8.5
2021-03-11 20:42:48.0	Ana2 - 2: T.Zuluft	15.9
2021-03-11 20:42:48.0	Ana3 - 3: T.Abluft	19.8
2021-03-11 20:42:48.0	Ana4 - 4: T.Fortluft	13.7
2021-03-11 20:42:48.0	Ana5 - 5: T.Raum	9999.9
2021-03-11 20:42:48.0	Ana9 - 9: T.Zuluft WRG warm	19.1
2021-03-11 20:42:58.0	Ana1 - 1: T.Au?en	8.5
2021-03-11 20:42:58.0	Ana2 - 2: T.Zuluft	15.9
2021-03-11 20:42:58.0	Ana3 - 3: T.Abluft	19.8
2021-03-11 20:42:58.0	Ana4 - 4: T.Fortluft	13.7
2021-03-11 20:42:58.0	Ana5 - 5: T.Raum	9999.9
2021-03-11 20:42:58.0	Ana9 - 9: T.Zuluft WRG warm	19.1
2021-03-11 20:43:08.0	Ana1 - 1: T.Au?en	8.5
2021-03-11 20:43:08.0	Ana2 - 2: T.Zuluft	15.9
2021-03-11 20:43:08.0	Ana3 - 3: T.Abluft	19.8
2021-03-11 20:43:08.0	Ana4 - 4: T.Fortluft	13.7
2021-03-11 20:43:08.0	Ana5 - 5: T.Raum	9999.9
2021-03-11 20:43:08.0	Ana9 - 9: T.Zuluft WRG warm	19.1
2021-03-11 20:43:18.0	Ana1 - 1: T.Au?en	8.5
2021-03-11 20:43:18.0	Ana2 - 2: T.Zuluft	15.9
2021-03-11 20:43:18.0	Ana3 - 3: T.Abluft	19.8
2021-03-11 20:43:18.0	Ana4 - 4: T.Fortluft	13.7
2021-03-11 20:43:18.0	Ana5 - 5: T.Raum	9999.9
2021-03-11 20:43:18.0	Ana9 - 9: T.Zuluft WRG warm	19.1
2021-03-11 20:43:28.0	Ana1 - 1: T.Au?en	8.5
2021-03-11 20:43:28.0	Ana2 - 2: T.Zuluft	15.9
2021-03-11 20:43:28.0	Ana3 - 3: T.Abluft	19.8
2021-03-11 20:43:28.0	Ana4 - 4: T.Fortluft	13.7
2021-03-11 20:43:28.0	Ana5 - 5: T.Raum	9999.9
2021-03-11 20:43:28.0	Ana9 - 9: T.Zuluft WRG warm	19.1
2021-03-11 20:43:38.0	Ana1 - 1: T.Au?en	8.5
2021-03-11 20:43:38.0	Ana2 - 2: T.Zuluft	15.9
2021-03-11 20:43:38.0	Ana3 - 3: T.Abluft	19.8
2021-03-11 20:43:38.0	Ana4 - 4: T.Fortluft	13.7
2021-03-11 20:43:38.0	Ana5 - 5: T.Raum	9999.9
2021-03-11 20:43:38.0	Ana9 - 9: T.Zuluft WRG warm	19.1
2021-03-11 20:43:48.0	Ana1 - 1: T.Au?en	8.5
2021-03-11 20:43:48.0	Ana2 - 2: T.Zuluft	15.9
2021-03-11 20:43:48.0	Ana3 - 3: T.Abluft	19.8
2021-03-11 20:43:48.0	Ana4 - 4: T.Fortluft	13.7
2021-03-11 20:43:48.0	Ana5 - 5: T.Raum	9999.9
2021-03-11 20:43:48.0	Ana9 - 9: T.Zuluft WRG warm	19.1
2021-03-11 20:43:58.0	Ana1 - 1: T.Au?en	8.5
2021-03-11 20:43:58.0	Ana2 - 2: T.Zuluft	15.9
2021-03-11 20:43:58.0	Ana3 - 3: T.Abluft	19.8
2021-03-11 20:43:58.0	Ana4 - 4: T.Fortluft	13.7
2021-03-11 20:43:58.0	Ana5 - 5: T.Raum	9999.9
2021-03-11 20:43:58.0	Ana9 - 9: T.Zuluft WRG warm	19.1
2021-03-11 20:44:08.0	Ana1 - 1: T.Au?en	8.5
2021-03-11 20:44:08.0	Ana2 - 2: T.Zuluft	15.9
2021-03-11 20:44:08.0	Ana3 - 3: T.Abluft	19.8
2021-03-11 20:44:08.0	Ana4 - 4: T.Fortluft	13.7
2021-03-11 20:44:08.0	Ana5 - 5: T.Raum	9999.9
2021-03-11 20:44:08.0	Ana9 - 9: T.Zuluft WRG warm	19.1
2021-03-11 20:44:18.0	Ana1 - 1: T.Au?en	8.5
2021-03-11 20:44:18.0	Ana2 - 2: T.Zuluft	15.9
2021-03-11 20:44:18.0	Ana3 - 3: T.Abluft	19.8
2021-03-11 20:44:18.0	Ana4 - 4: T.Fortluft	13.7
2021-03-11 20:44:18.0	Ana5 - 5: T.Raum	9999.9
2021-03-11 20:44:18.0	Ana9 - 9: T.Zuluft WRG warm	19.1
2021-03-11 20:44:28.0	Ana1 - 1: T.Au?en	8.5
2021-03-11 20:44:28.0	Ana2 - 2: T.Zuluft	15.9
2021-03-11 20:44:28.0	Ana3 - 3: T.Abluft	19.8
2021-03-11 20:44:28.0	Ana4 - 4: T.Fortluft	13.6
2021-03-11 20:44:28.0	Ana5 - 5: T.Raum	9999.9
2021-03-11 20:44:28.0	Ana9 - 9: T.Zuluft WRG warm	19.1
2021-03-11 20:44:38.0	Ana1 - 1: T.Au?en	8.5
2021-03-11 20:44:38.0	Ana2 - 2: T.Zuluft	15.9
2021-03-11 20:44:38.0	Ana3 - 3: T.Abluft	19.8
2021-03-11 20:44:38.0	Ana4 - 4: T.Fortluft	13.7
2021-03-11 20:44:38.0	Ana5 - 5: T.Raum	9999.9
2021-03-11 20:44:38.0	Ana9 - 9: T.Zuluft WRG warm	19.1
2021-03-11 20:44:48.0	Ana1 - 1: T.Au?en	8.5
2021-03-11 20:44:48.0	Ana2 - 2: T.Zuluft	15.9
2021-03-11 20:44:48.0	Ana3 - 3: T.Abluft	19.8
2021-03-11 20:44:48.0	Ana4 - 4: T.Fortluft	13.7
2021-03-11 20:44:48.0	Ana5 - 5: T.Raum	9999.9
2021-03-11 20:44:48.0	Ana9 - 9: T.Zuluft WRG warm	19.1
2021-03-11 20:44:58.0	Ana1 - 1: T.Au?en	8.5
2021-03-11 20:44:58.0	Ana2 - 2: T.Zuluft	15.9
2021-03-11 20:44:58.0	Ana3 - 3: T.Abluft	19.8
2021-03-11 20:44:58.0	Ana4 - 4: T.Fortluft	13.7
2021-03-11 20:44:58.0	Ana5 - 5: T.Raum	9999.9
2021-03-11 20:44:58.0	Ana9 - 9: T.Zuluft WRG warm	19.1
2021-03-11 20:45:08.0	Ana1 - 1: T.Au?en	8.5
2021-03-11 20:45:08.0	Ana2 - 2: T.Zuluft	15.9
2021-03-11 20:45:08.0	Ana3 - 3: T.Abluft	19.8
2021-03-11 20:45:08.0	Ana4 - 4: T.Fortluft	13.7
2021-03-11 20:45:08.0	Ana5 - 5: T.Raum	9999.9
2021-03-11 20:45:08.0	Ana9 - 9: T.Zuluft WRG warm	19.1
2021-03-11 20:45:18.0	Ana1 - 1: T.Au?en	8.5
2021-03-11 20:45:18.0	Ana2 - 2: T.Zuluft	15.9
2021-03-11 20:45:18.0	Ana3 - 3: T.Abluft	19.8
2021-03-11 20:45:18.0	Ana4 - 4: T.Fortluft	13.7
2021-03-11 20:45:18.0	Ana5 - 5: T.Raum	9999.9
2021-03-11 20:45:18.0	Ana9 - 9: T.Zuluft WRG warm	19.1
2021-03-11 20:45:28.0	Ana1 - 1: T.Au?en	8.5
2021-03-11 20:45:28.0	Ana2 - 2: T.Zuluft	15.9
2021-03-11 20:45:28.0	Ana3 - 3: T.Abluft	19.8
2021-03-11 20:45:28.0	Ana4 - 4: T.Fortluft	13.7
2021-03-11 20:45:28.0	Ana5 - 5: T.Raum	9999.9
2021-03-11 20:45:28.0	Ana9 - 9: T.Zuluft WRG warm	19.1
2021-03-11 20:45:38.0	Ana1 - 1: T.Au?en	8.5
2021-03-11 20:45:38.0	Ana2 - 2: T.Zuluft	15.9
2021-03-11 20:45:38.0	Ana3 - 3: T.Abluft	19.8
2021-03-11 20:45:38.0	Ana4 - 4: T.Fortluft	13.6
2021-03-11 20:45:38.0	Ana5 - 5: T.Raum	9999.9
2021-03-11 20:45:38.0	Ana9 - 9: T.Zuluft WRG warm	19.1
2021-03-11 20:45:48.0	Ana1 - 1: T.Au?en	8.5
2021-03-11 20:45:48.0	Ana2 - 2: T.Zuluft	15.9
2021-03-11 20:45:48.0	Ana3 - 3: T.Abluft	19.8
2021-03-11 20:45:48.0	Ana4 - 4: T.Fortluft	13.6
2021-03-11 20:45:48.0	Ana5 - 5: T.Raum	9999.9
2021-03-11 20:45:48.0	Ana9 - 9: T.Zuluft WRG warm	19.1
2021-03-11 20:45:58.0	Ana1 - 1: T.Au?en	8.5
2021-03-11 20:45:58.0	Ana2 - 2: T.Zuluft	15.9
2021-03-11 20:45:58.0	Ana3 - 3: T.Abluft	19.8
2021-03-11 20:45:58.0	Ana4 - 4: T.Fortluft	13.6
2021-03-11 20:45:58.0	Ana5 - 5: T.Raum	9999.9
2021-03-11 20:45:58.0	Ana9 - 9: T.Zuluft WRG warm	19.1
2021-03-11 20:46:08.0	Ana1 - 1: T.Au?en	8.5
2021-03-11 20:46:08.0	Ana2 - 2: T.Zuluft	15.9
2021-03-11 20:46:08.0	Ana3 - 3: T.Abluft	19.8
2021-03-11 20:46:08.0	Ana4 - 4: T.Fortluft	13.6
2021-03-11 20:46:08.0	Ana5 - 5: T.Raum	9999.9
2021-03-11 20:46:08.0	Ana9 - 9: T.Zuluft WRG warm	19.1
2021-03-11 20:46:18.0	Ana1 - 1: T.Au?en	8.5
2021-03-11 20:46:18.0	Ana2 - 2: T.Zuluft	15.9
2021-03-11 20:46:18.0	Ana3 - 3: T.Abluft	19.8
2021-03-11 20:46:18.0	Ana4 - 4: T.Fortluft	13.6
2021-03-11 20:46:18.0	Ana5 - 5: T.Raum	9999.9
2021-03-11 20:46:18.0	Ana9 - 9: T.Zuluft WRG warm	19.1
2021-03-11 20:46:28.0	Ana1 - 1: T.Au?en	8.5
2021-03-11 20:46:28.0	Ana2 - 2: T.Zuluft	15.9
2021-03-11 20:46:28.0	Ana3 - 3: T.Abluft	19.8
2021-03-11 20:46:28.0	Ana4 - 4: T.Fortluft	13.6
2021-03-11 20:46:28.0	Ana5 - 5: T.Raum	9999.9
2021-03-11 20:46:28.0	Ana9 - 9: T.Zuluft WRG warm	19.1
2021-03-11 20:46:38.0	Ana1 - 1: T.Au?en	8.5
2021-03-11 20:46:38.0	Ana2 - 2: T.Zuluft	15.9
2021-03-11 20:46:38.0	Ana3 - 3: T.Abluft	19.8
2021-03-11 20:46:38.0	Ana4 - 4: T.Fortluft	13.6
2021-03-11 20:46:38.0	Ana5 - 5: T.Raum	9999.9
2021-03-11 20:46:38.0	Ana9 - 9: T.Zuluft WRG warm	19.1
2021-03-11 20:46:48.0	Ana1 - 1: T.Au?en	8.5
2021-03-11 20:46:48.0	Ana2 - 2: T.Zuluft	15.9
2021-03-11 20:46:48.0	Ana3 - 3: T.Abluft	19.8
2021-03-11 20:46:48.0	Ana4 - 4: T.Fortluft	13.6
2021-03-11 20:46:48.0	Ana5 - 5: T.Raum	9999.9
2021-03-11 20:46:48.0	Ana9 - 9: T.Zuluft WRG warm	19.0
2021-03-11 20:46:58.0	Ana1 - 1: T.Au?en	8.5
2021-03-11 20:46:58.0	Ana2 - 2: T.Zuluft	15.9
2021-03-11 20:46:58.0	Ana3 - 3: T.Abluft	19.8
2021-03-11 20:46:58.0	Ana4 - 4: T.Fortluft	13.6
2021-03-11 20:46:58.0	Ana5 - 5: T.Raum	9999.9
2021-03-11 20:46:58.0	Ana9 - 9: T.Zuluft WRG warm	19.0
2021-03-11 20:47:08.0	Ana1 - 1: T.Au?en	8.5
2021-03-11 20:47:08.0	Ana2 - 2: T.Zuluft	15.9
2021-03-11 20:47:08.0	Ana3 - 3: T.Abluft	19.8
2021-03-11 20:47:08.0	Ana4 - 4: T.Fortluft	13.6
2021-03-11 20:47:08.0	Ana5 - 5: T.Raum	9999.9
2021-03-11 20:47:08.0	Ana9 - 9: T.Zuluft WRG warm	19.0
2021-03-11 20:47:18.0	Ana1 - 1: T.Au?en	8.5
2021-03-11 20:47:18.0	Ana2 - 2: T.Zuluft	15.9
2021-03-11 20:47:18.0	Ana3 - 3: T.Abluft	19.8
2021-03-11 20:47:18.0	Ana4 - 4: T.Fortluft	13.6
2021-03-11 20:47:18.0	Ana5 - 5: T.Raum	9999.9
2021-03-11 20:47:18.0	Ana9 - 9: T.Zuluft WRG warm	19.0
2021-03-11 20:47:28.0	Ana1 - 1: T.Au?en	8.5
2021-03-11 20:47:28.0	Ana2 - 2: T.Zuluft	15.9
2021-03-11 20:47:28.0	Ana3 - 3: T.Abluft	19.8
2021-03-11 20:47:28.0	Ana4 - 4: T.Fortluft	13.6
2021-03-11 20:47:28.0	Ana5 - 5: T.Raum	9999.9
2021-03-11 20:47:28.0	Ana9 - 9: T.Zuluft WRG warm	19.0
2021-03-11 20:47:38.0	Ana1 - 1: T.Au?en	8.5
2021-03-11 20:47:38.0	Ana2 - 2: T.Zuluft	15.9
2021-03-11 20:47:38.0	Ana3 - 3: T.Abluft	19.8
2021-03-11 20:47:38.0	Ana4 - 4: T.Fortluft	13.6
2021-03-11 20:47:38.0	Ana5 - 5: T.Raum	9999.9
2021-03-11 20:47:38.0	Ana9 - 9: T.Zuluft WRG warm	19.0
2021-03-11 20:47:48.0	Ana1 - 1: T.Au?en	8.4
2021-03-11 20:47:48.0	Ana2 - 2: T.Zuluft	15.9
2021-03-11 20:47:48.0	Ana3 - 3: T.Abluft	19.8
2021-03-11 20:47:48.0	Ana4 - 4: T.Fortluft	13.6
2021-03-11 20:47:48.0	Ana5 - 5: T.Raum	9999.9
2021-03-11 20:47:48.0	Ana9 - 9: T.Zuluft WRG warm	19.0
2021-03-11 20:47:58.0	Ana1 - 1: T.Au?en	8.4
2021-03-11 20:47:58.0	Ana2 - 2: T.Zuluft	15.9
2021-03-11 20:47:58.0	Ana3 - 3: T.Abluft	19.8
2021-03-11 20:47:58.0	Ana4 - 4: T.Fortluft	13.6
2021-03-11 20:47:58.0	Ana5 - 5: T.Raum	9999.9
2021-03-11 20:47:58.0	Ana9 - 9: T.Zuluft WRG warm	19.0
2021-03-11 20:48:08.0	Ana1 - 1: T.Au?en	8.4
2021-03-11 20:48:08.0	Ana2 - 2: T.Zuluft	15.9
2021-03-11 20:48:08.0	Ana3 - 3: T.Abluft	19.8
2021-03-11 20:48:08.0	Ana4 - 4: T.Fortluft	13.6
2021-03-11 20:48:08.0	Ana5 - 5: T.Raum	9999.9
2021-03-11 20:48:08.0	Ana9 - 9: T.Zuluft WRG warm	19.0
2021-03-11 20:48:18.0	Ana1 - 1: T.Au?en	8.4
2021-03-11 20:48:18.0	Ana2 - 2: T.Zuluft	15.9
2021-03-11 20:48:18.0	Ana3 - 3: T.Abluft	19.8
2021-03-11 20:48:18.0	Ana4 - 4: T.Fortluft	13.6
2021-03-11 20:48:18.0	Ana5 - 5: T.Raum	9999.9
2021-03-11 20:48:18.0	Ana9 - 9: T.Zuluft WRG warm	19.0
2021-03-11 20:48:28.0	Ana1 - 1: T.Au?en	8.4
2021-03-11 20:48:28.0	Ana2 - 2: T.Zuluft	15.9
2021-03-11 20:48:28.0	Ana3 - 3: T.Abluft	19.8
2021-03-11 20:48:28.0	Ana4 - 4: T.Fortluft	13.6
2021-03-11 20:48:28.0	Ana5 - 5: T.Raum	9999.9
2021-03-11 20:48:28.0	Ana9 - 9: T.Zuluft WRG warm	19.0
2021-03-11 20:48:38.0	Ana1 - 1: T.Au?en	8.4
2021-03-11 20:48:38.0	Ana2 - 2: T.Zuluft	15.9
2021-03-11 20:48:38.0	Ana3 - 3: T.Abluft	19.8
2021-03-11 20:48:38.0	Ana4 - 4: T.Fortluft	13.6
2021-03-11 20:48:38.0	Ana5 - 5: T.Raum	9999.9
2021-03-11 20:48:38.0	Ana9 - 9: T.Zuluft WRG warm	19.0
2021-03-11 20:48:48.0	Ana1 - 1: T.Au?en	8.4
2021-03-11 20:48:48.0	Ana2 - 2: T.Zuluft	15.9
2021-03-11 20:48:48.0	Ana3 - 3: T.Abluft	19.8
2021-03-11 20:48:48.0	Ana4 - 4: T.Fortluft	13.6
2021-03-11 20:48:48.0	Ana5 - 5: T.Raum	9999.9
2021-03-11 20:48:48.0	Ana9 - 9: T.Zuluft WRG warm	19.0
2021-03-11 20:48:58.0	Ana1 - 1: T.Au?en	8.4
2021-03-11 20:48:58.0	Ana2 - 2: T.Zuluft	15.9
2021-03-11 20:48:58.0	Ana3 - 3: T.Abluft	19.8
2021-03-11 20:48:58.0	Ana4 - 4: T.Fortluft	13.6
2021-03-11 20:48:58.0	Ana5 - 5: T.Raum	9999.9
2021-03-11 20:48:58.0	Ana9 - 9: T.Zuluft WRG warm	19.0
2021-03-11 20:49:08.0	Ana1 - 1: T.Au?en	8.4
2021-03-11 20:49:08.0	Ana2 - 2: T.Zuluft	15.9
2021-03-11 20:49:08.0	Ana3 - 3: T.Abluft	19.8
2021-03-11 20:49:08.0	Ana4 - 4: T.Fortluft	13.6
2021-03-11 20:49:08.0	Ana5 - 5: T.Raum	9999.9
2021-03-11 20:49:08.0	Ana9 - 9: T.Zuluft WRG warm	19.0
2021-03-11 20:49:18.0	Ana1 - 1: T.Au?en	8.4
2021-03-11 20:49:18.0	Ana2 - 2: T.Zuluft	15.9
2021-03-11 20:49:18.0	Ana3 - 3: T.Abluft	19.8
2021-03-11 20:49:18.0	Ana4 - 4: T.Fortluft	13.6
2021-03-11 20:49:18.0	Ana5 - 5: T.Raum	9999.9
2021-03-11 20:49:18.0	Ana9 - 9: T.Zuluft WRG warm	19.0
2021-03-11 20:49:28.0	Ana1 - 1: T.Au?en	8.4
2021-03-11 20:49:28.0	Ana2 - 2: T.Zuluft	15.9
2021-03-11 20:49:28.0	Ana3 - 3: T.Abluft	19.8
2021-03-11 20:49:28.0	Ana4 - 4: T.Fortluft	13.6
2021-03-11 20:49:28.0	Ana5 - 5: T.Raum	9999.9
2021-03-11 20:49:28.0	Ana9 - 9: T.Zuluft WRG warm	19.0
2021-03-11 20:49:38.0	Ana1 - 1: T.Au?en	8.4
2021-03-11 20:49:38.0	Ana2 - 2: T.Zuluft	15.9
2021-03-11 20:49:38.0	Ana3 - 3: T.Abluft	19.8
2021-03-11 20:49:38.0	Ana4 - 4: T.Fortluft	13.6
2021-03-11 20:49:38.0	Ana5 - 5: T.Raum	9999.9
2021-03-11 20:49:38.0	Ana9 - 9: T.Zuluft WRG warm	19.0
2021-03-11 20:49:48.0	Ana1 - 1: T.Au?en	8.4
2021-03-11 20:49:48.0	Ana2 - 2: T.Zuluft	15.9
2021-03-11 20:49:48.0	Ana3 - 3: T.Abluft	19.8
2021-03-11 20:49:48.0	Ana4 - 4: T.Fortluft	13.6
2021-03-11 20:49:48.0	Ana5 - 5: T.Raum	9999.9
2021-03-11 20:49:48.0	Ana9 - 9: T.Zuluft WRG warm	19.0
2021-03-11 20:49:58.0	Ana1 - 1: T.Au?en	8.3
2021-03-11 20:49:58.0	Ana2 - 2: T.Zuluft	15.9
2021-03-11 20:49:58.0	Ana3 - 3: T.Abluft	19.8
2021-03-11 20:49:58.0	Ana4 - 4: T.Fortluft	13.6
2021-03-11 20:49:58.0	Ana5 - 5: T.Raum	9999.9
2021-03-11 20:49:58.0	Ana9 - 9: T.Zuluft WRG warm	19.0
2021-03-11 20:50:08.0	Ana1 - 1: T.Au?en	8.3
2021-03-11 20:50:08.0	Ana2 - 2: T.Zuluft	15.9
2021-03-11 20:50:08.0	Ana3 - 3: T.Abluft	19.8
2021-03-11 20:50:08.0	Ana4 - 4: T.Fortluft	13.6
2021-03-11 20:50:08.0	Ana5 - 5: T.Raum	9999.9
2021-03-11 20:50:08.0	Ana9 - 9: T.Zuluft WRG warm	19.0
2021-03-11 20:50:18.0	Ana1 - 1: T.Au?en	8.3
2021-03-11 20:50:18.0	Ana2 - 2: T.Zuluft	15.9
2021-03-11 20:50:18.0	Ana3 - 3: T.Abluft	19.8
2021-03-11 20:50:18.0	Ana4 - 4: T.Fortluft	13.6
2021-03-11 20:50:18.0	Ana5 - 5: T.Raum	9999.9
2021-03-11 20:50:18.0	Ana9 - 9: T.Zuluft WRG warm	19.0
2021-03-11 20:50:28.0	Ana1 - 1: T.Au?en	8.3
2021-03-11 20:50:28.0	Ana2 - 2: T.Zuluft	15.9
2021-03-11 20:50:28.0	Ana3 - 3: T.Abluft	19.8
2021-03-11 20:50:28.0	Ana4 - 4: T.Fortluft	13.6
2021-03-11 20:50:28.0	Ana5 - 5: T.Raum	9999.9
2021-03-11 20:50:28.0	Ana9 - 9: T.Zuluft WRG warm	19.0
2021-03-11 20:50:38.0	Ana1 - 1: T.Au?en	8.3
2021-03-11 20:50:38.0	Ana2 - 2: T.Zuluft	15.9
2021-03-11 20:50:38.0	Ana3 - 3: T.Abluft	19.8
2021-03-11 20:50:38.0	Ana4 - 4: T.Fortluft	13.6
2021-03-11 20:50:38.0	Ana5 - 5: T.Raum	9999.9
2021-03-11 20:50:38.0	Ana9 - 9: T.Zuluft WRG warm	19.0
2021-03-11 20:50:48.0	Ana1 - 1: T.Au?en	8.3
2021-03-11 20:50:48.0	Ana2 - 2: T.Zuluft	15.9
2021-03-11 20:50:48.0	Ana3 - 3: T.Abluft	19.8
2021-03-11 20:50:48.0	Ana4 - 4: T.Fortluft	13.6
2021-03-11 20:50:48.0	Ana5 - 5: T.Raum	9999.9
2021-03-11 20:50:48.0	Ana9 - 9: T.Zuluft WRG warm	19.0
2021-03-11 20:50:58.0	Ana1 - 1: T.Au?en	8.4
2021-03-11 20:50:58.0	Ana2 - 2: T.Zuluft	15.8
2021-03-11 20:50:58.0	Ana3 - 3: T.Abluft	19.8
2021-03-11 20:50:58.0	Ana4 - 4: T.Fortluft	13.6
2021-03-11 20:50:58.0	Ana5 - 5: T.Raum	9999.9
2021-03-11 20:50:58.0	Ana9 - 9: T.Zuluft WRG warm	19.0
2021-03-11 20:51:08.0	Ana1 - 1: T.Au?en	8.4
2021-03-11 20:51:08.0	Ana2 - 2: T.Zuluft	15.8
2021-03-11 20:51:08.0	Ana3 - 3: T.Abluft	19.8
2021-03-11 20:51:08.0	Ana4 - 4: T.Fortluft	13.6
2021-03-11 20:51:08.0	Ana5 - 5: T.Raum	9999.9
2021-03-11 20:51:08.0	Ana9 - 9: T.Zuluft WRG warm	19.0
2021-03-11 20:51:18.0	Ana1 - 1: T.Au?en	8.3
2021-03-11 20:51:18.0	Ana2 - 2: T.Zuluft	15.8
2021-03-11 20:51:18.0	Ana3 - 3: T.Abluft	19.8
2021-03-11 20:51:18.0	Ana4 - 4: T.Fortluft	13.6
2021-03-11 20:51:18.0	Ana5 - 5: T.Raum	9999.9
2021-03-11 20:51:18.0	Ana9 - 9: T.Zuluft WRG warm	19.0
2021-03-11 20:51:28.0	Ana1 - 1: T.Au?en	8.3
2021-03-11 20:51:28.0	Ana2 - 2: T.Zuluft	15.8
2021-03-11 20:51:28.0	Ana3 - 3: T.Abluft	19.8
2021-03-11 20:51:28.0	Ana4 - 4: T.Fortluft	13.6
2021-03-11 20:51:28.0	Ana5 - 5: T.Raum	9999.9
2021-03-11 20:51:28.0	Ana9 - 9: T.Zuluft WRG warm	19.0
2021-03-11 20:51:38.0	Ana1 - 1: T.Au?en	8.3
2021-03-11 20:51:38.0	Ana2 - 2: T.Zuluft	15.8
2021-03-11 20:51:38.0	Ana3 - 3: T.Abluft	19.8
2021-03-11 20:51:38.0	Ana4 - 4: T.Fortluft	13.6
2021-03-11 20:51:38.0	Ana5 - 5: T.Raum	9999.9
2021-03-11 20:51:38.0	Ana9 - 9: T.Zuluft WRG warm	19.0
2021-03-11 20:51:48.0	Ana1 - 1: T.Au?en	8.3
2021-03-11 20:51:48.0	Ana2 - 2: T.Zuluft	15.9
2021-03-11 20:51:48.0	Ana3 - 3: T.Abluft	19.8
2021-03-11 20:51:48.0	Ana4 - 4: T.Fortluft	13.6
2021-03-11 20:51:48.0	Ana5 - 5: T.Raum	9999.9
2021-03-11 20:51:48.0	Ana9 - 9: T.Zuluft WRG warm	19.0
2021-03-11 20:51:58.0	Ana1 - 1: T.Au?en	8.3
2021-03-11 20:51:58.0	Ana2 - 2: T.Zuluft	15.8
2021-03-11 20:51:58.0	Ana3 - 3: T.Abluft	19.8
2021-03-11 20:51:58.0	Ana4 - 4: T.Fortluft	13.6
2021-03-11 20:51:58.0	Ana5 - 5: T.Raum	9999.9
2021-03-11 20:51:58.0	Ana9 - 9: T.Zuluft WRG warm	19.0
2021-03-11 20:52:08.0	Ana1 - 1: T.Au?en	8.3
2021-03-11 20:52:08.0	Ana2 - 2: T.Zuluft	15.8
2021-03-11 20:52:08.0	Ana3 - 3: T.Abluft	19.8
2021-03-11 20:52:08.0	Ana4 - 4: T.Fortluft	13.6
2021-03-11 20:52:08.0	Ana5 - 5: T.Raum	9999.9
2021-03-11 20:52:08.0	Ana9 - 9: T.Zuluft WRG warm	19.0
2021-03-11 20:52:18.0	Ana1 - 1: T.Au?en	8.3
2021-03-11 20:52:18.0	Ana2 - 2: T.Zuluft	15.8
2021-03-11 20:52:18.0	Ana3 - 3: T.Abluft	19.8
2021-03-11 20:52:18.0	Ana4 - 4: T.Fortluft	13.6
2021-03-11 20:52:18.0	Ana5 - 5: T.Raum	9999.9
2021-03-11 20:52:18.0	Ana9 - 9: T.Zuluft WRG warm	19.0
2021-03-11 20:52:28.0	Ana1 - 1: T.Au?en	8.3
2021-03-11 20:52:28.0	Ana2 - 2: T.Zuluft	15.8
2021-03-11 20:52:28.0	Ana3 - 3: T.Abluft	19.8
2021-03-11 20:52:28.0	Ana4 - 4: T.Fortluft	13.6
2021-03-11 20:52:28.0	Ana5 - 5: T.Raum	9999.9
2021-03-11 20:52:28.0	Ana9 - 9: T.Zuluft WRG warm	19.0
2021-03-11 20:52:38.0	Ana1 - 1: T.Au?en	8.3
2021-03-11 20:52:38.0	Ana2 - 2: T.Zuluft	15.8
2021-03-11 20:52:38.0	Ana3 - 3: T.Abluft	19.8
2021-03-11 20:52:38.0	Ana4 - 4: T.Fortluft	13.6
2021-03-11 20:52:38.0	Ana5 - 5: T.Raum	9999.9
2021-03-11 20:52:38.0	Ana9 - 9: T.Zuluft WRG warm	19.0
2021-03-11 20:52:48.0	Ana1 - 1: T.Au?en	8.3
2021-03-11 20:52:48.0	Ana2 - 2: T.Zuluft	15.8
2021-03-11 20:52:48.0	Ana3 - 3: T.Abluft	19.8
2021-03-11 20:52:48.0	Ana4 - 4: T.Fortluft	13.6
2021-03-11 20:52:48.0	Ana5 - 5: T.Raum	9999.9
2021-03-11 20:52:48.0	Ana9 - 9: T.Zuluft WRG warm	19.0
2021-03-11 20:52:58.0	Ana1 - 1: T.Au?en	8.3
2021-03-11 20:52:58.0	Ana2 - 2: T.Zuluft	15.8
2021-03-11 20:52:58.0	Ana3 - 3: T.Abluft	19.8
2021-03-11 20:52:58.0	Ana4 - 4: T.Fortluft	13.6
2021-03-11 20:52:58.0	Ana5 - 5: T.Raum	9999.9
2021-03-11 20:52:58.0	Ana9 - 9: T.Zuluft WRG warm	19.0
2021-03-11 20:53:08.0	Ana1 - 1: T.Au?en	8.3
2021-03-11 20:53:08.0	Ana2 - 2: T.Zuluft	15.8
2021-03-11 20:53:08.0	Ana3 - 3: T.Abluft	19.8
2021-03-11 20:53:08.0	Ana4 - 4: T.Fortluft	13.6
2021-03-11 20:53:08.0	Ana5 - 5: T.Raum	9999.9
2021-03-11 20:53:08.0	Ana9 - 9: T.Zuluft WRG warm	19.0
2021-03-11 20:53:18.0	Ana1 - 1: T.Au?en	8.3
2021-03-11 20:53:18.0	Ana2 - 2: T.Zuluft	15.8
2021-03-11 20:53:18.0	Ana3 - 3: T.Abluft	19.8
2021-03-11 20:53:18.0	Ana4 - 4: T.Fortluft	13.6
2021-03-11 20:53:18.0	Ana5 - 5: T.Raum	9999.9
2021-03-11 20:53:18.0	Ana9 - 9: T.Zuluft WRG warm	19.0
2021-03-11 20:53:28.0	Ana1 - 1: T.Au?en	8.3
2021-03-11 20:53:28.0	Ana2 - 2: T.Zuluft	15.8
2021-03-11 20:53:28.0	Ana3 - 3: T.Abluft	19.8
2021-03-11 20:53:28.0	Ana4 - 4: T.Fortluft	13.6
2021-03-11 20:53:28.0	Ana5 - 5: T.Raum	9999.9
2021-03-11 20:53:28.0	Ana9 - 9: T.Zuluft WRG warm	19.0
2021-03-11 20:53:38.0	Ana1 - 1: T.Au?en	8.3
2021-03-11 20:53:38.0	Ana2 - 2: T.Zuluft	15.8
2021-03-11 20:53:38.0	Ana3 - 3: T.Abluft	19.7
2021-03-11 20:53:38.0	Ana4 - 4: T.Fortluft	13.6
2021-03-11 20:53:38.0	Ana5 - 5: T.Raum	9999.9
2021-03-11 20:53:38.0	Ana9 - 9: T.Zuluft WRG warm	19.0
2021-03-11 20:53:48.0	Ana1 - 1: T.Au?en	8.3
2021-03-11 20:53:48.0	Ana2 - 2: T.Zuluft	15.8
2021-03-11 20:53:48.0	Ana3 - 3: T.Abluft	19.8
2021-03-11 20:53:48.0	Ana4 - 4: T.Fortluft	13.6
2021-03-11 20:53:48.0	Ana5 - 5: T.Raum	9999.9
2021-03-11 20:53:48.0	Ana9 - 9: T.Zuluft WRG warm	19.0
2021-03-11 20:53:58.0	Ana1 - 1: T.Au?en	8.2
2021-03-11 20:53:58.0	Ana2 - 2: T.Zuluft	15.8
2021-03-11 20:53:58.0	Ana3 - 3: T.Abluft	19.8
2021-03-11 20:53:58.0	Ana4 - 4: T.Fortluft	13.6
2021-03-11 20:53:58.0	Ana5 - 5: T.Raum	9999.9
2021-03-11 20:53:58.0	Ana9 - 9: T.Zuluft WRG warm	19.0
2021-03-11 20:54:08.0	Ana1 - 1: T.Au?en	8.2
2021-03-11 20:54:08.0	Ana2 - 2: T.Zuluft	15.8
2021-03-11 20:54:08.0	Ana3 - 3: T.Abluft	19.8
2021-03-11 20:54:08.0	Ana4 - 4: T.Fortluft	13.5
2021-03-11 20:54:08.0	Ana5 - 5: T.Raum	9999.9
2021-03-11 20:54:08.0	Ana9 - 9: T.Zuluft WRG warm	19.0
2021-03-11 20:54:18.0	Ana1 - 1: T.Au?en	8.2
2021-03-11 20:54:18.0	Ana2 - 2: T.Zuluft	15.8
2021-03-11 20:54:18.0	Ana3 - 3: T.Abluft	19.8
2021-03-11 20:54:18.0	Ana4 - 4: T.Fortluft	13.5
2021-03-11 20:54:18.0	Ana5 - 5: T.Raum	9999.9
2021-03-11 20:54:18.0	Ana9 - 9: T.Zuluft WRG warm	19.0
2021-03-11 20:54:28.0	Ana1 - 1: T.Au?en	8.2
2021-03-11 20:54:28.0	Ana2 - 2: T.Zuluft	15.8
2021-03-11 20:54:28.0	Ana3 - 3: T.Abluft	19.8
2021-03-11 20:54:28.0	Ana4 - 4: T.Fortluft	13.5
2021-03-11 20:54:28.0	Ana5 - 5: T.Raum	9999.9
2021-03-11 20:54:28.0	Ana9 - 9: T.Zuluft WRG warm	19.0
2021-03-11 20:54:38.0	Ana1 - 1: T.Au?en	8.2
2021-03-11 20:54:38.0	Ana2 - 2: T.Zuluft	15.8
2021-03-11 20:54:38.0	Ana3 - 3: T.Abluft	19.8
2021-03-11 20:54:38.0	Ana4 - 4: T.Fortluft	13.5
2021-03-11 20:54:38.0	Ana5 - 5: T.Raum	9999.9
2021-03-11 20:54:38.0	Ana9 - 9: T.Zuluft WRG warm	19.0
2021-03-11 20:54:48.0	Ana1 - 1: T.Au?en	8.2
2021-03-11 20:54:48.0	Ana2 - 2: T.Zuluft	15.8
2021-03-11 20:54:48.0	Ana3 - 3: T.Abluft	19.8
2021-03-11 20:54:48.0	Ana4 - 4: T.Fortluft	13.5
2021-03-11 20:54:48.0	Ana5 - 5: T.Raum	9999.9
2021-03-11 20:54:48.0	Ana9 - 9: T.Zuluft WRG warm	19.0
2021-03-11 20:54:58.0	Ana1 - 1: T.Au?en	8.2
2021-03-11 20:54:58.0	Ana2 - 2: T.Zuluft	15.8
2021-03-11 20:54:58.0	Ana3 - 3: T.Abluft	19.8
2021-03-11 20:54:58.0	Ana4 - 4: T.Fortluft	13.5
2021-03-11 20:54:58.0	Ana5 - 5: T.Raum	9999.9
2021-03-11 20:54:58.0	Ana9 - 9: T.Zuluft WRG warm	19.0
2021-03-11 20:55:08.0	Ana1 - 1: T.Au?en	8.2
2021-03-11 20:55:08.0	Ana2 - 2: T.Zuluft	15.8
2021-03-11 20:55:08.0	Ana3 - 3: T.Abluft	19.8
2021-03-11 20:55:08.0	Ana4 - 4: T.Fortluft	13.5
2021-03-11 20:55:08.0	Ana5 - 5: T.Raum	9999.9
2021-03-11 20:55:08.0	Ana9 - 9: T.Zuluft WRG warm	19.0
2021-03-11 20:55:18.0	Ana1 - 1: T.Au?en	8.2
2021-03-11 20:55:18.0	Ana2 - 2: T.Zuluft	15.8
2021-03-11 20:55:18.0	Ana3 - 3: T.Abluft	19.8
2021-03-11 20:55:18.0	Ana4 - 4: T.Fortluft	13.5
2021-03-11 20:55:18.0	Ana5 - 5: T.Raum	9999.9
2021-03-11 20:55:18.0	Ana9 - 9: T.Zuluft WRG warm	19.0
2021-03-11 20:55:28.0	Ana1 - 1: T.Au?en	8.2
2021-03-11 20:55:28.0	Ana2 - 2: T.Zuluft	15.8
2021-03-11 20:55:28.0	Ana3 - 3: T.Abluft	19.8
2021-03-11 20:55:28.0	Ana4 - 4: T.Fortluft	13.5
2021-03-11 20:55:28.0	Ana5 - 5: T.Raum	9999.9
2021-03-11 20:55:28.0	Ana9 - 9: T.Zuluft WRG warm	19.0
2021-03-11 20:55:38.0	Ana1 - 1: T.Au?en	8.2
2021-03-11 20:55:38.0	Ana2 - 2: T.Zuluft	15.8
2021-03-11 20:55:38.0	Ana3 - 3: T.Abluft	19.8
2021-03-11 20:55:38.0	Ana4 - 4: T.Fortluft	13.5
2021-03-11 20:55:38.0	Ana5 - 5: T.Raum	9999.9
2021-03-11 20:55:38.0	Ana9 - 9: T.Zuluft WRG warm	19.0
2021-03-11 20:55:48.0	Ana1 - 1: T.Au?en	8.2
2021-03-11 20:55:48.0	Ana2 - 2: T.Zuluft	15.8
2021-03-11 20:55:48.0	Ana3 - 3: T.Abluft	19.8
2021-03-11 20:55:48.0	Ana4 - 4: T.Fortluft	13.5
2021-03-11 20:55:48.0	Ana5 - 5: T.Raum	9999.9
2021-03-11 20:55:48.0	Ana9 - 9: T.Zuluft WRG warm	19.0
2021-03-11 20:55:58.0	Ana1 - 1: T.Au?en	8.2
2021-03-11 20:55:58.0	Ana2 - 2: T.Zuluft	15.8
2021-03-11 20:55:58.0	Ana3 - 3: T.Abluft	19.8
2021-03-11 20:55:58.0	Ana4 - 4: T.Fortluft	13.5
2021-03-11 20:55:58.0	Ana5 - 5: T.Raum	9999.9
2021-03-11 20:55:58.0	Ana9 - 9: T.Zuluft WRG warm	19.0
2021-03-11 20:56:08.0	Ana1 - 1: T.Au?en	8.2
2021-03-11 20:56:08.0	Ana2 - 2: T.Zuluft	15.8
2021-03-11 20:56:08.0	Ana3 - 3: T.Abluft	19.8
2021-03-11 20:56:08.0	Ana4 - 4: T.Fortluft	13.5
2021-03-11 20:56:08.0	Ana5 - 5: T.Raum	9999.9
2021-03-11 20:56:08.0	Ana9 - 9: T.Zuluft WRG warm	19.0
2021-03-11 20:56:18.0	Ana1 - 1: T.Au?en	8.2
2021-03-11 20:56:18.0	Ana2 - 2: T.Zuluft	15.8
2021-03-11 20:56:18.0	Ana3 - 3: T.Abluft	19.8
2021-03-11 20:56:18.0	Ana4 - 4: T.Fortluft	13.5
2021-03-11 20:56:18.0	Ana5 - 5: T.Raum	9999.9
2021-03-11 20:56:18.0	Ana9 - 9: T.Zuluft WRG warm	19.0
2021-03-11 20:56:28.0	Ana1 - 1: T.Au?en	8.2
2021-03-11 20:56:28.0	Ana2 - 2: T.Zuluft	15.8
2021-03-11 20:56:28.0	Ana3 - 3: T.Abluft	19.8
2021-03-11 20:56:28.0	Ana4 - 4: T.Fortluft	13.5
2021-03-11 20:56:28.0	Ana5 - 5: T.Raum	9999.9
2021-03-11 20:56:28.0	Ana9 - 9: T.Zuluft WRG warm	19.0
2021-03-11 20:56:38.0	Ana1 - 1: T.Au?en	8.2
2021-03-11 20:56:38.0	Ana2 - 2: T.Zuluft	15.8
2021-03-11 20:56:38.0	Ana3 - 3: T.Abluft	19.8
2021-03-11 20:56:38.0	Ana4 - 4: T.Fortluft	13.5
2021-03-11 20:56:38.0	Ana5 - 5: T.Raum	9999.9
2021-03-11 20:56:38.0	Ana9 - 9: T.Zuluft WRG warm	19.0
2021-03-11 20:56:48.0	Ana1 - 1: T.Au?en	8.2
2021-03-11 20:56:48.0	Ana2 - 2: T.Zuluft	15.8
2021-03-11 20:56:48.0	Ana3 - 3: T.Abluft	19.8
2021-03-11 20:56:48.0	Ana4 - 4: T.Fortluft	13.5
2021-03-11 20:56:48.0	Ana5 - 5: T.Raum	9999.9
2021-03-11 20:56:48.0	Ana9 - 9: T.Zuluft WRG warm	19.0
2021-03-11 20:56:58.0	Ana1 - 1: T.Au?en	8.2
2021-03-11 20:56:58.0	Ana2 - 2: T.Zuluft	15.8
2021-03-11 20:56:58.0	Ana3 - 3: T.Abluft	19.8
2021-03-11 20:56:58.0	Ana4 - 4: T.Fortluft	13.5
2021-03-11 20:56:58.0	Ana5 - 5: T.Raum	9999.9
2021-03-11 20:56:58.0	Ana9 - 9: T.Zuluft WRG warm	19.0
2021-03-11 20:57:08.0	Ana1 - 1: T.Au?en	8.2
2021-03-11 20:57:08.0	Ana2 - 2: T.Zuluft	15.8
2021-03-11 20:57:08.0	Ana3 - 3: T.Abluft	19.8
2021-03-11 20:57:08.0	Ana4 - 4: T.Fortluft	13.5
2021-03-11 20:57:08.0	Ana5 - 5: T.Raum	9999.9
2021-03-11 20:57:08.0	Ana9 - 9: T.Zuluft WRG warm	19.0
2021-03-11 20:57:18.0	Ana1 - 1: T.Au?en	8.2
2021-03-11 20:57:18.0	Ana2 - 2: T.Zuluft	15.8
2021-03-11 20:57:18.0	Ana3 - 3: T.Abluft	19.8
2021-03-11 20:57:18.0	Ana4 - 4: T.Fortluft	13.5
2021-03-11 20:57:18.0	Ana5 - 5: T.Raum	9999.9
2021-03-11 20:57:18.0	Ana9 - 9: T.Zuluft WRG warm	19.0
2021-03-11 20:57:28.0	Ana1 - 1: T.Au?en	8.2
2021-03-11 20:57:28.0	Ana2 - 2: T.Zuluft	15.8
2021-03-11 20:57:28.0	Ana3 - 3: T.Abluft	19.8
2021-03-11 20:57:28.0	Ana4 - 4: T.Fortluft	13.5
2021-03-11 20:57:28.0	Ana5 - 5: T.Raum	9999.9
2021-03-11 20:57:28.0	Ana9 - 9: T.Zuluft WRG warm	19.0
2021-03-11 20:57:38.0	Ana1 - 1: T.Au?en	8.2
2021-03-11 20:57:38.0	Ana2 - 2: T.Zuluft	15.8
2021-03-11 20:57:38.0	Ana3 - 3: T.Abluft	19.8
2021-03-11 20:57:38.0	Ana4 - 4: T.Fortluft	13.5
2021-03-11 20:57:38.0	Ana5 - 5: T.Raum	9999.9
2021-03-11 20:57:38.0	Ana9 - 9: T.Zuluft WRG warm	19.0
2021-03-11 20:57:48.0	Ana1 - 1: T.Au?en	8.2
2021-03-11 20:57:48.0	Ana2 - 2: T.Zuluft	15.8
2021-03-11 20:57:48.0	Ana3 - 3: T.Abluft	19.8
2021-03-11 20:57:48.0	Ana4 - 4: T.Fortluft	13.5
2021-03-11 20:57:48.0	Ana5 - 5: T.Raum	9999.9
2021-03-11 20:57:48.0	Ana9 - 9: T.Zuluft WRG warm	19.0
2021-03-11 20:57:58.0	Ana1 - 1: T.Au?en	8.2
2021-03-11 20:57:58.0	Ana2 - 2: T.Zuluft	15.8
2021-03-11 20:57:58.0	Ana3 - 3: T.Abluft	19.8
2021-03-11 20:57:58.0	Ana4 - 4: T.Fortluft	13.5
2021-03-11 20:57:58.0	Ana5 - 5: T.Raum	9999.9
2021-03-11 20:57:58.0	Ana9 - 9: T.Zuluft WRG warm	19.0
2021-03-11 20:58:08.0	Ana1 - 1: T.Au?en	8.2
2021-03-11 20:58:08.0	Ana2 - 2: T.Zuluft	15.8
2021-03-11 20:58:08.0	Ana3 - 3: T.Abluft	19.8
2021-03-11 20:58:08.0	Ana4 - 4: T.Fortluft	13.5
2021-03-11 20:58:08.0	Ana5 - 5: T.Raum	9999.9
2021-03-11 20:58:08.0	Ana9 - 9: T.Zuluft WRG warm	19.0
2021-03-11 20:58:18.0	Ana1 - 1: T.Au?en	8.2
2021-03-11 20:58:18.0	Ana2 - 2: T.Zuluft	15.8
2021-03-11 20:58:18.0	Ana3 - 3: T.Abluft	19.8
2021-03-11 20:58:18.0	Ana4 - 4: T.Fortluft	13.5
2021-03-11 20:58:18.0	Ana5 - 5: T.Raum	9999.9
2021-03-11 20:58:18.0	Ana9 - 9: T.Zuluft WRG warm	19.0
2021-03-11 20:58:28.0	Ana1 - 1: T.Au?en	8.2
2021-03-11 20:58:28.0	Ana2 - 2: T.Zuluft	15.8
2021-03-11 20:58:28.0	Ana3 - 3: T.Abluft	19.8
2021-03-11 20:58:28.0	Ana4 - 4: T.Fortluft	13.5
2021-03-11 20:58:28.0	Ana5 - 5: T.Raum	9999.9
2021-03-11 20:58:28.0	Ana9 - 9: T.Zuluft WRG warm	19.0
2021-03-11 20:58:38.0	Ana1 - 1: T.Au?en	8.2
2021-03-11 20:58:38.0	Ana2 - 2: T.Zuluft	15.8
2021-03-11 20:58:38.0	Ana3 - 3: T.Abluft	19.8
2021-03-11 20:58:38.0	Ana4 - 4: T.Fortluft	13.5
2021-03-11 20:58:38.0	Ana5 - 5: T.Raum	9999.9
2021-03-11 20:58:38.0	Ana9 - 9: T.Zuluft WRG warm	19.0
2021-03-11 20:58:48.0	Ana1 - 1: T.Au?en	8.2
2021-03-11 20:58:48.0	Ana2 - 2: T.Zuluft	15.8
2021-03-11 20:58:48.0	Ana3 - 3: T.Abluft	19.8
2021-03-11 20:58:48.0	Ana4 - 4: T.Fortluft	13.5
2021-03-11 20:58:48.0	Ana5 - 5: T.Raum	9999.9
2021-03-11 20:58:48.0	Ana9 - 9: T.Zuluft WRG warm	19.0
2021-03-11 20:58:58.0	Ana1 - 1: T.Au?en	8.2
2021-03-11 20:58:58.0	Ana2 - 2: T.Zuluft	15.8
2021-03-11 20:58:58.0	Ana3 - 3: T.Abluft	19.8
2021-03-11 20:58:58.0	Ana4 - 4: T.Fortluft	13.5
2021-03-11 20:58:58.0	Ana5 - 5: T.Raum	9999.9
2021-03-11 20:58:58.0	Ana9 - 9: T.Zuluft WRG warm	19.0
2021-03-11 20:59:08.0	Ana1 - 1: T.Au?en	8.2
2021-03-11 20:59:08.0	Ana2 - 2: T.Zuluft	15.8
2021-03-11 20:59:08.0	Ana3 - 3: T.Abluft	19.8
2021-03-11 20:59:08.0	Ana4 - 4: T.Fortluft	13.5
2021-03-11 20:59:08.0	Ana5 - 5: T.Raum	9999.9
2021-03-11 20:59:08.0	Ana9 - 9: T.Zuluft WRG warm	19.0
2021-03-11 20:59:18.0	Ana1 - 1: T.Au?en	8.2
2021-03-11 20:59:18.0	Ana2 - 2: T.Zuluft	15.8
2021-03-11 20:59:18.0	Ana3 - 3: T.Abluft	19.8
2021-03-11 20:59:18.0	Ana4 - 4: T.Fortluft	13.5
2021-03-11 20:59:18.0	Ana5 - 5: T.Raum	9999.9
2021-03-11 20:59:18.0	Ana9 - 9: T.Zuluft WRG warm	19.0
2021-03-11 20:59:28.0	Ana1 - 1: T.Au?en	8.2
2021-03-11 20:59:28.0	Ana2 - 2: T.Zuluft	15.8
2021-03-11 20:59:28.0	Ana3 - 3: T.Abluft	19.8
2021-03-11 20:59:28.0	Ana4 - 4: T.Fortluft	13.5
2021-03-11 20:59:28.0	Ana5 - 5: T.Raum	9999.9
2021-03-11 20:59:28.0	Ana9 - 9: T.Zuluft WRG warm	19.0
2021-03-11 20:59:38.0	Ana1 - 1: T.Au?en	8.2
2021-03-11 20:59:38.0	Ana2 - 2: T.Zuluft	15.8
2021-03-11 20:59:38.0	Ana3 - 3: T.Abluft	19.8
2021-03-11 20:59:38.0	Ana4 - 4: T.Fortluft	13.5
2021-03-11 20:59:38.0	Ana5 - 5: T.Raum	9999.9
2021-03-11 20:59:38.0	Ana9 - 9: T.Zuluft WRG warm	19.0
2021-03-11 20:59:48.0	Ana1 - 1: T.Au?en	8.2
2021-03-11 20:59:48.0	Ana2 - 2: T.Zuluft	15.8
2021-03-11 20:59:48.0	Ana3 - 3: T.Abluft	19.8
2021-03-11 20:59:48.0	Ana4 - 4: T.Fortluft	13.5
2021-03-11 20:59:48.0	Ana5 - 5: T.Raum	9999.9
2021-03-11 20:59:48.0	Ana9 - 9: T.Zuluft WRG warm	19.0
2021-03-11 20:59:58.0	Ana1 - 1: T.Au?en	8.2
2021-03-11 20:59:58.0	Ana2 - 2: T.Zuluft	15.8
2021-03-11 20:59:58.0	Ana3 - 3: T.Abluft	19.8
2021-03-11 20:59:58.0	Ana4 - 4: T.Fortluft	13.5
2021-03-11 20:59:58.0	Ana5 - 5: T.Raum	9999.9
2021-03-11 20:59:58.0	Ana9 - 9: T.Zuluft WRG warm	19.0
2021-03-11 21:00:08.0	Ana1 - 1: T.Au?en	8.2
2021-03-11 21:00:08.0	Ana2 - 2: T.Zuluft	15.8
2021-03-11 21:00:08.0	Ana3 - 3: T.Abluft	19.8
2021-03-11 21:00:08.0	Ana4 - 4: T.Fortluft	13.5
2021-03-11 21:00:08.0	Ana5 - 5: T.Raum	9999.9
2021-03-11 21:00:08.0	Ana9 - 9: T.Zuluft WRG warm	19.0
2021-03-11 21:00:18.0	Ana1 - 1: T.Au?en	8.2
2021-03-11 21:00:18.0	Ana2 - 2: T.Zuluft	15.8
2021-03-11 21:00:18.0	Ana3 - 3: T.Abluft	19.8
2021-03-11 21:00:18.0	Ana4 - 4: T.Fortluft	13.5
2021-03-11 21:00:18.0	Ana5 - 5: T.Raum	9999.9
2021-03-11 21:00:18.0	Ana9 - 9: T.Zuluft WRG warm	19.1
2021-03-11 21:00:28.0	Ana1 - 1: T.Au?en	8.2
2021-03-11 21:00:28.0	Ana2 - 2: T.Zuluft	15.8
2021-03-11 21:00:28.0	Ana3 - 3: T.Abluft	19.8
2021-03-11 21:00:28.0	Ana4 - 4: T.Fortluft	13.5
2021-03-11 21:00:28.0	Ana5 - 5: T.Raum	9999.9
2021-03-11 21:00:28.0	Ana9 - 9: T.Zuluft WRG warm	19.1
2021-03-11 21:00:38.0	Ana1 - 1: T.Au?en	8.2
2021-03-11 21:00:38.0	Ana2 - 2: T.Zuluft	15.8
2021-03-11 21:00:38.0	Ana3 - 3: T.Abluft	19.8
2021-03-11 21:00:38.0	Ana4 - 4: T.Fortluft	13.5
2021-03-11 21:00:38.0	Ana5 - 5: T.Raum	9999.9
2021-03-11 21:00:38.0	Ana9 - 9: T.Zuluft WRG warm	19.1
2021-03-11 21:00:48.0	Ana1 - 1: T.Au?en	8.2
2021-03-11 21:00:48.0	Ana2 - 2: T.Zuluft	15.8
2021-03-11 21:00:48.0	Ana3 - 3: T.Abluft	19.8
2021-03-11 21:00:48.0	Ana4 - 4: T.Fortluft	13.5
2021-03-11 21:00:48.0	Ana5 - 5: T.Raum	9999.9
2021-03-11 21:00:48.0	Ana9 - 9: T.Zuluft WRG warm	19.1
2021-03-11 21:00:58.0	Ana1 - 1: T.Au?en	8.2
2021-03-11 21:00:58.0	Ana2 - 2: T.Zuluft	15.8
2021-03-11 21:00:58.0	Ana3 - 3: T.Abluft	19.8
2021-03-11 21:00:58.0	Ana4 - 4: T.Fortluft	13.5
2021-03-11 21:00:58.0	Ana5 - 5: T.Raum	9999.9
2021-03-11 21:00:58.0	Ana9 - 9: T.Zuluft WRG warm	19.1
2021-03-11 21:01:08.0	Ana1 - 1: T.Au?en	8.3
2021-03-11 21:01:08.0	Ana2 - 2: T.Zuluft	15.8
2021-03-11 21:01:08.0	Ana3 - 3: T.Abluft	19.8
2021-03-11 21:01:08.0	Ana4 - 4: T.Fortluft	13.5
2021-03-11 21:01:08.0	Ana5 - 5: T.Raum	9999.9
2021-03-11 21:01:08.0	Ana9 - 9: T.Zuluft WRG warm	19.1
2021-03-11 21:01:18.0	Ana1 - 1: T.Au?en	8.3
2021-03-11 21:01:18.0	Ana2 - 2: T.Zuluft	15.7
2021-03-11 21:01:18.0	Ana3 - 3: T.Abluft	19.8
2021-03-11 21:01:18.0	Ana4 - 4: T.Fortluft	13.5
2021-03-11 21:01:18.0	Ana5 - 5: T.Raum	9999.9
2021-03-11 21:01:18.0	Ana9 - 9: T.Zuluft WRG warm	19.1
2021-03-11 21:01:28.0	Ana1 - 1: T.Au?en	8.3
2021-03-11 21:01:28.0	Ana2 - 2: T.Zuluft	15.7
2021-03-11 21:01:28.0	Ana3 - 3: T.Abluft	19.8
2021-03-11 21:01:28.0	Ana4 - 4: T.Fortluft	13.5
2021-03-11 21:01:28.0	Ana5 - 5: T.Raum	9999.9
2021-03-11 21:01:28.0	Ana9 - 9: T.Zuluft WRG warm	19.1
2021-03-11 21:01:38.0	Ana1 - 1: T.Au?en	8.3
2021-03-11 21:01:38.0	Ana2 - 2: T.Zuluft	15.8
2021-03-11 21:01:38.0	Ana3 - 3: T.Abluft	19.8
2021-03-11 21:01:38.0	Ana4 - 4: T.Fortluft	13.5
2021-03-11 21:01:38.0	Ana5 - 5: T.Raum	9999.9
2021-03-11 21:01:38.0	Ana9 - 9: T.Zuluft WRG warm	19.1
2021-03-11 21:01:48.0	Ana1 - 1: T.Au?en	8.2
2021-03-11 21:01:48.0	Ana2 - 2: T.Zuluft	15.8
2021-03-11 21:01:48.0	Ana3 - 3: T.Abluft	19.8
2021-03-11 21:01:48.0	Ana4 - 4: T.Fortluft	13.4
2021-03-11 21:01:48.0	Ana5 - 5: T.Raum	9999.9
2021-03-11 21:01:48.0	Ana9 - 9: T.Zuluft WRG warm	19.1
2021-03-11 21:01:58.0	Ana1 - 1: T.Au?en	8.2
2021-03-11 21:01:58.0	Ana2 - 2: T.Zuluft	15.7
2021-03-11 21:01:58.0	Ana3 - 3: T.Abluft	19.8
2021-03-11 21:01:58.0	Ana4 - 4: T.Fortluft	13.5
2021-03-11 21:01:58.0	Ana5 - 5: T.Raum	9999.9
2021-03-11 21:01:58.0	Ana9 - 9: T.Zuluft WRG warm	19.1
2021-03-11 21:02:08.0	Ana1 - 1: T.Au?en	8.2
2021-03-11 21:02:08.0	Ana2 - 2: T.Zuluft	15.8
2021-03-11 21:02:08.0	Ana3 - 3: T.Abluft	19.8
2021-03-11 21:02:08.0	Ana4 - 4: T.Fortluft	13.5
2021-03-11 21:02:08.0	Ana5 - 5: T.Raum	9999.9
2021-03-11 21:02:08.0	Ana9 - 9: T.Zuluft WRG warm	19.1
2021-03-11 21:02:18.0	Ana1 - 1: T.Au?en	8.2
2021-03-11 21:02:18.0	Ana2 - 2: T.Zuluft	15.8
2021-03-11 21:02:18.0	Ana3 - 3: T.Abluft	19.8
2021-03-11 21:02:18.0	Ana4 - 4: T.Fortluft	13.5
2021-03-11 21:02:18.0	Ana5 - 5: T.Raum	9999.9
2021-03-11 21:02:18.0	Ana9 - 9: T.Zuluft WRG warm	19.1
2021-03-11 21:02:28.0	Ana1 - 1: T.Au?en	8.2
2021-03-11 21:02:28.0	Ana2 - 2: T.Zuluft	15.8
2021-03-11 21:02:28.0	Ana3 - 3: T.Abluft	19.8
2021-03-11 21:02:28.0	Ana4 - 4: T.Fortluft	13.5
2021-03-11 21:02:28.0	Ana5 - 5: T.Raum	9999.9
2021-03-11 21:02:28.0	Ana9 - 9: T.Zuluft WRG warm	19.1
2021-03-11 21:02:38.0	Ana1 - 1: T.Au?en	8.2
2021-03-11 21:02:38.0	Ana2 - 2: T.Zuluft	15.8
2021-03-11 21:02:38.0	Ana3 - 3: T.Abluft	19.8
2021-03-11 21:02:38.0	Ana4 - 4: T.Fortluft	13.5
2021-03-11 21:02:38.0	Ana5 - 5: T.Raum	9999.9
2021-03-11 21:02:38.0	Ana9 - 9: T.Zuluft WRG warm	19.1
2021-03-11 21:02:48.0	Ana1 - 1: T.Au?en	8.2
2021-03-11 21:02:48.0	Ana2 - 2: T.Zuluft	15.7
2021-03-11 21:02:48.0	Ana3 - 3: T.Abluft	19.8
2021-03-11 21:02:48.0	Ana4 - 4: T.Fortluft	13.4
2021-03-11 21:02:48.0	Ana5 - 5: T.Raum	9999.9
2021-03-11 21:02:48.0	Ana9 - 9: T.Zuluft WRG warm	19.1
2021-03-11 21:02:58.0	Ana1 - 1: T.Au?en	8.2
2021-03-11 21:02:58.0	Ana2 - 2: T.Zuluft	15.8
2021-03-11 21:02:58.0	Ana3 - 3: T.Abluft	19.8
2021-03-11 21:02:58.0	Ana4 - 4: T.Fortluft	13.4
2021-03-11 21:02:58.0	Ana5 - 5: T.Raum	9999.9
2021-03-11 21:02:58.0	Ana9 - 9: T.Zuluft WRG warm	19.1
2021-03-11 21:03:08.0	Ana1 - 1: T.Au?en	8.2
2021-03-11 21:03:08.0	Ana2 - 2: T.Zuluft	15.7
2021-03-11 21:03:08.0	Ana3 - 3: T.Abluft	19.8
2021-03-11 21:03:08.0	Ana4 - 4: T.Fortluft	13.4
2021-03-11 21:03:08.0	Ana5 - 5: T.Raum	9999.9
2021-03-11 21:03:08.0	Ana9 - 9: T.Zuluft WRG warm	19.1
2021-03-11 21:03:18.0	Ana1 - 1: T.Au?en	8.1
2021-03-11 21:03:18.0	Ana2 - 2: T.Zuluft	15.7
2021-03-11 21:03:18.0	Ana3 - 3: T.Abluft	19.8
2021-03-11 21:03:18.0	Ana4 - 4: T.Fortluft	13.4
2021-03-11 21:03:18.0	Ana5 - 5: T.Raum	9999.9
2021-03-11 21:03:18.0	Ana9 - 9: T.Zuluft WRG warm	19.1
2021-03-11 21:03:28.0	Ana1 - 1: T.Au?en	8.1
2021-03-11 21:03:28.0	Ana2 - 2: T.Zuluft	15.7
2021-03-11 21:03:28.0	Ana3 - 3: T.Abluft	19.8
2021-03-11 21:03:28.0	Ana4 - 4: T.Fortluft	13.4
2021-03-11 21:03:28.0	Ana5 - 5: T.Raum	9999.9
2021-03-11 21:03:28.0	Ana9 - 9: T.Zuluft WRG warm	19.1
2021-03-11 21:03:38.0	Ana1 - 1: T.Au?en	8.1
2021-03-11 21:03:38.0	Ana2 - 2: T.Zuluft	15.7
2021-03-11 21:03:38.0	Ana3 - 3: T.Abluft	19.8
2021-03-11 21:03:38.0	Ana4 - 4: T.Fortluft	13.4
2021-03-11 21:03:38.0	Ana5 - 5: T.Raum	9999.9
2021-03-11 21:03:38.0	Ana9 - 9: T.Zuluft WRG warm	19.1
2021-03-11 21:03:48.0	Ana1 - 1: T.Au?en	8.1
2021-03-11 21:03:48.0	Ana2 - 2: T.Zuluft	15.8
2021-03-11 21:03:48.0	Ana3 - 3: T.Abluft	19.8
2021-03-11 21:03:48.0	Ana4 - 4: T.Fortluft	13.4
2021-03-11 21:03:48.0	Ana5 - 5: T.Raum	9999.9
2021-03-11 21:03:48.0	Ana9 - 9: T.Zuluft WRG warm	19.1
2021-03-11 21:03:58.0	Ana1 - 1: T.Au?en	8.1
2021-03-11 21:03:58.0	Ana2 - 2: T.Zuluft	15.7
2021-03-11 21:03:58.0	Ana3 - 3: T.Abluft	19.8
2021-03-11 21:03:58.0	Ana4 - 4: T.Fortluft	13.4
2021-03-11 21:03:58.0	Ana5 - 5: T.Raum	9999.9
2021-03-11 21:03:58.0	Ana9 - 9: T.Zuluft WRG warm	19.1
2021-03-11 21:04:08.0	Ana1 - 1: T.Au?en	8.1
2021-03-11 21:04:08.0	Ana2 - 2: T.Zuluft	15.7
2021-03-11 21:04:08.0	Ana3 - 3: T.Abluft	19.8
2021-03-11 21:04:08.0	Ana4 - 4: T.Fortluft	13.4
2021-03-11 21:04:08.0	Ana5 - 5: T.Raum	9999.9
2021-03-11 21:04:08.0	Ana9 - 9: T.Zuluft WRG warm	19.1
2021-03-11 21:04:18.0	Ana1 - 1: T.Au?en	8.1
2021-03-11 21:04:18.0	Ana2 - 2: T.Zuluft	15.7
2021-03-11 21:04:18.0	Ana3 - 3: T.Abluft	19.8
2021-03-11 21:04:18.0	Ana4 - 4: T.Fortluft	13.4
2021-03-11 21:04:18.0	Ana5 - 5: T.Raum	9999.9
2021-03-11 21:04:18.0	Ana9 - 9: T.Zuluft WRG warm	19.1
2021-03-11 21:04:28.0	Ana1 - 1: T.Au?en	8.1
2021-03-11 21:04:28.0	Ana2 - 2: T.Zuluft	15.7
2021-03-11 21:04:28.0	Ana3 - 3: T.Abluft	19.8
2021-03-11 21:04:28.0	Ana4 - 4: T.Fortluft	13.4
2021-03-11 21:04:28.0	Ana5 - 5: T.Raum	9999.9
2021-03-11 21:04:28.0	Ana9 - 9: T.Zuluft WRG warm	19.1
2021-03-11 21:04:38.0	Ana1 - 1: T.Au?en	8.1
2021-03-11 21:04:38.0	Ana2 - 2: T.Zuluft	15.8
2021-03-11 21:04:38.0	Ana3 - 3: T.Abluft	19.8
2021-03-11 21:04:38.0	Ana4 - 4: T.Fortluft	13.4
2021-03-11 21:04:38.0	Ana5 - 5: T.Raum	9999.9
2021-03-11 21:04:38.0	Ana9 - 9: T.Zuluft WRG warm	19.1
2021-03-11 21:04:48.0	Ana1 - 1: T.Au?en	8.1
2021-03-11 21:04:48.0	Ana2 - 2: T.Zuluft	15.7
2021-03-11 21:04:48.0	Ana3 - 3: T.Abluft	19.8
2021-03-11 21:04:48.0	Ana4 - 4: T.Fortluft	13.4
2021-03-11 21:04:48.0	Ana5 - 5: T.Raum	9999.9
2021-03-11 21:04:48.0	Ana9 - 9: T.Zuluft WRG warm	19.1
2021-03-11 21:04:58.0	Ana1 - 1: T.Au?en	8.1
2021-03-11 21:04:58.0	Ana2 - 2: T.Zuluft	15.7
2021-03-11 21:04:58.0	Ana3 - 3: T.Abluft	19.8
2021-03-11 21:04:58.0	Ana4 - 4: T.Fortluft	13.4
2021-03-11 21:04:58.0	Ana5 - 5: T.Raum	9999.9
2021-03-11 21:04:58.0	Ana9 - 9: T.Zuluft WRG warm	19.1
2021-03-11 21:05:08.0	Ana1 - 1: T.Au?en	8.1
2021-03-11 21:05:08.0	Ana2 - 2: T.Zuluft	15.7
2021-03-11 21:05:08.0	Ana3 - 3: T.Abluft	19.8
2021-03-11 21:05:08.0	Ana4 - 4: T.Fortluft	13.4
2021-03-11 21:05:08.0	Ana5 - 5: T.Raum	9999.9
2021-03-11 21:05:08.0	Ana9 - 9: T.Zuluft WRG warm	19.1
2021-03-11 21:05:18.0	Ana1 - 1: T.Au?en	8.1
2021-03-11 21:05:18.0	Ana2 - 2: T.Zuluft	15.7
2021-03-11 21:05:18.0	Ana3 - 3: T.Abluft	19.8
2021-03-11 21:05:18.0	Ana4 - 4: T.Fortluft	13.4
2021-03-11 21:05:18.0	Ana5 - 5: T.Raum	9999.9
2021-03-11 21:05:18.0	Ana9 - 9: T.Zuluft WRG warm	19.1
2021-03-11 21:05:28.0	Ana1 - 1: T.Au?en	8.1
2021-03-11 21:05:28.0	Ana2 - 2: T.Zuluft	15.7
2021-03-11 21:05:28.0	Ana3 - 3: T.Abluft	19.8
2021-03-11 21:05:28.0	Ana4 - 4: T.Fortluft	13.4
2021-03-11 21:05:28.0	Ana5 - 5: T.Raum	9999.9
2021-03-11 21:05:28.0	Ana9 - 9: T.Zuluft WRG warm	19.1
2021-03-11 21:05:38.0	Ana1 - 1: T.Au?en	8.1
2021-03-11 21:05:38.0	Ana2 - 2: T.Zuluft	15.7
2021-03-11 21:05:38.0	Ana3 - 3: T.Abluft	19.8
2021-03-11 21:05:38.0	Ana4 - 4: T.Fortluft	13.4
2021-03-11 21:05:38.0	Ana5 - 5: T.Raum	9999.9
2021-03-11 21:05:38.0	Ana9 - 9: T.Zuluft WRG warm	19.1
2021-03-11 21:05:48.0	Ana1 - 1: T.Au?en	8.1
2021-03-11 21:05:48.0	Ana2 - 2: T.Zuluft	15.7
2021-03-11 21:05:48.0	Ana3 - 3: T.Abluft	19.8
2021-03-11 21:05:48.0	Ana4 - 4: T.Fortluft	13.4
2021-03-11 21:05:48.0	Ana5 - 5: T.Raum	9999.9
2021-03-11 21:05:48.0	Ana9 - 9: T.Zuluft WRG warm	19.1
2021-03-11 21:05:58.0	Ana1 - 1: T.Au?en	8.1
2021-03-11 21:05:58.0	Ana2 - 2: T.Zuluft	15.7
2021-03-11 21:05:58.0	Ana3 - 3: T.Abluft	19.8
2021-03-11 21:05:58.0	Ana4 - 4: T.Fortluft	13.4
2021-03-11 21:05:58.0	Ana5 - 5: T.Raum	9999.9
2021-03-11 21:05:58.0	Ana9 - 9: T.Zuluft WRG warm	19.1
2021-03-11 21:06:08.0	Ana1 - 1: T.Au?en	8.1
2021-03-11 21:06:08.0	Ana2 - 2: T.Zuluft	15.7
2021-03-11 21:06:08.0	Ana3 - 3: T.Abluft	19.8
2021-03-11 21:06:08.0	Ana4 - 4: T.Fortluft	13.4
2021-03-11 21:06:08.0	Ana5 - 5: T.Raum	9999.9
2021-03-11 21:06:08.0	Ana9 - 9: T.Zuluft WRG warm	19.1
2021-03-11 21:06:18.0	Ana1 - 1: T.Au?en	8.1
2021-03-11 21:06:18.0	Ana2 - 2: T.Zuluft	15.7
2021-03-11 21:06:18.0	Ana3 - 3: T.Abluft	19.8
2021-03-11 21:06:18.0	Ana4 - 4: T.Fortluft	13.4
2021-03-11 21:06:18.0	Ana5 - 5: T.Raum	9999.9
2021-03-11 21:06:18.0	Ana9 - 9: T.Zuluft WRG warm	19.1
2021-03-11 21:06:28.0	Ana1 - 1: T.Au?en	8.0
2021-03-11 21:06:28.0	Ana2 - 2: T.Zuluft	15.7
2021-03-11 21:06:28.0	Ana3 - 3: T.Abluft	19.8
2021-03-11 21:06:28.0	Ana4 - 4: T.Fortluft	13.4
2021-03-11 21:06:28.0	Ana5 - 5: T.Raum	9999.9
2021-03-11 21:06:28.0	Ana9 - 9: T.Zuluft WRG warm	19.1
2021-03-11 21:06:38.0	Ana1 - 1: T.Au?en	8.0
2021-03-11 21:06:38.0	Ana2 - 2: T.Zuluft	15.7
2021-03-11 21:06:38.0	Ana3 - 3: T.Abluft	19.8
2021-03-11 21:06:38.0	Ana4 - 4: T.Fortluft	13.4
2021-03-11 21:06:38.0	Ana5 - 5: T.Raum	9999.9
2021-03-11 21:06:38.0	Ana9 - 9: T.Zuluft WRG warm	19.1
2021-03-11 21:06:48.0	Ana1 - 1: T.Au?en	8.0
2021-03-11 21:06:48.0	Ana2 - 2: T.Zuluft	15.7
2021-03-11 21:06:48.0	Ana3 - 3: T.Abluft	19.8
2021-03-11 21:06:48.0	Ana4 - 4: T.Fortluft	13.4
2021-03-11 21:06:48.0	Ana5 - 5: T.Raum	9999.9
2021-03-11 21:06:48.0	Ana9 - 9: T.Zuluft WRG warm	19.1
2021-03-11 21:06:58.0	Ana1 - 1: T.Au?en	8.0
2021-03-11 21:06:58.0	Ana2 - 2: T.Zuluft	15.7
2021-03-11 21:06:58.0	Ana3 - 3: T.Abluft	19.8
2021-03-11 21:06:58.0	Ana4 - 4: T.Fortluft	13.4
2021-03-11 21:06:58.0	Ana5 - 5: T.Raum	9999.9
2021-03-11 21:06:58.0	Ana9 - 9: T.Zuluft WRG warm	19.1
2021-03-11 21:07:08.0	Ana1 - 1: T.Au?en	8.0
2021-03-11 21:07:08.0	Ana2 - 2: T.Zuluft	15.7
2021-03-11 21:07:08.0	Ana3 - 3: T.Abluft	19.8
2021-03-11 21:07:08.0	Ana4 - 4: T.Fortluft	13.4
2021-03-11 21:07:08.0	Ana5 - 5: T.Raum	9999.9
2021-03-11 21:07:08.0	Ana9 - 9: T.Zuluft WRG warm	19.1
2021-03-11 21:07:18.0	Ana1 - 1: T.Au?en	8.0
2021-03-11 21:07:18.0	Ana2 - 2: T.Zuluft	15.7
2021-03-11 21:07:18.0	Ana3 - 3: T.Abluft	19.8
2021-03-11 21:07:18.0	Ana4 - 4: T.Fortluft	13.4
2021-03-11 21:07:18.0	Ana5 - 5: T.Raum	9999.9
2021-03-11 21:07:18.0	Ana9 - 9: T.Zuluft WRG warm	19.1
2021-03-11 21:07:28.0	Ana1 - 1: T.Au?en	8.0
2021-03-11 21:07:28.0	Ana2 - 2: T.Zuluft	15.7
2021-03-11 21:07:28.0	Ana3 - 3: T.Abluft	19.8
2021-03-11 21:07:28.0	Ana4 - 4: T.Fortluft	13.4
2021-03-11 21:07:28.0	Ana5 - 5: T.Raum	9999.9
2021-03-11 21:07:28.0	Ana9 - 9: T.Zuluft WRG warm	19.1
2021-03-11 21:07:38.0	Ana1 - 1: T.Au?en	8.0
2021-03-11 21:07:38.0	Ana2 - 2: T.Zuluft	15.7
2021-03-11 21:07:38.0	Ana3 - 3: T.Abluft	19.8
2021-03-11 21:07:38.0	Ana4 - 4: T.Fortluft	13.4
2021-03-11 21:07:38.0	Ana5 - 5: T.Raum	9999.9
2021-03-11 21:07:38.0	Ana9 - 9: T.Zuluft WRG warm	19.1
2021-03-11 21:07:48.0	Ana1 - 1: T.Au?en	8.0
2021-03-11 21:07:48.0	Ana2 - 2: T.Zuluft	15.7
2021-03-11 21:07:48.0	Ana3 - 3: T.Abluft	19.8
2021-03-11 21:07:48.0	Ana4 - 4: T.Fortluft	13.4
2021-03-11 21:07:48.0	Ana5 - 5: T.Raum	9999.9
2021-03-11 21:07:48.0	Ana9 - 9: T.Zuluft WRG warm	19.1
2021-03-11 21:07:58.0	Ana1 - 1: T.Au?en	8.0
2021-03-11 21:07:58.0	Ana2 - 2: T.Zuluft	15.7
2021-03-11 21:07:58.0	Ana3 - 3: T.Abluft	19.8
2021-03-11 21:07:58.0	Ana4 - 4: T.Fortluft	13.4
2021-03-11 21:07:58.0	Ana5 - 5: T.Raum	9999.9
2021-03-11 21:07:58.0	Ana9 - 9: T.Zuluft WRG warm	19.1
2021-03-11 21:08:08.0	Ana1 - 1: T.Au?en	8.0
2021-03-11 21:08:08.0	Ana2 - 2: T.Zuluft	15.7
2021-03-11 21:08:08.0	Ana3 - 3: T.Abluft	19.8
2021-03-11 21:08:08.0	Ana4 - 4: T.Fortluft	13.4
2021-03-11 21:08:08.0	Ana5 - 5: T.Raum	9999.9
2021-03-11 21:08:08.0	Ana9 - 9: T.Zuluft WRG warm	19.1
2021-03-11 21:08:18.0	Ana1 - 1: T.Au?en	8.0
2021-03-11 21:08:18.0	Ana2 - 2: T.Zuluft	15.7
2021-03-11 21:08:18.0	Ana3 - 3: T.Abluft	19.8
2021-03-11 21:08:18.0	Ana4 - 4: T.Fortluft	13.4
2021-03-11 21:08:18.0	Ana5 - 5: T.Raum	9999.9
2021-03-11 21:08:18.0	Ana9 - 9: T.Zuluft WRG warm	19.1
2021-03-11 21:08:28.0	Ana1 - 1: T.Au?en	8.0
2021-03-11 21:08:28.0	Ana2 - 2: T.Zuluft	15.7
2021-03-11 21:08:28.0	Ana3 - 3: T.Abluft	19.8
2021-03-11 21:08:28.0	Ana4 - 4: T.Fortluft	13.4
2021-03-11 21:08:28.0	Ana5 - 5: T.Raum	9999.9
2021-03-11 21:08:28.0	Ana9 - 9: T.Zuluft WRG warm	19.1
2021-03-11 21:08:38.0	Ana1 - 1: T.Au?en	8.0
2021-03-11 21:08:38.0	Ana2 - 2: T.Zuluft	15.7
2021-03-11 21:08:38.0	Ana3 - 3: T.Abluft	19.8
2021-03-11 21:08:38.0	Ana4 - 4: T.Fortluft	13.4
2021-03-11 21:08:38.0	Ana5 - 5: T.Raum	9999.9
2021-03-11 21:08:38.0	Ana9 - 9: T.Zuluft WRG warm	19.1
2021-03-11 21:08:48.0	Ana1 - 1: T.Au?en	8.0
2021-03-11 21:08:48.0	Ana2 - 2: T.Zuluft	15.7
2021-03-11 21:08:48.0	Ana3 - 3: T.Abluft	19.8
2021-03-11 21:08:48.0	Ana4 - 4: T.Fortluft	13.4
2021-03-11 21:08:48.0	Ana5 - 5: T.Raum	9999.9
2021-03-11 21:08:48.0	Ana9 - 9: T.Zuluft WRG warm	19.1
2021-03-11 21:08:58.0	Ana1 - 1: T.Au?en	8.0
2021-03-11 21:08:58.0	Ana2 - 2: T.Zuluft	15.7
2021-03-11 21:08:58.0	Ana3 - 3: T.Abluft	19.8
2021-03-11 21:08:58.0	Ana4 - 4: T.Fortluft	13.4
2021-03-11 21:08:58.0	Ana5 - 5: T.Raum	9999.9
2021-03-11 21:08:58.0	Ana9 - 9: T.Zuluft WRG warm	19.1
2021-03-11 21:09:08.0	Ana1 - 1: T.Au?en	8.0
2021-03-11 21:09:08.0	Ana2 - 2: T.Zuluft	15.7
2021-03-11 21:09:08.0	Ana3 - 3: T.Abluft	19.8
2021-03-11 21:09:08.0	Ana4 - 4: T.Fortluft	13.4
2021-03-11 21:09:08.0	Ana5 - 5: T.Raum	9999.9
2021-03-11 21:09:08.0	Ana9 - 9: T.Zuluft WRG warm	19.1
2021-03-11 21:09:18.0	Ana1 - 1: T.Au?en	8.0
2021-03-11 21:09:18.0	Ana2 - 2: T.Zuluft	15.7
2021-03-11 21:09:18.0	Ana3 - 3: T.Abluft	19.8
2021-03-11 21:09:18.0	Ana4 - 4: T.Fortluft	13.4
2021-03-11 21:09:18.0	Ana5 - 5: T.Raum	9999.9
2021-03-11 21:09:18.0	Ana9 - 9: T.Zuluft WRG warm	19.1
2021-03-11 21:09:28.0	Ana1 - 1: T.Au?en	8.0
2021-03-11 21:09:28.0	Ana2 - 2: T.Zuluft	15.7
2021-03-11 21:09:28.0	Ana3 - 3: T.Abluft	19.8
2021-03-11 21:09:28.0	Ana4 - 4: T.Fortluft	13.4
2021-03-11 21:09:28.0	Ana5 - 5: T.Raum	9999.9
2021-03-11 21:09:28.0	Ana9 - 9: T.Zuluft WRG warm	19.1
2021-03-11 21:09:38.0	Ana1 - 1: T.Au?en	7.9
2021-03-11 21:09:38.0	Ana2 - 2: T.Zuluft	15.7
2021-03-11 21:09:38.0	Ana3 - 3: T.Abluft	19.8
2021-03-11 21:09:38.0	Ana4 - 4: T.Fortluft	13.4
2021-03-11 21:09:38.0	Ana5 - 5: T.Raum	9999.9
2021-03-11 21:09:38.0	Ana9 - 9: T.Zuluft WRG warm	19.1
2021-03-11 21:09:48.0	Ana1 - 1: T.Au?en	7.9
2021-03-11 21:09:48.0	Ana2 - 2: T.Zuluft	15.7
2021-03-11 21:09:48.0	Ana3 - 3: T.Abluft	19.8
2021-03-11 21:09:48.0	Ana4 - 4: T.Fortluft	13.4
2021-03-11 21:09:48.0	Ana5 - 5: T.Raum	9999.9
2021-03-11 21:09:48.0	Ana9 - 9: T.Zuluft WRG warm	19.1
2021-03-11 21:09:58.0	Ana1 - 1: T.Au?en	7.9
2021-03-11 21:09:58.0	Ana2 - 2: T.Zuluft	15.7
2021-03-11 21:09:58.0	Ana3 - 3: T.Abluft	19.8
2021-03-11 21:09:58.0	Ana4 - 4: T.Fortluft	13.4
2021-03-11 21:09:58.0	Ana5 - 5: T.Raum	9999.9
2021-03-11 21:09:58.0	Ana9 - 9: T.Zuluft WRG warm	19.1
2021-03-11 21:10:08.0	Ana1 - 1: T.Au?en	7.9
2021-03-11 21:10:08.0	Ana2 - 2: T.Zuluft	15.7
2021-03-11 21:10:08.0	Ana3 - 3: T.Abluft	19.8
2021-03-11 21:10:08.0	Ana4 - 4: T.Fortluft	13.4
2021-03-11 21:10:08.0	Ana5 - 5: T.Raum	9999.9
2021-03-11 21:10:08.0	Ana9 - 9: T.Zuluft WRG warm	19.1
2021-03-11 21:10:18.0	Ana1 - 1: T.Au?en	7.9
2021-03-11 21:10:18.0	Ana2 - 2: T.Zuluft	15.7
2021-03-11 21:10:18.0	Ana3 - 3: T.Abluft	19.8
2021-03-11 21:10:18.0	Ana4 - 4: T.Fortluft	13.4
2021-03-11 21:10:18.0	Ana5 - 5: T.Raum	9999.9
2021-03-11 21:10:18.0	Ana9 - 9: T.Zuluft WRG warm	19.1
2021-03-11 21:10:28.0	Ana1 - 1: T.Au?en	7.9
2021-03-11 21:10:28.0	Ana2 - 2: T.Zuluft	15.7
2021-03-11 21:10:28.0	Ana3 - 3: T.Abluft	19.8
2021-03-11 21:10:28.0	Ana4 - 4: T.Fortluft	13.4
2021-03-11 21:10:28.0	Ana5 - 5: T.Raum	9999.9
2021-03-11 21:10:28.0	Ana9 - 9: T.Zuluft WRG warm	19.1
2021-03-11 21:10:38.0	Ana1 - 1: T.Au?en	7.9
2021-03-11 21:10:38.0	Ana2 - 2: T.Zuluft	15.7
2021-03-11 21:10:38.0	Ana3 - 3: T.Abluft	19.8
2021-03-11 21:10:38.0	Ana4 - 4: T.Fortluft	13.4
2021-03-11 21:10:38.0	Ana5 - 5: T.Raum	9999.9
2021-03-11 21:10:38.0	Ana9 - 9: T.Zuluft WRG warm	19.1
2021-03-11 21:10:48.0	Ana1 - 1: T.Au?en	7.9
2021-03-11 21:10:48.0	Ana2 - 2: T.Zuluft	15.7
2021-03-11 21:10:48.0	Ana3 - 3: T.Abluft	19.8
2021-03-11 21:10:48.0	Ana4 - 4: T.Fortluft	13.4
2021-03-11 21:10:48.0	Ana5 - 5: T.Raum	9999.9
2021-03-11 21:10:48.0	Ana9 - 9: T.Zuluft WRG warm	19.1
2021-03-11 21:10:58.0	Ana1 - 1: T.Au?en	7.9
2021-03-11 21:10:58.0	Ana2 - 2: T.Zuluft	15.7
2021-03-11 21:10:58.0	Ana3 - 3: T.Abluft	19.8
2021-03-11 21:10:58.0	Ana4 - 4: T.Fortluft	13.4
2021-03-11 21:10:58.0	Ana5 - 5: T.Raum	9999.9
2021-03-11 21:10:58.0	Ana9 - 9: T.Zuluft WRG warm	19.1
2021-03-11 21:11:08.0	Ana1 - 1: T.Au?en	7.9
2021-03-11 21:11:08.0	Ana2 - 2: T.Zuluft	15.7
2021-03-11 21:11:08.0	Ana3 - 3: T.Abluft	19.8
2021-03-11 21:11:08.0	Ana4 - 4: T.Fortluft	13.4
2021-03-11 21:11:08.0	Ana5 - 5: T.Raum	9999.9
2021-03-11 21:11:08.0	Ana9 - 9: T.Zuluft WRG warm	19.1
2021-03-11 21:11:18.0	Ana1 - 1: T.Au?en	7.9
2021-03-11 21:11:18.0	Ana2 - 2: T.Zuluft	15.7
2021-03-11 21:11:18.0	Ana3 - 3: T.Abluft	19.8
2021-03-11 21:11:18.0	Ana4 - 4: T.Fortluft	13.4
2021-03-11 21:11:18.0	Ana5 - 5: T.Raum	9999.9
2021-03-11 21:11:18.0	Ana9 - 9: T.Zuluft WRG warm	19.1
2021-03-11 21:11:28.0	Ana1 - 1: T.Au?en	7.9
2021-03-11 21:11:28.0	Ana2 - 2: T.Zuluft	15.7
2021-03-11 21:11:28.0	Ana3 - 3: T.Abluft	19.8
2021-03-11 21:11:28.0	Ana4 - 4: T.Fortluft	13.4
2021-03-11 21:11:28.0	Ana5 - 5: T.Raum	9999.9
2021-03-11 21:11:28.0	Ana9 - 9: T.Zuluft WRG warm	19.1
2021-03-11 21:11:38.0	Ana1 - 1: T.Au?en	7.9
2021-03-11 21:11:38.0	Ana2 - 2: T.Zuluft	15.7
2021-03-11 21:11:38.0	Ana3 - 3: T.Abluft	19.8
2021-03-11 21:11:38.0	Ana4 - 4: T.Fortluft	13.4
2021-03-11 21:11:38.0	Ana5 - 5: T.Raum	9999.9
2021-03-11 21:11:38.0	Ana9 - 9: T.Zuluft WRG warm	19.1
2021-03-11 21:11:48.0	Ana1 - 1: T.Au?en	7.9
2021-03-11 21:11:48.0	Ana2 - 2: T.Zuluft	15.7
2021-03-11 21:11:48.0	Ana3 - 3: T.Abluft	19.8
2021-03-11 21:11:48.0	Ana4 - 4: T.Fortluft	13.4
2021-03-11 21:11:48.0	Ana5 - 5: T.Raum	9999.9
2021-03-11 21:11:48.0	Ana9 - 9: T.Zuluft WRG warm	19.1
2021-03-11 21:11:58.0	Ana1 - 1: T.Au?en	7.9
2021-03-11 21:11:58.0	Ana2 - 2: T.Zuluft	15.7
2021-03-11 21:11:58.0	Ana3 - 3: T.Abluft	19.8
2021-03-11 21:11:58.0	Ana4 - 4: T.Fortluft	13.4
2021-03-11 21:11:58.0	Ana5 - 5: T.Raum	9999.9
2021-03-11 21:11:58.0	Ana9 - 9: T.Zuluft WRG warm	19.1
2021-03-11 21:12:08.0	Ana1 - 1: T.Au?en	7.9
2021-03-11 21:12:08.0	Ana2 - 2: T.Zuluft	15.7
2021-03-11 21:12:08.0	Ana3 - 3: T.Abluft	19.8
2021-03-11 21:12:08.0	Ana4 - 4: T.Fortluft	13.4
2021-03-11 21:12:08.0	Ana5 - 5: T.Raum	9999.9
2021-03-11 21:12:08.0	Ana9 - 9: T.Zuluft WRG warm	19.1
2021-03-11 21:12:18.0	Ana1 - 1: T.Au?en	7.9
2021-03-11 21:12:18.0	Ana2 - 2: T.Zuluft	15.7
2021-03-11 21:12:18.0	Ana3 - 3: T.Abluft	19.8
2021-03-11 21:12:18.0	Ana4 - 4: T.Fortluft	13.4
2021-03-11 21:12:18.0	Ana5 - 5: T.Raum	9999.9
2021-03-11 21:12:18.0	Ana9 - 9: T.Zuluft WRG warm	19.1
2021-03-11 21:12:28.0	Ana1 - 1: T.Au?en	7.9
2021-03-11 21:12:28.0	Ana2 - 2: T.Zuluft	15.7
2021-03-11 21:12:28.0	Ana3 - 3: T.Abluft	19.8
2021-03-11 21:12:28.0	Ana4 - 4: T.Fortluft	13.4
2021-03-11 21:12:28.0	Ana5 - 5: T.Raum	9999.9
2021-03-11 21:12:28.0	Ana9 - 9: T.Zuluft WRG warm	19.1
2021-03-11 21:12:38.0	Ana1 - 1: T.Au?en	7.9
2021-03-11 21:12:38.0	Ana2 - 2: T.Zuluft	15.7
2021-03-11 21:12:38.0	Ana3 - 3: T.Abluft	19.8
2021-03-11 21:12:38.0	Ana4 - 4: T.Fortluft	13.4
2021-03-11 21:12:38.0	Ana5 - 5: T.Raum	9999.9
2021-03-11 21:12:38.0	Ana9 - 9: T.Zuluft WRG warm	19.1
2021-03-11 21:12:48.0	Ana1 - 1: T.Au?en	7.9
2021-03-11 21:12:48.0	Ana2 - 2: T.Zuluft	15.7
2021-03-11 21:12:48.0	Ana3 - 3: T.Abluft	19.8
2021-03-11 21:12:48.0	Ana4 - 4: T.Fortluft	13.4
2021-03-11 21:12:48.0	Ana5 - 5: T.Raum	9999.9
2021-03-11 21:12:48.0	Ana9 - 9: T.Zuluft WRG warm	19.1
2021-03-11 21:12:58.0	Ana1 - 1: T.Au?en	7.8
2021-03-11 21:12:58.0	Ana2 - 2: T.Zuluft	15.7
2021-03-11 21:12:58.0	Ana3 - 3: T.Abluft	19.8
2021-03-11 21:12:58.0	Ana4 - 4: T.Fortluft	13.4
2021-03-11 21:12:58.0	Ana5 - 5: T.Raum	9999.9
2021-03-11 21:12:58.0	Ana9 - 9: T.Zuluft WRG warm	19.1
2021-03-11 21:13:08.0	Ana1 - 1: T.Au?en	7.8
2021-03-11 21:13:08.0	Ana2 - 2: T.Zuluft	15.7
2021-03-11 21:13:08.0	Ana3 - 3: T.Abluft	19.8
2021-03-11 21:13:08.0	Ana4 - 4: T.Fortluft	13.4
2021-03-11 21:13:08.0	Ana5 - 5: T.Raum	9999.9
2021-03-11 21:13:08.0	Ana9 - 9: T.Zuluft WRG warm	19.1
2021-03-11 21:13:18.0	Ana1 - 1: T.Au?en	7.8
2021-03-11 21:13:18.0	Ana2 - 2: T.Zuluft	15.7
2021-03-11 21:13:18.0	Ana3 - 3: T.Abluft	19.8
2021-03-11 21:13:18.0	Ana4 - 4: T.Fortluft	13.4
2021-03-11 21:13:18.0	Ana5 - 5: T.Raum	9999.9
2021-03-11 21:13:18.0	Ana9 - 9: T.Zuluft WRG warm	19.1
2021-03-11 21:13:28.0	Ana1 - 1: T.Au?en	7.8
2021-03-11 21:13:28.0	Ana2 - 2: T.Zuluft	15.7
2021-03-11 21:13:28.0	Ana3 - 3: T.Abluft	19.8
2021-03-11 21:13:28.0	Ana4 - 4: T.Fortluft	13.4
2021-03-11 21:13:28.0	Ana5 - 5: T.Raum	9999.9
2021-03-11 21:13:28.0	Ana9 - 9: T.Zuluft WRG warm	19.1
2021-03-11 21:13:38.0	Ana1 - 1: T.Au?en	7.8
2021-03-11 21:13:38.0	Ana2 - 2: T.Zuluft	15.7
2021-03-11 21:13:38.0	Ana3 - 3: T.Abluft	19.8
2021-03-11 21:13:38.0	Ana4 - 4: T.Fortluft	13.3
2021-03-11 21:13:38.0	Ana5 - 5: T.Raum	9999.9
2021-03-11 21:13:38.0	Ana9 - 9: T.Zuluft WRG warm	19.1
2021-03-11 21:13:48.0	Ana1 - 1: T.Au?en	7.8
2021-03-11 21:13:48.0	Ana2 - 2: T.Zuluft	15.7
2021-03-11 21:13:48.0	Ana3 - 3: T.Abluft	19.8
2021-03-11 21:13:48.0	Ana4 - 4: T.Fortluft	13.4
2021-03-11 21:13:48.0	Ana5 - 5: T.Raum	9999.9
2021-03-11 21:13:48.0	Ana9 - 9: T.Zuluft WRG warm	19.1
2021-03-11 21:13:58.0	Ana1 - 1: T.Au?en	7.8
2021-03-11 21:13:58.0	Ana2 - 2: T.Zuluft	15.7
2021-03-11 21:13:58.0	Ana3 - 3: T.Abluft	19.8
2021-03-11 21:13:58.0	Ana4 - 4: T.Fortluft	13.4
2021-03-11 21:13:58.0	Ana5 - 5: T.Raum	9999.9
2021-03-11 21:13:58.0	Ana9 - 9: T.Zuluft WRG warm	19.1
2021-03-11 21:14:08.0	Ana1 - 1: T.Au?en	7.8
2021-03-11 21:14:08.0	Ana2 - 2: T.Zuluft	15.7
2021-03-11 21:14:08.0	Ana3 - 3: T.Abluft	19.8
2021-03-11 21:14:08.0	Ana4 - 4: T.Fortluft	13.4
2021-03-11 21:14:08.0	Ana5 - 5: T.Raum	9999.9
2021-03-11 21:14:08.0	Ana9 - 9: T.Zuluft WRG warm	19.1
2021-03-11 21:14:18.0	Ana1 - 1: T.Au?en	7.8
2021-03-11 21:14:18.0	Ana2 - 2: T.Zuluft	15.7
2021-03-11 21:14:18.0	Ana3 - 3: T.Abluft	19.8
2021-03-11 21:14:18.0	Ana4 - 4: T.Fortluft	13.4
2021-03-11 21:14:18.0	Ana5 - 5: T.Raum	9999.9
2021-03-11 21:14:18.0	Ana9 - 9: T.Zuluft WRG warm	19.1
2021-03-11 21:14:28.0	Ana1 - 1: T.Au?en	7.8
2021-03-11 21:14:28.0	Ana2 - 2: T.Zuluft	15.7
2021-03-11 21:14:28.0	Ana3 - 3: T.Abluft	19.8
2021-03-11 21:14:28.0	Ana4 - 4: T.Fortluft	13.4
2021-03-11 21:14:28.0	Ana5 - 5: T.Raum	9999.9
2021-03-11 21:14:28.0	Ana9 - 9: T.Zuluft WRG warm	19.1
2021-03-11 21:14:38.0	Ana1 - 1: T.Au?en	7.8
2021-03-11 21:14:38.0	Ana2 - 2: T.Zuluft	15.7
2021-03-11 21:14:38.0	Ana3 - 3: T.Abluft	19.8
2021-03-11 21:14:38.0	Ana4 - 4: T.Fortluft	13.4
2021-03-11 21:14:38.0	Ana5 - 5: T.Raum	9999.9
2021-03-11 21:14:38.0	Ana9 - 9: T.Zuluft WRG warm	19.1
2021-03-11 21:14:48.0	Ana1 - 1: T.Au?en	7.8
2021-03-11 21:14:48.0	Ana2 - 2: T.Zuluft	15.7
2021-03-11 21:14:48.0	Ana3 - 3: T.Abluft	19.8
2021-03-11 21:14:48.0	Ana4 - 4: T.Fortluft	13.4
2021-03-11 21:14:48.0	Ana5 - 5: T.Raum	9999.9
2021-03-11 21:14:48.0	Ana9 - 9: T.Zuluft WRG warm	19.1
2021-03-11 21:14:58.0	Ana1 - 1: T.Au?en	7.8
2021-03-11 21:14:58.0	Ana2 - 2: T.Zuluft	15.7
2021-03-11 21:14:58.0	Ana3 - 3: T.Abluft	19.8
2021-03-11 21:14:58.0	Ana4 - 4: T.Fortluft	13.3
2021-03-11 21:14:58.0	Ana5 - 5: T.Raum	9999.9
2021-03-11 21:14:58.0	Ana9 - 9: T.Zuluft WRG warm	19.1
2021-03-11 21:15:08.0	Ana1 - 1: T.Au?en	7.8
2021-03-11 21:15:08.0	Ana2 - 2: T.Zuluft	15.7
2021-03-11 21:15:08.0	Ana3 - 3: T.Abluft	19.8
2021-03-11 21:15:08.0	Ana4 - 4: T.Fortluft	13.3
2021-03-11 21:15:08.0	Ana5 - 5: T.Raum	9999.9
2021-03-11 21:15:08.0	Ana9 - 9: T.Zuluft WRG warm	19.1
2021-03-11 21:15:18.0	Ana1 - 1: T.Au?en	7.8
2021-03-11 21:15:18.0	Ana2 - 2: T.Zuluft	15.7
2021-03-11 21:15:18.0	Ana3 - 3: T.Abluft	19.8
2021-03-11 21:15:18.0	Ana4 - 4: T.Fortluft	13.3
2021-03-11 21:15:18.0	Ana5 - 5: T.Raum	9999.9
2021-03-11 21:15:18.0	Ana9 - 9: T.Zuluft WRG warm	19.1
2021-03-11 21:15:28.0	Ana1 - 1: T.Au?en	7.8
2021-03-11 21:15:28.0	Ana2 - 2: T.Zuluft	15.7
2021-03-11 21:15:28.0	Ana3 - 3: T.Abluft	19.8
2021-03-11 21:15:28.0	Ana4 - 4: T.Fortluft	13.3
2021-03-11 21:15:28.0	Ana5 - 5: T.Raum	9999.9
2021-03-11 21:15:28.0	Ana9 - 9: T.Zuluft WRG warm	19.1
2021-03-11 21:15:38.0	Ana1 - 1: T.Au?en	7.8
2021-03-11 21:15:38.0	Ana2 - 2: T.Zuluft	15.7
2021-03-11 21:15:38.0	Ana3 - 3: T.Abluft	19.8
2021-03-11 21:15:38.0	Ana4 - 4: T.Fortluft	13.3
2021-03-11 21:15:38.0	Ana5 - 5: T.Raum	9999.9
2021-03-11 21:15:38.0	Ana9 - 9: T.Zuluft WRG warm	19.1
2021-03-11 21:15:48.0	Ana1 - 1: T.Au?en	7.8
2021-03-11 21:15:48.0	Ana2 - 2: T.Zuluft	15.7
2021-03-11 21:15:48.0	Ana3 - 3: T.Abluft	19.8
2021-03-11 21:15:48.0	Ana4 - 4: T.Fortluft	13.3
2021-03-11 21:15:48.0	Ana5 - 5: T.Raum	9999.9
2021-03-11 21:15:48.0	Ana9 - 9: T.Zuluft WRG warm	19.1
2021-03-11 21:15:58.0	Ana1 - 1: T.Au?en	7.8
2021-03-11 21:15:58.0	Ana2 - 2: T.Zuluft	15.7
2021-03-11 21:15:58.0	Ana3 - 3: T.Abluft	19.8
2021-03-11 21:15:58.0	Ana4 - 4: T.Fortluft	13.3
2021-03-11 21:15:58.0	Ana5 - 5: T.Raum	9999.9
2021-03-11 21:15:58.0	Ana9 - 9: T.Zuluft WRG warm	19.1
2021-03-11 21:16:08.0	Ana1 - 1: T.Au?en	7.8
2021-03-11 21:16:08.0	Ana2 - 2: T.Zuluft	15.7
2021-03-11 21:16:08.0	Ana3 - 3: T.Abluft	19.8
2021-03-11 21:16:08.0	Ana4 - 4: T.Fortluft	13.3
2021-03-11 21:16:08.0	Ana5 - 5: T.Raum	9999.9
2021-03-11 21:16:08.0	Ana9 - 9: T.Zuluft WRG warm	19.1
2021-03-11 21:16:18.0	Ana1 - 1: T.Au?en	7.8
2021-03-11 21:16:18.0	Ana2 - 2: T.Zuluft	15.7
2021-03-11 21:16:18.0	Ana3 - 3: T.Abluft	19.8
2021-03-11 21:16:18.0	Ana4 - 4: T.Fortluft	13.3
2021-03-11 21:16:18.0	Ana5 - 5: T.Raum	9999.9
2021-03-11 21:16:18.0	Ana9 - 9: T.Zuluft WRG warm	19.1
2021-03-11 21:16:28.0	Ana1 - 1: T.Au?en	7.8
2021-03-11 21:16:28.0	Ana2 - 2: T.Zuluft	15.7
2021-03-11 21:16:28.0	Ana3 - 3: T.Abluft	19.8
2021-03-11 21:16:28.0	Ana4 - 4: T.Fortluft	13.3
2021-03-11 21:16:28.0	Ana5 - 5: T.Raum	9999.9
2021-03-11 21:16:28.0	Ana9 - 9: T.Zuluft WRG warm	19.1
2021-03-11 21:16:38.0	Ana1 - 1: T.Au?en	7.8
2021-03-11 21:16:38.0	Ana2 - 2: T.Zuluft	15.6
2021-03-11 21:16:38.0	Ana3 - 3: T.Abluft	19.8
2021-03-11 21:16:38.0	Ana4 - 4: T.Fortluft	13.3
2021-03-11 21:16:38.0	Ana5 - 5: T.Raum	9999.9
2021-03-11 21:16:38.0	Ana9 - 9: T.Zuluft WRG warm	19.1
2021-03-11 21:16:48.0	Ana1 - 1: T.Au?en	7.8
2021-03-11 21:16:48.0	Ana2 - 2: T.Zuluft	15.6
2021-03-11 21:16:48.0	Ana3 - 3: T.Abluft	19.8
2021-03-11 21:16:48.0	Ana4 - 4: T.Fortluft	13.3
2021-03-11 21:16:48.0	Ana5 - 5: T.Raum	9999.9
2021-03-11 21:16:48.0	Ana9 - 9: T.Zuluft WRG warm	19.1
2021-03-11 21:16:58.0	Ana1 - 1: T.Au?en	7.8
2021-03-11 21:16:58.0	Ana2 - 2: T.Zuluft	15.6
2021-03-11 21:16:58.0	Ana3 - 3: T.Abluft	19.8
2021-03-11 21:16:58.0	Ana4 - 4: T.Fortluft	13.3
2021-03-11 21:16:58.0	Ana5 - 5: T.Raum	9999.9
2021-03-11 21:16:58.0	Ana9 - 9: T.Zuluft WRG warm	19.1
2021-03-11 21:17:08.0	Ana1 - 1: T.Au?en	7.7
2021-03-11 21:17:08.0	Ana2 - 2: T.Zuluft	15.6
2021-03-11 21:17:08.0	Ana3 - 3: T.Abluft	19.8
2021-03-11 21:17:08.0	Ana4 - 4: T.Fortluft	13.3
2021-03-11 21:17:08.0	Ana5 - 5: T.Raum	9999.9
2021-03-11 21:17:08.0	Ana9 - 9: T.Zuluft WRG warm	19.1
2021-03-11 21:17:18.0	Ana1 - 1: T.Au?en	7.7
2021-03-11 21:17:18.0	Ana2 - 2: T.Zuluft	15.6
2021-03-11 21:17:18.0	Ana3 - 3: T.Abluft	19.8
2021-03-11 21:17:18.0	Ana4 - 4: T.Fortluft	13.3
2021-03-11 21:17:18.0	Ana5 - 5: T.Raum	9999.9
2021-03-11 21:17:18.0	Ana9 - 9: T.Zuluft WRG warm	19.1
2021-03-11 21:17:28.0	Ana1 - 1: T.Au?en	7.7
2021-03-11 21:17:28.0	Ana2 - 2: T.Zuluft	15.6
2021-03-11 21:17:28.0	Ana3 - 3: T.Abluft	19.8
2021-03-11 21:17:28.0	Ana4 - 4: T.Fortluft	13.3
2021-03-11 21:17:28.0	Ana5 - 5: T.Raum	9999.9
2021-03-11 21:17:28.0	Ana9 - 9: T.Zuluft WRG warm	19.1
2021-03-11 21:17:38.0	Ana1 - 1: T.Au?en	7.7
2021-03-11 21:17:38.0	Ana2 - 2: T.Zuluft	15.6
2021-03-11 21:17:38.0	Ana3 - 3: T.Abluft	19.8
2021-03-11 21:17:38.0	Ana4 - 4: T.Fortluft	13.3
2021-03-11 21:17:38.0	Ana5 - 5: T.Raum	9999.9
2021-03-11 21:17:38.0	Ana9 - 9: T.Zuluft WRG warm	19.1
2021-03-11 21:17:48.0	Ana1 - 1: T.Au?en	7.8
2021-03-11 21:17:48.0	Ana2 - 2: T.Zuluft	15.7
2021-03-11 21:17:48.0	Ana3 - 3: T.Abluft	19.8
2021-03-11 21:17:48.0	Ana4 - 4: T.Fortluft	13.3
2021-03-11 21:17:48.0	Ana5 - 5: T.Raum	9999.9
2021-03-11 21:17:48.0	Ana9 - 9: T.Zuluft WRG warm	19.1
2021-03-11 21:17:58.0	Ana1 - 1: T.Au?en	7.7
2021-03-11 21:17:58.0	Ana2 - 2: T.Zuluft	15.6
2021-03-11 21:17:58.0	Ana3 - 3: T.Abluft	19.8
2021-03-11 21:17:58.0	Ana4 - 4: T.Fortluft	13.3
2021-03-11 21:17:58.0	Ana5 - 5: T.Raum	9999.9
2021-03-11 21:17:58.0	Ana9 - 9: T.Zuluft WRG warm	19.1
2021-03-11 21:18:08.0	Ana1 - 1: T.Au?en	7.8
2021-03-11 21:18:08.0	Ana2 - 2: T.Zuluft	15.6
2021-03-11 21:18:08.0	Ana3 - 3: T.Abluft	19.8
2021-03-11 21:18:08.0	Ana4 - 4: T.Fortluft	13.3
2021-03-11 21:18:08.0	Ana5 - 5: T.Raum	9999.9
2021-03-11 21:18:08.0	Ana9 - 9: T.Zuluft WRG warm	19.1
2021-03-11 21:18:18.0	Ana1 - 1: T.Au?en	7.8
2021-03-11 21:18:18.0	Ana2 - 2: T.Zuluft	15.6
2021-03-11 21:18:18.0	Ana3 - 3: T.Abluft	19.8
2021-03-11 21:18:18.0	Ana4 - 4: T.Fortluft	13.3
2021-03-11 21:18:18.0	Ana5 - 5: T.Raum	9999.9
2021-03-11 21:18:18.0	Ana9 - 9: T.Zuluft WRG warm	19.1
2021-03-11 21:18:28.0	Ana1 - 1: T.Au?en	7.8
2021-03-11 21:18:28.0	Ana2 - 2: T.Zuluft	15.6
2021-03-11 21:18:28.0	Ana3 - 3: T.Abluft	19.8
2021-03-11 21:18:28.0	Ana4 - 4: T.Fortluft	13.3
2021-03-11 21:18:28.0	Ana5 - 5: T.Raum	9999.9
2021-03-11 21:18:28.0	Ana9 - 9: T.Zuluft WRG warm	19.1
2021-03-11 21:18:38.0	Ana1 - 1: T.Au?en	7.8
2021-03-11 21:18:38.0	Ana2 - 2: T.Zuluft	15.6
2021-03-11 21:18:38.0	Ana3 - 3: T.Abluft	19.8
2021-03-11 21:18:38.0	Ana4 - 4: T.Fortluft	13.3
2021-03-11 21:18:38.0	Ana5 - 5: T.Raum	9999.9
2021-03-11 21:18:38.0	Ana9 - 9: T.Zuluft WRG warm	19.1
2021-03-11 21:18:48.0	Ana1 - 1: T.Au?en	7.8
2021-03-11 21:18:48.0	Ana2 - 2: T.Zuluft	15.6
2021-03-11 21:18:48.0	Ana3 - 3: T.Abluft	19.8
2021-03-11 21:18:48.0	Ana4 - 4: T.Fortluft	13.3
2021-03-11 21:18:48.0	Ana5 - 5: T.Raum	9999.9
2021-03-11 21:18:48.0	Ana9 - 9: T.Zuluft WRG warm	19.1
2021-03-11 21:18:58.0	Ana1 - 1: T.Au?en	7.8
2021-03-11 21:18:58.0	Ana2 - 2: T.Zuluft	15.6
2021-03-11 21:18:58.0	Ana3 - 3: T.Abluft	19.8
2021-03-11 21:18:58.0	Ana4 - 4: T.Fortluft	13.3
2021-03-11 21:18:58.0	Ana5 - 5: T.Raum	9999.9
2021-03-11 21:18:58.0	Ana9 - 9: T.Zuluft WRG warm	19.1
2021-03-11 21:19:08.0	Ana1 - 1: T.Au?en	7.8
2021-03-11 21:19:08.0	Ana2 - 2: T.Zuluft	15.6
2021-03-11 21:19:08.0	Ana3 - 3: T.Abluft	19.8
2021-03-11 21:19:08.0	Ana4 - 4: T.Fortluft	13.3
2021-03-11 21:19:08.0	Ana5 - 5: T.Raum	9999.9
2021-03-11 21:19:08.0	Ana9 - 9: T.Zuluft WRG warm	19.1
2021-03-11 21:19:18.0	Ana1 - 1: T.Au?en	7.8
2021-03-11 21:19:18.0	Ana2 - 2: T.Zuluft	15.6
2021-03-11 21:19:18.0	Ana3 - 3: T.Abluft	19.8
2021-03-11 21:19:18.0	Ana4 - 4: T.Fortluft	13.3
2021-03-11 21:19:18.0	Ana5 - 5: T.Raum	9999.9
2021-03-11 21:19:18.0	Ana9 - 9: T.Zuluft WRG warm	19.1
2021-03-11 21:19:28.0	Ana1 - 1: T.Au?en	7.8
2021-03-11 21:19:28.0	Ana2 - 2: T.Zuluft	15.6
2021-03-11 21:19:28.0	Ana3 - 3: T.Abluft	19.8
2021-03-11 21:19:28.0	Ana4 - 4: T.Fortluft	13.3
2021-03-11 21:19:28.0	Ana5 - 5: T.Raum	9999.9
2021-03-11 21:19:28.0	Ana9 - 9: T.Zuluft WRG warm	19.1
2021-03-11 21:19:38.0	Ana1 - 1: T.Au?en	7.8
2021-03-11 21:19:38.0	Ana2 - 2: T.Zuluft	15.6
2021-03-11 21:19:38.0	Ana3 - 3: T.Abluft	19.8
2021-03-11 21:19:38.0	Ana4 - 4: T.Fortluft	13.3
2021-03-11 21:19:38.0	Ana5 - 5: T.Raum	9999.9
2021-03-11 21:19:38.0	Ana9 - 9: T.Zuluft WRG warm	19.1
2021-03-11 21:19:48.0	Ana1 - 1: T.Au?en	7.8
2021-03-11 21:19:48.0	Ana2 - 2: T.Zuluft	15.6
2021-03-11 21:19:48.0	Ana3 - 3: T.Abluft	19.8
2021-03-11 21:19:48.0	Ana4 - 4: T.Fortluft	13.3
2021-03-11 21:19:48.0	Ana5 - 5: T.Raum	9999.9
2021-03-11 21:19:48.0	Ana9 - 9: T.Zuluft WRG warm	19.1
2021-03-11 21:19:58.0	Ana1 - 1: T.Au?en	7.8
2021-03-11 21:19:58.0	Ana2 - 2: T.Zuluft	15.6
2021-03-11 21:19:58.0	Ana3 - 3: T.Abluft	19.8
2021-03-11 21:19:58.0	Ana4 - 4: T.Fortluft	13.3
2021-03-11 21:19:58.0	Ana5 - 5: T.Raum	9999.9
2021-03-11 21:19:58.0	Ana9 - 9: T.Zuluft WRG warm	19.1
2021-03-11 21:20:08.0	Ana1 - 1: T.Au?en	7.8
2021-03-11 21:20:08.0	Ana2 - 2: T.Zuluft	15.6
2021-03-11 21:20:08.0	Ana3 - 3: T.Abluft	19.8
2021-03-11 21:20:08.0	Ana4 - 4: T.Fortluft	13.3
2021-03-11 21:20:08.0	Ana5 - 5: T.Raum	9999.9
2021-03-11 21:20:08.0	Ana9 - 9: T.Zuluft WRG warm	19.1
2021-03-11 21:20:18.0	Ana1 - 1: T.Au?en	7.8
2021-03-11 21:20:18.0	Ana2 - 2: T.Zuluft	15.6
2021-03-11 21:20:18.0	Ana3 - 3: T.Abluft	19.8
2021-03-11 21:20:18.0	Ana4 - 4: T.Fortluft	13.3
2021-03-11 21:20:18.0	Ana5 - 5: T.Raum	9999.9
2021-03-11 21:20:18.0	Ana9 - 9: T.Zuluft WRG warm	19.1
2021-03-11 21:20:28.0	Ana1 - 1: T.Au?en	7.8
2021-03-11 21:20:28.0	Ana2 - 2: T.Zuluft	15.6
2021-03-11 21:20:28.0	Ana3 - 3: T.Abluft	19.8
2021-03-11 21:20:28.0	Ana4 - 4: T.Fortluft	13.3
2021-03-11 21:20:28.0	Ana5 - 5: T.Raum	9999.9
2021-03-11 21:20:28.0	Ana9 - 9: T.Zuluft WRG warm	19.1
2021-03-11 21:20:38.0	Ana1 - 1: T.Au?en	7.8
2021-03-11 21:20:38.0	Ana2 - 2: T.Zuluft	15.6
2021-03-11 21:20:38.0	Ana3 - 3: T.Abluft	19.8
2021-03-11 21:20:38.0	Ana4 - 4: T.Fortluft	13.3
2021-03-11 21:20:38.0	Ana5 - 5: T.Raum	9999.9
2021-03-11 21:20:38.0	Ana9 - 9: T.Zuluft WRG warm	19.1
2021-03-11 21:20:48.0	Ana1 - 1: T.Au?en	7.8
2021-03-11 21:20:48.0	Ana2 - 2: T.Zuluft	15.6
2021-03-11 21:20:48.0	Ana3 - 3: T.Abluft	19.8
2021-03-11 21:20:48.0	Ana4 - 4: T.Fortluft	13.3
2021-03-11 21:20:48.0	Ana5 - 5: T.Raum	9999.9
2021-03-11 21:20:48.0	Ana9 - 9: T.Zuluft WRG warm	19.1
2021-03-11 21:20:58.0	Ana1 - 1: T.Au?en	7.8
2021-03-11 21:20:58.0	Ana2 - 2: T.Zuluft	15.6
2021-03-11 21:20:58.0	Ana3 - 3: T.Abluft	19.8
2021-03-11 21:20:58.0	Ana4 - 4: T.Fortluft	13.3
2021-03-11 21:20:58.0	Ana5 - 5: T.Raum	9999.9
2021-03-11 21:20:58.0	Ana9 - 9: T.Zuluft WRG warm	19.1
2021-03-11 21:21:08.0	Ana1 - 1: T.Au?en	7.8
2021-03-11 21:21:08.0	Ana2 - 2: T.Zuluft	15.6
2021-03-11 21:21:08.0	Ana3 - 3: T.Abluft	19.8
2021-03-11 21:21:08.0	Ana4 - 4: T.Fortluft	13.3
2021-03-11 21:21:08.0	Ana5 - 5: T.Raum	9999.9
2021-03-11 21:21:08.0	Ana9 - 9: T.Zuluft WRG warm	19.1
2021-03-11 21:21:18.0	Ana1 - 1: T.Au?en	7.8
2021-03-11 21:21:18.0	Ana2 - 2: T.Zuluft	15.6
2021-03-11 21:21:18.0	Ana3 - 3: T.Abluft	19.8
2021-03-11 21:21:18.0	Ana4 - 4: T.Fortluft	13.3
2021-03-11 21:21:18.0	Ana5 - 5: T.Raum	9999.9
2021-03-11 21:21:18.0	Ana9 - 9: T.Zuluft WRG warm	19.1
2021-03-11 21:21:28.0	Ana1 - 1: T.Au?en	7.8
2021-03-11 21:21:28.0	Ana2 - 2: T.Zuluft	15.6
2021-03-11 21:21:28.0	Ana3 - 3: T.Abluft	19.8
2021-03-11 21:21:28.0	Ana4 - 4: T.Fortluft	13.3
2021-03-11 21:21:28.0	Ana5 - 5: T.Raum	9999.9
2021-03-11 21:21:28.0	Ana9 - 9: T.Zuluft WRG warm	19.1
2021-03-11 21:21:38.0	Ana1 - 1: T.Au?en	7.8
2021-03-11 21:21:38.0	Ana2 - 2: T.Zuluft	15.6
2021-03-11 21:21:38.0	Ana3 - 3: T.Abluft	19.8
2021-03-11 21:21:38.0	Ana4 - 4: T.Fortluft	13.3
2021-03-11 21:21:38.0	Ana5 - 5: T.Raum	9999.9
2021-03-11 21:21:38.0	Ana9 - 9: T.Zuluft WRG warm	19.1
2021-03-11 21:21:48.0	Ana1 - 1: T.Au?en	7.7
2021-03-11 21:21:48.0	Ana2 - 2: T.Zuluft	15.6
2021-03-11 21:21:48.0	Ana3 - 3: T.Abluft	19.8
2021-03-11 21:21:48.0	Ana4 - 4: T.Fortluft	13.3
2021-03-11 21:21:48.0	Ana5 - 5: T.Raum	9999.9
2021-03-11 21:21:48.0	Ana9 - 9: T.Zuluft WRG warm	19.1
2021-03-11 21:21:58.0	Ana1 - 1: T.Au?en	7.7
2021-03-11 21:21:58.0	Ana2 - 2: T.Zuluft	15.6
2021-03-11 21:21:58.0	Ana3 - 3: T.Abluft	19.8
2021-03-11 21:21:58.0	Ana4 - 4: T.Fortluft	13.3
2021-03-11 21:21:58.0	Ana5 - 5: T.Raum	9999.9
2021-03-11 21:21:58.0	Ana9 - 9: T.Zuluft WRG warm	19.1
2021-03-11 21:22:08.0	Ana1 - 1: T.Au?en	7.7
2021-03-11 21:22:08.0	Ana2 - 2: T.Zuluft	15.6
2021-03-11 21:22:08.0	Ana3 - 3: T.Abluft	19.8
2021-03-11 21:22:08.0	Ana4 - 4: T.Fortluft	13.3
2021-03-11 21:22:08.0	Ana5 - 5: T.Raum	9999.9
2021-03-11 21:22:08.0	Ana9 - 9: T.Zuluft WRG warm	19.1
2021-03-11 21:22:18.0	Ana1 - 1: T.Au?en	7.7
2021-03-11 21:22:18.0	Ana2 - 2: T.Zuluft	15.6
2021-03-11 21:22:18.0	Ana3 - 3: T.Abluft	19.8
2021-03-11 21:22:18.0	Ana4 - 4: T.Fortluft	13.3
2021-03-11 21:22:18.0	Ana5 - 5: T.Raum	9999.9
2021-03-11 21:22:18.0	Ana9 - 9: T.Zuluft WRG warm	19.1
2021-03-11 21:22:28.0	Ana1 - 1: T.Au?en	7.7
2021-03-11 21:22:28.0	Ana2 - 2: T.Zuluft	15.6
2021-03-11 21:22:28.0	Ana3 - 3: T.Abluft	19.8
2021-03-11 21:22:28.0	Ana4 - 4: T.Fortluft	13.3
2021-03-11 21:22:28.0	Ana5 - 5: T.Raum	9999.9
2021-03-11 21:22:28.0	Ana9 - 9: T.Zuluft WRG warm	19.1
2021-03-11 21:22:38.0	Ana1 - 1: T.Au?en	7.7
2021-03-11 21:22:38.0	Ana2 - 2: T.Zuluft	15.6
2021-03-11 21:22:38.0	Ana3 - 3: T.Abluft	19.8
2021-03-11 21:22:38.0	Ana4 - 4: T.Fortluft	13.3
2021-03-11 21:22:38.0	Ana5 - 5: T.Raum	9999.9
2021-03-11 21:22:38.0	Ana9 - 9: T.Zuluft WRG warm	19.1
2021-03-11 21:22:48.0	Ana1 - 1: T.Au?en	7.7
2021-03-11 21:22:48.0	Ana2 - 2: T.Zuluft	15.6
2021-03-11 21:22:48.0	Ana3 - 3: T.Abluft	19.8
2021-03-11 21:22:48.0	Ana4 - 4: T.Fortluft	13.3
2021-03-11 21:22:48.0	Ana5 - 5: T.Raum	9999.9
2021-03-11 21:22:48.0	Ana9 - 9: T.Zuluft WRG warm	19.1
2021-03-11 21:22:58.0	Ana1 - 1: T.Au?en	7.7
2021-03-11 21:22:58.0	Ana2 - 2: T.Zuluft	15.6
2021-03-11 21:22:58.0	Ana3 - 3: T.Abluft	19.8
2021-03-11 21:22:58.0	Ana4 - 4: T.Fortluft	13.3
2021-03-11 21:22:58.0	Ana5 - 5: T.Raum	9999.9
2021-03-11 21:22:58.0	Ana9 - 9: T.Zuluft WRG warm	19.1
2021-03-11 21:23:08.0	Ana1 - 1: T.Au?en	7.7
2021-03-11 21:23:08.0	Ana2 - 2: T.Zuluft	15.6
2021-03-11 21:23:08.0	Ana3 - 3: T.Abluft	19.8
2021-03-11 21:23:08.0	Ana4 - 4: T.Fortluft	13.3
2021-03-11 21:23:08.0	Ana5 - 5: T.Raum	9999.9
2021-03-11 21:23:08.0	Ana9 - 9: T.Zuluft WRG warm	19.1
2021-03-11 21:23:18.0	Ana1 - 1: T.Au?en	7.6
2021-03-11 21:23:18.0	Ana2 - 2: T.Zuluft	15.6
2021-03-11 21:23:18.0	Ana3 - 3: T.Abluft	19.8
2021-03-11 21:23:18.0	Ana4 - 4: T.Fortluft	13.2
2021-03-11 21:23:18.0	Ana5 - 5: T.Raum	9999.9
2021-03-11 21:23:18.0	Ana9 - 9: T.Zuluft WRG warm	19.1
2021-03-11 21:23:28.0	Ana1 - 1: T.Au?en	7.7
2021-03-11 21:23:28.0	Ana2 - 2: T.Zuluft	15.6
2021-03-11 21:23:28.0	Ana3 - 3: T.Abluft	19.8
2021-03-11 21:23:28.0	Ana4 - 4: T.Fortluft	13.2
2021-03-11 21:23:28.0	Ana5 - 5: T.Raum	9999.9
2021-03-11 21:23:28.0	Ana9 - 9: T.Zuluft WRG warm	19.1
2021-03-11 21:23:38.0	Ana1 - 1: T.Au?en	7.7
2021-03-11 21:23:38.0	Ana2 - 2: T.Zuluft	15.6
2021-03-11 21:23:38.0	Ana3 - 3: T.Abluft	19.8
2021-03-11 21:23:38.0	Ana4 - 4: T.Fortluft	13.2
2021-03-11 21:23:38.0	Ana5 - 5: T.Raum	9999.9
2021-03-11 21:23:38.0	Ana9 - 9: T.Zuluft WRG warm	19.1
2021-03-11 21:23:48.0	Ana1 - 1: T.Au?en	7.6
2021-03-11 21:23:48.0	Ana2 - 2: T.Zuluft	15.6
2021-03-11 21:23:48.0	Ana3 - 3: T.Abluft	19.8
2021-03-11 21:23:48.0	Ana4 - 4: T.Fortluft	13.2
2021-03-11 21:23:48.0	Ana5 - 5: T.Raum	9999.9
2021-03-11 21:23:48.0	Ana9 - 9: T.Zuluft WRG warm	19.1
2021-03-11 21:23:58.0	Ana1 - 1: T.Au?en	7.6
2021-03-11 21:23:58.0	Ana2 - 2: T.Zuluft	15.6
2021-03-11 21:23:58.0	Ana3 - 3: T.Abluft	19.8
2021-03-11 21:23:58.0	Ana4 - 4: T.Fortluft	13.2
2021-03-11 21:23:58.0	Ana5 - 5: T.Raum	9999.9
2021-03-11 21:23:58.0	Ana9 - 9: T.Zuluft WRG warm	19.1
2021-03-11 21:24:08.0	Ana1 - 1: T.Au?en	7.6
2021-03-11 21:24:08.0	Ana2 - 2: T.Zuluft	15.6
2021-03-11 21:24:08.0	Ana3 - 3: T.Abluft	19.8
2021-03-11 21:24:08.0	Ana4 - 4: T.Fortluft	13.2
2021-03-11 21:24:08.0	Ana5 - 5: T.Raum	9999.9
2021-03-11 21:24:08.0	Ana9 - 9: T.Zuluft WRG warm	19.1
2021-03-11 21:24:18.0	Ana1 - 1: T.Au?en	7.6
2021-03-11 21:24:18.0	Ana2 - 2: T.Zuluft	15.6
2021-03-11 21:24:18.0	Ana3 - 3: T.Abluft	19.8
2021-03-11 21:24:18.0	Ana4 - 4: T.Fortluft	13.2
2021-03-11 21:24:18.0	Ana5 - 5: T.Raum	9999.9
2021-03-11 21:24:18.0	Ana9 - 9: T.Zuluft WRG warm	19.1
2021-03-11 21:24:28.0	Ana1 - 1: T.Au?en	7.6
2021-03-11 21:24:28.0	Ana2 - 2: T.Zuluft	15.6
2021-03-11 21:24:28.0	Ana3 - 3: T.Abluft	19.8
2021-03-11 21:24:28.0	Ana4 - 4: T.Fortluft	13.2
2021-03-11 21:24:28.0	Ana5 - 5: T.Raum	9999.9
2021-03-11 21:24:28.0	Ana9 - 9: T.Zuluft WRG warm	19.1
2021-03-11 21:24:38.0	Ana1 - 1: T.Au?en	7.6
2021-03-11 21:24:38.0	Ana2 - 2: T.Zuluft	15.6
2021-03-11 21:24:38.0	Ana3 - 3: T.Abluft	19.8
2021-03-11 21:24:38.0	Ana4 - 4: T.Fortluft	13.2
2021-03-11 21:24:38.0	Ana5 - 5: T.Raum	9999.9
2021-03-11 21:24:38.0	Ana9 - 9: T.Zuluft WRG warm	19.1
2021-03-11 21:24:48.0	Ana1 - 1: T.Au?en	7.6
2021-03-11 21:24:48.0	Ana2 - 2: T.Zuluft	15.6
2021-03-11 21:24:48.0	Ana3 - 3: T.Abluft	19.8
2021-03-11 21:24:48.0	Ana4 - 4: T.Fortluft	13.2
2021-03-11 21:24:48.0	Ana5 - 5: T.Raum	9999.9
2021-03-11 21:24:48.0	Ana9 - 9: T.Zuluft WRG warm	19.1
2021-03-11 21:24:58.0	Ana1 - 1: T.Au?en	7.6
2021-03-11 21:24:58.0	Ana2 - 2: T.Zuluft	15.6
2021-03-11 21:24:58.0	Ana3 - 3: T.Abluft	19.8
2021-03-11 21:24:58.0	Ana4 - 4: T.Fortluft	13.2
2021-03-11 21:24:58.0	Ana5 - 5: T.Raum	9999.9
2021-03-11 21:24:58.0	Ana9 - 9: T.Zuluft WRG warm	19.1
2021-03-11 21:25:08.0	Ana1 - 1: T.Au?en	7.6
2021-03-11 21:25:08.0	Ana2 - 2: T.Zuluft	15.6
2021-03-11 21:25:08.0	Ana3 - 3: T.Abluft	19.8
2021-03-11 21:25:08.0	Ana4 - 4: T.Fortluft	13.2
2021-03-11 21:25:08.0	Ana5 - 5: T.Raum	9999.9
2021-03-11 21:25:08.0	Ana9 - 9: T.Zuluft WRG warm	19.1
2021-03-11 21:25:18.0	Ana1 - 1: T.Au?en	7.6
2021-03-11 21:25:18.0	Ana2 - 2: T.Zuluft	15.6
2021-03-11 21:25:18.0	Ana3 - 3: T.Abluft	19.8
2021-03-11 21:25:18.0	Ana4 - 4: T.Fortluft	13.2
2021-03-11 21:25:18.0	Ana5 - 5: T.Raum	9999.9
2021-03-11 21:25:18.0	Ana9 - 9: T.Zuluft WRG warm	19.1
2021-03-11 21:25:28.0	Ana1 - 1: T.Au?en	7.6
2021-03-11 21:25:28.0	Ana2 - 2: T.Zuluft	15.6
2021-03-11 21:25:28.0	Ana3 - 3: T.Abluft	19.8
2021-03-11 21:25:28.0	Ana4 - 4: T.Fortluft	13.2
2021-03-11 21:25:28.0	Ana5 - 5: T.Raum	9999.9
2021-03-11 21:25:28.0	Ana9 - 9: T.Zuluft WRG warm	19.1
2021-03-11 21:25:38.0	Ana1 - 1: T.Au?en	7.6
2021-03-11 21:25:38.0	Ana2 - 2: T.Zuluft	15.6
2021-03-11 21:25:38.0	Ana3 - 3: T.Abluft	19.8
2021-03-11 21:25:38.0	Ana4 - 4: T.Fortluft	13.2
2021-03-11 21:25:38.0	Ana5 - 5: T.Raum	9999.9
2021-03-11 21:25:38.0	Ana9 - 9: T.Zuluft WRG warm	19.1
2021-03-11 21:25:48.0	Ana1 - 1: T.Au?en	7.6
2021-03-11 21:25:48.0	Ana2 - 2: T.Zuluft	15.6
2021-03-11 21:25:48.0	Ana3 - 3: T.Abluft	19.8
2021-03-11 21:25:48.0	Ana4 - 4: T.Fortluft	13.2
2021-03-11 21:25:48.0	Ana5 - 5: T.Raum	9999.9
2021-03-11 21:25:48.0	Ana9 - 9: T.Zuluft WRG warm	19.1
2021-03-11 21:25:58.0	Ana1 - 1: T.Au?en	7.6
2021-03-11 21:25:58.0	Ana2 - 2: T.Zuluft	15.6
2021-03-11 21:25:58.0	Ana3 - 3: T.Abluft	19.8
2021-03-11 21:25:58.0	Ana4 - 4: T.Fortluft	13.2
2021-03-11 21:25:58.0	Ana5 - 5: T.Raum	9999.9
2021-03-11 21:25:58.0	Ana9 - 9: T.Zuluft WRG warm	19.1
2021-03-11 21:26:08.0	Ana1 - 1: T.Au?en	7.6
2021-03-11 21:26:08.0	Ana2 - 2: T.Zuluft	15.6
2021-03-11 21:26:08.0	Ana3 - 3: T.Abluft	19.8
2021-03-11 21:26:08.0	Ana4 - 4: T.Fortluft	13.2
2021-03-11 21:26:08.0	Ana5 - 5: T.Raum	9999.9
2021-03-11 21:26:08.0	Ana9 - 9: T.Zuluft WRG warm	19.1
2021-03-11 21:26:18.0	Ana1 - 1: T.Au?en	7.5
2021-03-11 21:26:18.0	Ana2 - 2: T.Zuluft	15.6
2021-03-11 21:26:18.0	Ana3 - 3: T.Abluft	19.8
2021-03-11 21:26:18.0	Ana4 - 4: T.Fortluft	13.2
2021-03-11 21:26:18.0	Ana5 - 5: T.Raum	9999.9
2021-03-11 21:26:18.0	Ana9 - 9: T.Zuluft WRG warm	19.1
2021-03-11 21:26:28.0	Ana1 - 1: T.Au?en	7.5
2021-03-11 21:26:28.0	Ana2 - 2: T.Zuluft	15.6
2021-03-11 21:26:28.0	Ana3 - 3: T.Abluft	19.8
2021-03-11 21:26:28.0	Ana4 - 4: T.Fortluft	13.2
2021-03-11 21:26:28.0	Ana5 - 5: T.Raum	9999.9
2021-03-11 21:26:28.0	Ana9 - 9: T.Zuluft WRG warm	19.1
2021-03-11 21:26:38.0	Ana1 - 1: T.Au?en	7.5
2021-03-11 21:26:38.0	Ana2 - 2: T.Zuluft	15.6
2021-03-11 21:26:38.0	Ana3 - 3: T.Abluft	19.8
2021-03-11 21:26:38.0	Ana4 - 4: T.Fortluft	13.2
2021-03-11 21:26:38.0	Ana5 - 5: T.Raum	9999.9
2021-03-11 21:26:38.0	Ana9 - 9: T.Zuluft WRG warm	19.1
2021-03-11 21:26:48.0	Ana1 - 1: T.Au?en	7.5
2021-03-11 21:26:48.0	Ana2 - 2: T.Zuluft	15.6
2021-03-11 21:26:48.0	Ana3 - 3: T.Abluft	19.8
2021-03-11 21:26:48.0	Ana4 - 4: T.Fortluft	13.2
2021-03-11 21:26:48.0	Ana5 - 5: T.Raum	9999.9
2021-03-11 21:26:48.0	Ana9 - 9: T.Zuluft WRG warm	19.1
2021-03-11 21:26:58.0	Ana1 - 1: T.Au?en	7.5
2021-03-11 21:26:58.0	Ana2 - 2: T.Zuluft	15.6
2021-03-11 21:26:58.0	Ana3 - 3: T.Abluft	19.8
2021-03-11 21:26:58.0	Ana4 - 4: T.Fortluft	13.2
2021-03-11 21:26:58.0	Ana5 - 5: T.Raum	9999.9
2021-03-11 21:26:58.0	Ana9 - 9: T.Zuluft WRG warm	19.1
2021-03-11 21:27:08.0	Ana1 - 1: T.Au?en	7.5
2021-03-11 21:27:08.0	Ana2 - 2: T.Zuluft	15.6
2021-03-11 21:27:08.0	Ana3 - 3: T.Abluft	19.8
2021-03-11 21:27:08.0	Ana4 - 4: T.Fortluft	13.2
2021-03-11 21:27:08.0	Ana5 - 5: T.Raum	9999.9
2021-03-11 21:27:08.0	Ana9 - 9: T.Zuluft WRG warm	19.1
2021-03-11 21:27:18.0	Ana1 - 1: T.Au?en	7.5
2021-03-11 21:27:18.0	Ana2 - 2: T.Zuluft	15.6
2021-03-11 21:27:18.0	Ana3 - 3: T.Abluft	19.8
2021-03-11 21:27:18.0	Ana4 - 4: T.Fortluft	13.2
2021-03-11 21:27:18.0	Ana5 - 5: T.Raum	9999.9
2021-03-11 21:27:18.0	Ana9 - 9: T.Zuluft WRG warm	19.1
2021-03-11 21:27:28.0	Ana1 - 1: T.Au?en	7.5
2021-03-11 21:27:28.0	Ana2 - 2: T.Zuluft	15.6
2021-03-11 21:27:28.0	Ana3 - 3: T.Abluft	19.8
2021-03-11 21:27:28.0	Ana4 - 4: T.Fortluft	13.2
2021-03-11 21:27:28.0	Ana5 - 5: T.Raum	9999.9
2021-03-11 21:27:28.0	Ana9 - 9: T.Zuluft WRG warm	19.1
2021-03-11 21:27:38.0	Ana1 - 1: T.Au?en	7.5
2021-03-11 21:27:38.0	Ana2 - 2: T.Zuluft	15.6
2021-03-11 21:27:38.0	Ana3 - 3: T.Abluft	19.8
2021-03-11 21:27:38.0	Ana4 - 4: T.Fortluft	13.2
2021-03-11 21:27:38.0	Ana5 - 5: T.Raum	9999.9
2021-03-11 21:27:38.0	Ana9 - 9: T.Zuluft WRG warm	19.1
2021-03-11 21:27:48.0	Ana1 - 1: T.Au?en	7.5
2021-03-11 21:27:48.0	Ana2 - 2: T.Zuluft	15.6
2021-03-11 21:27:48.0	Ana3 - 3: T.Abluft	19.8
2021-03-11 21:27:48.0	Ana4 - 4: T.Fortluft	13.2
2021-03-11 21:27:48.0	Ana5 - 5: T.Raum	9999.9
2021-03-11 21:27:48.0	Ana9 - 9: T.Zuluft WRG warm	19.1
2021-03-11 21:27:58.0	Ana1 - 1: T.Au?en	7.5
2021-03-11 21:27:58.0	Ana2 - 2: T.Zuluft	15.6
2021-03-11 21:27:58.0	Ana3 - 3: T.Abluft	19.8
2021-03-11 21:27:58.0	Ana4 - 4: T.Fortluft	13.2
2021-03-11 21:27:58.0	Ana5 - 5: T.Raum	9999.9
2021-03-11 21:27:58.0	Ana9 - 9: T.Zuluft WRG warm	19.1
2021-03-11 21:28:08.0	Ana1 - 1: T.Au?en	7.5
2021-03-11 21:28:08.0	Ana2 - 2: T.Zuluft	15.6
2021-03-11 21:28:08.0	Ana3 - 3: T.Abluft	19.8
2021-03-11 21:28:08.0	Ana4 - 4: T.Fortluft	13.2
2021-03-11 21:28:08.0	Ana5 - 5: T.Raum	9999.9
2021-03-11 21:28:08.0	Ana9 - 9: T.Zuluft WRG warm	19.1
2021-03-11 21:28:18.0	Ana1 - 1: T.Au?en	7.5
2021-03-11 21:28:18.0	Ana2 - 2: T.Zuluft	15.6
2021-03-11 21:28:18.0	Ana3 - 3: T.Abluft	19.8
2021-03-11 21:28:18.0	Ana4 - 4: T.Fortluft	13.2
2021-03-11 21:28:18.0	Ana5 - 5: T.Raum	9999.9
2021-03-11 21:28:18.0	Ana9 - 9: T.Zuluft WRG warm	19.1
2021-03-11 21:28:28.0	Ana1 - 1: T.Au?en	7.5
2021-03-11 21:28:28.0	Ana2 - 2: T.Zuluft	15.6
2021-03-11 21:28:28.0	Ana3 - 3: T.Abluft	19.8
2021-03-11 21:28:28.0	Ana4 - 4: T.Fortluft	13.2
2021-03-11 21:28:28.0	Ana5 - 5: T.Raum	9999.9
2021-03-11 21:28:28.0	Ana9 - 9: T.Zuluft WRG warm	19.1
2021-03-11 21:28:38.0	Ana1 - 1: T.Au?en	7.5
2021-03-11 21:28:38.0	Ana2 - 2: T.Zuluft	15.6
2021-03-11 21:28:38.0	Ana3 - 3: T.Abluft	19.8
2021-03-11 21:28:38.0	Ana4 - 4: T.Fortluft	13.2
2021-03-11 21:28:38.0	Ana5 - 5: T.Raum	9999.9
2021-03-11 21:28:38.0	Ana9 - 9: T.Zuluft WRG warm	19.1
2021-03-11 21:28:48.0	Ana1 - 1: T.Au?en	7.5
2021-03-11 21:28:48.0	Ana2 - 2: T.Zuluft	15.6
2021-03-11 21:28:48.0	Ana3 - 3: T.Abluft	19.8
2021-03-11 21:28:48.0	Ana4 - 4: T.Fortluft	13.2
2021-03-11 21:28:48.0	Ana5 - 5: T.Raum	9999.9
2021-03-11 21:28:48.0	Ana9 - 9: T.Zuluft WRG warm	19.1
2021-03-11 21:28:58.0	Ana1 - 1: T.Au?en	7.5
2021-03-11 21:28:58.0	Ana2 - 2: T.Zuluft	15.5
2021-03-11 21:28:58.0	Ana3 - 3: T.Abluft	19.8
2021-03-11 21:28:58.0	Ana4 - 4: T.Fortluft	13.2
2021-03-11 21:28:58.0	Ana5 - 5: T.Raum	9999.9
2021-03-11 21:28:58.0	Ana9 - 9: T.Zuluft WRG warm	19.1
2021-03-11 21:29:08.0	Ana1 - 1: T.Au?en	7.5
2021-03-11 21:29:08.0	Ana2 - 2: T.Zuluft	15.5
2021-03-11 21:29:08.0	Ana3 - 3: T.Abluft	19.8
2021-03-11 21:29:08.0	Ana4 - 4: T.Fortluft	13.2
2021-03-11 21:29:08.0	Ana5 - 5: T.Raum	9999.9
2021-03-11 21:29:08.0	Ana9 - 9: T.Zuluft WRG warm	19.1
2021-03-11 21:29:18.0	Ana1 - 1: T.Au?en	7.4
2021-03-11 21:29:18.0	Ana2 - 2: T.Zuluft	15.5
2021-03-11 21:29:18.0	Ana3 - 3: T.Abluft	19.8
2021-03-11 21:29:18.0	Ana4 - 4: T.Fortluft	13.2
2021-03-11 21:29:18.0	Ana5 - 5: T.Raum	9999.9
2021-03-11 21:29:18.0	Ana9 - 9: T.Zuluft WRG warm	19.1
2021-03-11 21:29:28.0	Ana1 - 1: T.Au?en	7.4
2021-03-11 21:29:28.0	Ana2 - 2: T.Zuluft	15.5
2021-03-11 21:29:28.0	Ana3 - 3: T.Abluft	19.8
2021-03-11 21:29:28.0	Ana4 - 4: T.Fortluft	13.2
2021-03-11 21:29:28.0	Ana5 - 5: T.Raum	9999.9
2021-03-11 21:29:28.0	Ana9 - 9: T.Zuluft WRG warm	19.1
2021-03-11 21:29:38.0	Ana1 - 1: T.Au?en	7.4
2021-03-11 21:29:38.0	Ana2 - 2: T.Zuluft	15.5
2021-03-11 21:29:38.0	Ana3 - 3: T.Abluft	19.8
2021-03-11 21:29:38.0	Ana4 - 4: T.Fortluft	13.2
2021-03-11 21:29:38.0	Ana5 - 5: T.Raum	9999.9
2021-03-11 21:29:38.0	Ana9 - 9: T.Zuluft WRG warm	19.1
2021-03-11 21:29:48.0	Ana1 - 1: T.Au?en	7.4
2021-03-11 21:29:48.0	Ana2 - 2: T.Zuluft	15.5
2021-03-11 21:29:48.0	Ana3 - 3: T.Abluft	19.8
2021-03-11 21:29:48.0	Ana4 - 4: T.Fortluft	13.2
2021-03-11 21:29:48.0	Ana5 - 5: T.Raum	9999.9
2021-03-11 21:29:48.0	Ana9 - 9: T.Zuluft WRG warm	19.1
2021-03-11 21:29:58.0	Ana1 - 1: T.Au?en	7.4
2021-03-11 21:29:58.0	Ana2 - 2: T.Zuluft	15.5
2021-03-11 21:29:58.0	Ana3 - 3: T.Abluft	19.8
2021-03-11 21:29:58.0	Ana4 - 4: T.Fortluft	13.2
2021-03-11 21:29:58.0	Ana5 - 5: T.Raum	9999.9
2021-03-11 21:29:58.0	Ana9 - 9: T.Zuluft WRG warm	19.1
2021-03-11 21:30:08.0	Ana1 - 1: T.Au?en	7.4
2021-03-11 21:30:08.0	Ana2 - 2: T.Zuluft	15.5
2021-03-11 21:30:08.0	Ana3 - 3: T.Abluft	19.8
2021-03-11 21:30:08.0	Ana4 - 4: T.Fortluft	13.2
2021-03-11 21:30:08.0	Ana5 - 5: T.Raum	9999.9
2021-03-11 21:30:08.0	Ana9 - 9: T.Zuluft WRG warm	19.1
2021-03-11 21:30:18.0	Ana1 - 1: T.Au?en	7.4
2021-03-11 21:30:18.0	Ana2 - 2: T.Zuluft	15.5
2021-03-11 21:30:18.0	Ana3 - 3: T.Abluft	19.8
2021-03-11 21:30:18.0	Ana4 - 4: T.Fortluft	13.2
2021-03-11 21:30:18.0	Ana5 - 5: T.Raum	9999.9
2021-03-11 21:30:18.0	Ana9 - 9: T.Zuluft WRG warm	19.1
2021-03-11 21:30:28.0	Ana1 - 1: T.Au?en	7.4
2021-03-11 21:30:28.0	Ana2 - 2: T.Zuluft	15.5
2021-03-11 21:30:28.0	Ana3 - 3: T.Abluft	19.8
2021-03-11 21:30:28.0	Ana4 - 4: T.Fortluft	13.2
2021-03-11 21:30:28.0	Ana5 - 5: T.Raum	9999.9
2021-03-11 21:30:28.0	Ana9 - 9: T.Zuluft WRG warm	19.1
2021-03-11 21:30:38.0	Ana1 - 1: T.Au?en	7.4
2021-03-11 21:30:38.0	Ana2 - 2: T.Zuluft	15.5
2021-03-11 21:30:38.0	Ana3 - 3: T.Abluft	19.8
2021-03-11 21:30:38.0	Ana4 - 4: T.Fortluft	13.2
2021-03-11 21:30:38.0	Ana5 - 5: T.Raum	9999.9
2021-03-11 21:30:38.0	Ana9 - 9: T.Zuluft WRG warm	19.1
2021-03-11 21:30:48.0	Ana1 - 1: T.Au?en	7.4
2021-03-11 21:30:48.0	Ana2 - 2: T.Zuluft	15.5
2021-03-11 21:30:48.0	Ana3 - 3: T.Abluft	19.8
2021-03-11 21:30:48.0	Ana4 - 4: T.Fortluft	13.2
2021-03-11 21:30:48.0	Ana5 - 5: T.Raum	9999.9
2021-03-11 21:30:48.0	Ana9 - 9: T.Zuluft WRG warm	19.1
2021-03-11 21:30:58.0	Ana1 - 1: T.Au?en	7.4
2021-03-11 21:30:58.0	Ana2 - 2: T.Zuluft	15.5
2021-03-11 21:30:58.0	Ana3 - 3: T.Abluft	19.8
2021-03-11 21:30:58.0	Ana4 - 4: T.Fortluft	13.2
2021-03-11 21:30:58.0	Ana5 - 5: T.Raum	9999.9
2021-03-11 21:30:58.0	Ana9 - 9: T.Zuluft WRG warm	19.1
2021-03-11 21:31:08.0	Ana1 - 1: T.Au?en	7.3
2021-03-11 21:31:08.0	Ana2 - 2: T.Zuluft	15.5
2021-03-11 21:31:08.0	Ana3 - 3: T.Abluft	19.8
2021-03-11 21:31:08.0	Ana4 - 4: T.Fortluft	13.2
2021-03-11 21:31:08.0	Ana5 - 5: T.Raum	9999.9
2021-03-11 21:31:08.0	Ana9 - 9: T.Zuluft WRG warm	19.1
2021-03-11 21:31:18.0	Ana1 - 1: T.Au?en	7.3
2021-03-11 21:31:18.0	Ana2 - 2: T.Zuluft	15.5
2021-03-11 21:31:18.0	Ana3 - 3: T.Abluft	19.8
2021-03-11 21:31:18.0	Ana4 - 4: T.Fortluft	13.1
2021-03-11 21:31:18.0	Ana5 - 5: T.Raum	9999.9
2021-03-11 21:31:18.0	Ana9 - 9: T.Zuluft WRG warm	19.1
2021-03-11 21:31:28.0	Ana1 - 1: T.Au?en	7.3
2021-03-11 21:31:28.0	Ana2 - 2: T.Zuluft	15.5
2021-03-11 21:31:28.0	Ana3 - 3: T.Abluft	19.8
2021-03-11 21:31:28.0	Ana4 - 4: T.Fortluft	13.2
2021-03-11 21:31:28.0	Ana5 - 5: T.Raum	9999.9
2021-03-11 21:31:28.0	Ana9 - 9: T.Zuluft WRG warm	19.0
2021-03-11 21:31:38.0	Ana1 - 1: T.Au?en	7.4
2021-03-11 21:31:38.0	Ana2 - 2: T.Zuluft	15.5
2021-03-11 21:31:38.0	Ana3 - 3: T.Abluft	19.8
2021-03-11 21:31:38.0	Ana4 - 4: T.Fortluft	13.2
2021-03-11 21:31:38.0	Ana5 - 5: T.Raum	9999.9
2021-03-11 21:31:38.0	Ana9 - 9: T.Zuluft WRG warm	19.0
2021-03-11 21:31:48.0	Ana1 - 1: T.Au?en	7.3
2021-03-11 21:31:48.0	Ana2 - 2: T.Zuluft	15.5
2021-03-11 21:31:48.0	Ana3 - 3: T.Abluft	19.8
2021-03-11 21:31:48.0	Ana4 - 4: T.Fortluft	13.2
2021-03-11 21:31:48.0	Ana5 - 5: T.Raum	9999.9
2021-03-11 21:31:48.0	Ana9 - 9: T.Zuluft WRG warm	19.0
2021-03-11 21:31:58.0	Ana1 - 1: T.Au?en	7.3
2021-03-11 21:31:58.0	Ana2 - 2: T.Zuluft	15.5
2021-03-11 21:31:58.0	Ana3 - 3: T.Abluft	19.8
2021-03-11 21:31:58.0	Ana4 - 4: T.Fortluft	13.1
2021-03-11 21:31:58.0	Ana5 - 5: T.Raum	9999.9
2021-03-11 21:31:58.0	Ana9 - 9: T.Zuluft WRG warm	19.0
2021-03-11 21:32:08.0	Ana1 - 1: T.Au?en	7.3
2021-03-11 21:32:08.0	Ana2 - 2: T.Zuluft	15.5
2021-03-11 21:32:08.0	Ana3 - 3: T.Abluft	19.8
2021-03-11 21:32:08.0	Ana4 - 4: T.Fortluft	13.1
2021-03-11 21:32:08.0	Ana5 - 5: T.Raum	9999.9
2021-03-11 21:32:08.0	Ana9 - 9: T.Zuluft WRG warm	19.0
2021-03-11 21:32:18.0	Ana1 - 1: T.Au?en	7.3
2021-03-11 21:32:18.0	Ana2 - 2: T.Zuluft	15.5
2021-03-11 21:32:18.0	Ana3 - 3: T.Abluft	19.8
2021-03-11 21:32:18.0	Ana4 - 4: T.Fortluft	13.1
2021-03-11 21:32:18.0	Ana5 - 5: T.Raum	9999.9
2021-03-11 21:32:18.0	Ana9 - 9: T.Zuluft WRG warm	19.0
2021-03-11 21:32:28.0	Ana1 - 1: T.Au?en	7.3
2021-03-11 21:32:28.0	Ana2 - 2: T.Zuluft	15.5
2021-03-11 21:32:28.0	Ana3 - 3: T.Abluft	19.8
2021-03-11 21:32:28.0	Ana4 - 4: T.Fortluft	13.1
2021-03-11 21:32:28.0	Ana5 - 5: T.Raum	9999.9
2021-03-11 21:32:28.0	Ana9 - 9: T.Zuluft WRG warm	19.0
2021-03-11 21:32:38.0	Ana1 - 1: T.Au?en	7.3
2021-03-11 21:32:38.0	Ana2 - 2: T.Zuluft	15.5
2021-03-11 21:32:38.0	Ana3 - 3: T.Abluft	19.8
2021-03-11 21:32:38.0	Ana4 - 4: T.Fortluft	13.1
2021-03-11 21:32:38.0	Ana5 - 5: T.Raum	9999.9
2021-03-11 21:32:38.0	Ana9 - 9: T.Zuluft WRG warm	19.0
2021-03-11 21:32:48.0	Ana1 - 1: T.Au?en	7.3
2021-03-11 21:32:48.0	Ana2 - 2: T.Zuluft	15.5
2021-03-11 21:32:48.0	Ana3 - 3: T.Abluft	19.8
2021-03-11 21:32:48.0	Ana4 - 4: T.Fortluft	13.1
2021-03-11 21:32:48.0	Ana5 - 5: T.Raum	9999.9
2021-03-11 21:32:48.0	Ana9 - 9: T.Zuluft WRG warm	19.0
2021-03-11 21:32:58.0	Ana1 - 1: T.Au?en	7.3
2021-03-11 21:32:58.0	Ana2 - 2: T.Zuluft	15.5
2021-03-11 21:32:58.0	Ana3 - 3: T.Abluft	19.8
2021-03-11 21:32:58.0	Ana4 - 4: T.Fortluft	13.1
2021-03-11 21:32:58.0	Ana5 - 5: T.Raum	9999.9
2021-03-11 21:32:58.0	Ana9 - 9: T.Zuluft WRG warm	19.0
2021-03-11 21:33:08.0	Ana1 - 1: T.Au?en	7.3
2021-03-11 21:33:08.0	Ana2 - 2: T.Zuluft	15.5
2021-03-11 21:33:08.0	Ana3 - 3: T.Abluft	19.8
2021-03-11 21:33:08.0	Ana4 - 4: T.Fortluft	13.1
2021-03-11 21:33:08.0	Ana5 - 5: T.Raum	9999.9
2021-03-11 21:33:08.0	Ana9 - 9: T.Zuluft WRG warm	19.0
2021-03-11 21:33:18.0	Ana1 - 1: T.Au?en	7.4
2021-03-11 21:33:18.0	Ana2 - 2: T.Zuluft	15.5
2021-03-11 21:33:18.0	Ana3 - 3: T.Abluft	19.8
2021-03-11 21:33:18.0	Ana4 - 4: T.Fortluft	13.1
2021-03-11 21:33:18.0	Ana5 - 5: T.Raum	9999.9
2021-03-11 21:33:18.0	Ana9 - 9: T.Zuluft WRG warm	19.0
2021-03-11 21:33:28.0	Ana1 - 1: T.Au?en	7.4
2021-03-11 21:33:28.0	Ana2 - 2: T.Zuluft	15.5
2021-03-11 21:33:28.0	Ana3 - 3: T.Abluft	19.8
2021-03-11 21:33:28.0	Ana4 - 4: T.Fortluft	13.1
2021-03-11 21:33:28.0	Ana5 - 5: T.Raum	9999.9
2021-03-11 21:33:28.0	Ana9 - 9: T.Zuluft WRG warm	19.0
2021-03-11 21:33:38.0	Ana1 - 1: T.Au?en	7.4
2021-03-11 21:33:38.0	Ana2 - 2: T.Zuluft	15.5
2021-03-11 21:33:38.0	Ana3 - 3: T.Abluft	19.8
2021-03-11 21:33:38.0	Ana4 - 4: T.Fortluft	13.1
2021-03-11 21:33:38.0	Ana5 - 5: T.Raum	9999.9
2021-03-11 21:33:38.0	Ana9 - 9: T.Zuluft WRG warm	19.0
2021-03-11 21:33:48.0	Ana1 - 1: T.Au?en	7.4
2021-03-11 21:33:48.0	Ana2 - 2: T.Zuluft	15.5
2021-03-11 21:33:48.0	Ana3 - 3: T.Abluft	19.8
2021-03-11 21:33:48.0	Ana4 - 4: T.Fortluft	13.1
2021-03-11 21:33:48.0	Ana5 - 5: T.Raum	9999.9
2021-03-11 21:33:48.0	Ana9 - 9: T.Zuluft WRG warm	19.0
2021-03-11 21:33:58.0	Ana1 - 1: T.Au?en	7.4
2021-03-11 21:33:58.0	Ana2 - 2: T.Zuluft	15.5
2021-03-11 21:33:58.0	Ana3 - 3: T.Abluft	19.8
2021-03-11 21:33:58.0	Ana4 - 4: T.Fortluft	13.1
2021-03-11 21:33:58.0	Ana5 - 5: T.Raum	9999.9
2021-03-11 21:33:58.0	Ana9 - 9: T.Zuluft WRG warm	19.0
2021-03-11 21:34:08.0	Ana1 - 1: T.Au?en	7.4
2021-03-11 21:34:08.0	Ana2 - 2: T.Zuluft	15.5
2021-03-11 21:34:08.0	Ana3 - 3: T.Abluft	19.8
2021-03-11 21:34:08.0	Ana4 - 4: T.Fortluft	13.1
2021-03-11 21:34:08.0	Ana5 - 5: T.Raum	9999.9
2021-03-11 21:34:08.0	Ana9 - 9: T.Zuluft WRG warm	19.0
2021-03-11 21:34:18.0	Ana1 - 1: T.Au?en	7.4
2021-03-11 21:34:18.0	Ana2 - 2: T.Zuluft	15.5
2021-03-11 21:34:18.0	Ana3 - 3: T.Abluft	19.8
2021-03-11 21:34:18.0	Ana4 - 4: T.Fortluft	13.1
2021-03-11 21:34:18.0	Ana5 - 5: T.Raum	9999.9
2021-03-11 21:34:18.0	Ana9 - 9: T.Zuluft WRG warm	19.0
2021-03-11 21:34:28.0	Ana1 - 1: T.Au?en	7.4
2021-03-11 21:34:28.0	Ana2 - 2: T.Zuluft	15.5
2021-03-11 21:34:28.0	Ana3 - 3: T.Abluft	19.8
2021-03-11 21:34:28.0	Ana4 - 4: T.Fortluft	13.1
2021-03-11 21:34:28.0	Ana5 - 5: T.Raum	9999.9
2021-03-11 21:34:28.0	Ana9 - 9: T.Zuluft WRG warm	19.0
2021-03-11 21:34:38.0	Ana1 - 1: T.Au?en	7.4
2021-03-11 21:34:38.0	Ana2 - 2: T.Zuluft	15.5
2021-03-11 21:34:38.0	Ana3 - 3: T.Abluft	19.8
2021-03-11 21:34:38.0	Ana4 - 4: T.Fortluft	13.1
2021-03-11 21:34:38.0	Ana5 - 5: T.Raum	9999.9
2021-03-11 21:34:38.0	Ana9 - 9: T.Zuluft WRG warm	19.0
2021-03-11 21:34:48.0	Ana1 - 1: T.Au?en	7.4
2021-03-11 21:34:48.0	Ana2 - 2: T.Zuluft	15.5
2021-03-11 21:34:48.0	Ana3 - 3: T.Abluft	19.8
2021-03-11 21:34:48.0	Ana4 - 4: T.Fortluft	13.1
2021-03-11 21:34:48.0	Ana5 - 5: T.Raum	9999.9
2021-03-11 21:34:48.0	Ana9 - 9: T.Zuluft WRG warm	19.0
2021-03-11 21:34:58.0	Ana1 - 1: T.Au?en	7.3
2021-03-11 21:34:58.0	Ana2 - 2: T.Zuluft	15.5
2021-03-11 21:34:58.0	Ana3 - 3: T.Abluft	19.8
2021-03-11 21:34:58.0	Ana4 - 4: T.Fortluft	13.1
2021-03-11 21:34:58.0	Ana5 - 5: T.Raum	9999.9
2021-03-11 21:34:58.0	Ana9 - 9: T.Zuluft WRG warm	19.0
2021-03-11 21:35:08.0	Ana1 - 1: T.Au?en	7.3
2021-03-11 21:35:08.0	Ana2 - 2: T.Zuluft	15.5
2021-03-11 21:35:08.0	Ana3 - 3: T.Abluft	19.8
2021-03-11 21:35:08.0	Ana4 - 4: T.Fortluft	13.1
2021-03-11 21:35:08.0	Ana5 - 5: T.Raum	9999.9
2021-03-11 21:35:08.0	Ana9 - 9: T.Zuluft WRG warm	19.0
2021-03-11 21:35:18.0	Ana1 - 1: T.Au?en	7.3
2021-03-11 21:35:18.0	Ana2 - 2: T.Zuluft	15.5
2021-03-11 21:35:18.0	Ana3 - 3: T.Abluft	19.8
2021-03-11 21:35:18.0	Ana4 - 4: T.Fortluft	13.1
2021-03-11 21:35:18.0	Ana5 - 5: T.Raum	9999.9
2021-03-11 21:35:18.0	Ana9 - 9: T.Zuluft WRG warm	19.0
2021-03-11 21:35:28.0	Ana1 - 1: T.Au?en	7.3
2021-03-11 21:35:28.0	Ana2 - 2: T.Zuluft	15.5
2021-03-11 21:35:28.0	Ana3 - 3: T.Abluft	19.8
2021-03-11 21:35:28.0	Ana4 - 4: T.Fortluft	13.1
2021-03-11 21:35:28.0	Ana5 - 5: T.Raum	9999.9
2021-03-11 21:35:28.0	Ana9 - 9: T.Zuluft WRG warm	19.0
2021-03-11 21:35:38.0	Ana1 - 1: T.Au?en	7.3
2021-03-11 21:35:38.0	Ana2 - 2: T.Zuluft	15.5
2021-03-11 21:35:38.0	Ana3 - 3: T.Abluft	19.8
2021-03-11 21:35:38.0	Ana4 - 4: T.Fortluft	13.1
2021-03-11 21:35:38.0	Ana5 - 5: T.Raum	9999.9
2021-03-11 21:35:38.0	Ana9 - 9: T.Zuluft WRG warm	19.0
2021-03-11 21:35:48.0	Ana1 - 1: T.Au?en	7.3
2021-03-11 21:35:48.0	Ana2 - 2: T.Zuluft	15.5
2021-03-11 21:35:48.0	Ana3 - 3: T.Abluft	19.8
2021-03-11 21:35:48.0	Ana4 - 4: T.Fortluft	13.1
2021-03-11 21:35:48.0	Ana5 - 5: T.Raum	9999.9
2021-03-11 21:35:48.0	Ana9 - 9: T.Zuluft WRG warm	19.0
2021-03-11 21:35:58.0	Ana1 - 1: T.Au?en	7.3
2021-03-11 21:35:58.0	Ana2 - 2: T.Zuluft	15.5
2021-03-11 21:35:58.0	Ana3 - 3: T.Abluft	19.8
2021-03-11 21:35:58.0	Ana4 - 4: T.Fortluft	13.1
2021-03-11 21:35:58.0	Ana5 - 5: T.Raum	9999.9
2021-03-11 21:35:58.0	Ana9 - 9: T.Zuluft WRG warm	19.0
2021-03-11 21:36:08.0	Ana1 - 1: T.Au?en	7.3
2021-03-11 21:36:08.0	Ana2 - 2: T.Zuluft	15.4
2021-03-11 21:36:08.0	Ana3 - 3: T.Abluft	19.8
2021-03-11 21:36:08.0	Ana4 - 4: T.Fortluft	13.1
2021-03-11 21:36:08.0	Ana5 - 5: T.Raum	9999.9
2021-03-11 21:36:08.0	Ana9 - 9: T.Zuluft WRG warm	19.0
2021-03-11 21:36:18.0	Ana1 - 1: T.Au?en	7.3
2021-03-11 21:36:18.0	Ana2 - 2: T.Zuluft	15.4
2021-03-11 21:36:18.0	Ana3 - 3: T.Abluft	19.8
2021-03-11 21:36:18.0	Ana4 - 4: T.Fortluft	13.1
2021-03-11 21:36:18.0	Ana5 - 5: T.Raum	9999.9
2021-03-11 21:36:18.0	Ana9 - 9: T.Zuluft WRG warm	19.0
2021-03-11 21:36:28.0	Ana1 - 1: T.Au?en	7.3
2021-03-11 21:36:28.0	Ana2 - 2: T.Zuluft	15.4
2021-03-11 21:36:28.0	Ana3 - 3: T.Abluft	19.8
2021-03-11 21:36:28.0	Ana4 - 4: T.Fortluft	13.1
2021-03-11 21:36:28.0	Ana5 - 5: T.Raum	9999.9
2021-03-11 21:36:28.0	Ana9 - 9: T.Zuluft WRG warm	19.0
2021-03-11 21:36:38.0	Ana1 - 1: T.Au?en	7.3
2021-03-11 21:36:38.0	Ana2 - 2: T.Zuluft	15.5
2021-03-11 21:36:38.0	Ana3 - 3: T.Abluft	19.8
2021-03-11 21:36:38.0	Ana4 - 4: T.Fortluft	13.1
2021-03-11 21:36:38.0	Ana5 - 5: T.Raum	9999.9
2021-03-11 21:36:38.0	Ana9 - 9: T.Zuluft WRG warm	19.0
2021-03-11 21:36:48.0	Ana1 - 1: T.Au?en	7.3
2021-03-11 21:36:48.0	Ana2 - 2: T.Zuluft	15.5
2021-03-11 21:36:48.0	Ana3 - 3: T.Abluft	19.8
2021-03-11 21:36:48.0	Ana4 - 4: T.Fortluft	13.1
2021-03-11 21:36:48.0	Ana5 - 5: T.Raum	9999.9
2021-03-11 21:36:48.0	Ana9 - 9: T.Zuluft WRG warm	19.0
2021-03-11 21:36:58.0	Ana1 - 1: T.Au?en	7.3
2021-03-11 21:36:58.0	Ana2 - 2: T.Zuluft	15.4
2021-03-11 21:36:58.0	Ana3 - 3: T.Abluft	19.8
2021-03-11 21:36:58.0	Ana4 - 4: T.Fortluft	13.1
2021-03-11 21:36:58.0	Ana5 - 5: T.Raum	9999.9
2021-03-11 21:36:58.0	Ana9 - 9: T.Zuluft WRG warm	19.0
2021-03-11 21:37:08.0	Ana1 - 1: T.Au?en	7.3
2021-03-11 21:37:08.0	Ana2 - 2: T.Zuluft	15.4
2021-03-11 21:37:08.0	Ana3 - 3: T.Abluft	19.8
2021-03-11 21:37:08.0	Ana4 - 4: T.Fortluft	13.1
2021-03-11 21:37:08.0	Ana5 - 5: T.Raum	9999.9
2021-03-11 21:37:08.0	Ana9 - 9: T.Zuluft WRG warm	19.0
2021-03-11 21:37:18.0	Ana1 - 1: T.Au?en	7.3
2021-03-11 21:37:18.0	Ana2 - 2: T.Zuluft	15.5
2021-03-11 21:37:18.0	Ana3 - 3: T.Abluft	19.8
2021-03-11 21:37:18.0	Ana4 - 4: T.Fortluft	13.1
2021-03-11 21:37:18.0	Ana5 - 5: T.Raum	9999.9
2021-03-11 21:37:18.0	Ana9 - 9: T.Zuluft WRG warm	19.0
2021-03-11 21:37:28.0	Ana1 - 1: T.Au?en	7.4
2021-03-11 21:37:28.0	Ana2 - 2: T.Zuluft	15.5
2021-03-11 21:37:28.0	Ana3 - 3: T.Abluft	19.8
2021-03-11 21:37:28.0	Ana4 - 4: T.Fortluft	13.1
2021-03-11 21:37:28.0	Ana5 - 5: T.Raum	9999.9
2021-03-11 21:37:28.0	Ana9 - 9: T.Zuluft WRG warm	19.0
2021-03-11 21:37:38.0	Ana1 - 1: T.Au?en	7.4
2021-03-11 21:37:38.0	Ana2 - 2: T.Zuluft	15.4
2021-03-11 21:37:38.0	Ana3 - 3: T.Abluft	19.8
2021-03-11 21:37:38.0	Ana4 - 4: T.Fortluft	13.1
2021-03-11 21:37:38.0	Ana5 - 5: T.Raum	9999.9
2021-03-11 21:37:38.0	Ana9 - 9: T.Zuluft WRG warm	19.0
2021-03-11 21:37:48.0	Ana1 - 1: T.Au?en	7.3
2021-03-11 21:37:48.0	Ana2 - 2: T.Zuluft	15.4
2021-03-11 21:37:48.0	Ana3 - 3: T.Abluft	19.8
2021-03-11 21:37:48.0	Ana4 - 4: T.Fortluft	13.1
2021-03-11 21:37:48.0	Ana5 - 5: T.Raum	9999.9
2021-03-11 21:37:48.0	Ana9 - 9: T.Zuluft WRG warm	19.0
2021-03-11 21:37:58.0	Ana1 - 1: T.Au?en	7.3
2021-03-11 21:37:58.0	Ana2 - 2: T.Zuluft	15.4
2021-03-11 21:37:58.0	Ana3 - 3: T.Abluft	19.8
2021-03-11 21:37:58.0	Ana4 - 4: T.Fortluft	13.1
2021-03-11 21:37:58.0	Ana5 - 5: T.Raum	9999.9
2021-03-11 21:37:58.0	Ana9 - 9: T.Zuluft WRG warm	19.0
2021-03-11 21:38:08.0	Ana1 - 1: T.Au?en	7.3
2021-03-11 21:38:08.0	Ana2 - 2: T.Zuluft	15.4
2021-03-11 21:38:08.0	Ana3 - 3: T.Abluft	19.8
2021-03-11 21:38:08.0	Ana4 - 4: T.Fortluft	13.1
2021-03-11 21:38:08.0	Ana5 - 5: T.Raum	9999.9
2021-03-11 21:38:08.0	Ana9 - 9: T.Zuluft WRG warm	19.0
2021-03-11 21:38:18.0	Ana1 - 1: T.Au?en	7.3
2021-03-11 21:38:18.0	Ana2 - 2: T.Zuluft	15.4
2021-03-11 21:38:18.0	Ana3 - 3: T.Abluft	19.8
2021-03-11 21:38:18.0	Ana4 - 4: T.Fortluft	13.1
2021-03-11 21:38:18.0	Ana5 - 5: T.Raum	9999.9
2021-03-11 21:38:18.0	Ana9 - 9: T.Zuluft WRG warm	19.0
2021-03-11 21:38:28.0	Ana1 - 1: T.Au?en	7.3
2021-03-11 21:38:28.0	Ana2 - 2: T.Zuluft	15.4
2021-03-11 21:38:28.0	Ana3 - 3: T.Abluft	19.8
2021-03-11 21:38:28.0	Ana4 - 4: T.Fortluft	13.1
2021-03-11 21:38:28.0	Ana5 - 5: T.Raum	9999.9
2021-03-11 21:38:28.0	Ana9 - 9: T.Zuluft WRG warm	19.0
2021-03-11 21:38:38.0	Ana1 - 1: T.Au?en	7.3
2021-03-11 21:38:38.0	Ana2 - 2: T.Zuluft	15.4
2021-03-11 21:38:38.0	Ana3 - 3: T.Abluft	19.8
2021-03-11 21:38:38.0	Ana4 - 4: T.Fortluft	13.1
2021-03-11 21:38:38.0	Ana5 - 5: T.Raum	9999.9
2021-03-11 21:38:38.0	Ana9 - 9: T.Zuluft WRG warm	19.0
2021-03-11 21:38:48.0	Ana1 - 1: T.Au?en	7.3
2021-03-11 21:38:48.0	Ana2 - 2: T.Zuluft	15.4
2021-03-11 21:38:48.0	Ana3 - 3: T.Abluft	19.8
2021-03-11 21:38:48.0	Ana4 - 4: T.Fortluft	13.0
2021-03-11 21:38:48.0	Ana5 - 5: T.Raum	9999.9
2021-03-11 21:38:48.0	Ana9 - 9: T.Zuluft WRG warm	19.0
2021-03-11 21:38:58.0	Ana1 - 1: T.Au?en	7.2
2021-03-11 21:38:58.0	Ana2 - 2: T.Zuluft	15.4
2021-03-11 21:38:58.0	Ana3 - 3: T.Abluft	19.8
2021-03-11 21:38:58.0	Ana4 - 4: T.Fortluft	13.0
2021-03-11 21:38:58.0	Ana5 - 5: T.Raum	9999.9
2021-03-11 21:38:58.0	Ana9 - 9: T.Zuluft WRG warm	19.0
2021-03-11 21:39:08.0	Ana1 - 1: T.Au?en	7.2
2021-03-11 21:39:08.0	Ana2 - 2: T.Zuluft	15.4
2021-03-11 21:39:08.0	Ana3 - 3: T.Abluft	19.8
2021-03-11 21:39:08.0	Ana4 - 4: T.Fortluft	13.1
2021-03-11 21:39:08.0	Ana5 - 5: T.Raum	9999.9
2021-03-11 21:39:08.0	Ana9 - 9: T.Zuluft WRG warm	19.0
2021-03-11 21:39:18.0	Ana1 - 1: T.Au?en	7.2
2021-03-11 21:39:18.0	Ana2 - 2: T.Zuluft	15.4
2021-03-11 21:39:18.0	Ana3 - 3: T.Abluft	19.8
2021-03-11 21:39:18.0	Ana4 - 4: T.Fortluft	13.1
2021-03-11 21:39:18.0	Ana5 - 5: T.Raum	9999.9
2021-03-11 21:39:18.0	Ana9 - 9: T.Zuluft WRG warm	19.0
2021-03-11 21:39:28.0	Ana1 - 1: T.Au?en	7.2
2021-03-11 21:39:28.0	Ana2 - 2: T.Zuluft	15.4
2021-03-11 21:39:28.0	Ana3 - 3: T.Abluft	19.8
2021-03-11 21:39:28.0	Ana4 - 4: T.Fortluft	13.0
2021-03-11 21:39:28.0	Ana5 - 5: T.Raum	9999.9
2021-03-11 21:39:28.0	Ana9 - 9: T.Zuluft WRG warm	19.0
2021-03-11 21:39:38.0	Ana1 - 1: T.Au?en	7.2
2021-03-11 21:39:38.0	Ana2 - 2: T.Zuluft	15.4
2021-03-11 21:39:38.0	Ana3 - 3: T.Abluft	19.8
2021-03-11 21:39:38.0	Ana4 - 4: T.Fortluft	13.0
2021-03-11 21:39:38.0	Ana5 - 5: T.Raum	9999.9
2021-03-11 21:39:38.0	Ana9 - 9: T.Zuluft WRG warm	19.0
2021-03-11 21:39:48.0	Ana1 - 1: T.Au?en	7.2
2021-03-11 21:39:48.0	Ana2 - 2: T.Zuluft	15.4
2021-03-11 21:39:48.0	Ana3 - 3: T.Abluft	19.8
2021-03-11 21:39:48.0	Ana4 - 4: T.Fortluft	13.0
2021-03-11 21:39:48.0	Ana5 - 5: T.Raum	9999.9
2021-03-11 21:39:48.0	Ana9 - 9: T.Zuluft WRG warm	19.0
2021-03-11 21:39:58.0	Ana1 - 1: T.Au?en	7.2
2021-03-11 21:39:58.0	Ana2 - 2: T.Zuluft	15.4
2021-03-11 21:39:58.0	Ana3 - 3: T.Abluft	19.8
2021-03-11 21:39:58.0	Ana4 - 4: T.Fortluft	13.0
2021-03-11 21:39:58.0	Ana5 - 5: T.Raum	9999.9
2021-03-11 21:39:58.0	Ana9 - 9: T.Zuluft WRG warm	19.0
2021-03-11 21:40:08.0	Ana1 - 1: T.Au?en	7.1
2021-03-11 21:40:08.0	Ana2 - 2: T.Zuluft	15.4
2021-03-11 21:40:08.0	Ana3 - 3: T.Abluft	19.8
2021-03-11 21:40:08.0	Ana4 - 4: T.Fortluft	13.0
2021-03-11 21:40:08.0	Ana5 - 5: T.Raum	9999.9
2021-03-11 21:40:08.0	Ana9 - 9: T.Zuluft WRG warm	19.0
2021-03-11 21:40:18.0	Ana1 - 1: T.Au?en	7.1
2021-03-11 21:40:18.0	Ana2 - 2: T.Zuluft	15.4
2021-03-11 21:40:18.0	Ana3 - 3: T.Abluft	19.8
2021-03-11 21:40:18.0	Ana4 - 4: T.Fortluft	13.0
2021-03-11 21:40:18.0	Ana5 - 5: T.Raum	9999.9
2021-03-11 21:40:18.0	Ana9 - 9: T.Zuluft WRG warm	19.0
2021-03-11 21:40:28.0	Ana1 - 1: T.Au?en	7.1
2021-03-11 21:40:28.0	Ana2 - 2: T.Zuluft	15.4
2021-03-11 21:40:28.0	Ana3 - 3: T.Abluft	19.8
2021-03-11 21:40:28.0	Ana4 - 4: T.Fortluft	13.0
2021-03-11 21:40:28.0	Ana5 - 5: T.Raum	9999.9
2021-03-11 21:40:28.0	Ana9 - 9: T.Zuluft WRG warm	19.0
2021-03-11 21:40:38.0	Ana1 - 1: T.Au?en	7.1
2021-03-11 21:40:38.0	Ana2 - 2: T.Zuluft	15.4
2021-03-11 21:40:38.0	Ana3 - 3: T.Abluft	19.8
2021-03-11 21:40:38.0	Ana4 - 4: T.Fortluft	13.0
2021-03-11 21:40:38.0	Ana5 - 5: T.Raum	9999.9
2021-03-11 21:40:38.0	Ana9 - 9: T.Zuluft WRG warm	19.0
2021-03-11 21:40:48.0	Ana1 - 1: T.Au?en	7.1
2021-03-11 21:40:48.0	Ana2 - 2: T.Zuluft	15.4
2021-03-11 21:40:48.0	Ana3 - 3: T.Abluft	19.8
2021-03-11 21:40:48.0	Ana4 - 4: T.Fortluft	13.0
2021-03-11 21:40:48.0	Ana5 - 5: T.Raum	9999.9
2021-03-11 21:40:48.0	Ana9 - 9: T.Zuluft WRG warm	19.0
2021-03-11 21:40:58.0	Ana1 - 1: T.Au?en	7.1
2021-03-11 21:40:58.0	Ana2 - 2: T.Zuluft	15.4
2021-03-11 21:40:58.0	Ana3 - 3: T.Abluft	19.8
2021-03-11 21:40:58.0	Ana4 - 4: T.Fortluft	13.0
2021-03-11 21:40:58.0	Ana5 - 5: T.Raum	9999.9
2021-03-11 21:40:58.0	Ana9 - 9: T.Zuluft WRG warm	19.0
2021-03-11 21:41:08.0	Ana1 - 1: T.Au?en	7.1
2021-03-11 21:41:08.0	Ana2 - 2: T.Zuluft	15.4
2021-03-11 21:41:08.0	Ana3 - 3: T.Abluft	19.8
2021-03-11 21:41:08.0	Ana4 - 4: T.Fortluft	13.0
2021-03-11 21:41:08.0	Ana5 - 5: T.Raum	9999.9
2021-03-11 21:41:08.0	Ana9 - 9: T.Zuluft WRG warm	19.0
2021-03-11 21:41:18.0	Ana1 - 1: T.Au?en	7.1
2021-03-11 21:41:18.0	Ana2 - 2: T.Zuluft	15.4
2021-03-11 21:41:18.0	Ana3 - 3: T.Abluft	19.8
2021-03-11 21:41:18.0	Ana4 - 4: T.Fortluft	13.0
2021-03-11 21:41:18.0	Ana5 - 5: T.Raum	9999.9
2021-03-11 21:41:18.0	Ana9 - 9: T.Zuluft WRG warm	19.0
2021-03-11 21:41:28.0	Ana1 - 1: T.Au?en	7.1
2021-03-11 21:41:28.0	Ana2 - 2: T.Zuluft	15.4
2021-03-11 21:41:28.0	Ana3 - 3: T.Abluft	19.8
2021-03-11 21:41:28.0	Ana4 - 4: T.Fortluft	13.0
2021-03-11 21:41:28.0	Ana5 - 5: T.Raum	9999.9
2021-03-11 21:41:28.0	Ana9 - 9: T.Zuluft WRG warm	19.0
2021-03-11 21:41:38.0	Ana1 - 1: T.Au?en	7.1
2021-03-11 21:41:38.0	Ana2 - 2: T.Zuluft	15.4
2021-03-11 21:41:38.0	Ana3 - 3: T.Abluft	19.8
2021-03-11 21:41:38.0	Ana4 - 4: T.Fortluft	13.0
2021-03-11 21:41:38.0	Ana5 - 5: T.Raum	9999.9
2021-03-11 21:41:38.0	Ana9 - 9: T.Zuluft WRG warm	19.0
2021-03-11 21:41:48.0	Ana1 - 1: T.Au?en	7.1
2021-03-11 21:41:48.0	Ana2 - 2: T.Zuluft	15.4
2021-03-11 21:41:48.0	Ana3 - 3: T.Abluft	19.8
2021-03-11 21:41:48.0	Ana4 - 4: T.Fortluft	13.0
2021-03-11 21:41:48.0	Ana5 - 5: T.Raum	9999.9
2021-03-11 21:41:48.0	Ana9 - 9: T.Zuluft WRG warm	19.0
2021-03-11 21:41:58.0	Ana1 - 1: T.Au?en	7.1
2021-03-11 21:41:58.0	Ana2 - 2: T.Zuluft	15.4
2021-03-11 21:41:58.0	Ana3 - 3: T.Abluft	19.8
2021-03-11 21:41:58.0	Ana4 - 4: T.Fortluft	13.0
2021-03-11 21:41:58.0	Ana5 - 5: T.Raum	9999.9
2021-03-11 21:41:58.0	Ana9 - 9: T.Zuluft WRG warm	19.0
2021-03-11 21:42:08.0	Ana1 - 1: T.Au?en	7.1
2021-03-11 21:42:08.0	Ana2 - 2: T.Zuluft	15.4
2021-03-11 21:42:08.0	Ana3 - 3: T.Abluft	19.8
2021-03-11 21:42:08.0	Ana4 - 4: T.Fortluft	13.0
2021-03-11 21:42:08.0	Ana5 - 5: T.Raum	9999.9
2021-03-11 21:42:08.0	Ana9 - 9: T.Zuluft WRG warm	19.0
2021-03-11 21:42:18.0	Ana1 - 1: T.Au?en	7.1
2021-03-11 21:42:18.0	Ana2 - 2: T.Zuluft	15.4
2021-03-11 21:42:18.0	Ana3 - 3: T.Abluft	19.8
2021-03-11 21:42:18.0	Ana4 - 4: T.Fortluft	13.0
2021-03-11 21:42:18.0	Ana5 - 5: T.Raum	9999.9
2021-03-11 21:42:18.0	Ana9 - 9: T.Zuluft WRG warm	19.0
2021-03-11 21:42:28.0	Ana1 - 1: T.Au?en	7.1
2021-03-11 21:42:28.0	Ana2 - 2: T.Zuluft	15.4
2021-03-11 21:42:28.0	Ana3 - 3: T.Abluft	19.8
2021-03-11 21:42:28.0	Ana4 - 4: T.Fortluft	13.0
2021-03-11 21:42:28.0	Ana5 - 5: T.Raum	9999.9
2021-03-11 21:42:28.0	Ana9 - 9: T.Zuluft WRG warm	19.0
2021-03-11 21:42:38.0	Ana1 - 1: T.Au?en	7.1
2021-03-11 21:42:38.0	Ana2 - 2: T.Zuluft	15.4
2021-03-11 21:42:38.0	Ana3 - 3: T.Abluft	19.8
2021-03-11 21:42:38.0	Ana4 - 4: T.Fortluft	13.0
2021-03-11 21:42:38.0	Ana5 - 5: T.Raum	9999.9
2021-03-11 21:42:38.0	Ana9 - 9: T.Zuluft WRG warm	19.0
2021-03-11 21:42:48.0	Ana1 - 1: T.Au?en	7.1
2021-03-11 21:42:48.0	Ana2 - 2: T.Zuluft	15.4
2021-03-11 21:42:48.0	Ana3 - 3: T.Abluft	19.8
2021-03-11 21:42:48.0	Ana4 - 4: T.Fortluft	13.0
2021-03-11 21:42:48.0	Ana5 - 5: T.Raum	9999.9
2021-03-11 21:42:48.0	Ana9 - 9: T.Zuluft WRG warm	19.0
2021-03-11 21:42:58.0	Ana1 - 1: T.Au?en	7.1
2021-03-11 21:42:58.0	Ana2 - 2: T.Zuluft	15.4
2021-03-11 21:42:58.0	Ana3 - 3: T.Abluft	19.8
2021-03-11 21:42:58.0	Ana4 - 4: T.Fortluft	13.0
2021-03-11 21:42:58.0	Ana5 - 5: T.Raum	9999.9
2021-03-11 21:42:58.0	Ana9 - 9: T.Zuluft WRG warm	19.0
2021-03-11 21:43:08.0	Ana1 - 1: T.Au?en	7.1
2021-03-11 21:43:08.0	Ana2 - 2: T.Zuluft	15.4
2021-03-11 21:43:08.0	Ana3 - 3: T.Abluft	19.8
2021-03-11 21:43:08.0	Ana4 - 4: T.Fortluft	13.0
2021-03-11 21:43:08.0	Ana5 - 5: T.Raum	9999.9
2021-03-11 21:43:08.0	Ana9 - 9: T.Zuluft WRG warm	19.0
2021-03-11 21:43:18.0	Ana1 - 1: T.Au?en	7.2
2021-03-11 21:43:18.0	Ana2 - 2: T.Zuluft	15.4
2021-03-11 21:43:18.0	Ana3 - 3: T.Abluft	19.8
2021-03-11 21:43:18.0	Ana4 - 4: T.Fortluft	13.0
2021-03-11 21:43:18.0	Ana5 - 5: T.Raum	9999.9
2021-03-11 21:43:18.0	Ana9 - 9: T.Zuluft WRG warm	19.0
2021-03-11 21:43:28.0	Ana1 - 1: T.Au?en	7.2
2021-03-11 21:43:28.0	Ana2 - 2: T.Zuluft	15.4
2021-03-11 21:43:28.0	Ana3 - 3: T.Abluft	19.8
2021-03-11 21:43:28.0	Ana4 - 4: T.Fortluft	13.0
2021-03-11 21:43:28.0	Ana5 - 5: T.Raum	9999.9
2021-03-11 21:43:28.0	Ana9 - 9: T.Zuluft WRG warm	19.0
2021-03-11 21:43:38.0	Ana1 - 1: T.Au?en	7.1
2021-03-11 21:43:38.0	Ana2 - 2: T.Zuluft	15.4
2021-03-11 21:43:38.0	Ana3 - 3: T.Abluft	19.8
2021-03-11 21:43:38.0	Ana4 - 4: T.Fortluft	13.0
2021-03-11 21:43:38.0	Ana5 - 5: T.Raum	9999.9
2021-03-11 21:43:38.0	Ana9 - 9: T.Zuluft WRG warm	19.0
2021-03-11 21:43:48.0	Ana1 - 1: T.Au?en	7.1
2021-03-11 21:43:48.0	Ana2 - 2: T.Zuluft	15.4
2021-03-11 21:43:48.0	Ana3 - 3: T.Abluft	19.8
2021-03-11 21:43:48.0	Ana4 - 4: T.Fortluft	13.0
2021-03-11 21:43:48.0	Ana5 - 5: T.Raum	9999.9
2021-03-11 21:43:48.0	Ana9 - 9: T.Zuluft WRG warm	19.0
2021-03-11 21:43:58.0	Ana1 - 1: T.Au?en	7.1
2021-03-11 21:43:58.0	Ana2 - 2: T.Zuluft	15.4
2021-03-11 21:43:58.0	Ana3 - 3: T.Abluft	19.8
2021-03-11 21:43:58.0	Ana4 - 4: T.Fortluft	13.0
2021-03-11 21:43:58.0	Ana5 - 5: T.Raum	9999.9
2021-03-11 21:43:58.0	Ana9 - 9: T.Zuluft WRG warm	19.0
2021-03-11 21:44:08.0	Ana1 - 1: T.Au?en	7.1
2021-03-11 21:44:08.0	Ana2 - 2: T.Zuluft	15.4
2021-03-11 21:44:08.0	Ana3 - 3: T.Abluft	19.8
2021-03-11 21:44:08.0	Ana4 - 4: T.Fortluft	13.0
2021-03-11 21:44:08.0	Ana5 - 5: T.Raum	9999.9
2021-03-11 21:44:08.0	Ana9 - 9: T.Zuluft WRG warm	19.0
2021-03-11 21:44:18.0	Ana1 - 1: T.Au?en	7.1
2021-03-11 21:44:18.0	Ana2 - 2: T.Zuluft	15.4
2021-03-11 21:44:18.0	Ana3 - 3: T.Abluft	19.8
2021-03-11 21:44:18.0	Ana4 - 4: T.Fortluft	13.0
2021-03-11 21:44:18.0	Ana5 - 5: T.Raum	9999.9
2021-03-11 21:44:18.0	Ana9 - 9: T.Zuluft WRG warm	19.0
2021-03-11 21:44:28.0	Ana1 - 1: T.Au?en	7.1
2021-03-11 21:44:28.0	Ana2 - 2: T.Zuluft	15.4
2021-03-11 21:44:28.0	Ana3 - 3: T.Abluft	19.8
2021-03-11 21:44:28.0	Ana4 - 4: T.Fortluft	13.0
2021-03-11 21:44:28.0	Ana5 - 5: T.Raum	9999.9
2021-03-11 21:44:28.0	Ana9 - 9: T.Zuluft WRG warm	19.0
2021-03-11 21:44:38.0	Ana1 - 1: T.Au?en	7.1
2021-03-11 21:44:38.0	Ana2 - 2: T.Zuluft	15.3
2021-03-11 21:44:38.0	Ana3 - 3: T.Abluft	19.8
2021-03-11 21:44:38.0	Ana4 - 4: T.Fortluft	13.0
2021-03-11 21:44:38.0	Ana5 - 5: T.Raum	9999.9
2021-03-11 21:44:38.0	Ana9 - 9: T.Zuluft WRG warm	19.0
2021-03-11 21:44:48.0	Ana1 - 1: T.Au?en	7.1
2021-03-11 21:44:48.0	Ana2 - 2: T.Zuluft	15.4
2021-03-11 21:44:48.0	Ana3 - 3: T.Abluft	19.8
2021-03-11 21:44:48.0	Ana4 - 4: T.Fortluft	13.0
2021-03-11 21:44:48.0	Ana5 - 5: T.Raum	9999.9
2021-03-11 21:44:48.0	Ana9 - 9: T.Zuluft WRG warm	19.0
2021-03-11 21:44:58.0	Ana1 - 1: T.Au?en	7.1
2021-03-11 21:44:58.0	Ana2 - 2: T.Zuluft	15.3
2021-03-11 21:44:58.0	Ana3 - 3: T.Abluft	19.8
2021-03-11 21:44:58.0	Ana4 - 4: T.Fortluft	13.0
2021-03-11 21:44:58.0	Ana5 - 5: T.Raum	9999.9
2021-03-11 21:44:58.0	Ana9 - 9: T.Zuluft WRG warm	19.0
2021-03-11 21:45:08.0	Ana1 - 1: T.Au?en	7.1
2021-03-11 21:45:08.0	Ana2 - 2: T.Zuluft	15.4
2021-03-11 21:45:08.0	Ana3 - 3: T.Abluft	19.8
2021-03-11 21:45:08.0	Ana4 - 4: T.Fortluft	13.0
2021-03-11 21:45:08.0	Ana5 - 5: T.Raum	9999.9
2021-03-11 21:45:08.0	Ana9 - 9: T.Zuluft WRG warm	19.0
2021-03-11 21:45:18.0	Ana1 - 1: T.Au?en	7.1
2021-03-11 21:45:18.0	Ana2 - 2: T.Zuluft	15.4
2021-03-11 21:45:18.0	Ana3 - 3: T.Abluft	19.8
2021-03-11 21:45:18.0	Ana4 - 4: T.Fortluft	13.0
2021-03-11 21:45:18.0	Ana5 - 5: T.Raum	9999.9
2021-03-11 21:45:18.0	Ana9 - 9: T.Zuluft WRG warm	19.0
2021-03-11 21:45:28.0	Ana1 - 1: T.Au?en	7.1
2021-03-11 21:45:28.0	Ana2 - 2: T.Zuluft	15.4
2021-03-11 21:45:28.0	Ana3 - 3: T.Abluft	19.8
2021-03-11 21:45:28.0	Ana4 - 4: T.Fortluft	13.0
2021-03-11 21:45:28.0	Ana5 - 5: T.Raum	9999.9
2021-03-11 21:45:28.0	Ana9 - 9: T.Zuluft WRG warm	19.0
2021-03-11 21:45:38.0	Ana1 - 1: T.Au?en	7.1
2021-03-11 21:45:38.0	Ana2 - 2: T.Zuluft	15.3
2021-03-11 21:45:38.0	Ana3 - 3: T.Abluft	19.8
2021-03-11 21:45:38.0	Ana4 - 4: T.Fortluft	13.0
2021-03-11 21:45:38.0	Ana5 - 5: T.Raum	9999.9
2021-03-11 21:45:38.0	Ana9 - 9: T.Zuluft WRG warm	19.0
2021-03-11 21:45:48.0	Ana1 - 1: T.Au?en	7.1
2021-03-11 21:45:48.0	Ana2 - 2: T.Zuluft	15.3
2021-03-11 21:45:48.0	Ana3 - 3: T.Abluft	19.8
2021-03-11 21:45:48.0	Ana4 - 4: T.Fortluft	13.0
2021-03-11 21:45:48.0	Ana5 - 5: T.Raum	9999.9
2021-03-11 21:45:48.0	Ana9 - 9: T.Zuluft WRG warm	19.0
2021-03-11 21:45:58.0	Ana1 - 1: T.Au?en	7.1
2021-03-11 21:45:58.0	Ana2 - 2: T.Zuluft	15.3
2021-03-11 21:45:58.0	Ana3 - 3: T.Abluft	19.8
2021-03-11 21:45:58.0	Ana4 - 4: T.Fortluft	13.0
2021-03-11 21:45:58.0	Ana5 - 5: T.Raum	9999.9
2021-03-11 21:45:58.0	Ana9 - 9: T.Zuluft WRG warm	19.0
2021-03-11 21:46:08.0	Ana1 - 1: T.Au?en	7.1
2021-03-11 21:46:08.0	Ana2 - 2: T.Zuluft	15.3
2021-03-11 21:46:08.0	Ana3 - 3: T.Abluft	19.8
2021-03-11 21:46:08.0	Ana4 - 4: T.Fortluft	13.0
2021-03-11 21:46:08.0	Ana5 - 5: T.Raum	9999.9
2021-03-11 21:46:08.0	Ana9 - 9: T.Zuluft WRG warm	19.0
2021-03-11 21:46:18.0	Ana1 - 1: T.Au?en	7.1
2021-03-11 21:46:18.0	Ana2 - 2: T.Zuluft	15.3
2021-03-11 21:46:18.0	Ana3 - 3: T.Abluft	19.8
2021-03-11 21:46:18.0	Ana4 - 4: T.Fortluft	12.9
2021-03-11 21:46:18.0	Ana5 - 5: T.Raum	9999.9
2021-03-11 21:46:18.0	Ana9 - 9: T.Zuluft WRG warm	19.0
2021-03-11 21:46:28.0	Ana1 - 1: T.Au?en	7.1
2021-03-11 21:46:28.0	Ana2 - 2: T.Zuluft	15.3
2021-03-11 21:46:28.0	Ana3 - 3: T.Abluft	19.8
2021-03-11 21:46:28.0	Ana4 - 4: T.Fortluft	12.9
2021-03-11 21:46:28.0	Ana5 - 5: T.Raum	9999.9
2021-03-11 21:46:28.0	Ana9 - 9: T.Zuluft WRG warm	19.0
2021-03-11 21:46:38.0	Ana1 - 1: T.Au?en	7.1
2021-03-11 21:46:38.0	Ana2 - 2: T.Zuluft	15.3
2021-03-11 21:46:38.0	Ana3 - 3: T.Abluft	19.8
2021-03-11 21:46:38.0	Ana4 - 4: T.Fortluft	13.0
2021-03-11 21:46:38.0	Ana5 - 5: T.Raum	9999.9
2021-03-11 21:46:38.0	Ana9 - 9: T.Zuluft WRG warm	19.0
2021-03-11 21:46:48.0	Ana1 - 1: T.Au?en	7.0
2021-03-11 21:46:48.0	Ana2 - 2: T.Zuluft	15.3
2021-03-11 21:46:48.0	Ana3 - 3: T.Abluft	19.8
2021-03-11 21:46:48.0	Ana4 - 4: T.Fortluft	12.9
2021-03-11 21:46:48.0	Ana5 - 5: T.Raum	9999.9
2021-03-11 21:46:48.0	Ana9 - 9: T.Zuluft WRG warm	19.0
2021-03-11 21:46:58.0	Ana1 - 1: T.Au?en	7.0
2021-03-11 21:46:58.0	Ana2 - 2: T.Zuluft	15.3
2021-03-11 21:46:58.0	Ana3 - 3: T.Abluft	19.8
2021-03-11 21:46:58.0	Ana4 - 4: T.Fortluft	12.9
2021-03-11 21:46:58.0	Ana5 - 5: T.Raum	9999.9
2021-03-11 21:46:58.0	Ana9 - 9: T.Zuluft WRG warm	19.0
2021-03-11 21:47:08.0	Ana1 - 1: T.Au?en	7.0
2021-03-11 21:47:08.0	Ana2 - 2: T.Zuluft	15.3
2021-03-11 21:47:08.0	Ana3 - 3: T.Abluft	19.8
2021-03-11 21:47:08.0	Ana4 - 4: T.Fortluft	13.0
2021-03-11 21:47:08.0	Ana5 - 5: T.Raum	9999.9
2021-03-11 21:47:08.0	Ana9 - 9: T.Zuluft WRG warm	19.0
2021-03-11 21:47:18.0	Ana1 - 1: T.Au?en	7.0
2021-03-11 21:47:18.0	Ana2 - 2: T.Zuluft	15.3
2021-03-11 21:47:18.0	Ana3 - 3: T.Abluft	19.8
2021-03-11 21:47:18.0	Ana4 - 4: T.Fortluft	13.0
2021-03-11 21:47:18.0	Ana5 - 5: T.Raum	9999.9
2021-03-11 21:47:18.0	Ana9 - 9: T.Zuluft WRG warm	19.0
2021-03-11 21:47:28.0	Ana1 - 1: T.Au?en	7.0
2021-03-11 21:47:28.0	Ana2 - 2: T.Zuluft	15.3
2021-03-11 21:47:28.0	Ana3 - 3: T.Abluft	19.8
2021-03-11 21:47:28.0	Ana4 - 4: T.Fortluft	12.9
2021-03-11 21:47:28.0	Ana5 - 5: T.Raum	9999.9
2021-03-11 21:47:28.0	Ana9 - 9: T.Zuluft WRG warm	19.0
2021-03-11 21:47:38.0	Ana1 - 1: T.Au?en	7.0
2021-03-11 21:47:38.0	Ana2 - 2: T.Zuluft	15.3
2021-03-11 21:47:38.0	Ana3 - 3: T.Abluft	19.8
2021-03-11 21:47:38.0	Ana4 - 4: T.Fortluft	12.9
2021-03-11 21:47:38.0	Ana5 - 5: T.Raum	9999.9
2021-03-11 21:47:38.0	Ana9 - 9: T.Zuluft WRG warm	19.0
2021-03-11 21:47:48.0	Ana1 - 1: T.Au?en	7.0
2021-03-11 21:47:48.0	Ana2 - 2: T.Zuluft	15.3
2021-03-11 21:47:48.0	Ana3 - 3: T.Abluft	19.8
2021-03-11 21:47:48.0	Ana4 - 4: T.Fortluft	12.9
2021-03-11 21:47:48.0	Ana5 - 5: T.Raum	9999.9
2021-03-11 21:47:48.0	Ana9 - 9: T.Zuluft WRG warm	19.0
2021-03-11 21:47:58.0	Ana1 - 1: T.Au?en	7.0
2021-03-11 21:47:58.0	Ana2 - 2: T.Zuluft	15.3
2021-03-11 21:47:58.0	Ana3 - 3: T.Abluft	19.8
2021-03-11 21:47:58.0	Ana4 - 4: T.Fortluft	12.9
2021-03-11 21:47:58.0	Ana5 - 5: T.Raum	9999.9
2021-03-11 21:47:58.0	Ana9 - 9: T.Zuluft WRG warm	19.0
2021-03-11 21:48:08.0	Ana1 - 1: T.Au?en	7.0
2021-03-11 21:48:08.0	Ana2 - 2: T.Zuluft	15.3
2021-03-11 21:48:08.0	Ana3 - 3: T.Abluft	19.8
2021-03-11 21:48:08.0	Ana4 - 4: T.Fortluft	12.9
2021-03-11 21:48:08.0	Ana5 - 5: T.Raum	9999.9
2021-03-11 21:48:08.0	Ana9 - 9: T.Zuluft WRG warm	19.0
2021-03-11 21:48:18.0	Ana1 - 1: T.Au?en	7.0
2021-03-11 21:48:18.0	Ana2 - 2: T.Zuluft	15.3
2021-03-11 21:48:18.0	Ana3 - 3: T.Abluft	19.8
2021-03-11 21:48:18.0	Ana4 - 4: T.Fortluft	12.9
2021-03-11 21:48:18.0	Ana5 - 5: T.Raum	9999.9
2021-03-11 21:48:18.0	Ana9 - 9: T.Zuluft WRG warm	19.0
2021-03-11 21:48:28.0	Ana1 - 1: T.Au?en	7.0
2021-03-11 21:48:28.0	Ana2 - 2: T.Zuluft	15.3
2021-03-11 21:48:28.0	Ana3 - 3: T.Abluft	19.8
2021-03-11 21:48:28.0	Ana4 - 4: T.Fortluft	12.9
2021-03-11 21:48:28.0	Ana5 - 5: T.Raum	9999.9
2021-03-11 21:48:28.0	Ana9 - 9: T.Zuluft WRG warm	19.0
2021-03-11 21:48:38.0	Ana1 - 1: T.Au?en	7.0
2021-03-11 21:48:38.0	Ana2 - 2: T.Zuluft	15.3
2021-03-11 21:48:38.0	Ana3 - 3: T.Abluft	19.8
2021-03-11 21:48:38.0	Ana4 - 4: T.Fortluft	12.9
2021-03-11 21:48:38.0	Ana5 - 5: T.Raum	9999.9
2021-03-11 21:48:38.0	Ana9 - 9: T.Zuluft WRG warm	19.0
2021-03-11 21:48:48.0	Ana1 - 1: T.Au?en	7.0
2021-03-11 21:48:48.0	Ana2 - 2: T.Zuluft	15.3
2021-03-11 21:48:48.0	Ana3 - 3: T.Abluft	19.8
2021-03-11 21:48:48.0	Ana4 - 4: T.Fortluft	12.9
2021-03-11 21:48:48.0	Ana5 - 5: T.Raum	9999.9
2021-03-11 21:48:48.0	Ana9 - 9: T.Zuluft WRG warm	19.0
2021-03-11 21:48:58.0	Ana1 - 1: T.Au?en	7.0
2021-03-11 21:48:58.0	Ana2 - 2: T.Zuluft	15.3
2021-03-11 21:48:58.0	Ana3 - 3: T.Abluft	19.8
2021-03-11 21:48:58.0	Ana4 - 4: T.Fortluft	12.9
2021-03-11 21:48:58.0	Ana5 - 5: T.Raum	9999.9
2021-03-11 21:48:58.0	Ana9 - 9: T.Zuluft WRG warm	19.0
2021-03-11 21:49:08.0	Ana1 - 1: T.Au?en	7.0
2021-03-11 21:49:08.0	Ana2 - 2: T.Zuluft	15.3
2021-03-11 21:49:08.0	Ana3 - 3: T.Abluft	19.8
2021-03-11 21:49:08.0	Ana4 - 4: T.Fortluft	12.9
2021-03-11 21:49:08.0	Ana5 - 5: T.Raum	9999.9
2021-03-11 21:49:08.0	Ana9 - 9: T.Zuluft WRG warm	19.0
2021-03-11 21:49:18.0	Ana1 - 1: T.Au?en	7.0
2021-03-11 21:49:18.0	Ana2 - 2: T.Zuluft	15.3
2021-03-11 21:49:18.0	Ana3 - 3: T.Abluft	19.8
2021-03-11 21:49:18.0	Ana4 - 4: T.Fortluft	12.9
2021-03-11 21:49:18.0	Ana5 - 5: T.Raum	9999.9
2021-03-11 21:49:18.0	Ana9 - 9: T.Zuluft WRG warm	19.0
2021-03-11 21:49:28.0	Ana1 - 1: T.Au?en	7.0
2021-03-11 21:49:28.0	Ana2 - 2: T.Zuluft	15.3
2021-03-11 21:49:28.0	Ana3 - 3: T.Abluft	19.8
2021-03-11 21:49:28.0	Ana4 - 4: T.Fortluft	12.9
2021-03-11 21:49:28.0	Ana5 - 5: T.Raum	9999.9
2021-03-11 21:49:28.0	Ana9 - 9: T.Zuluft WRG warm	19.0
2021-03-11 21:49:38.0	Ana1 - 1: T.Au?en	7.0
2021-03-11 21:49:38.0	Ana2 - 2: T.Zuluft	15.3
2021-03-11 21:49:38.0	Ana3 - 3: T.Abluft	19.8
2021-03-11 21:49:38.0	Ana4 - 4: T.Fortluft	12.9
2021-03-11 21:49:38.0	Ana5 - 5: T.Raum	9999.9
2021-03-11 21:49:38.0	Ana9 - 9: T.Zuluft WRG warm	19.0
2021-03-11 21:49:48.0	Ana1 - 1: T.Au?en	7.1
2021-03-11 21:49:48.0	Ana2 - 2: T.Zuluft	15.3
2021-03-11 21:49:48.0	Ana3 - 3: T.Abluft	19.8
2021-03-11 21:49:48.0	Ana4 - 4: T.Fortluft	12.9
2021-03-11 21:49:48.0	Ana5 - 5: T.Raum	9999.9
2021-03-11 21:49:48.0	Ana9 - 9: T.Zuluft WRG warm	19.0
2021-03-11 21:49:58.0	Ana1 - 1: T.Au?en	7.1
2021-03-11 21:49:58.0	Ana2 - 2: T.Zuluft	15.3
2021-03-11 21:49:58.0	Ana3 - 3: T.Abluft	19.8
2021-03-11 21:49:58.0	Ana4 - 4: T.Fortluft	12.9
2021-03-11 21:49:58.0	Ana5 - 5: T.Raum	9999.9
2021-03-11 21:49:58.0	Ana9 - 9: T.Zuluft WRG warm	19.0
2021-03-11 21:50:08.0	Ana1 - 1: T.Au?en	7.1
2021-03-11 21:50:08.0	Ana2 - 2: T.Zuluft	15.3
2021-03-11 21:50:08.0	Ana3 - 3: T.Abluft	19.8
2021-03-11 21:50:08.0	Ana4 - 4: T.Fortluft	12.9
2021-03-11 21:50:08.0	Ana5 - 5: T.Raum	9999.9
2021-03-11 21:50:08.0	Ana9 - 9: T.Zuluft WRG warm	19.0
2021-03-11 21:50:18.0	Ana1 - 1: T.Au?en	7.0
2021-03-11 21:50:18.0	Ana2 - 2: T.Zuluft	15.3
2021-03-11 21:50:18.0	Ana3 - 3: T.Abluft	19.8
2021-03-11 21:50:18.0	Ana4 - 4: T.Fortluft	12.9
2021-03-11 21:50:18.0	Ana5 - 5: T.Raum	9999.9
2021-03-11 21:50:18.0	Ana9 - 9: T.Zuluft WRG warm	19.0
2021-03-11 21:50:28.0	Ana1 - 1: T.Au?en	7.0
2021-03-11 21:50:28.0	Ana2 - 2: T.Zuluft	15.3
2021-03-11 21:50:28.0	Ana3 - 3: T.Abluft	19.8
2021-03-11 21:50:28.0	Ana4 - 4: T.Fortluft	12.9
2021-03-11 21:50:28.0	Ana5 - 5: T.Raum	9999.9
2021-03-11 21:50:28.0	Ana9 - 9: T.Zuluft WRG warm	19.0
2021-03-11 21:50:38.0	Ana1 - 1: T.Au?en	7.0
2021-03-11 21:50:38.0	Ana2 - 2: T.Zuluft	15.3
2021-03-11 21:50:38.0	Ana3 - 3: T.Abluft	19.8
2021-03-11 21:50:38.0	Ana4 - 4: T.Fortluft	12.9
2021-03-11 21:50:38.0	Ana5 - 5: T.Raum	9999.9
2021-03-11 21:50:38.0	Ana9 - 9: T.Zuluft WRG warm	19.0
2021-03-11 21:50:48.0	Ana1 - 1: T.Au?en	7.0
2021-03-11 21:50:48.0	Ana2 - 2: T.Zuluft	15.3
2021-03-11 21:50:48.0	Ana3 - 3: T.Abluft	19.8
2021-03-11 21:50:48.0	Ana4 - 4: T.Fortluft	12.9
2021-03-11 21:50:48.0	Ana5 - 5: T.Raum	9999.9
2021-03-11 21:50:48.0	Ana9 - 9: T.Zuluft WRG warm	19.0
2021-03-11 21:50:58.0	Ana1 - 1: T.Au?en	7.0
2021-03-11 21:50:58.0	Ana2 - 2: T.Zuluft	15.3
2021-03-11 21:50:58.0	Ana3 - 3: T.Abluft	19.8
2021-03-11 21:50:58.0	Ana4 - 4: T.Fortluft	12.9
2021-03-11 21:50:58.0	Ana5 - 5: T.Raum	9999.9
2021-03-11 21:50:58.0	Ana9 - 9: T.Zuluft WRG warm	19.0
2021-03-11 21:51:08.0	Ana1 - 1: T.Au?en	7.0
2021-03-11 21:51:08.0	Ana2 - 2: T.Zuluft	15.3
2021-03-11 21:51:08.0	Ana3 - 3: T.Abluft	19.8
2021-03-11 21:51:08.0	Ana4 - 4: T.Fortluft	12.9
2021-03-11 21:51:08.0	Ana5 - 5: T.Raum	9999.9
2021-03-11 21:51:08.0	Ana9 - 9: T.Zuluft WRG warm	19.0
2021-03-11 21:51:18.0	Ana1 - 1: T.Au?en	7.0
2021-03-11 21:51:18.0	Ana2 - 2: T.Zuluft	15.3
2021-03-11 21:51:18.0	Ana3 - 3: T.Abluft	19.8
2021-03-11 21:51:18.0	Ana4 - 4: T.Fortluft	12.9
2021-03-11 21:51:18.0	Ana5 - 5: T.Raum	9999.9
2021-03-11 21:51:18.0	Ana9 - 9: T.Zuluft WRG warm	19.0
2021-03-11 21:51:28.0	Ana1 - 1: T.Au?en	7.0
2021-03-11 21:51:28.0	Ana2 - 2: T.Zuluft	15.3
2021-03-11 21:51:28.0	Ana3 - 3: T.Abluft	19.8
2021-03-11 21:51:28.0	Ana4 - 4: T.Fortluft	12.9
2021-03-11 21:51:28.0	Ana5 - 5: T.Raum	9999.9
2021-03-11 21:51:28.0	Ana9 - 9: T.Zuluft WRG warm	19.0
2021-03-11 21:51:38.0	Ana1 - 1: T.Au?en	7.0
2021-03-11 21:51:38.0	Ana2 - 2: T.Zuluft	15.3
2021-03-11 21:51:38.0	Ana3 - 3: T.Abluft	19.8
2021-03-11 21:51:38.0	Ana4 - 4: T.Fortluft	12.9
2021-03-11 21:51:38.0	Ana5 - 5: T.Raum	9999.9
2021-03-11 21:51:38.0	Ana9 - 9: T.Zuluft WRG warm	19.0
2021-03-11 21:51:48.0	Ana1 - 1: T.Au?en	7.0
2021-03-11 21:51:48.0	Ana2 - 2: T.Zuluft	15.3
2021-03-11 21:51:48.0	Ana3 - 3: T.Abluft	19.8
2021-03-11 21:51:48.0	Ana4 - 4: T.Fortluft	12.9
2021-03-11 21:51:48.0	Ana5 - 5: T.Raum	9999.9
2021-03-11 21:51:48.0	Ana9 - 9: T.Zuluft WRG warm	19.0
2021-03-11 21:51:58.0	Ana1 - 1: T.Au?en	7.0
2021-03-11 21:51:58.0	Ana2 - 2: T.Zuluft	15.3
2021-03-11 21:51:58.0	Ana3 - 3: T.Abluft	19.8
2021-03-11 21:51:58.0	Ana4 - 4: T.Fortluft	12.9
2021-03-11 21:51:58.0	Ana5 - 5: T.Raum	9999.9
2021-03-11 21:51:58.0	Ana9 - 9: T.Zuluft WRG warm	19.0
2021-03-11 21:52:08.0	Ana1 - 1: T.Au?en	7.0
2021-03-11 21:52:08.0	Ana2 - 2: T.Zuluft	15.3
2021-03-11 21:52:08.0	Ana3 - 3: T.Abluft	19.8
2021-03-11 21:52:08.0	Ana4 - 4: T.Fortluft	12.9
2021-03-11 21:52:08.0	Ana5 - 5: T.Raum	9999.9
2021-03-11 21:52:08.0	Ana9 - 9: T.Zuluft WRG warm	19.0
2021-03-11 21:52:18.0	Ana1 - 1: T.Au?en	7.0
2021-03-11 21:52:18.0	Ana2 - 2: T.Zuluft	15.3
2021-03-11 21:52:18.0	Ana3 - 3: T.Abluft	19.7
2021-03-11 21:52:18.0	Ana4 - 4: T.Fortluft	12.9
2021-03-11 21:52:18.0	Ana5 - 5: T.Raum	9999.9
2021-03-11 21:52:18.0	Ana9 - 9: T.Zuluft WRG warm	19.0
2021-03-11 21:52:28.0	Ana1 - 1: T.Au?en	7.0
2021-03-11 21:52:28.0	Ana2 - 2: T.Zuluft	15.3
2021-03-11 21:52:28.0	Ana3 - 3: T.Abluft	19.8
2021-03-11 21:52:28.0	Ana4 - 4: T.Fortluft	12.9
2021-03-11 21:52:28.0	Ana5 - 5: T.Raum	9999.9
2021-03-11 21:52:28.0	Ana9 - 9: T.Zuluft WRG warm	19.0
2021-03-11 21:52:38.0	Ana1 - 1: T.Au?en	7.0
2021-03-11 21:52:38.0	Ana2 - 2: T.Zuluft	15.3
2021-03-11 21:52:38.0	Ana3 - 3: T.Abluft	19.7
2021-03-11 21:52:38.0	Ana4 - 4: T.Fortluft	12.9
2021-03-11 21:52:38.0	Ana5 - 5: T.Raum	9999.9
2021-03-11 21:52:38.0	Ana9 - 9: T.Zuluft WRG warm	19.0
2021-03-11 21:52:48.0	Ana1 - 1: T.Au?en	7.0
2021-03-11 21:52:48.0	Ana2 - 2: T.Zuluft	15.3
2021-03-11 21:52:48.0	Ana3 - 3: T.Abluft	19.8
2021-03-11 21:52:48.0	Ana4 - 4: T.Fortluft	12.9
2021-03-11 21:52:48.0	Ana5 - 5: T.Raum	9999.9
2021-03-11 21:52:48.0	Ana9 - 9: T.Zuluft WRG warm	19.0
2021-03-11 21:52:58.0	Ana1 - 1: T.Au?en	7.0
2021-03-11 21:52:58.0	Ana2 - 2: T.Zuluft	15.3
2021-03-11 21:52:58.0	Ana3 - 3: T.Abluft	19.8
2021-03-11 21:52:58.0	Ana4 - 4: T.Fortluft	12.9
2021-03-11 21:52:58.0	Ana5 - 5: T.Raum	9999.9
2021-03-11 21:52:58.0	Ana9 - 9: T.Zuluft WRG warm	19.0
2021-03-11 21:53:08.0	Ana1 - 1: T.Au?en	7.0
2021-03-11 21:53:08.0	Ana2 - 2: T.Zuluft	15.3
2021-03-11 21:53:08.0	Ana3 - 3: T.Abluft	19.8
2021-03-11 21:53:08.0	Ana4 - 4: T.Fortluft	12.9
2021-03-11 21:53:08.0	Ana5 - 5: T.Raum	9999.9
2021-03-11 21:53:08.0	Ana9 - 9: T.Zuluft WRG warm	19.0
2021-03-11 21:53:18.0	Ana1 - 1: T.Au?en	7.0
2021-03-11 21:53:18.0	Ana2 - 2: T.Zuluft	15.3
2021-03-11 21:53:18.0	Ana3 - 3: T.Abluft	19.8
2021-03-11 21:53:18.0	Ana4 - 4: T.Fortluft	12.9
2021-03-11 21:53:18.0	Ana5 - 5: T.Raum	9999.9
2021-03-11 21:53:18.0	Ana9 - 9: T.Zuluft WRG warm	19.0
2021-03-11 21:53:28.0	Ana1 - 1: T.Au?en	7.0
2021-03-11 21:53:28.0	Ana2 - 2: T.Zuluft	15.3
2021-03-11 21:53:28.0	Ana3 - 3: T.Abluft	19.8
2021-03-11 21:53:28.0	Ana4 - 4: T.Fortluft	12.9
2021-03-11 21:53:28.0	Ana5 - 5: T.Raum	9999.9
2021-03-11 21:53:28.0	Ana9 - 9: T.Zuluft WRG warm	19.0
2021-03-11 21:53:38.0	Ana1 - 1: T.Au?en	7.0
2021-03-11 21:53:38.0	Ana2 - 2: T.Zuluft	15.2
2021-03-11 21:53:38.0	Ana3 - 3: T.Abluft	19.8
2021-03-11 21:53:38.0	Ana4 - 4: T.Fortluft	12.9
2021-03-11 21:53:38.0	Ana5 - 5: T.Raum	9999.9
2021-03-11 21:53:38.0	Ana9 - 9: T.Zuluft WRG warm	19.0
2021-03-11 21:53:48.0	Ana1 - 1: T.Au?en	7.0
2021-03-11 21:53:48.0	Ana2 - 2: T.Zuluft	15.3
2021-03-11 21:53:48.0	Ana3 - 3: T.Abluft	19.8
2021-03-11 21:53:48.0	Ana4 - 4: T.Fortluft	12.9
2021-03-11 21:53:48.0	Ana5 - 5: T.Raum	9999.9
2021-03-11 21:53:48.0	Ana9 - 9: T.Zuluft WRG warm	19.0
2021-03-11 21:53:58.0	Ana1 - 1: T.Au?en	7.0
2021-03-11 21:53:58.0	Ana2 - 2: T.Zuluft	15.3
2021-03-11 21:53:58.0	Ana3 - 3: T.Abluft	19.7
2021-03-11 21:53:58.0	Ana4 - 4: T.Fortluft	12.9
2021-03-11 21:53:58.0	Ana5 - 5: T.Raum	9999.9
2021-03-11 21:53:58.0	Ana9 - 9: T.Zuluft WRG warm	19.0
2021-03-11 21:54:08.0	Ana1 - 1: T.Au?en	7.0
2021-03-11 21:54:08.0	Ana2 - 2: T.Zuluft	15.3
2021-03-11 21:54:08.0	Ana3 - 3: T.Abluft	19.8
2021-03-11 21:54:08.0	Ana4 - 4: T.Fortluft	12.8
2021-03-11 21:54:08.0	Ana5 - 5: T.Raum	9999.9
2021-03-11 21:54:08.0	Ana9 - 9: T.Zuluft WRG warm	19.0
2021-03-11 21:54:18.0	Ana1 - 1: T.Au?en	7.0
2021-03-11 21:54:18.0	Ana2 - 2: T.Zuluft	15.3
2021-03-11 21:54:18.0	Ana3 - 3: T.Abluft	19.8
2021-03-11 21:54:18.0	Ana4 - 4: T.Fortluft	12.8
2021-03-11 21:54:18.0	Ana5 - 5: T.Raum	9999.9
2021-03-11 21:54:18.0	Ana9 - 9: T.Zuluft WRG warm	19.0
2021-03-11 21:54:28.0	Ana1 - 1: T.Au?en	7.0
2021-03-11 21:54:28.0	Ana2 - 2: T.Zuluft	15.2
2021-03-11 21:54:28.0	Ana3 - 3: T.Abluft	19.8
2021-03-11 21:54:28.0	Ana4 - 4: T.Fortluft	12.8
2021-03-11 21:54:28.0	Ana5 - 5: T.Raum	9999.9
2021-03-11 21:54:28.0	Ana9 - 9: T.Zuluft WRG warm	19.0
2021-03-11 21:54:38.0	Ana1 - 1: T.Au?en	7.0
2021-03-11 21:54:38.0	Ana2 - 2: T.Zuluft	15.2
2021-03-11 21:54:38.0	Ana3 - 3: T.Abluft	19.7
2021-03-11 21:54:38.0	Ana4 - 4: T.Fortluft	12.8
2021-03-11 21:54:38.0	Ana5 - 5: T.Raum	9999.9
2021-03-11 21:54:38.0	Ana9 - 9: T.Zuluft WRG warm	19.0
2021-03-11 21:54:48.0	Ana1 - 1: T.Au?en	7.0
2021-03-11 21:54:48.0	Ana2 - 2: T.Zuluft	15.2
2021-03-11 21:54:48.0	Ana3 - 3: T.Abluft	19.8
2021-03-11 21:54:48.0	Ana4 - 4: T.Fortluft	12.9
2021-03-11 21:54:48.0	Ana5 - 5: T.Raum	9999.9
2021-03-11 21:54:48.0	Ana9 - 9: T.Zuluft WRG warm	19.0
2021-03-11 21:54:58.0	Ana1 - 1: T.Au?en	7.0
2021-03-11 21:54:58.0	Ana2 - 2: T.Zuluft	15.2
2021-03-11 21:54:58.0	Ana3 - 3: T.Abluft	19.8
2021-03-11 21:54:58.0	Ana4 - 4: T.Fortluft	12.8
2021-03-11 21:54:58.0	Ana5 - 5: T.Raum	9999.9
2021-03-11 21:54:58.0	Ana9 - 9: T.Zuluft WRG warm	19.0
2021-03-11 21:55:08.0	Ana1 - 1: T.Au?en	7.0
2021-03-11 21:55:08.0	Ana2 - 2: T.Zuluft	15.3
2021-03-11 21:55:08.0	Ana3 - 3: T.Abluft	19.8
2021-03-11 21:55:08.0	Ana4 - 4: T.Fortluft	12.9
2021-03-11 21:55:08.0	Ana5 - 5: T.Raum	9999.9
2021-03-11 21:55:08.0	Ana9 - 9: T.Zuluft WRG warm	19.0
2021-03-11 21:55:18.0	Ana1 - 1: T.Au?en	7.0
2021-03-11 21:55:18.0	Ana2 - 2: T.Zuluft	15.2
2021-03-11 21:55:18.0	Ana3 - 3: T.Abluft	19.8
2021-03-11 21:55:18.0	Ana4 - 4: T.Fortluft	12.8
2021-03-11 21:55:18.0	Ana5 - 5: T.Raum	9999.9
2021-03-11 21:55:18.0	Ana9 - 9: T.Zuluft WRG warm	19.0
2021-03-11 21:55:28.0	Ana1 - 1: T.Au?en	7.0
2021-03-11 21:55:28.0	Ana2 - 2: T.Zuluft	15.2
2021-03-11 21:55:28.0	Ana3 - 3: T.Abluft	19.8
2021-03-11 21:55:28.0	Ana4 - 4: T.Fortluft	12.8
2021-03-11 21:55:28.0	Ana5 - 5: T.Raum	9999.9
2021-03-11 21:55:28.0	Ana9 - 9: T.Zuluft WRG warm	19.0
2021-03-11 21:55:38.0	Ana1 - 1: T.Au?en	7.0
2021-03-11 21:55:38.0	Ana2 - 2: T.Zuluft	15.2
2021-03-11 21:55:38.0	Ana3 - 3: T.Abluft	19.8
2021-03-11 21:55:38.0	Ana4 - 4: T.Fortluft	12.8
2021-03-11 21:55:38.0	Ana5 - 5: T.Raum	9999.9
2021-03-11 21:55:38.0	Ana9 - 9: T.Zuluft WRG warm	19.0
2021-03-11 21:55:48.0	Ana1 - 1: T.Au?en	6.9
2021-03-11 21:55:48.0	Ana2 - 2: T.Zuluft	15.2
2021-03-11 21:55:48.0	Ana3 - 3: T.Abluft	19.8
2021-03-11 21:55:48.0	Ana4 - 4: T.Fortluft	12.8
2021-03-11 21:55:48.0	Ana5 - 5: T.Raum	9999.9
2021-03-11 21:55:48.0	Ana9 - 9: T.Zuluft WRG warm	19.0
2021-03-11 21:55:58.0	Ana1 - 1: T.Au?en	6.9
2021-03-11 21:55:58.0	Ana2 - 2: T.Zuluft	15.2
2021-03-11 21:55:58.0	Ana3 - 3: T.Abluft	19.7
2021-03-11 21:55:58.0	Ana4 - 4: T.Fortluft	12.8
2021-03-11 21:55:58.0	Ana5 - 5: T.Raum	9999.9
2021-03-11 21:55:58.0	Ana9 - 9: T.Zuluft WRG warm	19.0
2021-03-11 21:56:08.0	Ana1 - 1: T.Au?en	6.9
2021-03-11 21:56:08.0	Ana2 - 2: T.Zuluft	15.2
2021-03-11 21:56:08.0	Ana3 - 3: T.Abluft	19.8
2021-03-11 21:56:08.0	Ana4 - 4: T.Fortluft	12.8
2021-03-11 21:56:08.0	Ana5 - 5: T.Raum	9999.9
2021-03-11 21:56:08.0	Ana9 - 9: T.Zuluft WRG warm	19.0
2021-03-11 21:56:18.0	Ana1 - 1: T.Au?en	6.9
2021-03-11 21:56:18.0	Ana2 - 2: T.Zuluft	15.2
2021-03-11 21:56:18.0	Ana3 - 3: T.Abluft	19.8
2021-03-11 21:56:18.0	Ana4 - 4: T.Fortluft	12.8
2021-03-11 21:56:18.0	Ana5 - 5: T.Raum	9999.9
2021-03-11 21:56:18.0	Ana9 - 9: T.Zuluft WRG warm	19.0
2021-03-11 21:56:28.0	Ana1 - 1: T.Au?en	6.9
2021-03-11 21:56:28.0	Ana2 - 2: T.Zuluft	15.2
2021-03-11 21:56:28.0	Ana3 - 3: T.Abluft	19.8
2021-03-11 21:56:28.0	Ana4 - 4: T.Fortluft	12.8
2021-03-11 21:56:28.0	Ana5 - 5: T.Raum	9999.9
2021-03-11 21:56:28.0	Ana9 - 9: T.Zuluft WRG warm	19.0
2021-03-11 21:56:38.0	Ana1 - 1: T.Au?en	6.9
2021-03-11 21:56:38.0	Ana2 - 2: T.Zuluft	15.2
2021-03-11 21:56:38.0	Ana3 - 3: T.Abluft	19.7
2021-03-11 21:56:38.0	Ana4 - 4: T.Fortluft	12.8
2021-03-11 21:56:38.0	Ana5 - 5: T.Raum	9999.9
2021-03-11 21:56:38.0	Ana9 - 9: T.Zuluft WRG warm	19.0
2021-03-11 21:56:48.0	Ana1 - 1: T.Au?en	6.9
2021-03-11 21:56:48.0	Ana2 - 2: T.Zuluft	15.2
2021-03-11 21:56:48.0	Ana3 - 3: T.Abluft	19.7
2021-03-11 21:56:48.0	Ana4 - 4: T.Fortluft	12.8
2021-03-11 21:56:48.0	Ana5 - 5: T.Raum	9999.9
2021-03-11 21:56:48.0	Ana9 - 9: T.Zuluft WRG warm	19.0
2021-03-11 21:56:58.0	Ana1 - 1: T.Au?en	6.9
2021-03-11 21:56:58.0	Ana2 - 2: T.Zuluft	15.2
2021-03-11 21:56:58.0	Ana3 - 3: T.Abluft	19.7
2021-03-11 21:56:58.0	Ana4 - 4: T.Fortluft	12.8
2021-03-11 21:56:58.0	Ana5 - 5: T.Raum	9999.9
2021-03-11 21:56:58.0	Ana9 - 9: T.Zuluft WRG warm	19.0
2021-03-11 21:57:08.0	Ana1 - 1: T.Au?en	6.9
2021-03-11 21:57:08.0	Ana2 - 2: T.Zuluft	15.2
2021-03-11 21:57:08.0	Ana3 - 3: T.Abluft	19.8
2021-03-11 21:57:08.0	Ana4 - 4: T.Fortluft	12.8
2021-03-11 21:57:08.0	Ana5 - 5: T.Raum	9999.9
2021-03-11 21:57:08.0	Ana9 - 9: T.Zuluft WRG warm	19.0
2021-03-11 21:57:18.0	Ana1 - 1: T.Au?en	6.9
2021-03-11 21:57:18.0	Ana2 - 2: T.Zuluft	15.2
2021-03-11 21:57:18.0	Ana3 - 3: T.Abluft	19.8
2021-03-11 21:57:18.0	Ana4 - 4: T.Fortluft	12.8
2021-03-11 21:57:18.0	Ana5 - 5: T.Raum	9999.9
2021-03-11 21:57:18.0	Ana9 - 9: T.Zuluft WRG warm	19.0
2021-03-11 21:57:28.0	Ana1 - 1: T.Au?en	6.9
2021-03-11 21:57:28.0	Ana2 - 2: T.Zuluft	15.2
2021-03-11 21:57:28.0	Ana3 - 3: T.Abluft	19.7
2021-03-11 21:57:28.0	Ana4 - 4: T.Fortluft	12.8
2021-03-11 21:57:28.0	Ana5 - 5: T.Raum	9999.9
2021-03-11 21:57:28.0	Ana9 - 9: T.Zuluft WRG warm	19.0
2021-03-11 21:57:38.0	Ana1 - 1: T.Au?en	6.9
2021-03-11 21:57:38.0	Ana2 - 2: T.Zuluft	15.2
2021-03-11 21:57:38.0	Ana3 - 3: T.Abluft	19.8
2021-03-11 21:57:38.0	Ana4 - 4: T.Fortluft	12.8
2021-03-11 21:57:38.0	Ana5 - 5: T.Raum	9999.9
2021-03-11 21:57:38.0	Ana9 - 9: T.Zuluft WRG warm	19.0
2021-03-11 21:57:48.0	Ana1 - 1: T.Au?en	6.9
2021-03-11 21:57:48.0	Ana2 - 2: T.Zuluft	15.2
2021-03-11 21:57:48.0	Ana3 - 3: T.Abluft	19.8
2021-03-11 21:57:48.0	Ana4 - 4: T.Fortluft	12.8
2021-03-11 21:57:48.0	Ana5 - 5: T.Raum	9999.9
2021-03-11 21:57:48.0	Ana9 - 9: T.Zuluft WRG warm	19.0
2021-03-11 21:57:58.0	Ana1 - 1: T.Au?en	6.9
2021-03-11 21:57:58.0	Ana2 - 2: T.Zuluft	15.2
2021-03-11 21:57:58.0	Ana3 - 3: T.Abluft	19.7
2021-03-11 21:57:58.0	Ana4 - 4: T.Fortluft	12.8
2021-03-11 21:57:58.0	Ana5 - 5: T.Raum	9999.9
2021-03-11 21:57:58.0	Ana9 - 9: T.Zuluft WRG warm	19.0
2021-03-11 21:58:08.0	Ana1 - 1: T.Au?en	6.9
2021-03-11 21:58:08.0	Ana2 - 2: T.Zuluft	15.2
2021-03-11 21:58:08.0	Ana3 - 3: T.Abluft	19.7
2021-03-11 21:58:08.0	Ana4 - 4: T.Fortluft	12.8
2021-03-11 21:58:08.0	Ana5 - 5: T.Raum	9999.9
2021-03-11 21:58:08.0	Ana9 - 9: T.Zuluft WRG warm	19.0
2021-03-11 21:58:18.0	Ana1 - 1: T.Au?en	6.9
2021-03-11 21:58:18.0	Ana2 - 2: T.Zuluft	15.2
2021-03-11 21:58:18.0	Ana3 - 3: T.Abluft	19.8
2021-03-11 21:58:18.0	Ana4 - 4: T.Fortluft	12.8
2021-03-11 21:58:18.0	Ana5 - 5: T.Raum	9999.9
2021-03-11 21:58:18.0	Ana9 - 9: T.Zuluft WRG warm	19.0
2021-03-11 21:58:28.0	Ana1 - 1: T.Au?en	6.9
2021-03-11 21:58:28.0	Ana2 - 2: T.Zuluft	15.2
2021-03-11 21:58:28.0	Ana3 - 3: T.Abluft	19.7
2021-03-11 21:58:28.0	Ana4 - 4: T.Fortluft	12.8
2021-03-11 21:58:28.0	Ana5 - 5: T.Raum	9999.9
2021-03-11 21:58:28.0	Ana9 - 9: T.Zuluft WRG warm	19.0
2021-03-11 21:58:38.0	Ana1 - 1: T.Au?en	6.9
2021-03-11 21:58:38.0	Ana2 - 2: T.Zuluft	15.2
2021-03-11 21:58:38.0	Ana3 - 3: T.Abluft	19.7
2021-03-11 21:58:38.0	Ana4 - 4: T.Fortluft	12.8
2021-03-11 21:58:38.0	Ana5 - 5: T.Raum	9999.9
2021-03-11 21:58:38.0	Ana9 - 9: T.Zuluft WRG warm	19.0
2021-03-11 21:58:48.0	Ana1 - 1: T.Au?en	6.8
2021-03-11 21:58:48.0	Ana2 - 2: T.Zuluft	15.2
2021-03-11 21:58:48.0	Ana3 - 3: T.Abluft	19.7
2021-03-11 21:58:48.0	Ana4 - 4: T.Fortluft	12.8
2021-03-11 21:58:48.0	Ana5 - 5: T.Raum	9999.9
2021-03-11 21:58:48.0	Ana9 - 9: T.Zuluft WRG warm	19.0
2021-03-11 21:58:58.0	Ana1 - 1: T.Au?en	6.9
2021-03-11 21:58:58.0	Ana2 - 2: T.Zuluft	15.2
2021-03-11 21:58:58.0	Ana3 - 3: T.Abluft	19.7
2021-03-11 21:58:58.0	Ana4 - 4: T.Fortluft	12.8
2021-03-11 21:58:58.0	Ana5 - 5: T.Raum	9999.9
2021-03-11 21:58:58.0	Ana9 - 9: T.Zuluft WRG warm	19.0
2021-03-11 21:59:08.0	Ana1 - 1: T.Au?en	6.8
2021-03-11 21:59:08.0	Ana2 - 2: T.Zuluft	15.2
2021-03-11 21:59:08.0	Ana3 - 3: T.Abluft	19.7
2021-03-11 21:59:08.0	Ana4 - 4: T.Fortluft	12.8
2021-03-11 21:59:08.0	Ana5 - 5: T.Raum	9999.9
2021-03-11 21:59:08.0	Ana9 - 9: T.Zuluft WRG warm	19.0
2021-03-11 21:59:18.0	Ana1 - 1: T.Au?en	6.8
2021-03-11 21:59:18.0	Ana2 - 2: T.Zuluft	15.2
2021-03-11 21:59:18.0	Ana3 - 3: T.Abluft	19.7
2021-03-11 21:59:18.0	Ana4 - 4: T.Fortluft	12.8
2021-03-11 21:59:18.0	Ana5 - 5: T.Raum	9999.9
2021-03-11 21:59:18.0	Ana9 - 9: T.Zuluft WRG warm	19.0
2021-03-11 21:59:28.0	Ana1 - 1: T.Au?en	6.8
2021-03-11 21:59:28.0	Ana2 - 2: T.Zuluft	15.2
2021-03-11 21:59:28.0	Ana3 - 3: T.Abluft	19.7
2021-03-11 21:59:28.0	Ana4 - 4: T.Fortluft	12.8
2021-03-11 21:59:28.0	Ana5 - 5: T.Raum	9999.9
2021-03-11 21:59:28.0	Ana9 - 9: T.Zuluft WRG warm	19.0
2021-03-11 21:59:38.0	Ana1 - 1: T.Au?en	6.8
2021-03-11 21:59:38.0	Ana2 - 2: T.Zuluft	15.2
2021-03-11 21:59:38.0	Ana3 - 3: T.Abluft	19.7
2021-03-11 21:59:38.0	Ana4 - 4: T.Fortluft	12.8
2021-03-11 21:59:38.0	Ana5 - 5: T.Raum	9999.9
2021-03-11 21:59:38.0	Ana9 - 9: T.Zuluft WRG warm	19.0
2021-03-11 21:59:48.0	Ana1 - 1: T.Au?en	6.8
2021-03-11 21:59:48.0	Ana2 - 2: T.Zuluft	15.2
2021-03-11 21:59:48.0	Ana3 - 3: T.Abluft	19.7
2021-03-11 21:59:48.0	Ana4 - 4: T.Fortluft	12.8
2021-03-11 21:59:48.0	Ana5 - 5: T.Raum	9999.9
2021-03-11 21:59:48.0	Ana9 - 9: T.Zuluft WRG warm	19.0
2021-03-11 21:59:58.0	Ana1 - 1: T.Au?en	6.8
2021-03-11 21:59:58.0	Ana2 - 2: T.Zuluft	15.2
2021-03-11 21:59:58.0	Ana3 - 3: T.Abluft	19.7
2021-03-11 21:59:58.0	Ana4 - 4: T.Fortluft	12.8
2021-03-11 21:59:58.0	Ana5 - 5: T.Raum	9999.9
2021-03-11 21:59:58.0	Ana9 - 9: T.Zuluft WRG warm	19.0
2021-03-11 22:00:08.0	Ana1 - 1: T.Au?en	6.8
2021-03-11 22:00:08.0	Ana2 - 2: T.Zuluft	15.2
2021-03-11 22:00:08.0	Ana3 - 3: T.Abluft	19.7
2021-03-11 22:00:08.0	Ana4 - 4: T.Fortluft	12.8
2021-03-11 22:00:08.0	Ana5 - 5: T.Raum	9999.9
2021-03-11 22:00:08.0	Ana9 - 9: T.Zuluft WRG warm	19.0
2021-03-11 22:00:18.0	Ana1 - 1: T.Au?en	6.8
2021-03-11 22:00:18.0	Ana2 - 2: T.Zuluft	15.2
2021-03-11 22:00:18.0	Ana3 - 3: T.Abluft	19.7
2021-03-11 22:00:18.0	Ana4 - 4: T.Fortluft	12.8
2021-03-11 22:00:18.0	Ana5 - 5: T.Raum	9999.9
2021-03-11 22:00:18.0	Ana9 - 9: T.Zuluft WRG warm	19.0
2021-03-11 22:00:28.0	Ana1 - 1: T.Au?en	6.8
2021-03-11 22:00:28.0	Ana2 - 2: T.Zuluft	15.2
2021-03-11 22:00:28.0	Ana3 - 3: T.Abluft	19.7
2021-03-11 22:00:28.0	Ana4 - 4: T.Fortluft	12.8
2021-03-11 22:00:28.0	Ana5 - 5: T.Raum	9999.9
2021-03-11 22:00:28.0	Ana9 - 9: T.Zuluft WRG warm	19.0
2021-03-11 22:00:38.0	Ana1 - 1: T.Au?en	6.8
2021-03-11 22:00:38.0	Ana2 - 2: T.Zuluft	15.2
2021-03-11 22:00:38.0	Ana3 - 3: T.Abluft	19.7
2021-03-11 22:00:38.0	Ana4 - 4: T.Fortluft	12.8
2021-03-11 22:00:38.0	Ana5 - 5: T.Raum	9999.9
2021-03-11 22:00:38.0	Ana9 - 9: T.Zuluft WRG warm	19.0
2021-03-11 22:00:48.0	Ana1 - 1: T.Au?en	6.8
2021-03-11 22:00:48.0	Ana2 - 2: T.Zuluft	15.2
2021-03-11 22:00:48.0	Ana3 - 3: T.Abluft	19.7
2021-03-11 22:00:48.0	Ana4 - 4: T.Fortluft	12.8
2021-03-11 22:00:48.0	Ana5 - 5: T.Raum	9999.9
2021-03-11 22:00:48.0	Ana9 - 9: T.Zuluft WRG warm	19.0
2021-03-11 22:00:58.0	Ana1 - 1: T.Au?en	6.8
2021-03-11 22:00:58.0	Ana2 - 2: T.Zuluft	15.2
2021-03-11 22:00:58.0	Ana3 - 3: T.Abluft	19.7
2021-03-11 22:00:58.0	Ana4 - 4: T.Fortluft	12.8
2021-03-11 22:00:58.0	Ana5 - 5: T.Raum	9999.9
2021-03-11 22:00:58.0	Ana9 - 9: T.Zuluft WRG warm	19.0
2021-03-11 22:01:08.0	Ana1 - 1: T.Au?en	6.8
2021-03-11 22:01:08.0	Ana2 - 2: T.Zuluft	15.2
2021-03-11 22:01:08.0	Ana3 - 3: T.Abluft	19.7
2021-03-11 22:01:08.0	Ana4 - 4: T.Fortluft	12.8
2021-03-11 22:01:08.0	Ana5 - 5: T.Raum	9999.9
2021-03-11 22:01:08.0	Ana9 - 9: T.Zuluft WRG warm	19.0
2021-03-11 22:01:18.0	Ana1 - 1: T.Au?en	6.8
2021-03-11 22:01:18.0	Ana2 - 2: T.Zuluft	15.2
2021-03-11 22:01:18.0	Ana3 - 3: T.Abluft	19.7
2021-03-11 22:01:18.0	Ana4 - 4: T.Fortluft	12.8
2021-03-11 22:01:18.0	Ana5 - 5: T.Raum	9999.9
2021-03-11 22:01:18.0	Ana9 - 9: T.Zuluft WRG warm	19.0
2021-03-11 22:01:28.0	Ana1 - 1: T.Au?en	6.8
2021-03-11 22:01:28.0	Ana2 - 2: T.Zuluft	15.2
2021-03-11 22:01:28.0	Ana3 - 3: T.Abluft	19.7
2021-03-11 22:01:28.0	Ana4 - 4: T.Fortluft	12.8
2021-03-11 22:01:28.0	Ana5 - 5: T.Raum	9999.9
2021-03-11 22:01:28.0	Ana9 - 9: T.Zuluft WRG warm	19.0
2021-03-11 22:01:38.0	Ana1 - 1: T.Au?en	6.8
2021-03-11 22:01:38.0	Ana2 - 2: T.Zuluft	15.2
2021-03-11 22:01:38.0	Ana3 - 3: T.Abluft	19.7
2021-03-11 22:01:38.0	Ana4 - 4: T.Fortluft	12.8
2021-03-11 22:01:38.0	Ana5 - 5: T.Raum	9999.9
2021-03-11 22:01:38.0	Ana9 - 9: T.Zuluft WRG warm	19.0
2021-03-11 22:01:48.0	Ana1 - 1: T.Au?en	6.8
2021-03-11 22:01:48.0	Ana2 - 2: T.Zuluft	15.2
2021-03-11 22:01:48.0	Ana3 - 3: T.Abluft	19.7
2021-03-11 22:01:48.0	Ana4 - 4: T.Fortluft	12.8
2021-03-11 22:01:48.0	Ana5 - 5: T.Raum	9999.9
2021-03-11 22:01:48.0	Ana9 - 9: T.Zuluft WRG warm	19.0
2021-03-11 22:01:58.0	Ana1 - 1: T.Au?en	6.8
2021-03-11 22:01:58.0	Ana2 - 2: T.Zuluft	15.2
2021-03-11 22:01:58.0	Ana3 - 3: T.Abluft	19.7
2021-03-11 22:01:58.0	Ana4 - 4: T.Fortluft	12.8
2021-03-11 22:01:58.0	Ana5 - 5: T.Raum	9999.9
2021-03-11 22:01:58.0	Ana9 - 9: T.Zuluft WRG warm	19.0
2021-03-11 22:02:08.0	Ana1 - 1: T.Au?en	6.8
2021-03-11 22:02:08.0	Ana2 - 2: T.Zuluft	15.2
2021-03-11 22:02:08.0	Ana3 - 3: T.Abluft	19.7
2021-03-11 22:02:08.0	Ana4 - 4: T.Fortluft	12.8
2021-03-11 22:02:08.0	Ana5 - 5: T.Raum	9999.9
2021-03-11 22:02:08.0	Ana9 - 9: T.Zuluft WRG warm	19.0
2021-03-11 22:02:18.0	Ana1 - 1: T.Au?en	6.8
2021-03-11 22:02:18.0	Ana2 - 2: T.Zuluft	15.2
2021-03-11 22:02:18.0	Ana3 - 3: T.Abluft	19.7
2021-03-11 22:02:18.0	Ana4 - 4: T.Fortluft	12.8
2021-03-11 22:02:18.0	Ana5 - 5: T.Raum	9999.9
2021-03-11 22:02:18.0	Ana9 - 9: T.Zuluft WRG warm	19.0
2021-03-11 22:02:28.0	Ana1 - 1: T.Au?en	6.8
2021-03-11 22:02:28.0	Ana2 - 2: T.Zuluft	15.1
2021-03-11 22:02:28.0	Ana3 - 3: T.Abluft	19.7
2021-03-11 22:02:28.0	Ana4 - 4: T.Fortluft	12.8
2021-03-11 22:02:28.0	Ana5 - 5: T.Raum	9999.9
2021-03-11 22:02:28.0	Ana9 - 9: T.Zuluft WRG warm	19.0
2021-03-11 22:02:38.0	Ana1 - 1: T.Au?en	6.8
2021-03-11 22:02:38.0	Ana2 - 2: T.Zuluft	15.2
2021-03-11 22:02:38.0	Ana3 - 3: T.Abluft	19.7
2021-03-11 22:02:38.0	Ana4 - 4: T.Fortluft	12.8
2021-03-11 22:02:38.0	Ana5 - 5: T.Raum	9999.9
2021-03-11 22:02:38.0	Ana9 - 9: T.Zuluft WRG warm	19.0
2021-03-11 22:02:48.0	Ana1 - 1: T.Au?en	6.8
2021-03-11 22:02:48.0	Ana2 - 2: T.Zuluft	15.2
2021-03-11 22:02:48.0	Ana3 - 3: T.Abluft	19.7
2021-03-11 22:02:48.0	Ana4 - 4: T.Fortluft	12.8
2021-03-11 22:02:48.0	Ana5 - 5: T.Raum	9999.9
2021-03-11 22:02:48.0	Ana9 - 9: T.Zuluft WRG warm	19.0
2021-03-11 22:02:58.0	Ana1 - 1: T.Au?en	6.8
2021-03-11 22:02:58.0	Ana2 - 2: T.Zuluft	15.2
2021-03-11 22:02:58.0	Ana3 - 3: T.Abluft	19.7
2021-03-11 22:02:58.0	Ana4 - 4: T.Fortluft	12.8
2021-03-11 22:02:58.0	Ana5 - 5: T.Raum	9999.9
2021-03-11 22:02:58.0	Ana9 - 9: T.Zuluft WRG warm	19.0
2021-03-11 22:03:08.0	Ana1 - 1: T.Au?en	6.8
2021-03-11 22:03:08.0	Ana2 - 2: T.Zuluft	15.2
2021-03-11 22:03:08.0	Ana3 - 3: T.Abluft	19.7
2021-03-11 22:03:08.0	Ana4 - 4: T.Fortluft	12.8
2021-03-11 22:03:08.0	Ana5 - 5: T.Raum	9999.9
2021-03-11 22:03:08.0	Ana9 - 9: T.Zuluft WRG warm	19.0
2021-03-11 22:03:18.0	Ana1 - 1: T.Au?en	6.8
2021-03-11 22:03:18.0	Ana2 - 2: T.Zuluft	15.2
2021-03-11 22:03:18.0	Ana3 - 3: T.Abluft	19.7
2021-03-11 22:03:18.0	Ana4 - 4: T.Fortluft	12.8
2021-03-11 22:03:18.0	Ana5 - 5: T.Raum	9999.9
2021-03-11 22:03:18.0	Ana9 - 9: T.Zuluft WRG warm	19.0
2021-03-11 22:03:28.0	Ana1 - 1: T.Au?en	6.8
2021-03-11 22:03:28.0	Ana2 - 2: T.Zuluft	15.1
2021-03-11 22:03:28.0	Ana3 - 3: T.Abluft	19.7
2021-03-11 22:03:28.0	Ana4 - 4: T.Fortluft	12.8
2021-03-11 22:03:28.0	Ana5 - 5: T.Raum	9999.9
2021-03-11 22:03:28.0	Ana9 - 9: T.Zuluft WRG warm	19.0
2021-03-11 22:03:38.0	Ana1 - 1: T.Au?en	6.8
2021-03-11 22:03:38.0	Ana2 - 2: T.Zuluft	15.1
2021-03-11 22:03:38.0	Ana3 - 3: T.Abluft	19.7
2021-03-11 22:03:38.0	Ana4 - 4: T.Fortluft	12.8
2021-03-11 22:03:38.0	Ana5 - 5: T.Raum	9999.9
2021-03-11 22:03:38.0	Ana9 - 9: T.Zuluft WRG warm	19.0
2021-03-11 22:03:48.0	Ana1 - 1: T.Au?en	6.8
2021-03-11 22:03:48.0	Ana2 - 2: T.Zuluft	15.1
2021-03-11 22:03:48.0	Ana3 - 3: T.Abluft	19.7
2021-03-11 22:03:48.0	Ana4 - 4: T.Fortluft	12.8
2021-03-11 22:03:48.0	Ana5 - 5: T.Raum	9999.9
2021-03-11 22:03:48.0	Ana9 - 9: T.Zuluft WRG warm	19.0
2021-03-11 22:03:58.0	Ana1 - 1: T.Au?en	6.8
2021-03-11 22:03:58.0	Ana2 - 2: T.Zuluft	15.1
2021-03-11 22:03:58.0	Ana3 - 3: T.Abluft	19.7
2021-03-11 22:03:58.0	Ana4 - 4: T.Fortluft	12.8
2021-03-11 22:03:58.0	Ana5 - 5: T.Raum	9999.9
2021-03-11 22:03:58.0	Ana9 - 9: T.Zuluft WRG warm	19.0
2021-03-11 22:04:08.0	Ana1 - 1: T.Au?en	6.8
2021-03-11 22:04:08.0	Ana2 - 2: T.Zuluft	15.1
2021-03-11 22:04:08.0	Ana3 - 3: T.Abluft	19.7
2021-03-11 22:04:08.0	Ana4 - 4: T.Fortluft	12.8
2021-03-11 22:04:08.0	Ana5 - 5: T.Raum	9999.9
2021-03-11 22:04:08.0	Ana9 - 9: T.Zuluft WRG warm	19.0
2021-03-11 22:04:18.0	Ana1 - 1: T.Au?en	6.8
2021-03-11 22:04:18.0	Ana2 - 2: T.Zuluft	15.2
2021-03-11 22:04:18.0	Ana3 - 3: T.Abluft	19.7
2021-03-11 22:04:18.0	Ana4 - 4: T.Fortluft	12.8
2021-03-11 22:04:18.0	Ana5 - 5: T.Raum	9999.9
2021-03-11 22:04:18.0	Ana9 - 9: T.Zuluft WRG warm	19.0
2021-03-11 22:04:28.0	Ana1 - 1: T.Au?en	6.8
2021-03-11 22:04:28.0	Ana2 - 2: T.Zuluft	15.1
2021-03-11 22:04:28.0	Ana3 - 3: T.Abluft	19.7
2021-03-11 22:04:28.0	Ana4 - 4: T.Fortluft	12.8
2021-03-11 22:04:28.0	Ana5 - 5: T.Raum	9999.9
2021-03-11 22:04:28.0	Ana9 - 9: T.Zuluft WRG warm	19.0
2021-03-11 22:04:38.0	Ana1 - 1: T.Au?en	6.8
2021-03-11 22:04:38.0	Ana2 - 2: T.Zuluft	15.2
2021-03-11 22:04:38.0	Ana3 - 3: T.Abluft	19.7
2021-03-11 22:04:38.0	Ana4 - 4: T.Fortluft	12.8
2021-03-11 22:04:38.0	Ana5 - 5: T.Raum	9999.9
2021-03-11 22:04:38.0	Ana9 - 9: T.Zuluft WRG warm	19.0
2021-03-11 22:04:48.0	Ana1 - 1: T.Au?en	6.8
2021-03-11 22:04:48.0	Ana2 - 2: T.Zuluft	15.1
2021-03-11 22:04:48.0	Ana3 - 3: T.Abluft	19.7
2021-03-11 22:04:48.0	Ana4 - 4: T.Fortluft	12.8
2021-03-11 22:04:48.0	Ana5 - 5: T.Raum	9999.9
2021-03-11 22:04:48.0	Ana9 - 9: T.Zuluft WRG warm	19.0
2021-03-11 22:04:58.0	Ana1 - 1: T.Au?en	6.8
2021-03-11 22:04:58.0	Ana2 - 2: T.Zuluft	15.1
2021-03-11 22:04:58.0	Ana3 - 3: T.Abluft	19.7
2021-03-11 22:04:58.0	Ana4 - 4: T.Fortluft	12.8
2021-03-11 22:04:58.0	Ana5 - 5: T.Raum	9999.9
2021-03-11 22:04:58.0	Ana9 - 9: T.Zuluft WRG warm	19.0
2021-03-11 22:05:08.0	Ana1 - 1: T.Au?en	6.8
2021-03-11 22:05:08.0	Ana2 - 2: T.Zuluft	15.1
2021-03-11 22:05:08.0	Ana3 - 3: T.Abluft	19.7
2021-03-11 22:05:08.0	Ana4 - 4: T.Fortluft	12.7
2021-03-11 22:05:08.0	Ana5 - 5: T.Raum	9999.9
2021-03-11 22:05:08.0	Ana9 - 9: T.Zuluft WRG warm	19.0
2021-03-11 22:05:18.0	Ana1 - 1: T.Au?en	6.8
2021-03-11 22:05:18.0	Ana2 - 2: T.Zuluft	15.1
2021-03-11 22:05:18.0	Ana3 - 3: T.Abluft	19.7
2021-03-11 22:05:18.0	Ana4 - 4: T.Fortluft	12.7
2021-03-11 22:05:18.0	Ana5 - 5: T.Raum	9999.9
2021-03-11 22:05:18.0	Ana9 - 9: T.Zuluft WRG warm	19.0
2021-03-11 22:05:28.0	Ana1 - 1: T.Au?en	6.8
2021-03-11 22:05:28.0	Ana2 - 2: T.Zuluft	15.1
2021-03-11 22:05:28.0	Ana3 - 3: T.Abluft	19.7
2021-03-11 22:05:28.0	Ana4 - 4: T.Fortluft	12.7
2021-03-11 22:05:28.0	Ana5 - 5: T.Raum	9999.9
2021-03-11 22:05:28.0	Ana9 - 9: T.Zuluft WRG warm	19.0
2021-03-11 22:05:38.0	Ana1 - 1: T.Au?en	6.7
2021-03-11 22:05:38.0	Ana2 - 2: T.Zuluft	15.1
2021-03-11 22:05:38.0	Ana3 - 3: T.Abluft	19.7
2021-03-11 22:05:38.0	Ana4 - 4: T.Fortluft	12.7
2021-03-11 22:05:38.0	Ana5 - 5: T.Raum	9999.9
2021-03-11 22:05:38.0	Ana9 - 9: T.Zuluft WRG warm	19.0
2021-03-11 22:05:48.0	Ana1 - 1: T.Au?en	6.7
2021-03-11 22:05:48.0	Ana2 - 2: T.Zuluft	15.1
2021-03-11 22:05:48.0	Ana3 - 3: T.Abluft	19.7
2021-03-11 22:05:48.0	Ana4 - 4: T.Fortluft	12.7
2021-03-11 22:05:48.0	Ana5 - 5: T.Raum	9999.9
2021-03-11 22:05:48.0	Ana9 - 9: T.Zuluft WRG warm	19.0
2021-03-11 22:05:58.0	Ana1 - 1: T.Au?en	6.7
2021-03-11 22:05:58.0	Ana2 - 2: T.Zuluft	15.1
2021-03-11 22:05:58.0	Ana3 - 3: T.Abluft	19.7
2021-03-11 22:05:58.0	Ana4 - 4: T.Fortluft	12.7
2021-03-11 22:05:58.0	Ana5 - 5: T.Raum	9999.9
2021-03-11 22:05:58.0	Ana9 - 9: T.Zuluft WRG warm	19.0
2021-03-11 22:06:08.0	Ana1 - 1: T.Au?en	6.7
2021-03-11 22:06:08.0	Ana2 - 2: T.Zuluft	15.1
2021-03-11 22:06:08.0	Ana3 - 3: T.Abluft	19.7
2021-03-11 22:06:08.0	Ana4 - 4: T.Fortluft	12.7
2021-03-11 22:06:08.0	Ana5 - 5: T.Raum	9999.9
2021-03-11 22:06:08.0	Ana9 - 9: T.Zuluft WRG warm	19.0
2021-03-11 22:06:18.0	Ana1 - 1: T.Au?en	6.7
2021-03-11 22:06:18.0	Ana2 - 2: T.Zuluft	15.1
2021-03-11 22:06:18.0	Ana3 - 3: T.Abluft	19.7
2021-03-11 22:06:18.0	Ana4 - 4: T.Fortluft	12.7
2021-03-11 22:06:18.0	Ana5 - 5: T.Raum	9999.9
2021-03-11 22:06:18.0	Ana9 - 9: T.Zuluft WRG warm	19.0
2021-03-11 22:06:28.0	Ana1 - 1: T.Au?en	6.7
2021-03-11 22:06:28.0	Ana2 - 2: T.Zuluft	15.1
2021-03-11 22:06:28.0	Ana3 - 3: T.Abluft	19.7
2021-03-11 22:06:28.0	Ana4 - 4: T.Fortluft	12.7
2021-03-11 22:06:28.0	Ana5 - 5: T.Raum	9999.9
2021-03-11 22:06:28.0	Ana9 - 9: T.Zuluft WRG warm	19.0
2021-03-11 22:06:38.0	Ana1 - 1: T.Au?en	6.7
2021-03-11 22:06:38.0	Ana2 - 2: T.Zuluft	15.1
2021-03-11 22:06:38.0	Ana3 - 3: T.Abluft	19.7
2021-03-11 22:06:38.0	Ana4 - 4: T.Fortluft	12.7
2021-03-11 22:06:38.0	Ana5 - 5: T.Raum	9999.9
2021-03-11 22:06:38.0	Ana9 - 9: T.Zuluft WRG warm	19.0
2021-03-11 22:06:48.0	Ana1 - 1: T.Au?en	6.7
2021-03-11 22:06:48.0	Ana2 - 2: T.Zuluft	15.1
2021-03-11 22:06:48.0	Ana3 - 3: T.Abluft	19.7
2021-03-11 22:06:48.0	Ana4 - 4: T.Fortluft	12.7
2021-03-11 22:06:48.0	Ana5 - 5: T.Raum	9999.9
2021-03-11 22:06:48.0	Ana9 - 9: T.Zuluft WRG warm	19.0
2021-03-11 22:06:58.0	Ana1 - 1: T.Au?en	6.7
2021-03-11 22:06:58.0	Ana2 - 2: T.Zuluft	15.1
2021-03-11 22:06:58.0	Ana3 - 3: T.Abluft	19.7
2021-03-11 22:06:58.0	Ana4 - 4: T.Fortluft	12.7
2021-03-11 22:06:58.0	Ana5 - 5: T.Raum	9999.9
2021-03-11 22:06:58.0	Ana9 - 9: T.Zuluft WRG warm	19.0
2021-03-11 22:07:08.0	Ana1 - 1: T.Au?en	6.7
2021-03-11 22:07:08.0	Ana2 - 2: T.Zuluft	15.1
2021-03-11 22:07:08.0	Ana3 - 3: T.Abluft	19.7
2021-03-11 22:07:08.0	Ana4 - 4: T.Fortluft	12.7
2021-03-11 22:07:08.0	Ana5 - 5: T.Raum	9999.9
2021-03-11 22:07:08.0	Ana9 - 9: T.Zuluft WRG warm	19.0
2021-03-11 22:07:18.0	Ana1 - 1: T.Au?en	6.7
2021-03-11 22:07:18.0	Ana2 - 2: T.Zuluft	15.1
2021-03-11 22:07:18.0	Ana3 - 3: T.Abluft	19.7
2021-03-11 22:07:18.0	Ana4 - 4: T.Fortluft	12.7
2021-03-11 22:07:18.0	Ana5 - 5: T.Raum	9999.9
2021-03-11 22:07:18.0	Ana9 - 9: T.Zuluft WRG warm	19.0
2021-03-11 22:07:28.0	Ana1 - 1: T.Au?en	6.7
2021-03-11 22:07:28.0	Ana2 - 2: T.Zuluft	15.1
2021-03-11 22:07:28.0	Ana3 - 3: T.Abluft	19.7
2021-03-11 22:07:28.0	Ana4 - 4: T.Fortluft	12.7
2021-03-11 22:07:28.0	Ana5 - 5: T.Raum	9999.9
2021-03-11 22:07:28.0	Ana9 - 9: T.Zuluft WRG warm	19.0
2021-03-11 22:07:38.0	Ana1 - 1: T.Au?en	6.7
2021-03-11 22:07:38.0	Ana2 - 2: T.Zuluft	15.1
2021-03-11 22:07:38.0	Ana3 - 3: T.Abluft	19.7
2021-03-11 22:07:38.0	Ana4 - 4: T.Fortluft	12.7
2021-03-11 22:07:38.0	Ana5 - 5: T.Raum	9999.9
2021-03-11 22:07:38.0	Ana9 - 9: T.Zuluft WRG warm	19.0
2021-03-11 22:07:48.0	Ana1 - 1: T.Au?en	6.7
2021-03-11 22:07:48.0	Ana2 - 2: T.Zuluft	15.1
2021-03-11 22:07:48.0	Ana3 - 3: T.Abluft	19.7
2021-03-11 22:07:48.0	Ana4 - 4: T.Fortluft	12.7
2021-03-11 22:07:48.0	Ana5 - 5: T.Raum	9999.9
2021-03-11 22:07:48.0	Ana9 - 9: T.Zuluft WRG warm	19.0
2021-03-11 22:07:58.0	Ana1 - 1: T.Au?en	6.7
2021-03-11 22:07:58.0	Ana2 - 2: T.Zuluft	15.1
2021-03-11 22:07:58.0	Ana3 - 3: T.Abluft	19.7
2021-03-11 22:07:58.0	Ana4 - 4: T.Fortluft	12.7
2021-03-11 22:07:58.0	Ana5 - 5: T.Raum	9999.9
2021-03-11 22:07:58.0	Ana9 - 9: T.Zuluft WRG warm	19.0
2021-03-11 22:08:08.0	Ana1 - 1: T.Au?en	6.7
2021-03-11 22:08:08.0	Ana2 - 2: T.Zuluft	15.1
2021-03-11 22:08:08.0	Ana3 - 3: T.Abluft	19.7
2021-03-11 22:08:08.0	Ana4 - 4: T.Fortluft	12.7
2021-03-11 22:08:08.0	Ana5 - 5: T.Raum	9999.9
2021-03-11 22:08:08.0	Ana9 - 9: T.Zuluft WRG warm	19.0
2021-03-11 22:08:18.0	Ana1 - 1: T.Au?en	6.7
2021-03-11 22:08:18.0	Ana2 - 2: T.Zuluft	15.1
2021-03-11 22:08:18.0	Ana3 - 3: T.Abluft	19.7
2021-03-11 22:08:18.0	Ana4 - 4: T.Fortluft	12.7
2021-03-11 22:08:18.0	Ana5 - 5: T.Raum	9999.9
2021-03-11 22:08:18.0	Ana9 - 9: T.Zuluft WRG warm	19.0
2021-03-11 22:08:28.0	Ana1 - 1: T.Au?en	6.7
2021-03-11 22:08:28.0	Ana2 - 2: T.Zuluft	15.1
2021-03-11 22:08:28.0	Ana3 - 3: T.Abluft	19.7
2021-03-11 22:08:28.0	Ana4 - 4: T.Fortluft	12.7
2021-03-11 22:08:28.0	Ana5 - 5: T.Raum	9999.9
2021-03-11 22:08:28.0	Ana9 - 9: T.Zuluft WRG warm	19.0
2021-03-11 22:08:38.0	Ana1 - 1: T.Au?en	6.7
2021-03-11 22:08:38.0	Ana2 - 2: T.Zuluft	15.1
2021-03-11 22:08:38.0	Ana3 - 3: T.Abluft	19.7
2021-03-11 22:08:38.0	Ana4 - 4: T.Fortluft	12.7
2021-03-11 22:08:38.0	Ana5 - 5: T.Raum	9999.9
2021-03-11 22:08:38.0	Ana9 - 9: T.Zuluft WRG warm	19.0
2021-03-11 22:08:48.0	Ana1 - 1: T.Au?en	6.7
2021-03-11 22:08:48.0	Ana2 - 2: T.Zuluft	15.1
2021-03-11 22:08:48.0	Ana3 - 3: T.Abluft	19.7
2021-03-11 22:08:48.0	Ana4 - 4: T.Fortluft	12.7
2021-03-11 22:08:48.0	Ana5 - 5: T.Raum	9999.9
2021-03-11 22:08:48.0	Ana9 - 9: T.Zuluft WRG warm	19.0
2021-03-11 22:08:58.0	Ana1 - 1: T.Au?en	6.7
2021-03-11 22:08:58.0	Ana2 - 2: T.Zuluft	15.1
2021-03-11 22:08:58.0	Ana3 - 3: T.Abluft	19.7
2021-03-11 22:08:58.0	Ana4 - 4: T.Fortluft	12.7
2021-03-11 22:08:58.0	Ana5 - 5: T.Raum	9999.9
2021-03-11 22:08:58.0	Ana9 - 9: T.Zuluft WRG warm	19.0
2021-03-11 22:09:08.0	Ana1 - 1: T.Au?en	6.7
2021-03-11 22:09:08.0	Ana2 - 2: T.Zuluft	15.1
2021-03-11 22:09:08.0	Ana3 - 3: T.Abluft	19.7
2021-03-11 22:09:08.0	Ana4 - 4: T.Fortluft	12.7
2021-03-11 22:09:08.0	Ana5 - 5: T.Raum	9999.9
2021-03-11 22:09:08.0	Ana9 - 9: T.Zuluft WRG warm	19.0
2021-03-11 22:09:18.0	Ana1 - 1: T.Au?en	6.7
2021-03-11 22:09:18.0	Ana2 - 2: T.Zuluft	15.1
2021-03-11 22:09:18.0	Ana3 - 3: T.Abluft	19.7
2021-03-11 22:09:18.0	Ana4 - 4: T.Fortluft	12.7
2021-03-11 22:09:18.0	Ana5 - 5: T.Raum	9999.9
2021-03-11 22:09:18.0	Ana9 - 9: T.Zuluft WRG warm	19.0
2021-03-11 22:09:28.0	Ana1 - 1: T.Au?en	6.7
2021-03-11 22:09:28.0	Ana2 - 2: T.Zuluft	15.1
2021-03-11 22:09:28.0	Ana3 - 3: T.Abluft	19.7
2021-03-11 22:09:28.0	Ana4 - 4: T.Fortluft	12.7
2021-03-11 22:09:28.0	Ana5 - 5: T.Raum	9999.9
2021-03-11 22:09:28.0	Ana9 - 9: T.Zuluft WRG warm	19.0
2021-03-11 22:09:38.0	Ana1 - 1: T.Au?en	6.7
2021-03-11 22:09:38.0	Ana2 - 2: T.Zuluft	15.1
2021-03-11 22:09:38.0	Ana3 - 3: T.Abluft	19.7
2021-03-11 22:09:38.0	Ana4 - 4: T.Fortluft	12.7
2021-03-11 22:09:38.0	Ana5 - 5: T.Raum	9999.9
2021-03-11 22:09:38.0	Ana9 - 9: T.Zuluft WRG warm	19.0
2021-03-11 22:09:48.0	Ana1 - 1: T.Au?en	6.7
2021-03-11 22:09:48.0	Ana2 - 2: T.Zuluft	15.1
2021-03-11 22:09:48.0	Ana3 - 3: T.Abluft	19.7
2021-03-11 22:09:48.0	Ana4 - 4: T.Fortluft	12.7
2021-03-11 22:09:48.0	Ana5 - 5: T.Raum	9999.9
2021-03-11 22:09:48.0	Ana9 - 9: T.Zuluft WRG warm	19.0
2021-03-11 22:09:58.0	Ana1 - 1: T.Au?en	6.7
2021-03-11 22:09:58.0	Ana2 - 2: T.Zuluft	15.1
2021-03-11 22:09:58.0	Ana3 - 3: T.Abluft	19.7
2021-03-11 22:09:58.0	Ana4 - 4: T.Fortluft	12.7
2021-03-11 22:09:58.0	Ana5 - 5: T.Raum	9999.9
2021-03-11 22:09:58.0	Ana9 - 9: T.Zuluft WRG warm	19.0
2021-03-11 22:10:08.0	Ana1 - 1: T.Au?en	6.7
2021-03-11 22:10:08.0	Ana2 - 2: T.Zuluft	15.1
2021-03-11 22:10:08.0	Ana3 - 3: T.Abluft	19.7
2021-03-11 22:10:08.0	Ana4 - 4: T.Fortluft	12.7
2021-03-11 22:10:08.0	Ana5 - 5: T.Raum	9999.9
2021-03-11 22:10:08.0	Ana9 - 9: T.Zuluft WRG warm	19.0
2021-03-11 22:10:18.0	Ana1 - 1: T.Au?en	6.7
2021-03-11 22:10:18.0	Ana2 - 2: T.Zuluft	15.1
2021-03-11 22:10:18.0	Ana3 - 3: T.Abluft	19.7
2021-03-11 22:10:18.0	Ana4 - 4: T.Fortluft	12.7
2021-03-11 22:10:18.0	Ana5 - 5: T.Raum	9999.9
2021-03-11 22:10:18.0	Ana9 - 9: T.Zuluft WRG warm	19.0
2021-03-11 22:10:28.0	Ana1 - 1: T.Au?en	6.7
2021-03-11 22:10:28.0	Ana2 - 2: T.Zuluft	15.1
2021-03-11 22:10:28.0	Ana3 - 3: T.Abluft	19.7
2021-03-11 22:10:28.0	Ana4 - 4: T.Fortluft	12.7
2021-03-11 22:10:28.0	Ana5 - 5: T.Raum	9999.9
2021-03-11 22:10:28.0	Ana9 - 9: T.Zuluft WRG warm	19.0
2021-03-11 22:10:38.0	Ana1 - 1: T.Au?en	6.7
2021-03-11 22:10:38.0	Ana2 - 2: T.Zuluft	15.1
2021-03-11 22:10:38.0	Ana3 - 3: T.Abluft	19.7
2021-03-11 22:10:38.0	Ana4 - 4: T.Fortluft	12.7
2021-03-11 22:10:38.0	Ana5 - 5: T.Raum	9999.9
2021-03-11 22:10:38.0	Ana9 - 9: T.Zuluft WRG warm	19.0
2021-03-11 22:10:48.0	Ana1 - 1: T.Au?en	6.7
2021-03-11 22:10:48.0	Ana2 - 2: T.Zuluft	15.1
2021-03-11 22:10:48.0	Ana3 - 3: T.Abluft	19.7
2021-03-11 22:10:48.0	Ana4 - 4: T.Fortluft	12.7
2021-03-11 22:10:48.0	Ana5 - 5: T.Raum	9999.9
2021-03-11 22:10:48.0	Ana9 - 9: T.Zuluft WRG warm	19.0
2021-03-11 22:10:58.0	Ana1 - 1: T.Au?en	6.7
2021-03-11 22:10:58.0	Ana2 - 2: T.Zuluft	15.1
2021-03-11 22:10:58.0	Ana3 - 3: T.Abluft	19.7
2021-03-11 22:10:58.0	Ana4 - 4: T.Fortluft	12.7
2021-03-11 22:10:58.0	Ana5 - 5: T.Raum	9999.9
2021-03-11 22:10:58.0	Ana9 - 9: T.Zuluft WRG warm	19.0
2021-03-11 22:11:08.0	Ana1 - 1: T.Au?en	6.7
2021-03-11 22:11:08.0	Ana2 - 2: T.Zuluft	15.1
2021-03-11 22:11:08.0	Ana3 - 3: T.Abluft	19.7
2021-03-11 22:11:08.0	Ana4 - 4: T.Fortluft	12.7
2021-03-11 22:11:08.0	Ana5 - 5: T.Raum	9999.9
2021-03-11 22:11:08.0	Ana9 - 9: T.Zuluft WRG warm	19.0
2021-03-11 22:11:18.0	Ana1 - 1: T.Au?en	6.7
2021-03-11 22:11:18.0	Ana2 - 2: T.Zuluft	15.1
2021-03-11 22:11:18.0	Ana3 - 3: T.Abluft	19.7
2021-03-11 22:11:18.0	Ana4 - 4: T.Fortluft	12.7
2021-03-11 22:11:18.0	Ana5 - 5: T.Raum	9999.9
2021-03-11 22:11:18.0	Ana9 - 9: T.Zuluft WRG warm	19.0
2021-03-11 22:11:28.0	Ana1 - 1: T.Au?en	6.7
2021-03-11 22:11:28.0	Ana2 - 2: T.Zuluft	15.1
2021-03-11 22:11:28.0	Ana3 - 3: T.Abluft	19.7
2021-03-11 22:11:28.0	Ana4 - 4: T.Fortluft	12.7
2021-03-11 22:11:28.0	Ana5 - 5: T.Raum	9999.9
2021-03-11 22:11:28.0	Ana9 - 9: T.Zuluft WRG warm	19.0
2021-03-11 22:11:38.0	Ana1 - 1: T.Au?en	6.7
2021-03-11 22:11:38.0	Ana2 - 2: T.Zuluft	15.1
2021-03-11 22:11:38.0	Ana3 - 3: T.Abluft	19.7
2021-03-11 22:11:38.0	Ana4 - 4: T.Fortluft	12.7
2021-03-11 22:11:38.0	Ana5 - 5: T.Raum	9999.9
2021-03-11 22:11:38.0	Ana9 - 9: T.Zuluft WRG warm	19.0
2021-03-11 22:11:48.0	Ana1 - 1: T.Au?en	6.7
2021-03-11 22:11:48.0	Ana2 - 2: T.Zuluft	15.1
2021-03-11 22:11:48.0	Ana3 - 3: T.Abluft	19.7
2021-03-11 22:11:48.0	Ana4 - 4: T.Fortluft	12.7
2021-03-11 22:11:48.0	Ana5 - 5: T.Raum	9999.9
2021-03-11 22:11:48.0	Ana9 - 9: T.Zuluft WRG warm	19.0
2021-03-11 22:11:58.0	Ana1 - 1: T.Au?en	6.6
2021-03-11 22:11:58.0	Ana2 - 2: T.Zuluft	15.1
2021-03-11 22:11:58.0	Ana3 - 3: T.Abluft	19.7
2021-03-11 22:11:58.0	Ana4 - 4: T.Fortluft	12.7
2021-03-11 22:11:58.0	Ana5 - 5: T.Raum	9999.9
2021-03-11 22:11:58.0	Ana9 - 9: T.Zuluft WRG warm	19.0
2021-03-11 22:12:08.0	Ana1 - 1: T.Au?en	6.6
2021-03-11 22:12:08.0	Ana2 - 2: T.Zuluft	15.1
2021-03-11 22:12:08.0	Ana3 - 3: T.Abluft	19.7
2021-03-11 22:12:08.0	Ana4 - 4: T.Fortluft	12.7
2021-03-11 22:12:08.0	Ana5 - 5: T.Raum	9999.9
2021-03-11 22:12:08.0	Ana9 - 9: T.Zuluft WRG warm	19.0
2021-03-11 22:12:18.0	Ana1 - 1: T.Au?en	6.6
2021-03-11 22:12:18.0	Ana2 - 2: T.Zuluft	15.1
2021-03-11 22:12:18.0	Ana3 - 3: T.Abluft	19.7
2021-03-11 22:12:18.0	Ana4 - 4: T.Fortluft	12.7
2021-03-11 22:12:18.0	Ana5 - 5: T.Raum	9999.9
2021-03-11 22:12:18.0	Ana9 - 9: T.Zuluft WRG warm	19.0
2021-03-11 22:12:28.0	Ana1 - 1: T.Au?en	6.7
2021-03-11 22:12:28.0	Ana2 - 2: T.Zuluft	15.1
2021-03-11 22:12:28.0	Ana3 - 3: T.Abluft	19.7
2021-03-11 22:12:28.0	Ana4 - 4: T.Fortluft	12.7
2021-03-11 22:12:28.0	Ana5 - 5: T.Raum	9999.9
2021-03-11 22:12:28.0	Ana9 - 9: T.Zuluft WRG warm	19.0
2021-03-11 22:12:38.0	Ana1 - 1: T.Au?en	6.7
2021-03-11 22:12:38.0	Ana2 - 2: T.Zuluft	15.1
2021-03-11 22:12:38.0	Ana3 - 3: T.Abluft	19.7
2021-03-11 22:12:38.0	Ana4 - 4: T.Fortluft	12.7
2021-03-11 22:12:38.0	Ana5 - 5: T.Raum	9999.9
2021-03-11 22:12:38.0	Ana9 - 9: T.Zuluft WRG warm	19.0
2021-03-11 22:12:48.0	Ana1 - 1: T.Au?en	6.7
2021-03-11 22:12:48.0	Ana2 - 2: T.Zuluft	15.1
2021-03-11 22:12:48.0	Ana3 - 3: T.Abluft	19.7
2021-03-11 22:12:48.0	Ana4 - 4: T.Fortluft	12.7
2021-03-11 22:12:48.0	Ana5 - 5: T.Raum	9999.9
2021-03-11 22:12:48.0	Ana9 - 9: T.Zuluft WRG warm	19.0
2021-03-11 22:12:58.0	Ana1 - 1: T.Au?en	6.7
2021-03-11 22:12:58.0	Ana2 - 2: T.Zuluft	15.1
2021-03-11 22:12:58.0	Ana3 - 3: T.Abluft	19.7
2021-03-11 22:12:58.0	Ana4 - 4: T.Fortluft	12.7
2021-03-11 22:12:58.0	Ana5 - 5: T.Raum	9999.9
2021-03-11 22:12:58.0	Ana9 - 9: T.Zuluft WRG warm	19.0
2021-03-11 22:13:08.0	Ana1 - 1: T.Au?en	6.7
2021-03-11 22:13:08.0	Ana2 - 2: T.Zuluft	15.1
2021-03-11 22:13:08.0	Ana3 - 3: T.Abluft	19.7
2021-03-11 22:13:08.0	Ana4 - 4: T.Fortluft	12.7
2021-03-11 22:13:08.0	Ana5 - 5: T.Raum	9999.9
2021-03-11 22:13:08.0	Ana9 - 9: T.Zuluft WRG warm	19.0
2021-03-11 22:13:18.0	Ana1 - 1: T.Au?en	6.7
2021-03-11 22:13:18.0	Ana2 - 2: T.Zuluft	15.1
2021-03-11 22:13:18.0	Ana3 - 3: T.Abluft	19.7
2021-03-11 22:13:18.0	Ana4 - 4: T.Fortluft	12.7
2021-03-11 22:13:18.0	Ana5 - 5: T.Raum	9999.9
2021-03-11 22:13:18.0	Ana9 - 9: T.Zuluft WRG warm	19.0
2021-03-11 22:13:28.0	Ana1 - 1: T.Au?en	6.7
2021-03-11 22:13:28.0	Ana2 - 2: T.Zuluft	15.0
2021-03-11 22:13:28.0	Ana3 - 3: T.Abluft	19.7
2021-03-11 22:13:28.0	Ana4 - 4: T.Fortluft	12.7
2021-03-11 22:13:28.0	Ana5 - 5: T.Raum	9999.9
2021-03-11 22:13:28.0	Ana9 - 9: T.Zuluft WRG warm	19.0
2021-03-11 22:13:38.0	Ana1 - 1: T.Au?en	6.7
2021-03-11 22:13:38.0	Ana2 - 2: T.Zuluft	15.1
2021-03-11 22:13:38.0	Ana3 - 3: T.Abluft	19.7
2021-03-11 22:13:38.0	Ana4 - 4: T.Fortluft	12.7
2021-03-11 22:13:38.0	Ana5 - 5: T.Raum	9999.9
2021-03-11 22:13:38.0	Ana9 - 9: T.Zuluft WRG warm	19.0
2021-03-11 22:13:48.0	Ana1 - 1: T.Au?en	6.7
2021-03-11 22:13:48.0	Ana2 - 2: T.Zuluft	15.0
2021-03-11 22:13:48.0	Ana3 - 3: T.Abluft	19.7
2021-03-11 22:13:48.0	Ana4 - 4: T.Fortluft	12.7
2021-03-11 22:13:48.0	Ana5 - 5: T.Raum	9999.9
2021-03-11 22:13:48.0	Ana9 - 9: T.Zuluft WRG warm	19.0
2021-03-11 22:13:58.0	Ana1 - 1: T.Au?en	6.7
2021-03-11 22:13:58.0	Ana2 - 2: T.Zuluft	15.0
2021-03-11 22:13:58.0	Ana3 - 3: T.Abluft	19.7
2021-03-11 22:13:58.0	Ana4 - 4: T.Fortluft	12.7
2021-03-11 22:13:58.0	Ana5 - 5: T.Raum	9999.9
2021-03-11 22:13:58.0	Ana9 - 9: T.Zuluft WRG warm	19.0
2021-03-11 22:14:08.0	Ana1 - 1: T.Au?en	6.7
2021-03-11 22:14:08.0	Ana2 - 2: T.Zuluft	15.1
2021-03-11 22:14:08.0	Ana3 - 3: T.Abluft	19.7
2021-03-11 22:14:08.0	Ana4 - 4: T.Fortluft	12.7
2021-03-11 22:14:08.0	Ana5 - 5: T.Raum	9999.9
2021-03-11 22:14:08.0	Ana9 - 9: T.Zuluft WRG warm	19.0
2021-03-11 22:14:18.0	Ana1 - 1: T.Au?en	6.7
2021-03-11 22:14:18.0	Ana2 - 2: T.Zuluft	15.1
2021-03-11 22:14:18.0	Ana3 - 3: T.Abluft	19.7
2021-03-11 22:14:18.0	Ana4 - 4: T.Fortluft	12.7
2021-03-11 22:14:18.0	Ana5 - 5: T.Raum	9999.9
2021-03-11 22:14:18.0	Ana9 - 9: T.Zuluft WRG warm	19.0
2021-03-11 22:14:28.0	Ana1 - 1: T.Au?en	6.7
2021-03-11 22:14:28.0	Ana2 - 2: T.Zuluft	15.1
2021-03-11 22:14:28.0	Ana3 - 3: T.Abluft	19.7
2021-03-11 22:14:28.0	Ana4 - 4: T.Fortluft	12.7
2021-03-11 22:14:28.0	Ana5 - 5: T.Raum	9999.9
2021-03-11 22:14:28.0	Ana9 - 9: T.Zuluft WRG warm	19.0
2021-03-11 22:14:38.0	Ana1 - 1: T.Au?en	6.7
2021-03-11 22:14:38.0	Ana2 - 2: T.Zuluft	15.1
2021-03-11 22:14:38.0	Ana3 - 3: T.Abluft	19.7
2021-03-11 22:14:38.0	Ana4 - 4: T.Fortluft	12.6
2021-03-11 22:14:38.0	Ana5 - 5: T.Raum	9999.9
2021-03-11 22:14:38.0	Ana9 - 9: T.Zuluft WRG warm	19.0
2021-03-11 22:14:48.0	Ana1 - 1: T.Au?en	6.7
2021-03-11 22:14:48.0	Ana2 - 2: T.Zuluft	15.1
2021-03-11 22:14:48.0	Ana3 - 3: T.Abluft	19.7
2021-03-11 22:14:48.0	Ana4 - 4: T.Fortluft	12.6
2021-03-11 22:14:48.0	Ana5 - 5: T.Raum	9999.9
2021-03-11 22:14:48.0	Ana9 - 9: T.Zuluft WRG warm	19.0
2021-03-11 22:14:58.0	Ana1 - 1: T.Au?en	6.7
2021-03-11 22:14:58.0	Ana2 - 2: T.Zuluft	15.0
2021-03-11 22:14:58.0	Ana3 - 3: T.Abluft	19.7
2021-03-11 22:14:58.0	Ana4 - 4: T.Fortluft	12.7
2021-03-11 22:14:58.0	Ana5 - 5: T.Raum	9999.9
2021-03-11 22:14:58.0	Ana9 - 9: T.Zuluft WRG warm	19.0
2021-03-11 22:15:08.0	Ana1 - 1: T.Au?en	6.7
2021-03-11 22:15:08.0	Ana2 - 2: T.Zuluft	15.0
2021-03-11 22:15:08.0	Ana3 - 3: T.Abluft	19.7
2021-03-11 22:15:08.0	Ana4 - 4: T.Fortluft	12.6
2021-03-11 22:15:08.0	Ana5 - 5: T.Raum	9999.9
2021-03-11 22:15:08.0	Ana9 - 9: T.Zuluft WRG warm	19.0
2021-03-11 22:15:18.0	Ana1 - 1: T.Au?en	6.7
2021-03-11 22:15:18.0	Ana2 - 2: T.Zuluft	15.0
2021-03-11 22:15:18.0	Ana3 - 3: T.Abluft	19.7
2021-03-11 22:15:18.0	Ana4 - 4: T.Fortluft	12.6
2021-03-11 22:15:18.0	Ana5 - 5: T.Raum	9999.9
2021-03-11 22:15:18.0	Ana9 - 9: T.Zuluft WRG warm	19.0
2021-03-11 22:15:28.0	Ana1 - 1: T.Au?en	6.7
2021-03-11 22:15:28.0	Ana2 - 2: T.Zuluft	15.1
2021-03-11 22:15:28.0	Ana3 - 3: T.Abluft	19.7
2021-03-11 22:15:28.0	Ana4 - 4: T.Fortluft	12.6
2021-03-11 22:15:28.0	Ana5 - 5: T.Raum	9999.9
2021-03-11 22:15:28.0	Ana9 - 9: T.Zuluft WRG warm	19.0
2021-03-11 22:15:38.0	Ana1 - 1: T.Au?en	6.7
2021-03-11 22:15:38.0	Ana2 - 2: T.Zuluft	15.1
2021-03-11 22:15:38.0	Ana3 - 3: T.Abluft	19.7
2021-03-11 22:15:38.0	Ana4 - 4: T.Fortluft	12.6
2021-03-11 22:15:38.0	Ana5 - 5: T.Raum	9999.9
2021-03-11 22:15:38.0	Ana9 - 9: T.Zuluft WRG warm	19.0
2021-03-11 22:15:48.0	Ana1 - 1: T.Au?en	6.7
2021-03-11 22:15:48.0	Ana2 - 2: T.Zuluft	15.0
2021-03-11 22:15:48.0	Ana3 - 3: T.Abluft	19.7
2021-03-11 22:15:48.0	Ana4 - 4: T.Fortluft	12.6
2021-03-11 22:15:48.0	Ana5 - 5: T.Raum	9999.9
2021-03-11 22:15:48.0	Ana9 - 9: T.Zuluft WRG warm	19.0
2021-03-11 22:15:58.0	Ana1 - 1: T.Au?en	6.7
2021-03-11 22:15:58.0	Ana2 - 2: T.Zuluft	15.0
2021-03-11 22:15:58.0	Ana3 - 3: T.Abluft	19.7
2021-03-11 22:15:58.0	Ana4 - 4: T.Fortluft	12.6
2021-03-11 22:15:58.0	Ana5 - 5: T.Raum	9999.9
2021-03-11 22:15:58.0	Ana9 - 9: T.Zuluft WRG warm	19.0
2021-03-11 22:16:08.0	Ana1 - 1: T.Au?en	6.7
2021-03-11 22:16:08.0	Ana2 - 2: T.Zuluft	15.0
2021-03-11 22:16:08.0	Ana3 - 3: T.Abluft	19.7
2021-03-11 22:16:08.0	Ana4 - 4: T.Fortluft	12.6
2021-03-11 22:16:08.0	Ana5 - 5: T.Raum	9999.9
2021-03-11 22:16:08.0	Ana9 - 9: T.Zuluft WRG warm	19.0
2021-03-11 22:16:18.0	Ana1 - 1: T.Au?en	6.7
2021-03-11 22:16:18.0	Ana2 - 2: T.Zuluft	15.0
2021-03-11 22:16:18.0	Ana3 - 3: T.Abluft	19.7
2021-03-11 22:16:18.0	Ana4 - 4: T.Fortluft	12.6
2021-03-11 22:16:18.0	Ana5 - 5: T.Raum	9999.9
2021-03-11 22:16:18.0	Ana9 - 9: T.Zuluft WRG warm	19.0
2021-03-11 22:16:28.0	Ana1 - 1: T.Au?en	6.7
2021-03-11 22:16:28.0	Ana2 - 2: T.Zuluft	15.0
2021-03-11 22:16:28.0	Ana3 - 3: T.Abluft	19.7
2021-03-11 22:16:28.0	Ana4 - 4: T.Fortluft	12.6
2021-03-11 22:16:28.0	Ana5 - 5: T.Raum	9999.9
2021-03-11 22:16:28.0	Ana9 - 9: T.Zuluft WRG warm	19.0
2021-03-11 22:16:38.0	Ana1 - 1: T.Au?en	6.6
2021-03-11 22:16:38.0	Ana2 - 2: T.Zuluft	15.0
2021-03-11 22:16:38.0	Ana3 - 3: T.Abluft	19.7
2021-03-11 22:16:38.0	Ana4 - 4: T.Fortluft	12.6
2021-03-11 22:16:38.0	Ana5 - 5: T.Raum	9999.9
2021-03-11 22:16:38.0	Ana9 - 9: T.Zuluft WRG warm	19.0
2021-03-11 22:16:48.0	Ana1 - 1: T.Au?en	6.6
2021-03-11 22:16:48.0	Ana2 - 2: T.Zuluft	15.0
2021-03-11 22:16:48.0	Ana3 - 3: T.Abluft	19.7
2021-03-11 22:16:48.0	Ana4 - 4: T.Fortluft	12.6
2021-03-11 22:16:48.0	Ana5 - 5: T.Raum	9999.9
2021-03-11 22:16:48.0	Ana9 - 9: T.Zuluft WRG warm	19.0
2021-03-11 22:16:58.0	Ana1 - 1: T.Au?en	6.6
2021-03-11 22:16:58.0	Ana2 - 2: T.Zuluft	15.0
2021-03-11 22:16:58.0	Ana3 - 3: T.Abluft	19.7
2021-03-11 22:16:58.0	Ana4 - 4: T.Fortluft	12.6
2021-03-11 22:16:58.0	Ana5 - 5: T.Raum	9999.9
2021-03-11 22:16:58.0	Ana9 - 9: T.Zuluft WRG warm	19.0
2021-03-11 22:17:08.0	Ana1 - 1: T.Au?en	6.6
2021-03-11 22:17:08.0	Ana2 - 2: T.Zuluft	15.0
2021-03-11 22:17:08.0	Ana3 - 3: T.Abluft	19.7
2021-03-11 22:17:08.0	Ana4 - 4: T.Fortluft	12.6
2021-03-11 22:17:08.0	Ana5 - 5: T.Raum	9999.9
2021-03-11 22:17:08.0	Ana9 - 9: T.Zuluft WRG warm	19.0
2021-03-11 22:17:18.0	Ana1 - 1: T.Au?en	6.6
2021-03-11 22:17:18.0	Ana2 - 2: T.Zuluft	15.0
2021-03-11 22:17:18.0	Ana3 - 3: T.Abluft	19.7
2021-03-11 22:17:18.0	Ana4 - 4: T.Fortluft	12.6
2021-03-11 22:17:18.0	Ana5 - 5: T.Raum	9999.9
2021-03-11 22:17:18.0	Ana9 - 9: T.Zuluft WRG warm	19.0
2021-03-11 22:17:28.0	Ana1 - 1: T.Au?en	6.6
2021-03-11 22:17:28.0	Ana2 - 2: T.Zuluft	15.0
2021-03-11 22:17:28.0	Ana3 - 3: T.Abluft	19.7
2021-03-11 22:17:28.0	Ana4 - 4: T.Fortluft	12.6
2021-03-11 22:17:28.0	Ana5 - 5: T.Raum	9999.9
2021-03-11 22:17:28.0	Ana9 - 9: T.Zuluft WRG warm	19.0
2021-03-11 22:17:38.0	Ana1 - 1: T.Au?en	6.6
2021-03-11 22:17:38.0	Ana2 - 2: T.Zuluft	15.0
2021-03-11 22:17:38.0	Ana3 - 3: T.Abluft	19.7
2021-03-11 22:17:38.0	Ana4 - 4: T.Fortluft	12.6
2021-03-11 22:17:38.0	Ana5 - 5: T.Raum	9999.9
2021-03-11 22:17:38.0	Ana9 - 9: T.Zuluft WRG warm	19.0
2021-03-11 22:17:48.0	Ana1 - 1: T.Au?en	6.6
2021-03-11 22:17:48.0	Ana2 - 2: T.Zuluft	15.0
2021-03-11 22:17:48.0	Ana3 - 3: T.Abluft	19.7
2021-03-11 22:17:48.0	Ana4 - 4: T.Fortluft	12.6
2021-03-11 22:17:48.0	Ana5 - 5: T.Raum	9999.9
2021-03-11 22:17:48.0	Ana9 - 9: T.Zuluft WRG warm	19.0
2021-03-11 22:17:58.0	Ana1 - 1: T.Au?en	6.6
2021-03-11 22:17:58.0	Ana2 - 2: T.Zuluft	15.0
2021-03-11 22:17:58.0	Ana3 - 3: T.Abluft	19.7
2021-03-11 22:17:58.0	Ana4 - 4: T.Fortluft	12.6
2021-03-11 22:17:58.0	Ana5 - 5: T.Raum	9999.9
2021-03-11 22:17:58.0	Ana9 - 9: T.Zuluft WRG warm	19.0
2021-03-11 22:18:08.0	Ana1 - 1: T.Au?en	6.6
2021-03-11 22:18:08.0	Ana2 - 2: T.Zuluft	15.0
2021-03-11 22:18:08.0	Ana3 - 3: T.Abluft	19.7
2021-03-11 22:18:08.0	Ana4 - 4: T.Fortluft	12.6
2021-03-11 22:18:08.0	Ana5 - 5: T.Raum	9999.9
2021-03-11 22:18:08.0	Ana9 - 9: T.Zuluft WRG warm	19.0
2021-03-11 22:18:18.0	Ana1 - 1: T.Au?en	6.6
2021-03-11 22:18:18.0	Ana2 - 2: T.Zuluft	15.0
2021-03-11 22:18:18.0	Ana3 - 3: T.Abluft	19.7
2021-03-11 22:18:18.0	Ana4 - 4: T.Fortluft	12.6
2021-03-11 22:18:18.0	Ana5 - 5: T.Raum	9999.9
2021-03-11 22:18:18.0	Ana9 - 9: T.Zuluft WRG warm	19.0
2021-03-11 22:18:28.0	Ana1 - 1: T.Au?en	6.6
2021-03-11 22:18:28.0	Ana2 - 2: T.Zuluft	15.0
2021-03-11 22:18:28.0	Ana3 - 3: T.Abluft	19.7
2021-03-11 22:18:28.0	Ana4 - 4: T.Fortluft	12.6
2021-03-11 22:18:28.0	Ana5 - 5: T.Raum	9999.9
2021-03-11 22:18:28.0	Ana9 - 9: T.Zuluft WRG warm	19.0
2021-03-11 22:18:38.0	Ana1 - 1: T.Au?en	6.6
2021-03-11 22:18:38.0	Ana2 - 2: T.Zuluft	15.0
2021-03-11 22:18:38.0	Ana3 - 3: T.Abluft	19.7
2021-03-11 22:18:38.0	Ana4 - 4: T.Fortluft	12.6
2021-03-11 22:18:38.0	Ana5 - 5: T.Raum	9999.9
2021-03-11 22:18:38.0	Ana9 - 9: T.Zuluft WRG warm	19.0
2021-03-11 22:18:48.0	Ana1 - 1: T.Au?en	6.6
2021-03-11 22:18:48.0	Ana2 - 2: T.Zuluft	15.0
2021-03-11 22:18:48.0	Ana3 - 3: T.Abluft	19.7
2021-03-11 22:18:48.0	Ana4 - 4: T.Fortluft	12.6
2021-03-11 22:18:48.0	Ana5 - 5: T.Raum	9999.9
2021-03-11 22:18:48.0	Ana9 - 9: T.Zuluft WRG warm	19.0
2021-03-11 22:18:58.0	Ana1 - 1: T.Au?en	6.6
2021-03-11 22:18:58.0	Ana2 - 2: T.Zuluft	15.0
2021-03-11 22:18:58.0	Ana3 - 3: T.Abluft	19.7
2021-03-11 22:18:58.0	Ana4 - 4: T.Fortluft	12.6
2021-03-11 22:18:58.0	Ana5 - 5: T.Raum	9999.9
2021-03-11 22:18:58.0	Ana9 - 9: T.Zuluft WRG warm	19.0
2021-03-11 22:19:08.0	Ana1 - 1: T.Au?en	6.6
2021-03-11 22:19:08.0	Ana2 - 2: T.Zuluft	15.0
2021-03-11 22:19:08.0	Ana3 - 3: T.Abluft	19.7
2021-03-11 22:19:08.0	Ana4 - 4: T.Fortluft	12.6
2021-03-11 22:19:08.0	Ana5 - 5: T.Raum	9999.9
2021-03-11 22:19:08.0	Ana9 - 9: T.Zuluft WRG warm	19.0
2021-03-11 22:19:18.0	Ana1 - 1: T.Au?en	6.6
2021-03-11 22:19:18.0	Ana2 - 2: T.Zuluft	15.0
2021-03-11 22:19:18.0	Ana3 - 3: T.Abluft	19.7
2021-03-11 22:19:18.0	Ana4 - 4: T.Fortluft	12.6
2021-03-11 22:19:18.0	Ana5 - 5: T.Raum	9999.9
2021-03-11 22:19:18.0	Ana9 - 9: T.Zuluft WRG warm	19.0
2021-03-11 22:19:28.0	Ana1 - 1: T.Au?en	6.5
2021-03-11 22:19:28.0	Ana2 - 2: T.Zuluft	15.0
2021-03-11 22:19:28.0	Ana3 - 3: T.Abluft	19.7
2021-03-11 22:19:28.0	Ana4 - 4: T.Fortluft	12.6
2021-03-11 22:19:28.0	Ana5 - 5: T.Raum	9999.9
2021-03-11 22:19:28.0	Ana9 - 9: T.Zuluft WRG warm	19.0
2021-03-11 22:19:38.0	Ana1 - 1: T.Au?en	6.5
2021-03-11 22:19:38.0	Ana2 - 2: T.Zuluft	15.0
2021-03-11 22:19:38.0	Ana3 - 3: T.Abluft	19.7
2021-03-11 22:19:38.0	Ana4 - 4: T.Fortluft	12.6
2021-03-11 22:19:38.0	Ana5 - 5: T.Raum	9999.9
2021-03-11 22:19:38.0	Ana9 - 9: T.Zuluft WRG warm	19.0
2021-03-11 22:19:48.0	Ana1 - 1: T.Au?en	6.5
2021-03-11 22:19:48.0	Ana2 - 2: T.Zuluft	15.0
2021-03-11 22:19:48.0	Ana3 - 3: T.Abluft	19.7
2021-03-11 22:19:48.0	Ana4 - 4: T.Fortluft	12.6
2021-03-11 22:19:48.0	Ana5 - 5: T.Raum	9999.9
2021-03-11 22:19:48.0	Ana9 - 9: T.Zuluft WRG warm	19.0
2021-03-11 22:19:58.0	Ana1 - 1: T.Au?en	6.5
2021-03-11 22:19:58.0	Ana2 - 2: T.Zuluft	15.0
2021-03-11 22:19:58.0	Ana3 - 3: T.Abluft	19.7
2021-03-11 22:19:58.0	Ana4 - 4: T.Fortluft	12.6
2021-03-11 22:19:58.0	Ana5 - 5: T.Raum	9999.9
2021-03-11 22:19:58.0	Ana9 - 9: T.Zuluft WRG warm	19.0
2021-03-11 22:20:08.0	Ana1 - 1: T.Au?en	6.5
2021-03-11 22:20:08.0	Ana2 - 2: T.Zuluft	15.0
2021-03-11 22:20:08.0	Ana3 - 3: T.Abluft	19.7
2021-03-11 22:20:08.0	Ana4 - 4: T.Fortluft	12.6
2021-03-11 22:20:08.0	Ana5 - 5: T.Raum	9999.9
2021-03-11 22:20:08.0	Ana9 - 9: T.Zuluft WRG warm	19.0
2021-03-11 22:20:18.0	Ana1 - 1: T.Au?en	6.5
2021-03-11 22:20:18.0	Ana2 - 2: T.Zuluft	15.0
2021-03-11 22:20:18.0	Ana3 - 3: T.Abluft	19.7
2021-03-11 22:20:18.0	Ana4 - 4: T.Fortluft	12.6
2021-03-11 22:20:18.0	Ana5 - 5: T.Raum	9999.9
2021-03-11 22:20:18.0	Ana9 - 9: T.Zuluft WRG warm	19.0
2021-03-11 22:20:28.0	Ana1 - 1: T.Au?en	6.5
2021-03-11 22:20:28.0	Ana2 - 2: T.Zuluft	15.0
2021-03-11 22:20:28.0	Ana3 - 3: T.Abluft	19.7
2021-03-11 22:20:28.0	Ana4 - 4: T.Fortluft	12.6
2021-03-11 22:20:28.0	Ana5 - 5: T.Raum	9999.9
2021-03-11 22:20:28.0	Ana9 - 9: T.Zuluft WRG warm	19.0
2021-03-11 22:20:38.0	Ana1 - 1: T.Au?en	6.5
2021-03-11 22:20:38.0	Ana2 - 2: T.Zuluft	15.0
2021-03-11 22:20:38.0	Ana3 - 3: T.Abluft	19.7
2021-03-11 22:20:38.0	Ana4 - 4: T.Fortluft	12.6
2021-03-11 22:20:38.0	Ana5 - 5: T.Raum	9999.9
2021-03-11 22:20:38.0	Ana9 - 9: T.Zuluft WRG warm	19.0
2021-03-11 22:20:48.0	Ana1 - 1: T.Au?en	6.5
2021-03-11 22:20:48.0	Ana2 - 2: T.Zuluft	15.0
2021-03-11 22:20:48.0	Ana3 - 3: T.Abluft	19.7
2021-03-11 22:20:48.0	Ana4 - 4: T.Fortluft	12.6
2021-03-11 22:20:48.0	Ana5 - 5: T.Raum	9999.9
2021-03-11 22:20:48.0	Ana9 - 9: T.Zuluft WRG warm	19.0
2021-03-11 22:20:58.0	Ana1 - 1: T.Au?en	6.5
2021-03-11 22:20:58.0	Ana2 - 2: T.Zuluft	15.0
2021-03-11 22:20:58.0	Ana3 - 3: T.Abluft	19.7
2021-03-11 22:20:58.0	Ana4 - 4: T.Fortluft	12.6
2021-03-11 22:20:58.0	Ana5 - 5: T.Raum	9999.9
2021-03-11 22:20:58.0	Ana9 - 9: T.Zuluft WRG warm	19.0
2021-03-11 22:21:08.0	Ana1 - 1: T.Au?en	6.5
2021-03-11 22:21:08.0	Ana2 - 2: T.Zuluft	15.0
2021-03-11 22:21:08.0	Ana3 - 3: T.Abluft	19.7
2021-03-11 22:21:08.0	Ana4 - 4: T.Fortluft	12.6
2021-03-11 22:21:08.0	Ana5 - 5: T.Raum	9999.9
2021-03-11 22:21:08.0	Ana9 - 9: T.Zuluft WRG warm	19.0
2021-03-11 22:21:18.0	Ana1 - 1: T.Au?en	6.5
2021-03-11 22:21:18.0	Ana2 - 2: T.Zuluft	15.0
2021-03-11 22:21:18.0	Ana3 - 3: T.Abluft	19.7
2021-03-11 22:21:18.0	Ana4 - 4: T.Fortluft	12.6
2021-03-11 22:21:18.0	Ana5 - 5: T.Raum	9999.9
2021-03-11 22:21:18.0	Ana9 - 9: T.Zuluft WRG warm	19.0
2021-03-11 22:21:28.0	Ana1 - 1: T.Au?en	6.5
2021-03-11 22:21:28.0	Ana2 - 2: T.Zuluft	15.0
2021-03-11 22:21:28.0	Ana3 - 3: T.Abluft	19.7
2021-03-11 22:21:28.0	Ana4 - 4: T.Fortluft	12.6
2021-03-11 22:21:28.0	Ana5 - 5: T.Raum	9999.9
2021-03-11 22:21:28.0	Ana9 - 9: T.Zuluft WRG warm	19.0
2021-03-11 22:21:38.0	Ana1 - 1: T.Au?en	6.5
2021-03-11 22:21:38.0	Ana2 - 2: T.Zuluft	15.0
2021-03-11 22:21:38.0	Ana3 - 3: T.Abluft	19.7
2021-03-11 22:21:38.0	Ana4 - 4: T.Fortluft	12.6
2021-03-11 22:21:38.0	Ana5 - 5: T.Raum	9999.9
2021-03-11 22:21:38.0	Ana9 - 9: T.Zuluft WRG warm	19.0
2021-03-11 22:21:48.0	Ana1 - 1: T.Au?en	6.5
2021-03-11 22:21:48.0	Ana2 - 2: T.Zuluft	15.0
2021-03-11 22:21:48.0	Ana3 - 3: T.Abluft	19.7
2021-03-11 22:21:48.0	Ana4 - 4: T.Fortluft	12.6
2021-03-11 22:21:48.0	Ana5 - 5: T.Raum	9999.9
2021-03-11 22:21:48.0	Ana9 - 9: T.Zuluft WRG warm	19.0
2021-03-11 22:21:58.0	Ana1 - 1: T.Au?en	6.5
2021-03-11 22:21:58.0	Ana2 - 2: T.Zuluft	15.0
2021-03-11 22:21:58.0	Ana3 - 3: T.Abluft	19.7
2021-03-11 22:21:58.0	Ana4 - 4: T.Fortluft	12.6
2021-03-11 22:21:58.0	Ana5 - 5: T.Raum	9999.9
2021-03-11 22:21:58.0	Ana9 - 9: T.Zuluft WRG warm	19.0
2021-03-11 22:22:08.0	Ana1 - 1: T.Au?en	6.5
2021-03-11 22:22:08.0	Ana2 - 2: T.Zuluft	15.0
2021-03-11 22:22:08.0	Ana3 - 3: T.Abluft	19.7
2021-03-11 22:22:08.0	Ana4 - 4: T.Fortluft	12.6
2021-03-11 22:22:08.0	Ana5 - 5: T.Raum	9999.9
2021-03-11 22:22:08.0	Ana9 - 9: T.Zuluft WRG warm	19.0
2021-03-11 22:22:18.0	Ana1 - 1: T.Au?en	6.5
2021-03-11 22:22:18.0	Ana2 - 2: T.Zuluft	15.0
2021-03-11 22:22:18.0	Ana3 - 3: T.Abluft	19.7
2021-03-11 22:22:18.0	Ana4 - 4: T.Fortluft	12.6
2021-03-11 22:22:18.0	Ana5 - 5: T.Raum	9999.9
2021-03-11 22:22:18.0	Ana9 - 9: T.Zuluft WRG warm	19.0
2021-03-11 22:22:28.0	Ana1 - 1: T.Au?en	6.5
2021-03-11 22:22:28.0	Ana2 - 2: T.Zuluft	15.0
2021-03-11 22:22:28.0	Ana3 - 3: T.Abluft	19.7
2021-03-11 22:22:28.0	Ana4 - 4: T.Fortluft	12.6
2021-03-11 22:22:28.0	Ana5 - 5: T.Raum	9999.9
2021-03-11 22:22:28.0	Ana9 - 9: T.Zuluft WRG warm	19.0
2021-03-11 22:22:38.0	Ana1 - 1: T.Au?en	6.5
2021-03-11 22:22:38.0	Ana2 - 2: T.Zuluft	15.0
2021-03-11 22:22:38.0	Ana3 - 3: T.Abluft	19.7
2021-03-11 22:22:38.0	Ana4 - 4: T.Fortluft	12.6
2021-03-11 22:22:38.0	Ana5 - 5: T.Raum	9999.9
2021-03-11 22:22:38.0	Ana9 - 9: T.Zuluft WRG warm	19.0
2021-03-11 22:22:48.0	Ana1 - 1: T.Au?en	6.5
2021-03-11 22:22:48.0	Ana2 - 2: T.Zuluft	15.0
2021-03-11 22:22:48.0	Ana3 - 3: T.Abluft	19.7
2021-03-11 22:22:48.0	Ana4 - 4: T.Fortluft	12.6
2021-03-11 22:22:48.0	Ana5 - 5: T.Raum	9999.9
2021-03-11 22:22:48.0	Ana9 - 9: T.Zuluft WRG warm	19.0
2021-03-11 22:22:58.0	Ana1 - 1: T.Au?en	6.5
2021-03-11 22:22:58.0	Ana2 - 2: T.Zuluft	15.0
2021-03-11 22:22:58.0	Ana3 - 3: T.Abluft	19.7
2021-03-11 22:22:58.0	Ana4 - 4: T.Fortluft	12.6
2021-03-11 22:22:58.0	Ana5 - 5: T.Raum	9999.9
2021-03-11 22:22:58.0	Ana9 - 9: T.Zuluft WRG warm	19.0
2021-03-11 22:23:08.0	Ana1 - 1: T.Au?en	6.4
2021-03-11 22:23:08.0	Ana2 - 2: T.Zuluft	15.0
2021-03-11 22:23:08.0	Ana3 - 3: T.Abluft	19.7
2021-03-11 22:23:08.0	Ana4 - 4: T.Fortluft	12.6
2021-03-11 22:23:08.0	Ana5 - 5: T.Raum	9999.9
2021-03-11 22:23:08.0	Ana9 - 9: T.Zuluft WRG warm	19.0
2021-03-11 22:23:18.0	Ana1 - 1: T.Au?en	6.4
2021-03-11 22:23:18.0	Ana2 - 2: T.Zuluft	15.0
2021-03-11 22:23:18.0	Ana3 - 3: T.Abluft	19.7
2021-03-11 22:23:18.0	Ana4 - 4: T.Fortluft	12.6
2021-03-11 22:23:18.0	Ana5 - 5: T.Raum	9999.9
2021-03-11 22:23:18.0	Ana9 - 9: T.Zuluft WRG warm	19.0
2021-03-11 22:23:28.0	Ana1 - 1: T.Au?en	6.4
2021-03-11 22:23:28.0	Ana2 - 2: T.Zuluft	15.0
2021-03-11 22:23:28.0	Ana3 - 3: T.Abluft	19.7
2021-03-11 22:23:28.0	Ana4 - 4: T.Fortluft	12.6
2021-03-11 22:23:28.0	Ana5 - 5: T.Raum	9999.9
2021-03-11 22:23:28.0	Ana9 - 9: T.Zuluft WRG warm	19.0
2021-03-11 22:23:38.0	Ana1 - 1: T.Au?en	6.4
2021-03-11 22:23:38.0	Ana2 - 2: T.Zuluft	15.0
2021-03-11 22:23:38.0	Ana3 - 3: T.Abluft	19.7
2021-03-11 22:23:38.0	Ana4 - 4: T.Fortluft	12.6
2021-03-11 22:23:38.0	Ana5 - 5: T.Raum	9999.9
2021-03-11 22:23:38.0	Ana9 - 9: T.Zuluft WRG warm	19.0
2021-03-11 22:23:48.0	Ana1 - 1: T.Au?en	6.4
2021-03-11 22:23:48.0	Ana2 - 2: T.Zuluft	15.0
2021-03-11 22:23:48.0	Ana3 - 3: T.Abluft	19.7
2021-03-11 22:23:48.0	Ana4 - 4: T.Fortluft	12.6
2021-03-11 22:23:48.0	Ana5 - 5: T.Raum	9999.9
2021-03-11 22:23:48.0	Ana9 - 9: T.Zuluft WRG warm	19.0
2021-03-11 22:23:58.0	Ana1 - 1: T.Au?en	6.4
2021-03-11 22:23:58.0	Ana2 - 2: T.Zuluft	15.0
2021-03-11 22:23:58.0	Ana3 - 3: T.Abluft	19.7
2021-03-11 22:23:58.0	Ana4 - 4: T.Fortluft	12.6
2021-03-11 22:23:58.0	Ana5 - 5: T.Raum	9999.9
2021-03-11 22:23:58.0	Ana9 - 9: T.Zuluft WRG warm	19.0
2021-03-11 22:24:08.0	Ana1 - 1: T.Au?en	6.4
2021-03-11 22:24:08.0	Ana2 - 2: T.Zuluft	15.0
2021-03-11 22:24:08.0	Ana3 - 3: T.Abluft	19.7
2021-03-11 22:24:08.0	Ana4 - 4: T.Fortluft	12.6
2021-03-11 22:24:08.0	Ana5 - 5: T.Raum	9999.9
2021-03-11 22:24:08.0	Ana9 - 9: T.Zuluft WRG warm	19.0
2021-03-11 22:24:18.0	Ana1 - 1: T.Au?en	6.4
2021-03-11 22:24:18.0	Ana2 - 2: T.Zuluft	15.0
2021-03-11 22:24:18.0	Ana3 - 3: T.Abluft	19.7
2021-03-11 22:24:18.0	Ana4 - 4: T.Fortluft	12.6
2021-03-11 22:24:18.0	Ana5 - 5: T.Raum	9999.9
2021-03-11 22:24:18.0	Ana9 - 9: T.Zuluft WRG warm	19.0
2021-03-11 22:24:28.0	Ana1 - 1: T.Au?en	6.4
2021-03-11 22:24:28.0	Ana2 - 2: T.Zuluft	15.0
2021-03-11 22:24:28.0	Ana3 - 3: T.Abluft	19.7
2021-03-11 22:24:28.0	Ana4 - 4: T.Fortluft	12.6
2021-03-11 22:24:28.0	Ana5 - 5: T.Raum	9999.9
2021-03-11 22:24:28.0	Ana9 - 9: T.Zuluft WRG warm	19.0
2021-03-11 22:24:38.0	Ana1 - 1: T.Au?en	6.4
2021-03-11 22:24:38.0	Ana2 - 2: T.Zuluft	15.0
2021-03-11 22:24:38.0	Ana3 - 3: T.Abluft	19.7
2021-03-11 22:24:38.0	Ana4 - 4: T.Fortluft	12.6
2021-03-11 22:24:38.0	Ana5 - 5: T.Raum	9999.9
2021-03-11 22:24:38.0	Ana9 - 9: T.Zuluft WRG warm	19.0
2021-03-11 22:24:48.0	Ana1 - 1: T.Au?en	6.4
2021-03-11 22:24:48.0	Ana2 - 2: T.Zuluft	14.9
2021-03-11 22:24:48.0	Ana3 - 3: T.Abluft	19.7
2021-03-11 22:24:48.0	Ana4 - 4: T.Fortluft	12.6
2021-03-11 22:24:48.0	Ana5 - 5: T.Raum	9999.9
2021-03-11 22:24:48.0	Ana9 - 9: T.Zuluft WRG warm	18.9
2021-03-11 22:24:58.0	Ana1 - 1: T.Au?en	6.4
2021-03-11 22:24:58.0	Ana2 - 2: T.Zuluft	14.9
2021-03-11 22:24:58.0	Ana3 - 3: T.Abluft	19.7
2021-03-11 22:24:58.0	Ana4 - 4: T.Fortluft	12.6
2021-03-11 22:24:58.0	Ana5 - 5: T.Raum	9999.9
2021-03-11 22:24:58.0	Ana9 - 9: T.Zuluft WRG warm	19.0
2021-03-11 22:25:08.0	Ana1 - 1: T.Au?en	6.4
2021-03-11 22:25:08.0	Ana2 - 2: T.Zuluft	15.0
2021-03-11 22:25:08.0	Ana3 - 3: T.Abluft	19.7
2021-03-11 22:25:08.0	Ana4 - 4: T.Fortluft	12.6
2021-03-11 22:25:08.0	Ana5 - 5: T.Raum	9999.9
2021-03-11 22:25:08.0	Ana9 - 9: T.Zuluft WRG warm	19.0
2021-03-11 22:25:18.0	Ana1 - 1: T.Au?en	6.4
2021-03-11 22:25:18.0	Ana2 - 2: T.Zuluft	15.0
2021-03-11 22:25:18.0	Ana3 - 3: T.Abluft	19.7
2021-03-11 22:25:18.0	Ana4 - 4: T.Fortluft	12.6
2021-03-11 22:25:18.0	Ana5 - 5: T.Raum	9999.9
2021-03-11 22:25:18.0	Ana9 - 9: T.Zuluft WRG warm	18.9
2021-03-11 22:25:28.0	Ana1 - 1: T.Au?en	6.4
2021-03-11 22:25:28.0	Ana2 - 2: T.Zuluft	14.9
2021-03-11 22:25:28.0	Ana3 - 3: T.Abluft	19.7
2021-03-11 22:25:28.0	Ana4 - 4: T.Fortluft	12.6
2021-03-11 22:25:28.0	Ana5 - 5: T.Raum	9999.9
2021-03-11 22:25:28.0	Ana9 - 9: T.Zuluft WRG warm	18.9
2021-03-11 22:25:38.0	Ana1 - 1: T.Au?en	6.4
2021-03-11 22:25:38.0	Ana2 - 2: T.Zuluft	14.9
2021-03-11 22:25:38.0	Ana3 - 3: T.Abluft	19.7
2021-03-11 22:25:38.0	Ana4 - 4: T.Fortluft	12.5
2021-03-11 22:25:38.0	Ana5 - 5: T.Raum	9999.9
2021-03-11 22:25:38.0	Ana9 - 9: T.Zuluft WRG warm	18.9
2021-03-11 22:25:48.0	Ana1 - 1: T.Au?en	6.4
2021-03-11 22:25:48.0	Ana2 - 2: T.Zuluft	14.9
2021-03-11 22:25:48.0	Ana3 - 3: T.Abluft	19.7
2021-03-11 22:25:48.0	Ana4 - 4: T.Fortluft	12.5
2021-03-11 22:25:48.0	Ana5 - 5: T.Raum	9999.9
2021-03-11 22:25:48.0	Ana9 - 9: T.Zuluft WRG warm	18.9
2021-03-11 22:25:58.0	Ana1 - 1: T.Au?en	6.4
2021-03-11 22:25:58.0	Ana2 - 2: T.Zuluft	14.9
2021-03-11 22:25:58.0	Ana3 - 3: T.Abluft	19.7
2021-03-11 22:25:58.0	Ana4 - 4: T.Fortluft	12.5
2021-03-11 22:25:58.0	Ana5 - 5: T.Raum	9999.9
2021-03-11 22:25:58.0	Ana9 - 9: T.Zuluft WRG warm	18.9
2021-03-11 22:26:08.0	Ana1 - 1: T.Au?en	6.5
2021-03-11 22:26:08.0	Ana2 - 2: T.Zuluft	14.9
2021-03-11 22:26:08.0	Ana3 - 3: T.Abluft	19.7
2021-03-11 22:26:08.0	Ana4 - 4: T.Fortluft	12.6
2021-03-11 22:26:08.0	Ana5 - 5: T.Raum	9999.9
2021-03-11 22:26:08.0	Ana9 - 9: T.Zuluft WRG warm	18.9
2021-03-11 22:26:18.0	Ana1 - 1: T.Au?en	6.5
2021-03-11 22:26:18.0	Ana2 - 2: T.Zuluft	14.9
2021-03-11 22:26:18.0	Ana3 - 3: T.Abluft	19.7
2021-03-11 22:26:18.0	Ana4 - 4: T.Fortluft	12.5
2021-03-11 22:26:18.0	Ana5 - 5: T.Raum	9999.9
2021-03-11 22:26:18.0	Ana9 - 9: T.Zuluft WRG warm	18.9
2021-03-11 22:26:28.0	Ana1 - 1: T.Au?en	6.5
2021-03-11 22:26:28.0	Ana2 - 2: T.Zuluft	14.9
2021-03-11 22:26:28.0	Ana3 - 3: T.Abluft	19.7
2021-03-11 22:26:28.0	Ana4 - 4: T.Fortluft	12.5
2021-03-11 22:26:28.0	Ana5 - 5: T.Raum	9999.9
2021-03-11 22:26:28.0	Ana9 - 9: T.Zuluft WRG warm	18.9
2021-03-11 22:26:38.0	Ana1 - 1: T.Au?en	6.5
2021-03-11 22:26:38.0	Ana2 - 2: T.Zuluft	14.9
2021-03-11 22:26:38.0	Ana3 - 3: T.Abluft	19.7
2021-03-11 22:26:38.0	Ana4 - 4: T.Fortluft	12.5
2021-03-11 22:26:38.0	Ana5 - 5: T.Raum	9999.9
2021-03-11 22:26:38.0	Ana9 - 9: T.Zuluft WRG warm	18.9
2021-03-11 22:26:48.0	Ana1 - 1: T.Au?en	6.5
2021-03-11 22:26:48.0	Ana2 - 2: T.Zuluft	14.9
2021-03-11 22:26:48.0	Ana3 - 3: T.Abluft	19.7
2021-03-11 22:26:48.0	Ana4 - 4: T.Fortluft	12.5
2021-03-11 22:26:48.0	Ana5 - 5: T.Raum	9999.9
2021-03-11 22:26:48.0	Ana9 - 9: T.Zuluft WRG warm	18.9
2021-03-11 22:26:58.0	Ana1 - 1: T.Au?en	6.5
2021-03-11 22:26:58.0	Ana2 - 2: T.Zuluft	14.9
2021-03-11 22:26:58.0	Ana3 - 3: T.Abluft	19.7
2021-03-11 22:26:58.0	Ana4 - 4: T.Fortluft	12.5
2021-03-11 22:26:58.0	Ana5 - 5: T.Raum	9999.9
2021-03-11 22:26:58.0	Ana9 - 9: T.Zuluft WRG warm	18.9
2021-03-11 22:27:08.0	Ana1 - 1: T.Au?en	6.5
2021-03-11 22:27:08.0	Ana2 - 2: T.Zuluft	14.9
2021-03-11 22:27:08.0	Ana3 - 3: T.Abluft	19.7
2021-03-11 22:27:08.0	Ana4 - 4: T.Fortluft	12.5
2021-03-11 22:27:08.0	Ana5 - 5: T.Raum	9999.9
2021-03-11 22:27:08.0	Ana9 - 9: T.Zuluft WRG warm	18.9
2021-03-11 22:27:18.0	Ana1 - 1: T.Au?en	6.5
2021-03-11 22:27:18.0	Ana2 - 2: T.Zuluft	14.9
2021-03-11 22:27:18.0	Ana3 - 3: T.Abluft	19.7
2021-03-11 22:27:18.0	Ana4 - 4: T.Fortluft	12.5
2021-03-11 22:27:18.0	Ana5 - 5: T.Raum	9999.9
2021-03-11 22:27:18.0	Ana9 - 9: T.Zuluft WRG warm	18.9
2021-03-11 22:27:28.0	Ana1 - 1: T.Au?en	6.5
2021-03-11 22:27:28.0	Ana2 - 2: T.Zuluft	14.9
2021-03-11 22:27:28.0	Ana3 - 3: T.Abluft	19.7
2021-03-11 22:27:28.0	Ana4 - 4: T.Fortluft	12.5
2021-03-11 22:27:28.0	Ana5 - 5: T.Raum	9999.9
2021-03-11 22:27:28.0	Ana9 - 9: T.Zuluft WRG warm	18.9
2021-03-11 22:27:38.0	Ana1 - 1: T.Au?en	6.5
2021-03-11 22:27:38.0	Ana2 - 2: T.Zuluft	14.9
2021-03-11 22:27:38.0	Ana3 - 3: T.Abluft	19.7
2021-03-11 22:27:38.0	Ana4 - 4: T.Fortluft	12.5
2021-03-11 22:27:38.0	Ana5 - 5: T.Raum	9999.9
2021-03-11 22:27:38.0	Ana9 - 9: T.Zuluft WRG warm	18.9
2021-03-11 22:27:48.0	Ana1 - 1: T.Au?en	6.5
2021-03-11 22:27:48.0	Ana2 - 2: T.Zuluft	14.9
2021-03-11 22:27:48.0	Ana3 - 3: T.Abluft	19.7
2021-03-11 22:27:48.0	Ana4 - 4: T.Fortluft	12.5
2021-03-11 22:27:48.0	Ana5 - 5: T.Raum	9999.9
2021-03-11 22:27:48.0	Ana9 - 9: T.Zuluft WRG warm	18.9
2021-03-11 22:27:58.0	Ana1 - 1: T.Au?en	6.5
2021-03-11 22:27:58.0	Ana2 - 2: T.Zuluft	14.9
2021-03-11 22:27:58.0	Ana3 - 3: T.Abluft	19.7
2021-03-11 22:27:58.0	Ana4 - 4: T.Fortluft	12.5
2021-03-11 22:27:58.0	Ana5 - 5: T.Raum	9999.9
2021-03-11 22:27:58.0	Ana9 - 9: T.Zuluft WRG warm	18.9
2021-03-11 22:28:08.0	Ana1 - 1: T.Au?en	6.5
2021-03-11 22:28:08.0	Ana2 - 2: T.Zuluft	14.9
2021-03-11 22:28:08.0	Ana3 - 3: T.Abluft	19.7
2021-03-11 22:28:08.0	Ana4 - 4: T.Fortluft	12.5
2021-03-11 22:28:08.0	Ana5 - 5: T.Raum	9999.9
2021-03-11 22:28:08.0	Ana9 - 9: T.Zuluft WRG warm	18.9
2021-03-11 22:28:18.0	Ana1 - 1: T.Au?en	6.5
2021-03-11 22:28:18.0	Ana2 - 2: T.Zuluft	14.9
2021-03-11 22:28:18.0	Ana3 - 3: T.Abluft	19.7
2021-03-11 22:28:18.0	Ana4 - 4: T.Fortluft	12.5
2021-03-11 22:28:18.0	Ana5 - 5: T.Raum	9999.9
2021-03-11 22:28:18.0	Ana9 - 9: T.Zuluft WRG warm	18.9
2021-03-11 22:28:28.0	Ana1 - 1: T.Au?en	6.5
2021-03-11 22:28:28.0	Ana2 - 2: T.Zuluft	14.9
2021-03-11 22:28:28.0	Ana3 - 3: T.Abluft	19.7
2021-03-11 22:28:28.0	Ana4 - 4: T.Fortluft	12.5
2021-03-11 22:28:28.0	Ana5 - 5: T.Raum	9999.9
2021-03-11 22:28:28.0	Ana9 - 9: T.Zuluft WRG warm	18.9
2021-03-11 22:28:38.0	Ana1 - 1: T.Au?en	6.5
2021-03-11 22:28:38.0	Ana2 - 2: T.Zuluft	14.9
2021-03-11 22:28:38.0	Ana3 - 3: T.Abluft	19.7
2021-03-11 22:28:38.0	Ana4 - 4: T.Fortluft	12.5
2021-03-11 22:28:38.0	Ana5 - 5: T.Raum	9999.9
2021-03-11 22:28:38.0	Ana9 - 9: T.Zuluft WRG warm	18.9
2021-03-11 22:28:48.0	Ana1 - 1: T.Au?en	6.5
2021-03-11 22:28:48.0	Ana2 - 2: T.Zuluft	14.9
2021-03-11 22:28:48.0	Ana3 - 3: T.Abluft	19.7
2021-03-11 22:28:48.0	Ana4 - 4: T.Fortluft	12.5
2021-03-11 22:28:48.0	Ana5 - 5: T.Raum	9999.9
2021-03-11 22:28:48.0	Ana9 - 9: T.Zuluft WRG warm	18.9
2021-03-11 22:28:58.0	Ana1 - 1: T.Au?en	6.5
2021-03-11 22:28:58.0	Ana2 - 2: T.Zuluft	14.9
2021-03-11 22:28:58.0	Ana3 - 3: T.Abluft	19.7
2021-03-11 22:28:58.0	Ana4 - 4: T.Fortluft	12.5
2021-03-11 22:28:58.0	Ana5 - 5: T.Raum	9999.9
2021-03-11 22:28:58.0	Ana9 - 9: T.Zuluft WRG warm	18.9
2021-03-11 22:29:08.0	Ana1 - 1: T.Au?en	6.5
2021-03-11 22:29:08.0	Ana2 - 2: T.Zuluft	14.9
2021-03-11 22:29:08.0	Ana3 - 3: T.Abluft	19.7
2021-03-11 22:29:08.0	Ana4 - 4: T.Fortluft	12.5
2021-03-11 22:29:08.0	Ana5 - 5: T.Raum	9999.9
2021-03-11 22:29:08.0	Ana9 - 9: T.Zuluft WRG warm	18.9
2021-03-11 22:29:18.0	Ana1 - 1: T.Au?en	6.5
2021-03-11 22:29:18.0	Ana2 - 2: T.Zuluft	14.9
2021-03-11 22:29:18.0	Ana3 - 3: T.Abluft	19.7
2021-03-11 22:29:18.0	Ana4 - 4: T.Fortluft	12.5
2021-03-11 22:29:18.0	Ana5 - 5: T.Raum	9999.9
2021-03-11 22:29:18.0	Ana9 - 9: T.Zuluft WRG warm	18.9
2021-03-11 22:29:28.0	Ana1 - 1: T.Au?en	6.5
2021-03-11 22:29:28.0	Ana2 - 2: T.Zuluft	14.9
2021-03-11 22:29:28.0	Ana3 - 3: T.Abluft	19.7
2021-03-11 22:29:28.0	Ana4 - 4: T.Fortluft	12.5
2021-03-11 22:29:28.0	Ana5 - 5: T.Raum	9999.9
2021-03-11 22:29:28.0	Ana9 - 9: T.Zuluft WRG warm	18.9
2021-03-11 22:29:38.0	Ana1 - 1: T.Au?en	6.4
2021-03-11 22:29:38.0	Ana2 - 2: T.Zuluft	14.9
2021-03-11 22:29:38.0	Ana3 - 3: T.Abluft	19.7
2021-03-11 22:29:38.0	Ana4 - 4: T.Fortluft	12.5
2021-03-11 22:29:38.0	Ana5 - 5: T.Raum	9999.9
2021-03-11 22:29:38.0	Ana9 - 9: T.Zuluft WRG warm	18.9
2021-03-11 22:29:48.0	Ana1 - 1: T.Au?en	6.4
2021-03-11 22:29:48.0	Ana2 - 2: T.Zuluft	14.9
2021-03-11 22:29:48.0	Ana3 - 3: T.Abluft	19.7
2021-03-11 22:29:48.0	Ana4 - 4: T.Fortluft	12.5
2021-03-11 22:29:48.0	Ana5 - 5: T.Raum	9999.9
2021-03-11 22:29:48.0	Ana9 - 9: T.Zuluft WRG warm	18.9
2021-03-11 22:29:58.0	Ana1 - 1: T.Au?en	6.4
2021-03-11 22:29:58.0	Ana2 - 2: T.Zuluft	14.9
2021-03-11 22:29:58.0	Ana3 - 3: T.Abluft	19.7
2021-03-11 22:29:58.0	Ana4 - 4: T.Fortluft	12.5
2021-03-11 22:29:58.0	Ana5 - 5: T.Raum	9999.9
2021-03-11 22:29:58.0	Ana9 - 9: T.Zuluft WRG warm	18.9
2021-03-11 22:30:08.0	Ana1 - 1: T.Au?en	6.4
2021-03-11 22:30:08.0	Ana2 - 2: T.Zuluft	14.9
2021-03-11 22:30:08.0	Ana3 - 3: T.Abluft	19.7
2021-03-11 22:30:08.0	Ana4 - 4: T.Fortluft	12.5
2021-03-11 22:30:08.0	Ana5 - 5: T.Raum	9999.9
2021-03-11 22:30:08.0	Ana9 - 9: T.Zuluft WRG warm	18.9
2021-03-11 22:30:18.0	Ana1 - 1: T.Au?en	6.4
2021-03-11 22:30:18.0	Ana2 - 2: T.Zuluft	14.9
2021-03-11 22:30:18.0	Ana3 - 3: T.Abluft	19.7
2021-03-11 22:30:18.0	Ana4 - 4: T.Fortluft	12.5
2021-03-11 22:30:18.0	Ana5 - 5: T.Raum	9999.9
2021-03-11 22:30:18.0	Ana9 - 9: T.Zuluft WRG warm	18.9
2021-03-11 22:30:28.0	Ana1 - 1: T.Au?en	6.4
2021-03-11 22:30:28.0	Ana2 - 2: T.Zuluft	14.9
2021-03-11 22:30:28.0	Ana3 - 3: T.Abluft	19.7
2021-03-11 22:30:28.0	Ana4 - 4: T.Fortluft	12.5
2021-03-11 22:30:28.0	Ana5 - 5: T.Raum	9999.9
2021-03-11 22:30:28.0	Ana9 - 9: T.Zuluft WRG warm	18.9
2021-03-11 22:30:38.0	Ana1 - 1: T.Au?en	6.4
2021-03-11 22:30:38.0	Ana2 - 2: T.Zuluft	14.9
2021-03-11 22:30:38.0	Ana3 - 3: T.Abluft	19.6
2021-03-11 22:30:38.0	Ana4 - 4: T.Fortluft	12.5
2021-03-11 22:30:38.0	Ana5 - 5: T.Raum	9999.9
2021-03-11 22:30:38.0	Ana9 - 9: T.Zuluft WRG warm	18.9
2021-03-11 22:30:48.0	Ana1 - 1: T.Au?en	6.4
2021-03-11 22:30:48.0	Ana2 - 2: T.Zuluft	14.9
2021-03-11 22:30:48.0	Ana3 - 3: T.Abluft	19.6
2021-03-11 22:30:48.0	Ana4 - 4: T.Fortluft	12.5
2021-03-11 22:30:48.0	Ana5 - 5: T.Raum	9999.9
2021-03-11 22:30:48.0	Ana9 - 9: T.Zuluft WRG warm	18.9
2021-03-11 22:30:58.0	Ana1 - 1: T.Au?en	6.4
2021-03-11 22:30:58.0	Ana2 - 2: T.Zuluft	14.9
2021-03-11 22:30:58.0	Ana3 - 3: T.Abluft	19.6
2021-03-11 22:30:58.0	Ana4 - 4: T.Fortluft	12.5
2021-03-11 22:30:58.0	Ana5 - 5: T.Raum	9999.9
2021-03-11 22:30:58.0	Ana9 - 9: T.Zuluft WRG warm	18.9
2021-03-11 22:31:08.0	Ana1 - 1: T.Au?en	6.4
2021-03-11 22:31:08.0	Ana2 - 2: T.Zuluft	14.9
2021-03-11 22:31:08.0	Ana3 - 3: T.Abluft	19.6
2021-03-11 22:31:08.0	Ana4 - 4: T.Fortluft	12.5
2021-03-11 22:31:08.0	Ana5 - 5: T.Raum	9999.9
2021-03-11 22:31:08.0	Ana9 - 9: T.Zuluft WRG warm	18.9
2021-03-11 22:31:18.0	Ana1 - 1: T.Au?en	6.4
2021-03-11 22:31:18.0	Ana2 - 2: T.Zuluft	14.9
2021-03-11 22:31:18.0	Ana3 - 3: T.Abluft	19.6
2021-03-11 22:31:18.0	Ana4 - 4: T.Fortluft	12.5
2021-03-11 22:31:18.0	Ana5 - 5: T.Raum	9999.9
2021-03-11 22:31:18.0	Ana9 - 9: T.Zuluft WRG warm	18.9
2021-03-11 22:31:28.0	Ana1 - 1: T.Au?en	6.4
2021-03-11 22:31:28.0	Ana2 - 2: T.Zuluft	14.9
2021-03-11 22:31:28.0	Ana3 - 3: T.Abluft	19.6
2021-03-11 22:31:28.0	Ana4 - 4: T.Fortluft	12.5
2021-03-11 22:31:28.0	Ana5 - 5: T.Raum	9999.9
2021-03-11 22:31:28.0	Ana9 - 9: T.Zuluft WRG warm	18.9
2021-03-11 22:31:38.0	Ana1 - 1: T.Au?en	6.4
2021-03-11 22:31:38.0	Ana2 - 2: T.Zuluft	14.9
2021-03-11 22:31:38.0	Ana3 - 3: T.Abluft	19.6
2021-03-11 22:31:38.0	Ana4 - 4: T.Fortluft	12.5
2021-03-11 22:31:38.0	Ana5 - 5: T.Raum	9999.9
2021-03-11 22:31:38.0	Ana9 - 9: T.Zuluft WRG warm	18.9
2021-03-11 22:31:48.0	Ana1 - 1: T.Au?en	6.4
2021-03-11 22:31:48.0	Ana2 - 2: T.Zuluft	14.9
2021-03-11 22:31:48.0	Ana3 - 3: T.Abluft	19.6
2021-03-11 22:31:48.0	Ana4 - 4: T.Fortluft	12.5
2021-03-11 22:31:48.0	Ana5 - 5: T.Raum	9999.9
2021-03-11 22:31:48.0	Ana9 - 9: T.Zuluft WRG warm	18.9
2021-03-11 22:31:58.0	Ana1 - 1: T.Au?en	6.4
2021-03-11 22:31:58.0	Ana2 - 2: T.Zuluft	14.9
2021-03-11 22:31:58.0	Ana3 - 3: T.Abluft	19.6
2021-03-11 22:31:58.0	Ana4 - 4: T.Fortluft	12.5
2021-03-11 22:31:58.0	Ana5 - 5: T.Raum	9999.9
2021-03-11 22:31:58.0	Ana9 - 9: T.Zuluft WRG warm	18.9
2021-03-11 22:32:08.0	Ana1 - 1: T.Au?en	6.3
2021-03-11 22:32:08.0	Ana2 - 2: T.Zuluft	14.9
2021-03-11 22:32:08.0	Ana3 - 3: T.Abluft	19.6
2021-03-11 22:32:08.0	Ana4 - 4: T.Fortluft	12.5
2021-03-11 22:32:08.0	Ana5 - 5: T.Raum	9999.9
2021-03-11 22:32:08.0	Ana9 - 9: T.Zuluft WRG warm	18.9
2021-03-11 22:32:18.0	Ana1 - 1: T.Au?en	6.3
2021-03-11 22:32:18.0	Ana2 - 2: T.Zuluft	14.9
2021-03-11 22:32:18.0	Ana3 - 3: T.Abluft	19.6
2021-03-11 22:32:18.0	Ana4 - 4: T.Fortluft	12.5
2021-03-11 22:32:18.0	Ana5 - 5: T.Raum	9999.9
2021-03-11 22:32:18.0	Ana9 - 9: T.Zuluft WRG warm	18.9
2021-03-11 22:32:28.0	Ana1 - 1: T.Au?en	6.3
2021-03-11 22:32:28.0	Ana2 - 2: T.Zuluft	14.9
2021-03-11 22:32:28.0	Ana3 - 3: T.Abluft	19.6
2021-03-11 22:32:28.0	Ana4 - 4: T.Fortluft	12.5
2021-03-11 22:32:28.0	Ana5 - 5: T.Raum	9999.9
2021-03-11 22:32:28.0	Ana9 - 9: T.Zuluft WRG warm	18.9
2021-03-11 22:32:38.0	Ana1 - 1: T.Au?en	6.3
2021-03-11 22:32:38.0	Ana2 - 2: T.Zuluft	14.9
2021-03-11 22:32:38.0	Ana3 - 3: T.Abluft	19.6
2021-03-11 22:32:38.0	Ana4 - 4: T.Fortluft	12.5
2021-03-11 22:32:38.0	Ana5 - 5: T.Raum	9999.9
2021-03-11 22:32:38.0	Ana9 - 9: T.Zuluft WRG warm	18.9
2021-03-11 22:32:48.0	Ana1 - 1: T.Au?en	6.3
2021-03-11 22:32:48.0	Ana2 - 2: T.Zuluft	14.9
2021-03-11 22:32:48.0	Ana3 - 3: T.Abluft	19.6
2021-03-11 22:32:48.0	Ana4 - 4: T.Fortluft	12.5
2021-03-11 22:32:48.0	Ana5 - 5: T.Raum	9999.9
2021-03-11 22:32:48.0	Ana9 - 9: T.Zuluft WRG warm	18.9
2021-03-11 22:32:58.0	Ana1 - 1: T.Au?en	6.3
2021-03-11 22:32:58.0	Ana2 - 2: T.Zuluft	14.9
2021-03-11 22:32:58.0	Ana3 - 3: T.Abluft	19.6
2021-03-11 22:32:58.0	Ana4 - 4: T.Fortluft	12.5
2021-03-11 22:32:58.0	Ana5 - 5: T.Raum	9999.9
2021-03-11 22:32:58.0	Ana9 - 9: T.Zuluft WRG warm	18.9
2021-03-11 22:33:08.0	Ana1 - 1: T.Au?en	6.4
2021-03-11 22:33:08.0	Ana2 - 2: T.Zuluft	14.9
2021-03-11 22:33:08.0	Ana3 - 3: T.Abluft	19.6
2021-03-11 22:33:08.0	Ana4 - 4: T.Fortluft	12.5
2021-03-11 22:33:08.0	Ana5 - 5: T.Raum	9999.9
2021-03-11 22:33:08.0	Ana9 - 9: T.Zuluft WRG warm	18.9
2021-03-11 22:33:18.0	Ana1 - 1: T.Au?en	6.4
2021-03-11 22:33:18.0	Ana2 - 2: T.Zuluft	14.9
2021-03-11 22:33:18.0	Ana3 - 3: T.Abluft	19.6
2021-03-11 22:33:18.0	Ana4 - 4: T.Fortluft	12.5
2021-03-11 22:33:18.0	Ana5 - 5: T.Raum	9999.9
2021-03-11 22:33:18.0	Ana9 - 9: T.Zuluft WRG warm	18.9
2021-03-11 22:33:28.0	Ana1 - 1: T.Au?en	6.4
2021-03-11 22:33:28.0	Ana2 - 2: T.Zuluft	14.9
2021-03-11 22:33:28.0	Ana3 - 3: T.Abluft	19.6
2021-03-11 22:33:28.0	Ana4 - 4: T.Fortluft	12.5
2021-03-11 22:33:28.0	Ana5 - 5: T.Raum	9999.9
2021-03-11 22:33:28.0	Ana9 - 9: T.Zuluft WRG warm	18.9
2021-03-11 22:33:38.0	Ana1 - 1: T.Au?en	6.4
2021-03-11 22:33:38.0	Ana2 - 2: T.Zuluft	14.9
2021-03-11 22:33:38.0	Ana3 - 3: T.Abluft	19.6
2021-03-11 22:33:38.0	Ana4 - 4: T.Fortluft	12.5
2021-03-11 22:33:38.0	Ana5 - 5: T.Raum	9999.9
2021-03-11 22:33:38.0	Ana9 - 9: T.Zuluft WRG warm	18.9
2021-03-11 22:33:48.0	Ana1 - 1: T.Au?en	6.3
2021-03-11 22:33:48.0	Ana2 - 2: T.Zuluft	14.9
2021-03-11 22:33:48.0	Ana3 - 3: T.Abluft	19.6
2021-03-11 22:33:48.0	Ana4 - 4: T.Fortluft	12.5
2021-03-11 22:33:48.0	Ana5 - 5: T.Raum	9999.9
2021-03-11 22:33:48.0	Ana9 - 9: T.Zuluft WRG warm	18.9
2021-03-11 22:33:58.0	Ana1 - 1: T.Au?en	6.3
2021-03-11 22:33:58.0	Ana2 - 2: T.Zuluft	14.9
2021-03-11 22:33:58.0	Ana3 - 3: T.Abluft	19.6
2021-03-11 22:33:58.0	Ana4 - 4: T.Fortluft	12.5
2021-03-11 22:33:58.0	Ana5 - 5: T.Raum	9999.9
2021-03-11 22:33:58.0	Ana9 - 9: T.Zuluft WRG warm	18.9
2021-03-11 22:34:08.0	Ana1 - 1: T.Au?en	6.3
2021-03-11 22:34:08.0	Ana2 - 2: T.Zuluft	14.9
2021-03-11 22:34:08.0	Ana3 - 3: T.Abluft	19.6
2021-03-11 22:34:08.0	Ana4 - 4: T.Fortluft	12.5
2021-03-11 22:34:08.0	Ana5 - 5: T.Raum	9999.9
2021-03-11 22:34:08.0	Ana9 - 9: T.Zuluft WRG warm	18.9
2021-03-11 22:34:18.0	Ana1 - 1: T.Au?en	6.3
2021-03-11 22:34:18.0	Ana2 - 2: T.Zuluft	14.9
2021-03-11 22:34:18.0	Ana3 - 3: T.Abluft	19.6
2021-03-11 22:34:18.0	Ana4 - 4: T.Fortluft	12.5
2021-03-11 22:34:18.0	Ana5 - 5: T.Raum	9999.9
2021-03-11 22:34:18.0	Ana9 - 9: T.Zuluft WRG warm	18.9
2021-03-11 22:34:28.0	Ana1 - 1: T.Au?en	6.3
2021-03-11 22:34:28.0	Ana2 - 2: T.Zuluft	14.9
2021-03-11 22:34:28.0	Ana3 - 3: T.Abluft	19.6
2021-03-11 22:34:28.0	Ana4 - 4: T.Fortluft	12.4
2021-03-11 22:34:28.0	Ana5 - 5: T.Raum	9999.9
2021-03-11 22:34:28.0	Ana9 - 9: T.Zuluft WRG warm	18.9
2021-03-11 22:34:38.0	Ana1 - 1: T.Au?en	6.3
2021-03-11 22:34:38.0	Ana2 - 2: T.Zuluft	14.9
2021-03-11 22:34:38.0	Ana3 - 3: T.Abluft	19.6
2021-03-11 22:34:38.0	Ana4 - 4: T.Fortluft	12.5
2021-03-11 22:34:38.0	Ana5 - 5: T.Raum	9999.9
2021-03-11 22:34:38.0	Ana9 - 9: T.Zuluft WRG warm	18.9
2021-03-11 22:34:48.0	Ana1 - 1: T.Au?en	6.3
2021-03-11 22:34:48.0	Ana2 - 2: T.Zuluft	14.9
2021-03-11 22:34:48.0	Ana3 - 3: T.Abluft	19.6
2021-03-11 22:34:48.0	Ana4 - 4: T.Fortluft	12.5
2021-03-11 22:34:48.0	Ana5 - 5: T.Raum	9999.9
2021-03-11 22:34:48.0	Ana9 - 9: T.Zuluft WRG warm	18.9
2021-03-11 22:34:58.0	Ana1 - 1: T.Au?en	6.3
2021-03-11 22:34:58.0	Ana2 - 2: T.Zuluft	14.9
2021-03-11 22:34:58.0	Ana3 - 3: T.Abluft	19.6
2021-03-11 22:34:58.0	Ana4 - 4: T.Fortluft	12.4
2021-03-11 22:34:58.0	Ana5 - 5: T.Raum	9999.9
2021-03-11 22:34:58.0	Ana9 - 9: T.Zuluft WRG warm	18.9
2021-03-11 22:35:08.0	Ana1 - 1: T.Au?en	6.3
2021-03-11 22:35:08.0	Ana2 - 2: T.Zuluft	14.8
2021-03-11 22:35:08.0	Ana3 - 3: T.Abluft	19.6
2021-03-11 22:35:08.0	Ana4 - 4: T.Fortluft	12.4
2021-03-11 22:35:08.0	Ana5 - 5: T.Raum	9999.9
2021-03-11 22:35:08.0	Ana9 - 9: T.Zuluft WRG warm	18.9
2021-03-11 22:35:18.0	Ana1 - 1: T.Au?en	6.3
2021-03-11 22:35:18.0	Ana2 - 2: T.Zuluft	14.8
2021-03-11 22:35:18.0	Ana3 - 3: T.Abluft	19.6
2021-03-11 22:35:18.0	Ana4 - 4: T.Fortluft	12.4
2021-03-11 22:35:18.0	Ana5 - 5: T.Raum	9999.9
2021-03-11 22:35:18.0	Ana9 - 9: T.Zuluft WRG warm	18.9
2021-03-11 22:35:28.0	Ana1 - 1: T.Au?en	6.3
2021-03-11 22:35:28.0	Ana2 - 2: T.Zuluft	14.8
2021-03-11 22:35:28.0	Ana3 - 3: T.Abluft	19.6
2021-03-11 22:35:28.0	Ana4 - 4: T.Fortluft	12.4
2021-03-11 22:35:28.0	Ana5 - 5: T.Raum	9999.9
2021-03-11 22:35:28.0	Ana9 - 9: T.Zuluft WRG warm	18.9
2021-03-11 22:35:38.0	Ana1 - 1: T.Au?en	6.3
2021-03-11 22:35:38.0	Ana2 - 2: T.Zuluft	14.8
2021-03-11 22:35:38.0	Ana3 - 3: T.Abluft	19.6
2021-03-11 22:35:38.0	Ana4 - 4: T.Fortluft	12.4
2021-03-11 22:35:38.0	Ana5 - 5: T.Raum	9999.9
2021-03-11 22:35:38.0	Ana9 - 9: T.Zuluft WRG warm	18.9
2021-03-11 22:35:48.0	Ana1 - 1: T.Au?en	6.3
2021-03-11 22:35:48.0	Ana2 - 2: T.Zuluft	14.9
2021-03-11 22:35:48.0	Ana3 - 3: T.Abluft	19.6
2021-03-11 22:35:48.0	Ana4 - 4: T.Fortluft	12.4
2021-03-11 22:35:48.0	Ana5 - 5: T.Raum	9999.9
2021-03-11 22:35:48.0	Ana9 - 9: T.Zuluft WRG warm	18.9
2021-03-11 22:35:58.0	Ana1 - 1: T.Au?en	6.3
2021-03-11 22:35:58.0	Ana2 - 2: T.Zuluft	14.8
2021-03-11 22:35:58.0	Ana3 - 3: T.Abluft	19.6
2021-03-11 22:35:58.0	Ana4 - 4: T.Fortluft	12.4
2021-03-11 22:35:58.0	Ana5 - 5: T.Raum	9999.9
2021-03-11 22:35:58.0	Ana9 - 9: T.Zuluft WRG warm	18.9
2021-03-11 22:36:08.0	Ana1 - 1: T.Au?en	6.3
2021-03-11 22:36:08.0	Ana2 - 2: T.Zuluft	14.8
2021-03-11 22:36:08.0	Ana3 - 3: T.Abluft	19.6
2021-03-11 22:36:08.0	Ana4 - 4: T.Fortluft	12.4
2021-03-11 22:36:08.0	Ana5 - 5: T.Raum	9999.9
2021-03-11 22:36:08.0	Ana9 - 9: T.Zuluft WRG warm	18.9
2021-03-11 22:36:18.0	Ana1 - 1: T.Au?en	6.3
2021-03-11 22:36:18.0	Ana2 - 2: T.Zuluft	14.8
2021-03-11 22:36:18.0	Ana3 - 3: T.Abluft	19.6
2021-03-11 22:36:18.0	Ana4 - 4: T.Fortluft	12.4
2021-03-11 22:36:18.0	Ana5 - 5: T.Raum	9999.9
2021-03-11 22:36:18.0	Ana9 - 9: T.Zuluft WRG warm	18.9
2021-03-11 22:36:28.0	Ana1 - 1: T.Au?en	6.2
2021-03-11 22:36:28.0	Ana2 - 2: T.Zuluft	14.8
2021-03-11 22:36:28.0	Ana3 - 3: T.Abluft	19.6
2021-03-11 22:36:28.0	Ana4 - 4: T.Fortluft	12.4
2021-03-11 22:36:28.0	Ana5 - 5: T.Raum	9999.9
2021-03-11 22:36:28.0	Ana9 - 9: T.Zuluft WRG warm	18.9
2021-03-11 22:36:38.0	Ana1 - 1: T.Au?en	6.2
2021-03-11 22:36:38.0	Ana2 - 2: T.Zuluft	14.8
2021-03-11 22:36:38.0	Ana3 - 3: T.Abluft	19.6
2021-03-11 22:36:38.0	Ana4 - 4: T.Fortluft	12.4
2021-03-11 22:36:38.0	Ana5 - 5: T.Raum	9999.9
2021-03-11 22:36:38.0	Ana9 - 9: T.Zuluft WRG warm	18.9
2021-03-11 22:36:48.0	Ana1 - 1: T.Au?en	6.2
2021-03-11 22:36:48.0	Ana2 - 2: T.Zuluft	14.8
2021-03-11 22:36:48.0	Ana3 - 3: T.Abluft	19.6
2021-03-11 22:36:48.0	Ana4 - 4: T.Fortluft	12.4
2021-03-11 22:36:48.0	Ana5 - 5: T.Raum	9999.9
2021-03-11 22:36:48.0	Ana9 - 9: T.Zuluft WRG warm	18.9
2021-03-11 22:36:58.0	Ana1 - 1: T.Au?en	6.2
2021-03-11 22:36:58.0	Ana2 - 2: T.Zuluft	14.8
2021-03-11 22:36:58.0	Ana3 - 3: T.Abluft	19.6
2021-03-11 22:36:58.0	Ana4 - 4: T.Fortluft	12.4
2021-03-11 22:36:58.0	Ana5 - 5: T.Raum	9999.9
2021-03-11 22:36:58.0	Ana9 - 9: T.Zuluft WRG warm	18.9
2021-03-11 22:37:08.0	Ana1 - 1: T.Au?en	6.2
2021-03-11 22:37:08.0	Ana2 - 2: T.Zuluft	14.8
2021-03-11 22:37:08.0	Ana3 - 3: T.Abluft	19.6
2021-03-11 22:37:08.0	Ana4 - 4: T.Fortluft	12.4
2021-03-11 22:37:08.0	Ana5 - 5: T.Raum	9999.9
2021-03-11 22:37:08.0	Ana9 - 9: T.Zuluft WRG warm	18.9
2021-03-11 22:37:18.0	Ana1 - 1: T.Au?en	6.2
2021-03-11 22:37:18.0	Ana2 - 2: T.Zuluft	14.8
2021-03-11 22:37:18.0	Ana3 - 3: T.Abluft	19.6
2021-03-11 22:37:18.0	Ana4 - 4: T.Fortluft	12.4
2021-03-11 22:37:18.0	Ana5 - 5: T.Raum	9999.9
2021-03-11 22:37:18.0	Ana9 - 9: T.Zuluft WRG warm	18.9
2021-03-11 22:37:28.0	Ana1 - 1: T.Au?en	6.2
2021-03-11 22:37:28.0	Ana2 - 2: T.Zuluft	14.8
2021-03-11 22:37:28.0	Ana3 - 3: T.Abluft	19.6
2021-03-11 22:37:28.0	Ana4 - 4: T.Fortluft	12.4
2021-03-11 22:37:28.0	Ana5 - 5: T.Raum	9999.9
2021-03-11 22:37:28.0	Ana9 - 9: T.Zuluft WRG warm	18.9
2021-03-11 22:37:38.0	Ana1 - 1: T.Au?en	6.2
2021-03-11 22:37:38.0	Ana2 - 2: T.Zuluft	14.8
2021-03-11 22:37:38.0	Ana3 - 3: T.Abluft	19.6
2021-03-11 22:37:38.0	Ana4 - 4: T.Fortluft	12.4
2021-03-11 22:37:38.0	Ana5 - 5: T.Raum	9999.9
2021-03-11 22:37:38.0	Ana9 - 9: T.Zuluft WRG warm	18.9
2021-03-11 22:37:48.0	Ana1 - 1: T.Au?en	6.2
2021-03-11 22:37:48.0	Ana2 - 2: T.Zuluft	14.8
2021-03-11 22:37:48.0	Ana3 - 3: T.Abluft	19.6
2021-03-11 22:37:48.0	Ana4 - 4: T.Fortluft	12.4
2021-03-11 22:37:48.0	Ana5 - 5: T.Raum	9999.9
2021-03-11 22:37:48.0	Ana9 - 9: T.Zuluft WRG warm	18.9
2021-03-11 22:37:58.0	Ana1 - 1: T.Au?en	6.3
2021-03-11 22:37:58.0	Ana2 - 2: T.Zuluft	14.8
2021-03-11 22:37:58.0	Ana3 - 3: T.Abluft	19.6
2021-03-11 22:37:58.0	Ana4 - 4: T.Fortluft	12.4
2021-03-11 22:37:58.0	Ana5 - 5: T.Raum	9999.9
2021-03-11 22:37:58.0	Ana9 - 9: T.Zuluft WRG warm	18.9
2021-03-11 22:38:08.0	Ana1 - 1: T.Au?en	6.3
2021-03-11 22:38:08.0	Ana2 - 2: T.Zuluft	14.8
2021-03-11 22:38:08.0	Ana3 - 3: T.Abluft	19.6
2021-03-11 22:38:08.0	Ana4 - 4: T.Fortluft	12.4
2021-03-11 22:38:08.0	Ana5 - 5: T.Raum	9999.9
2021-03-11 22:38:08.0	Ana9 - 9: T.Zuluft WRG warm	18.9
2021-03-11 22:38:18.0	Ana1 - 1: T.Au?en	6.3
2021-03-11 22:38:18.0	Ana2 - 2: T.Zuluft	14.8
2021-03-11 22:38:18.0	Ana3 - 3: T.Abluft	19.6
2021-03-11 22:38:18.0	Ana4 - 4: T.Fortluft	12.4
2021-03-11 22:38:18.0	Ana5 - 5: T.Raum	9999.9
2021-03-11 22:38:18.0	Ana9 - 9: T.Zuluft WRG warm	18.9
2021-03-11 22:38:28.0	Ana1 - 1: T.Au?en	6.3
2021-03-11 22:38:28.0	Ana2 - 2: T.Zuluft	14.8
2021-03-11 22:38:28.0	Ana3 - 3: T.Abluft	19.6
2021-03-11 22:38:28.0	Ana4 - 4: T.Fortluft	12.4
2021-03-11 22:38:28.0	Ana5 - 5: T.Raum	9999.9
2021-03-11 22:38:28.0	Ana9 - 9: T.Zuluft WRG warm	18.9
2021-03-11 22:38:38.0	Ana1 - 1: T.Au?en	6.2
2021-03-11 22:38:38.0	Ana2 - 2: T.Zuluft	14.8
2021-03-11 22:38:38.0	Ana3 - 3: T.Abluft	19.6
2021-03-11 22:38:38.0	Ana4 - 4: T.Fortluft	12.4
2021-03-11 22:38:38.0	Ana5 - 5: T.Raum	9999.9
2021-03-11 22:38:38.0	Ana9 - 9: T.Zuluft WRG warm	18.9
2021-03-11 22:38:48.0	Ana1 - 1: T.Au?en	6.2
2021-03-11 22:38:48.0	Ana2 - 2: T.Zuluft	14.8
2021-03-11 22:38:48.0	Ana3 - 3: T.Abluft	19.6
2021-03-11 22:38:48.0	Ana4 - 4: T.Fortluft	12.4
2021-03-11 22:38:48.0	Ana5 - 5: T.Raum	9999.9
2021-03-11 22:38:48.0	Ana9 - 9: T.Zuluft WRG warm	18.9
2021-03-11 22:38:58.0	Ana1 - 1: T.Au?en	6.2
2021-03-11 22:38:58.0	Ana2 - 2: T.Zuluft	14.8
2021-03-11 22:38:58.0	Ana3 - 3: T.Abluft	19.6
2021-03-11 22:38:58.0	Ana4 - 4: T.Fortluft	12.4
2021-03-11 22:38:58.0	Ana5 - 5: T.Raum	9999.9
2021-03-11 22:38:58.0	Ana9 - 9: T.Zuluft WRG warm	18.9
2021-03-11 22:39:08.0	Ana1 - 1: T.Au?en	6.2
2021-03-11 22:39:08.0	Ana2 - 2: T.Zuluft	14.8
2021-03-11 22:39:08.0	Ana3 - 3: T.Abluft	19.6
2021-03-11 22:39:08.0	Ana4 - 4: T.Fortluft	12.4
2021-03-11 22:39:08.0	Ana5 - 5: T.Raum	9999.9
2021-03-11 22:39:08.0	Ana9 - 9: T.Zuluft WRG warm	18.9
2021-03-11 22:39:18.0	Ana1 - 1: T.Au?en	6.2
2021-03-11 22:39:18.0	Ana2 - 2: T.Zuluft	14.8
2021-03-11 22:39:18.0	Ana3 - 3: T.Abluft	19.6
2021-03-11 22:39:18.0	Ana4 - 4: T.Fortluft	12.4
2021-03-11 22:39:18.0	Ana5 - 5: T.Raum	9999.9
2021-03-11 22:39:18.0	Ana9 - 9: T.Zuluft WRG warm	18.9
2021-03-11 22:39:28.0	Ana1 - 1: T.Au?en	6.3
2021-03-11 22:39:28.0	Ana2 - 2: T.Zuluft	14.8
2021-03-11 22:39:28.0	Ana3 - 3: T.Abluft	19.6
2021-03-11 22:39:28.0	Ana4 - 4: T.Fortluft	12.4
2021-03-11 22:39:28.0	Ana5 - 5: T.Raum	9999.9
2021-03-11 22:39:28.0	Ana9 - 9: T.Zuluft WRG warm	18.9
2021-03-11 22:39:38.0	Ana1 - 1: T.Au?en	6.3
2021-03-11 22:39:38.0	Ana2 - 2: T.Zuluft	14.8
2021-03-11 22:39:38.0	Ana3 - 3: T.Abluft	19.6
2021-03-11 22:39:38.0	Ana4 - 4: T.Fortluft	12.4
2021-03-11 22:39:38.0	Ana5 - 5: T.Raum	9999.9
2021-03-11 22:39:38.0	Ana9 - 9: T.Zuluft WRG warm	18.9
2021-03-11 22:39:48.0	Ana1 - 1: T.Au?en	6.3
2021-03-11 22:39:48.0	Ana2 - 2: T.Zuluft	14.8
2021-03-11 22:39:48.0	Ana3 - 3: T.Abluft	19.6
2021-03-11 22:39:48.0	Ana4 - 4: T.Fortluft	12.4
2021-03-11 22:39:48.0	Ana5 - 5: T.Raum	9999.9
2021-03-11 22:39:48.0	Ana9 - 9: T.Zuluft WRG warm	18.9
2021-03-11 22:39:58.0	Ana1 - 1: T.Au?en	6.3
2021-03-11 22:39:58.0	Ana2 - 2: T.Zuluft	14.8
2021-03-11 22:39:58.0	Ana3 - 3: T.Abluft	19.6
2021-03-11 22:39:58.0	Ana4 - 4: T.Fortluft	12.4
2021-03-11 22:39:58.0	Ana5 - 5: T.Raum	9999.9
2021-03-11 22:39:58.0	Ana9 - 9: T.Zuluft WRG warm	18.9
2021-03-11 22:40:08.0	Ana1 - 1: T.Au?en	6.2
2021-03-11 22:40:08.0	Ana2 - 2: T.Zuluft	14.8
2021-03-11 22:40:08.0	Ana3 - 3: T.Abluft	19.6
2021-03-11 22:40:08.0	Ana4 - 4: T.Fortluft	12.4
2021-03-11 22:40:08.0	Ana5 - 5: T.Raum	9999.9
2021-03-11 22:40:08.0	Ana9 - 9: T.Zuluft WRG warm	18.9
2021-03-11 22:40:18.0	Ana1 - 1: T.Au?en	6.3
2021-03-11 22:40:18.0	Ana2 - 2: T.Zuluft	14.8
2021-03-11 22:40:18.0	Ana3 - 3: T.Abluft	19.6
2021-03-11 22:40:18.0	Ana4 - 4: T.Fortluft	12.4
2021-03-11 22:40:18.0	Ana5 - 5: T.Raum	9999.9
2021-03-11 22:40:18.0	Ana9 - 9: T.Zuluft WRG warm	18.9
2021-03-11 22:40:28.0	Ana1 - 1: T.Au?en	6.2
2021-03-11 22:40:28.0	Ana2 - 2: T.Zuluft	14.8
2021-03-11 22:40:28.0	Ana3 - 3: T.Abluft	19.6
2021-03-11 22:40:28.0	Ana4 - 4: T.Fortluft	12.4
2021-03-11 22:40:28.0	Ana5 - 5: T.Raum	9999.9
2021-03-11 22:40:28.0	Ana9 - 9: T.Zuluft WRG warm	18.9
2021-03-11 22:40:38.0	Ana1 - 1: T.Au?en	6.2
2021-03-11 22:40:38.0	Ana2 - 2: T.Zuluft	14.8
2021-03-11 22:40:38.0	Ana3 - 3: T.Abluft	19.6
2021-03-11 22:40:38.0	Ana4 - 4: T.Fortluft	12.4
2021-03-11 22:40:38.0	Ana5 - 5: T.Raum	9999.9
2021-03-11 22:40:38.0	Ana9 - 9: T.Zuluft WRG warm	18.9
2021-03-11 22:40:48.0	Ana1 - 1: T.Au?en	6.2
2021-03-11 22:40:48.0	Ana2 - 2: T.Zuluft	14.8
2021-03-11 22:40:48.0	Ana3 - 3: T.Abluft	19.6
2021-03-11 22:40:48.0	Ana4 - 4: T.Fortluft	12.4
2021-03-11 22:40:48.0	Ana5 - 5: T.Raum	9999.9
2021-03-11 22:40:48.0	Ana9 - 9: T.Zuluft WRG warm	18.9
2021-03-11 22:40:58.0	Ana1 - 1: T.Au?en	6.2
2021-03-11 22:40:58.0	Ana2 - 2: T.Zuluft	14.8
2021-03-11 22:40:58.0	Ana3 - 3: T.Abluft	19.6
2021-03-11 22:40:58.0	Ana4 - 4: T.Fortluft	12.4
2021-03-11 22:40:58.0	Ana5 - 5: T.Raum	9999.9
2021-03-11 22:40:58.0	Ana9 - 9: T.Zuluft WRG warm	18.9
2021-03-11 22:41:08.0	Ana1 - 1: T.Au?en	6.2
2021-03-11 22:41:08.0	Ana2 - 2: T.Zuluft	14.8
2021-03-11 22:41:08.0	Ana3 - 3: T.Abluft	19.6
2021-03-11 22:41:08.0	Ana4 - 4: T.Fortluft	12.4
2021-03-11 22:41:08.0	Ana5 - 5: T.Raum	9999.9
2021-03-11 22:41:08.0	Ana9 - 9: T.Zuluft WRG warm	18.9
2021-03-11 22:41:18.0	Ana1 - 1: T.Au?en	6.2
2021-03-11 22:41:18.0	Ana2 - 2: T.Zuluft	14.8
2021-03-11 22:41:18.0	Ana3 - 3: T.Abluft	19.6
2021-03-11 22:41:18.0	Ana4 - 4: T.Fortluft	12.4
2021-03-11 22:41:18.0	Ana5 - 5: T.Raum	9999.9
2021-03-11 22:41:18.0	Ana9 - 9: T.Zuluft WRG warm	18.9
2021-03-11 22:41:28.0	Ana1 - 1: T.Au?en	6.2
2021-03-11 22:41:28.0	Ana2 - 2: T.Zuluft	14.8
2021-03-11 22:41:28.0	Ana3 - 3: T.Abluft	19.6
2021-03-11 22:41:28.0	Ana4 - 4: T.Fortluft	12.4
2021-03-11 22:41:28.0	Ana5 - 5: T.Raum	9999.9
2021-03-11 22:41:28.0	Ana9 - 9: T.Zuluft WRG warm	18.9
2021-03-11 22:41:38.0	Ana1 - 1: T.Au?en	6.2
2021-03-11 22:41:38.0	Ana2 - 2: T.Zuluft	14.8
2021-03-11 22:41:38.0	Ana3 - 3: T.Abluft	19.6
2021-03-11 22:41:38.0	Ana4 - 4: T.Fortluft	12.4
2021-03-11 22:41:38.0	Ana5 - 5: T.Raum	9999.9
2021-03-11 22:41:38.0	Ana9 - 9: T.Zuluft WRG warm	18.9
2021-03-11 22:41:48.0	Ana1 - 1: T.Au?en	6.1
2021-03-11 22:41:48.0	Ana2 - 2: T.Zuluft	14.8
2021-03-11 22:41:48.0	Ana3 - 3: T.Abluft	19.6
2021-03-11 22:41:48.0	Ana4 - 4: T.Fortluft	12.4
2021-03-11 22:41:48.0	Ana5 - 5: T.Raum	9999.9
2021-03-11 22:41:48.0	Ana9 - 9: T.Zuluft WRG warm	18.9
2021-03-11 22:41:58.0	Ana1 - 1: T.Au?en	6.1
2021-03-11 22:41:58.0	Ana2 - 2: T.Zuluft	14.8
2021-03-11 22:41:58.0	Ana3 - 3: T.Abluft	19.6
2021-03-11 22:41:58.0	Ana4 - 4: T.Fortluft	12.4
2021-03-11 22:41:58.0	Ana5 - 5: T.Raum	9999.9
2021-03-11 22:41:58.0	Ana9 - 9: T.Zuluft WRG warm	18.9
2021-03-11 22:42:08.0	Ana1 - 1: T.Au?en	6.1
2021-03-11 22:42:08.0	Ana2 - 2: T.Zuluft	14.8
2021-03-11 22:42:08.0	Ana3 - 3: T.Abluft	19.6
2021-03-11 22:42:08.0	Ana4 - 4: T.Fortluft	12.4
2021-03-11 22:42:08.0	Ana5 - 5: T.Raum	9999.9
2021-03-11 22:42:08.0	Ana9 - 9: T.Zuluft WRG warm	18.9
2021-03-11 22:42:18.0	Ana1 - 1: T.Au?en	6.1
2021-03-11 22:42:18.0	Ana2 - 2: T.Zuluft	14.8
2021-03-11 22:42:18.0	Ana3 - 3: T.Abluft	19.6
2021-03-11 22:42:18.0	Ana4 - 4: T.Fortluft	12.4
2021-03-11 22:42:18.0	Ana5 - 5: T.Raum	9999.9
2021-03-11 22:42:18.0	Ana9 - 9: T.Zuluft WRG warm	18.9
2021-03-11 22:42:28.0	Ana1 - 1: T.Au?en	6.1
2021-03-11 22:42:28.0	Ana2 - 2: T.Zuluft	14.8
2021-03-11 22:42:28.0	Ana3 - 3: T.Abluft	19.6
2021-03-11 22:42:28.0	Ana4 - 4: T.Fortluft	12.4
2021-03-11 22:42:28.0	Ana5 - 5: T.Raum	9999.9
2021-03-11 22:42:28.0	Ana9 - 9: T.Zuluft WRG warm	18.9
2021-03-11 22:42:38.0	Ana1 - 1: T.Au?en	6.1
2021-03-11 22:42:38.0	Ana2 - 2: T.Zuluft	14.8
2021-03-11 22:42:38.0	Ana3 - 3: T.Abluft	19.6
2021-03-11 22:42:38.0	Ana4 - 4: T.Fortluft	12.4
2021-03-11 22:42:38.0	Ana5 - 5: T.Raum	9999.9
2021-03-11 22:42:38.0	Ana9 - 9: T.Zuluft WRG warm	18.9
2021-03-11 22:42:48.0	Ana1 - 1: T.Au?en	6.1
2021-03-11 22:42:48.0	Ana2 - 2: T.Zuluft	14.8
2021-03-11 22:42:48.0	Ana3 - 3: T.Abluft	19.6
2021-03-11 22:42:48.0	Ana4 - 4: T.Fortluft	12.4
2021-03-11 22:42:48.0	Ana5 - 5: T.Raum	9999.9
2021-03-11 22:42:48.0	Ana9 - 9: T.Zuluft WRG warm	18.8
2021-03-11 22:42:58.0	Ana1 - 1: T.Au?en	6.1
2021-03-11 22:42:58.0	Ana2 - 2: T.Zuluft	14.8
2021-03-11 22:42:58.0	Ana3 - 3: T.Abluft	19.6
2021-03-11 22:42:58.0	Ana4 - 4: T.Fortluft	12.4
2021-03-11 22:42:58.0	Ana5 - 5: T.Raum	9999.9
2021-03-11 22:42:58.0	Ana9 - 9: T.Zuluft WRG warm	18.8
2021-03-11 22:43:08.0	Ana1 - 1: T.Au?en	6.1
2021-03-11 22:43:08.0	Ana2 - 2: T.Zuluft	14.8
2021-03-11 22:43:08.0	Ana3 - 3: T.Abluft	19.6
2021-03-11 22:43:08.0	Ana4 - 4: T.Fortluft	12.4
2021-03-11 22:43:08.0	Ana5 - 5: T.Raum	9999.9
2021-03-11 22:43:08.0	Ana9 - 9: T.Zuluft WRG warm	18.9
2021-03-11 22:43:18.0	Ana1 - 1: T.Au?en	6.0
2021-03-11 22:43:18.0	Ana2 - 2: T.Zuluft	14.8
2021-03-11 22:43:18.0	Ana3 - 3: T.Abluft	19.6
2021-03-11 22:43:18.0	Ana4 - 4: T.Fortluft	12.4
2021-03-11 22:43:18.0	Ana5 - 5: T.Raum	9999.9
2021-03-11 22:43:18.0	Ana9 - 9: T.Zuluft WRG warm	18.9
2021-03-11 22:43:28.0	Ana1 - 1: T.Au?en	6.0
2021-03-11 22:43:28.0	Ana2 - 2: T.Zuluft	14.7
2021-03-11 22:43:28.0	Ana3 - 3: T.Abluft	19.6
2021-03-11 22:43:28.0	Ana4 - 4: T.Fortluft	12.4
2021-03-11 22:43:28.0	Ana5 - 5: T.Raum	9999.9
2021-03-11 22:43:28.0	Ana9 - 9: T.Zuluft WRG warm	18.8
2021-03-11 22:43:38.0	Ana1 - 1: T.Au?en	6.0
2021-03-11 22:43:38.0	Ana2 - 2: T.Zuluft	14.7
2021-03-11 22:43:38.0	Ana3 - 3: T.Abluft	19.6
2021-03-11 22:43:38.0	Ana4 - 4: T.Fortluft	12.4
2021-03-11 22:43:38.0	Ana5 - 5: T.Raum	9999.9
2021-03-11 22:43:38.0	Ana9 - 9: T.Zuluft WRG warm	18.8
2021-03-11 22:43:48.0	Ana1 - 1: T.Au?en	6.1
2021-03-11 22:43:48.0	Ana2 - 2: T.Zuluft	14.7
2021-03-11 22:43:48.0	Ana3 - 3: T.Abluft	19.6
2021-03-11 22:43:48.0	Ana4 - 4: T.Fortluft	12.4
2021-03-11 22:43:48.0	Ana5 - 5: T.Raum	9999.9
2021-03-11 22:43:48.0	Ana9 - 9: T.Zuluft WRG warm	18.9
2021-03-11 22:43:58.0	Ana1 - 1: T.Au?en	6.1
2021-03-11 22:43:58.0	Ana2 - 2: T.Zuluft	14.8
2021-03-11 22:43:58.0	Ana3 - 3: T.Abluft	19.6
2021-03-11 22:43:58.0	Ana4 - 4: T.Fortluft	12.4
2021-03-11 22:43:58.0	Ana5 - 5: T.Raum	9999.9
2021-03-11 22:43:58.0	Ana9 - 9: T.Zuluft WRG warm	18.8
2021-03-11 22:44:08.0	Ana1 - 1: T.Au?en	6.1
2021-03-11 22:44:08.0	Ana2 - 2: T.Zuluft	14.7
2021-03-11 22:44:08.0	Ana3 - 3: T.Abluft	19.6
2021-03-11 22:44:08.0	Ana4 - 4: T.Fortluft	12.4
2021-03-11 22:44:08.0	Ana5 - 5: T.Raum	9999.9
2021-03-11 22:44:08.0	Ana9 - 9: T.Zuluft WRG warm	18.8
2021-03-11 22:44:18.0	Ana1 - 1: T.Au?en	6.1
2021-03-11 22:44:18.0	Ana2 - 2: T.Zuluft	14.7
2021-03-11 22:44:18.0	Ana3 - 3: T.Abluft	19.6
2021-03-11 22:44:18.0	Ana4 - 4: T.Fortluft	12.3
2021-03-11 22:44:18.0	Ana5 - 5: T.Raum	9999.9
2021-03-11 22:44:18.0	Ana9 - 9: T.Zuluft WRG warm	18.8
2021-03-11 22:44:28.0	Ana1 - 1: T.Au?en	6.1
2021-03-11 22:44:28.0	Ana2 - 2: T.Zuluft	14.7
2021-03-11 22:44:28.0	Ana3 - 3: T.Abluft	19.6
2021-03-11 22:44:28.0	Ana4 - 4: T.Fortluft	12.4
2021-03-11 22:44:28.0	Ana5 - 5: T.Raum	9999.9
2021-03-11 22:44:28.0	Ana9 - 9: T.Zuluft WRG warm	18.8
2021-03-11 22:44:38.0	Ana1 - 1: T.Au?en	6.1
2021-03-11 22:44:38.0	Ana2 - 2: T.Zuluft	14.7
2021-03-11 22:44:38.0	Ana3 - 3: T.Abluft	19.6
2021-03-11 22:44:38.0	Ana4 - 4: T.Fortluft	12.3
2021-03-11 22:44:38.0	Ana5 - 5: T.Raum	9999.9
2021-03-11 22:44:38.0	Ana9 - 9: T.Zuluft WRG warm	18.8
2021-03-11 22:44:48.0	Ana1 - 1: T.Au?en	6.1
2021-03-11 22:44:48.0	Ana2 - 2: T.Zuluft	14.7
2021-03-11 22:44:48.0	Ana3 - 3: T.Abluft	19.6
2021-03-11 22:44:48.0	Ana4 - 4: T.Fortluft	12.3
2021-03-11 22:44:48.0	Ana5 - 5: T.Raum	9999.9
2021-03-11 22:44:48.0	Ana9 - 9: T.Zuluft WRG warm	18.8
2021-03-11 22:44:58.0	Ana1 - 1: T.Au?en	6.1
2021-03-11 22:44:58.0	Ana2 - 2: T.Zuluft	14.7
2021-03-11 22:44:58.0	Ana3 - 3: T.Abluft	19.6
2021-03-11 22:44:58.0	Ana4 - 4: T.Fortluft	12.4
2021-03-11 22:44:58.0	Ana5 - 5: T.Raum	9999.9
2021-03-11 22:44:58.0	Ana9 - 9: T.Zuluft WRG warm	18.8
2021-03-11 22:45:08.0	Ana1 - 1: T.Au?en	6.1
2021-03-11 22:45:08.0	Ana2 - 2: T.Zuluft	14.7
2021-03-11 22:45:08.0	Ana3 - 3: T.Abluft	19.6
2021-03-11 22:45:08.0	Ana4 - 4: T.Fortluft	12.3
2021-03-11 22:45:08.0	Ana5 - 5: T.Raum	9999.9
2021-03-11 22:45:08.0	Ana9 - 9: T.Zuluft WRG warm	18.8
2021-03-11 22:45:18.0	Ana1 - 1: T.Au?en	6.1
2021-03-11 22:45:18.0	Ana2 - 2: T.Zuluft	14.7
2021-03-11 22:45:18.0	Ana3 - 3: T.Abluft	19.6
2021-03-11 22:45:18.0	Ana4 - 4: T.Fortluft	12.3
2021-03-11 22:45:18.0	Ana5 - 5: T.Raum	9999.9
2021-03-11 22:45:18.0	Ana9 - 9: T.Zuluft WRG warm	18.8
2021-03-11 22:45:28.0	Ana1 - 1: T.Au?en	6.0
2021-03-11 22:45:28.0	Ana2 - 2: T.Zuluft	14.7
2021-03-11 22:45:28.0	Ana3 - 3: T.Abluft	19.5
2021-03-11 22:45:28.0	Ana4 - 4: T.Fortluft	12.3
2021-03-11 22:45:28.0	Ana5 - 5: T.Raum	9999.9
2021-03-11 22:45:28.0	Ana9 - 9: T.Zuluft WRG warm	18.8
2021-03-11 22:45:38.0	Ana1 - 1: T.Au?en	6.0
2021-03-11 22:45:38.0	Ana2 - 2: T.Zuluft	14.7
2021-03-11 22:45:38.0	Ana3 - 3: T.Abluft	19.5
2021-03-11 22:45:38.0	Ana4 - 4: T.Fortluft	12.3
2021-03-11 22:45:38.0	Ana5 - 5: T.Raum	9999.9
2021-03-11 22:45:38.0	Ana9 - 9: T.Zuluft WRG warm	18.8
2021-03-11 22:45:48.0	Ana1 - 1: T.Au?en	6.0
2021-03-11 22:45:48.0	Ana2 - 2: T.Zuluft	14.7
2021-03-11 22:45:48.0	Ana3 - 3: T.Abluft	19.6
2021-03-11 22:45:48.0	Ana4 - 4: T.Fortluft	12.3
2021-03-11 22:45:48.0	Ana5 - 5: T.Raum	9999.9
2021-03-11 22:45:48.0	Ana9 - 9: T.Zuluft WRG warm	18.8
2021-03-11 22:45:58.0	Ana1 - 1: T.Au?en	6.0
2021-03-11 22:45:58.0	Ana2 - 2: T.Zuluft	14.7
2021-03-11 22:45:58.0	Ana3 - 3: T.Abluft	19.5
2021-03-11 22:45:58.0	Ana4 - 4: T.Fortluft	12.3
2021-03-11 22:45:58.0	Ana5 - 5: T.Raum	9999.9
2021-03-11 22:45:58.0	Ana9 - 9: T.Zuluft WRG warm	18.8
2021-03-11 22:46:08.0	Ana1 - 1: T.Au?en	6.0
2021-03-11 22:46:08.0	Ana2 - 2: T.Zuluft	14.7
2021-03-11 22:46:08.0	Ana3 - 3: T.Abluft	19.6
2021-03-11 22:46:08.0	Ana4 - 4: T.Fortluft	12.3
2021-03-11 22:46:08.0	Ana5 - 5: T.Raum	9999.9
2021-03-11 22:46:08.0	Ana9 - 9: T.Zuluft WRG warm	18.8
2021-03-11 22:46:18.0	Ana1 - 1: T.Au?en	6.0
2021-03-11 22:46:18.0	Ana2 - 2: T.Zuluft	14.7
2021-03-11 22:46:18.0	Ana3 - 3: T.Abluft	19.6
2021-03-11 22:46:18.0	Ana4 - 4: T.Fortluft	12.3
2021-03-11 22:46:18.0	Ana5 - 5: T.Raum	9999.9
2021-03-11 22:46:18.0	Ana9 - 9: T.Zuluft WRG warm	18.8
2021-03-11 22:46:28.0	Ana1 - 1: T.Au?en	6.0
2021-03-11 22:46:28.0	Ana2 - 2: T.Zuluft	14.7
2021-03-11 22:46:28.0	Ana3 - 3: T.Abluft	19.6
2021-03-11 22:46:28.0	Ana4 - 4: T.Fortluft	12.3
2021-03-11 22:46:28.0	Ana5 - 5: T.Raum	9999.9
2021-03-11 22:46:28.0	Ana9 - 9: T.Zuluft WRG warm	18.8
2021-03-11 22:46:38.0	Ana1 - 1: T.Au?en	6.0
2021-03-11 22:46:38.0	Ana2 - 2: T.Zuluft	14.7
2021-03-11 22:46:38.0	Ana3 - 3: T.Abluft	19.6
2021-03-11 22:46:38.0	Ana4 - 4: T.Fortluft	12.3
2021-03-11 22:46:38.0	Ana5 - 5: T.Raum	9999.9
2021-03-11 22:46:38.0	Ana9 - 9: T.Zuluft WRG warm	18.8
2021-03-11 22:46:48.0	Ana1 - 1: T.Au?en	6.0
2021-03-11 22:46:48.0	Ana2 - 2: T.Zuluft	14.7
2021-03-11 22:46:48.0	Ana3 - 3: T.Abluft	19.6
2021-03-11 22:46:48.0	Ana4 - 4: T.Fortluft	12.3
2021-03-11 22:46:48.0	Ana5 - 5: T.Raum	9999.9
2021-03-11 22:46:48.0	Ana9 - 9: T.Zuluft WRG warm	18.8
2021-03-11 22:46:58.0	Ana1 - 1: T.Au?en	6.0
2021-03-11 22:46:58.0	Ana2 - 2: T.Zuluft	14.7
2021-03-11 22:46:58.0	Ana3 - 3: T.Abluft	19.5
2021-03-11 22:46:58.0	Ana4 - 4: T.Fortluft	12.3
2021-03-11 22:46:58.0	Ana5 - 5: T.Raum	9999.9
2021-03-11 22:46:58.0	Ana9 - 9: T.Zuluft WRG warm	18.8
2021-03-11 22:47:08.0	Ana1 - 1: T.Au?en	6.0
2021-03-11 22:47:08.0	Ana2 - 2: T.Zuluft	14.7
2021-03-11 22:47:08.0	Ana3 - 3: T.Abluft	19.5
2021-03-11 22:47:08.0	Ana4 - 4: T.Fortluft	12.3
2021-03-11 22:47:08.0	Ana5 - 5: T.Raum	9999.9
2021-03-11 22:47:08.0	Ana9 - 9: T.Zuluft WRG warm	18.8
2021-03-11 22:47:18.0	Ana1 - 1: T.Au?en	6.1
2021-03-11 22:47:18.0	Ana2 - 2: T.Zuluft	14.7
2021-03-11 22:47:18.0	Ana3 - 3: T.Abluft	19.5
2021-03-11 22:47:18.0	Ana4 - 4: T.Fortluft	12.3
2021-03-11 22:47:18.0	Ana5 - 5: T.Raum	9999.9
2021-03-11 22:47:18.0	Ana9 - 9: T.Zuluft WRG warm	18.8
2021-03-11 22:47:28.0	Ana1 - 1: T.Au?en	6.1
2021-03-11 22:47:28.0	Ana2 - 2: T.Zuluft	14.7
2021-03-11 22:47:28.0	Ana3 - 3: T.Abluft	19.5
2021-03-11 22:47:28.0	Ana4 - 4: T.Fortluft	12.3
2021-03-11 22:47:28.0	Ana5 - 5: T.Raum	9999.9
2021-03-11 22:47:28.0	Ana9 - 9: T.Zuluft WRG warm	18.8
2021-03-11 22:47:38.0	Ana1 - 1: T.Au?en	6.1
2021-03-11 22:47:38.0	Ana2 - 2: T.Zuluft	14.7
2021-03-11 22:47:38.0	Ana3 - 3: T.Abluft	19.5
2021-03-11 22:47:38.0	Ana4 - 4: T.Fortluft	12.3
2021-03-11 22:47:38.0	Ana5 - 5: T.Raum	9999.9
2021-03-11 22:47:38.0	Ana9 - 9: T.Zuluft WRG warm	18.8
2021-03-11 22:47:48.0	Ana1 - 1: T.Au?en	6.1
2021-03-11 22:47:48.0	Ana2 - 2: T.Zuluft	14.7
2021-03-11 22:47:48.0	Ana3 - 3: T.Abluft	19.5
2021-03-11 22:47:48.0	Ana4 - 4: T.Fortluft	12.3
2021-03-11 22:47:48.0	Ana5 - 5: T.Raum	9999.9
2021-03-11 22:47:48.0	Ana9 - 9: T.Zuluft WRG warm	18.8
2021-03-11 22:47:58.0	Ana1 - 1: T.Au?en	6.1
2021-03-11 22:47:58.0	Ana2 - 2: T.Zuluft	14.7
2021-03-11 22:47:58.0	Ana3 - 3: T.Abluft	19.5
2021-03-11 22:47:58.0	Ana4 - 4: T.Fortluft	12.3
2021-03-11 22:47:58.0	Ana5 - 5: T.Raum	9999.9
2021-03-11 22:47:58.0	Ana9 - 9: T.Zuluft WRG warm	18.8
2021-03-11 22:48:08.0	Ana1 - 1: T.Au?en	6.0
2021-03-11 22:48:08.0	Ana2 - 2: T.Zuluft	14.7
2021-03-11 22:48:08.0	Ana3 - 3: T.Abluft	19.5
2021-03-11 22:48:08.0	Ana4 - 4: T.Fortluft	12.3
2021-03-11 22:48:08.0	Ana5 - 5: T.Raum	9999.9
2021-03-11 22:48:08.0	Ana9 - 9: T.Zuluft WRG warm	18.8
2021-03-11 22:48:18.0	Ana1 - 1: T.Au?en	6.0
2021-03-11 22:48:18.0	Ana2 - 2: T.Zuluft	14.7
2021-03-11 22:48:18.0	Ana3 - 3: T.Abluft	19.5
2021-03-11 22:48:18.0	Ana4 - 4: T.Fortluft	12.3
2021-03-11 22:48:18.0	Ana5 - 5: T.Raum	9999.9
2021-03-11 22:48:18.0	Ana9 - 9: T.Zuluft WRG warm	18.8
2021-03-11 22:48:28.0	Ana1 - 1: T.Au?en	6.0
2021-03-11 22:48:28.0	Ana2 - 2: T.Zuluft	14.7
2021-03-11 22:48:28.0	Ana3 - 3: T.Abluft	19.5
2021-03-11 22:48:28.0	Ana4 - 4: T.Fortluft	12.3
2021-03-11 22:48:28.0	Ana5 - 5: T.Raum	9999.9
2021-03-11 22:48:28.0	Ana9 - 9: T.Zuluft WRG warm	18.8
2021-03-11 22:48:38.0	Ana1 - 1: T.Au?en	6.0
2021-03-11 22:48:38.0	Ana2 - 2: T.Zuluft	14.7
2021-03-11 22:48:38.0	Ana3 - 3: T.Abluft	19.5
2021-03-11 22:48:38.0	Ana4 - 4: T.Fortluft	12.3
2021-03-11 22:48:38.0	Ana5 - 5: T.Raum	9999.9
2021-03-11 22:48:38.0	Ana9 - 9: T.Zuluft WRG warm	18.8
2021-03-11 22:48:48.0	Ana1 - 1: T.Au?en	6.0
2021-03-11 22:48:48.0	Ana2 - 2: T.Zuluft	14.7
2021-03-11 22:48:48.0	Ana3 - 3: T.Abluft	19.5
2021-03-11 22:48:48.0	Ana4 - 4: T.Fortluft	12.3
2021-03-11 22:48:48.0	Ana5 - 5: T.Raum	9999.9
2021-03-11 22:48:48.0	Ana9 - 9: T.Zuluft WRG warm	18.8
2021-03-11 22:48:58.0	Ana1 - 1: T.Au?en	6.0
2021-03-11 22:48:58.0	Ana2 - 2: T.Zuluft	14.7
2021-03-11 22:48:58.0	Ana3 - 3: T.Abluft	19.5
2021-03-11 22:48:58.0	Ana4 - 4: T.Fortluft	12.3
2021-03-11 22:48:58.0	Ana5 - 5: T.Raum	9999.9
2021-03-11 22:48:58.0	Ana9 - 9: T.Zuluft WRG warm	18.8
2021-03-11 22:49:08.0	Ana1 - 1: T.Au?en	6.0
2021-03-11 22:49:08.0	Ana2 - 2: T.Zuluft	14.7
2021-03-11 22:49:08.0	Ana3 - 3: T.Abluft	19.5
2021-03-11 22:49:08.0	Ana4 - 4: T.Fortluft	12.3
2021-03-11 22:49:08.0	Ana5 - 5: T.Raum	9999.9
2021-03-11 22:49:08.0	Ana9 - 9: T.Zuluft WRG warm	18.8
2021-03-11 22:49:18.0	Ana1 - 1: T.Au?en	6.0
2021-03-11 22:49:18.0	Ana2 - 2: T.Zuluft	14.7
2021-03-11 22:49:18.0	Ana3 - 3: T.Abluft	19.5
2021-03-11 22:49:18.0	Ana4 - 4: T.Fortluft	12.3
2021-03-11 22:49:18.0	Ana5 - 5: T.Raum	9999.9
2021-03-11 22:49:18.0	Ana9 - 9: T.Zuluft WRG warm	18.8
2021-03-11 22:49:28.0	Ana1 - 1: T.Au?en	6.0
2021-03-11 22:49:28.0	Ana2 - 2: T.Zuluft	14.7
2021-03-11 22:49:28.0	Ana3 - 3: T.Abluft	19.5
2021-03-11 22:49:28.0	Ana4 - 4: T.Fortluft	12.3
2021-03-11 22:49:28.0	Ana5 - 5: T.Raum	9999.9
2021-03-11 22:49:28.0	Ana9 - 9: T.Zuluft WRG warm	18.8
2021-03-11 22:49:38.0	Ana1 - 1: T.Au?en	6.0
2021-03-11 22:49:38.0	Ana2 - 2: T.Zuluft	14.7
2021-03-11 22:49:38.0	Ana3 - 3: T.Abluft	19.5
2021-03-11 22:49:38.0	Ana4 - 4: T.Fortluft	12.3
2021-03-11 22:49:38.0	Ana5 - 5: T.Raum	9999.9
2021-03-11 22:49:38.0	Ana9 - 9: T.Zuluft WRG warm	18.8
2021-03-11 22:49:48.0	Ana1 - 1: T.Au?en	6.0
2021-03-11 22:49:48.0	Ana2 - 2: T.Zuluft	14.7
2021-03-11 22:49:48.0	Ana3 - 3: T.Abluft	19.5
2021-03-11 22:49:48.0	Ana4 - 4: T.Fortluft	12.3
2021-03-11 22:49:48.0	Ana5 - 5: T.Raum	9999.9
2021-03-11 22:49:48.0	Ana9 - 9: T.Zuluft WRG warm	18.8
2021-03-11 22:49:58.0	Ana1 - 1: T.Au?en	6.0
2021-03-11 22:49:58.0	Ana2 - 2: T.Zuluft	14.7
2021-03-11 22:49:58.0	Ana3 - 3: T.Abluft	19.5
2021-03-11 22:49:58.0	Ana4 - 4: T.Fortluft	12.3
2021-03-11 22:49:58.0	Ana5 - 5: T.Raum	9999.9
2021-03-11 22:49:58.0	Ana9 - 9: T.Zuluft WRG warm	18.8
2021-03-11 22:50:08.0	Ana1 - 1: T.Au?en	6.0
2021-03-11 22:50:08.0	Ana2 - 2: T.Zuluft	14.7
2021-03-11 22:50:08.0	Ana3 - 3: T.Abluft	19.5
2021-03-11 22:50:08.0	Ana4 - 4: T.Fortluft	12.3
2021-03-11 22:50:08.0	Ana5 - 5: T.Raum	9999.9
2021-03-11 22:50:08.0	Ana9 - 9: T.Zuluft WRG warm	18.8
2021-03-11 22:50:18.0	Ana1 - 1: T.Au?en	6.0
2021-03-11 22:50:18.0	Ana2 - 2: T.Zuluft	14.7
2021-03-11 22:50:18.0	Ana3 - 3: T.Abluft	19.5
2021-03-11 22:50:18.0	Ana4 - 4: T.Fortluft	12.3
2021-03-11 22:50:18.0	Ana5 - 5: T.Raum	9999.9
2021-03-11 22:50:18.0	Ana9 - 9: T.Zuluft WRG warm	18.8
2021-03-11 22:50:28.0	Ana1 - 1: T.Au?en	6.0
2021-03-11 22:50:28.0	Ana2 - 2: T.Zuluft	14.7
2021-03-11 22:50:28.0	Ana3 - 3: T.Abluft	19.5
2021-03-11 22:50:28.0	Ana4 - 4: T.Fortluft	12.3
2021-03-11 22:50:28.0	Ana5 - 5: T.Raum	9999.9
2021-03-11 22:50:28.0	Ana9 - 9: T.Zuluft WRG warm	18.8
2021-03-11 22:50:38.0	Ana1 - 1: T.Au?en	6.0
2021-03-11 22:50:38.0	Ana2 - 2: T.Zuluft	14.7
2021-03-11 22:50:38.0	Ana3 - 3: T.Abluft	19.5
2021-03-11 22:50:38.0	Ana4 - 4: T.Fortluft	12.3
2021-03-11 22:50:38.0	Ana5 - 5: T.Raum	9999.9
2021-03-11 22:50:38.0	Ana9 - 9: T.Zuluft WRG warm	18.8
2021-03-11 22:50:48.0	Ana1 - 1: T.Au?en	6.0
2021-03-11 22:50:48.0	Ana2 - 2: T.Zuluft	14.6
2021-03-11 22:50:48.0	Ana3 - 3: T.Abluft	19.5
2021-03-11 22:50:48.0	Ana4 - 4: T.Fortluft	12.3
2021-03-11 22:50:48.0	Ana5 - 5: T.Raum	9999.9
2021-03-11 22:50:48.0	Ana9 - 9: T.Zuluft WRG warm	18.8
2021-03-11 22:50:58.0	Ana1 - 1: T.Au?en	6.0
2021-03-11 22:50:58.0	Ana2 - 2: T.Zuluft	14.6
2021-03-11 22:50:58.0	Ana3 - 3: T.Abluft	19.5
2021-03-11 22:50:58.0	Ana4 - 4: T.Fortluft	12.3
2021-03-11 22:50:58.0	Ana5 - 5: T.Raum	9999.9
2021-03-11 22:50:58.0	Ana9 - 9: T.Zuluft WRG warm	18.8
2021-03-11 22:51:08.0	Ana1 - 1: T.Au?en	5.9
2021-03-11 22:51:08.0	Ana2 - 2: T.Zuluft	14.6
2021-03-11 22:51:08.0	Ana3 - 3: T.Abluft	19.5
2021-03-11 22:51:08.0	Ana4 - 4: T.Fortluft	12.3
2021-03-11 22:51:08.0	Ana5 - 5: T.Raum	9999.9
2021-03-11 22:51:08.0	Ana9 - 9: T.Zuluft WRG warm	18.8
2021-03-11 22:51:18.0	Ana1 - 1: T.Au?en	5.9
2021-03-11 22:51:18.0	Ana2 - 2: T.Zuluft	14.6
2021-03-11 22:51:18.0	Ana3 - 3: T.Abluft	19.5
2021-03-11 22:51:18.0	Ana4 - 4: T.Fortluft	12.3
2021-03-11 22:51:18.0	Ana5 - 5: T.Raum	9999.9
2021-03-11 22:51:18.0	Ana9 - 9: T.Zuluft WRG warm	18.8
2021-03-11 22:51:28.0	Ana1 - 1: T.Au?en	5.9
2021-03-11 22:51:28.0	Ana2 - 2: T.Zuluft	14.6
2021-03-11 22:51:28.0	Ana3 - 3: T.Abluft	19.5
2021-03-11 22:51:28.0	Ana4 - 4: T.Fortluft	12.2
2021-03-11 22:51:28.0	Ana5 - 5: T.Raum	9999.9
2021-03-11 22:51:28.0	Ana9 - 9: T.Zuluft WRG warm	18.8
2021-03-11 22:51:38.0	Ana1 - 1: T.Au?en	5.9
2021-03-11 22:51:38.0	Ana2 - 2: T.Zuluft	14.6
2021-03-11 22:51:38.0	Ana3 - 3: T.Abluft	19.5
2021-03-11 22:51:38.0	Ana4 - 4: T.Fortluft	12.2
2021-03-11 22:51:38.0	Ana5 - 5: T.Raum	9999.9
2021-03-11 22:51:38.0	Ana9 - 9: T.Zuluft WRG warm	18.8
2021-03-11 22:51:48.0	Ana1 - 1: T.Au?en	5.9
2021-03-11 22:51:48.0	Ana2 - 2: T.Zuluft	14.6
2021-03-11 22:51:48.0	Ana3 - 3: T.Abluft	19.5
2021-03-11 22:51:48.0	Ana4 - 4: T.Fortluft	12.2
2021-03-11 22:51:48.0	Ana5 - 5: T.Raum	9999.9
2021-03-11 22:51:48.0	Ana9 - 9: T.Zuluft WRG warm	18.8
2021-03-11 22:51:58.0	Ana1 - 1: T.Au?en	5.9
2021-03-11 22:51:58.0	Ana2 - 2: T.Zuluft	14.6
2021-03-11 22:51:58.0	Ana3 - 3: T.Abluft	19.5
2021-03-11 22:51:58.0	Ana4 - 4: T.Fortluft	12.2
2021-03-11 22:51:58.0	Ana5 - 5: T.Raum	9999.9
2021-03-11 22:51:58.0	Ana9 - 9: T.Zuluft WRG warm	18.8
2021-03-11 22:52:08.0	Ana1 - 1: T.Au?en	5.9
2021-03-11 22:52:08.0	Ana2 - 2: T.Zuluft	14.6
2021-03-11 22:52:08.0	Ana3 - 3: T.Abluft	19.5
2021-03-11 22:52:08.0	Ana4 - 4: T.Fortluft	12.2
2021-03-11 22:52:08.0	Ana5 - 5: T.Raum	9999.9
2021-03-11 22:52:08.0	Ana9 - 9: T.Zuluft WRG warm	18.8
2021-03-11 22:52:18.0	Ana1 - 1: T.Au?en	5.9
2021-03-11 22:52:18.0	Ana2 - 2: T.Zuluft	14.6
2021-03-11 22:52:18.0	Ana3 - 3: T.Abluft	19.5
2021-03-11 22:52:18.0	Ana4 - 4: T.Fortluft	12.2
2021-03-11 22:52:18.0	Ana5 - 5: T.Raum	9999.9
2021-03-11 22:52:18.0	Ana9 - 9: T.Zuluft WRG warm	18.8
2021-03-11 22:52:28.0	Ana1 - 1: T.Au?en	5.9
2021-03-11 22:52:28.0	Ana2 - 2: T.Zuluft	14.6
2021-03-11 22:52:28.0	Ana3 - 3: T.Abluft	19.5
2021-03-11 22:52:28.0	Ana4 - 4: T.Fortluft	12.2
2021-03-11 22:52:28.0	Ana5 - 5: T.Raum	9999.9
2021-03-11 22:52:28.0	Ana9 - 9: T.Zuluft WRG warm	18.8
2021-03-11 22:52:38.0	Ana1 - 1: T.Au?en	5.9
2021-03-11 22:52:38.0	Ana2 - 2: T.Zuluft	14.6
2021-03-11 22:52:38.0	Ana3 - 3: T.Abluft	19.5
2021-03-11 22:52:38.0	Ana4 - 4: T.Fortluft	12.2
2021-03-11 22:52:38.0	Ana5 - 5: T.Raum	9999.9
2021-03-11 22:52:38.0	Ana9 - 9: T.Zuluft WRG warm	18.8
2021-03-11 22:52:48.0	Ana1 - 1: T.Au?en	5.9
2021-03-11 22:52:48.0	Ana2 - 2: T.Zuluft	14.6
2021-03-11 22:52:48.0	Ana3 - 3: T.Abluft	19.5
2021-03-11 22:52:48.0	Ana4 - 4: T.Fortluft	12.2
2021-03-11 22:52:48.0	Ana5 - 5: T.Raum	9999.9
2021-03-11 22:52:48.0	Ana9 - 9: T.Zuluft WRG warm	18.8
2021-03-11 22:52:58.0	Ana1 - 1: T.Au?en	5.9
2021-03-11 22:52:58.0	Ana2 - 2: T.Zuluft	14.6
2021-03-11 22:52:58.0	Ana3 - 3: T.Abluft	19.5
2021-03-11 22:52:58.0	Ana4 - 4: T.Fortluft	12.2
2021-03-11 22:52:58.0	Ana5 - 5: T.Raum	9999.9
2021-03-11 22:52:58.0	Ana9 - 9: T.Zuluft WRG warm	18.8
2021-03-11 22:53:08.0	Ana1 - 1: T.Au?en	5.9
2021-03-11 22:53:08.0	Ana2 - 2: T.Zuluft	14.6
2021-03-11 22:53:08.0	Ana3 - 3: T.Abluft	19.5
2021-03-11 22:53:08.0	Ana4 - 4: T.Fortluft	12.2
2021-03-11 22:53:08.0	Ana5 - 5: T.Raum	9999.9
2021-03-11 22:53:08.0	Ana9 - 9: T.Zuluft WRG warm	18.8
2021-03-11 22:53:18.0	Ana1 - 1: T.Au?en	5.9
2021-03-11 22:53:18.0	Ana2 - 2: T.Zuluft	14.6
2021-03-11 22:53:18.0	Ana3 - 3: T.Abluft	19.5
2021-03-11 22:53:18.0	Ana4 - 4: T.Fortluft	12.2
2021-03-11 22:53:18.0	Ana5 - 5: T.Raum	9999.9
2021-03-11 22:53:18.0	Ana9 - 9: T.Zuluft WRG warm	18.8
2021-03-11 22:53:28.0	Ana1 - 1: T.Au?en	5.9
2021-03-11 22:53:28.0	Ana2 - 2: T.Zuluft	14.6
2021-03-11 22:53:28.0	Ana3 - 3: T.Abluft	19.5
2021-03-11 22:53:28.0	Ana4 - 4: T.Fortluft	12.2
2021-03-11 22:53:28.0	Ana5 - 5: T.Raum	9999.9
2021-03-11 22:53:28.0	Ana9 - 9: T.Zuluft WRG warm	18.8
2021-03-11 22:53:38.0	Ana1 - 1: T.Au?en	5.9
2021-03-11 22:53:38.0	Ana2 - 2: T.Zuluft	14.6
2021-03-11 22:53:38.0	Ana3 - 3: T.Abluft	19.5
2021-03-11 22:53:38.0	Ana4 - 4: T.Fortluft	12.2
2021-03-11 22:53:38.0	Ana5 - 5: T.Raum	9999.9
2021-03-11 22:53:38.0	Ana9 - 9: T.Zuluft WRG warm	18.8
2021-03-11 22:53:48.0	Ana1 - 1: T.Au?en	5.9
2021-03-11 22:53:48.0	Ana2 - 2: T.Zuluft	14.6
2021-03-11 22:53:48.0	Ana3 - 3: T.Abluft	19.5
2021-03-11 22:53:48.0	Ana4 - 4: T.Fortluft	12.2
2021-03-11 22:53:48.0	Ana5 - 5: T.Raum	9999.9
2021-03-11 22:53:48.0	Ana9 - 9: T.Zuluft WRG warm	18.8
2021-03-11 22:53:58.0	Ana1 - 1: T.Au?en	5.9
2021-03-11 22:53:58.0	Ana2 - 2: T.Zuluft	14.6
2021-03-11 22:53:58.0	Ana3 - 3: T.Abluft	19.5
2021-03-11 22:53:58.0	Ana4 - 4: T.Fortluft	12.2
2021-03-11 22:53:58.0	Ana5 - 5: T.Raum	9999.9
2021-03-11 22:53:58.0	Ana9 - 9: T.Zuluft WRG warm	18.8
2021-03-11 22:54:08.0	Ana1 - 1: T.Au?en	5.9
2021-03-11 22:54:08.0	Ana2 - 2: T.Zuluft	14.6
2021-03-11 22:54:08.0	Ana3 - 3: T.Abluft	19.5
2021-03-11 22:54:08.0	Ana4 - 4: T.Fortluft	12.2
2021-03-11 22:54:08.0	Ana5 - 5: T.Raum	9999.9
2021-03-11 22:54:08.0	Ana9 - 9: T.Zuluft WRG warm	18.8
2021-03-11 22:54:18.0	Ana1 - 1: T.Au?en	5.9
2021-03-11 22:54:18.0	Ana2 - 2: T.Zuluft	14.6
2021-03-11 22:54:18.0	Ana3 - 3: T.Abluft	19.5
2021-03-11 22:54:18.0	Ana4 - 4: T.Fortluft	12.2
2021-03-11 22:54:18.0	Ana5 - 5: T.Raum	9999.9
2021-03-11 22:54:18.0	Ana9 - 9: T.Zuluft WRG warm	18.8
2021-03-11 22:54:28.0	Ana1 - 1: T.Au?en	5.9
2021-03-11 22:54:28.0	Ana2 - 2: T.Zuluft	14.6
2021-03-11 22:54:28.0	Ana3 - 3: T.Abluft	19.5
2021-03-11 22:54:28.0	Ana4 - 4: T.Fortluft	12.2
2021-03-11 22:54:28.0	Ana5 - 5: T.Raum	9999.9
2021-03-11 22:54:28.0	Ana9 - 9: T.Zuluft WRG warm	18.8
2021-03-11 22:54:38.0	Ana1 - 1: T.Au?en	5.9
2021-03-11 22:54:38.0	Ana2 - 2: T.Zuluft	14.6
2021-03-11 22:54:38.0	Ana3 - 3: T.Abluft	19.5
2021-03-11 22:54:38.0	Ana4 - 4: T.Fortluft	12.2
2021-03-11 22:54:38.0	Ana5 - 5: T.Raum	9999.9
2021-03-11 22:54:38.0	Ana9 - 9: T.Zuluft WRG warm	18.8
2021-03-11 22:54:48.0	Ana1 - 1: T.Au?en	5.9
2021-03-11 22:54:48.0	Ana2 - 2: T.Zuluft	14.6
2021-03-11 22:54:48.0	Ana3 - 3: T.Abluft	19.5
2021-03-11 22:54:48.0	Ana4 - 4: T.Fortluft	12.2
2021-03-11 22:54:48.0	Ana5 - 5: T.Raum	9999.9
2021-03-11 22:54:48.0	Ana9 - 9: T.Zuluft WRG warm	18.8
2021-03-11 22:54:58.0	Ana1 - 1: T.Au?en	5.9
2021-03-11 22:54:58.0	Ana2 - 2: T.Zuluft	14.6
2021-03-11 22:54:58.0	Ana3 - 3: T.Abluft	19.5
2021-03-11 22:54:58.0	Ana4 - 4: T.Fortluft	12.2
2021-03-11 22:54:58.0	Ana5 - 5: T.Raum	9999.9
2021-03-11 22:54:58.0	Ana9 - 9: T.Zuluft WRG warm	18.8
2021-03-11 22:55:08.0	Ana1 - 1: T.Au?en	5.9
2021-03-11 22:55:08.0	Ana2 - 2: T.Zuluft	14.6
2021-03-11 22:55:08.0	Ana3 - 3: T.Abluft	19.5
2021-03-11 22:55:08.0	Ana4 - 4: T.Fortluft	12.2
2021-03-11 22:55:08.0	Ana5 - 5: T.Raum	9999.9
2021-03-11 22:55:08.0	Ana9 - 9: T.Zuluft WRG warm	18.8
2021-03-11 22:55:18.0	Ana1 - 1: T.Au?en	5.9
2021-03-11 22:55:18.0	Ana2 - 2: T.Zuluft	14.6
2021-03-11 22:55:18.0	Ana3 - 3: T.Abluft	19.5
2021-03-11 22:55:18.0	Ana4 - 4: T.Fortluft	12.2
2021-03-11 22:55:18.0	Ana5 - 5: T.Raum	9999.9
2021-03-11 22:55:18.0	Ana9 - 9: T.Zuluft WRG warm	18.8
2021-03-11 22:55:28.0	Ana1 - 1: T.Au?en	5.9
2021-03-11 22:55:28.0	Ana2 - 2: T.Zuluft	14.6
2021-03-11 22:55:28.0	Ana3 - 3: T.Abluft	19.5
2021-03-11 22:55:28.0	Ana4 - 4: T.Fortluft	12.2
2021-03-11 22:55:28.0	Ana5 - 5: T.Raum	9999.9
2021-03-11 22:55:28.0	Ana9 - 9: T.Zuluft WRG warm	18.8
2021-03-11 22:55:38.0	Ana1 - 1: T.Au?en	5.9
2021-03-11 22:55:38.0	Ana2 - 2: T.Zuluft	14.6
2021-03-11 22:55:38.0	Ana3 - 3: T.Abluft	19.5
2021-03-11 22:55:38.0	Ana4 - 4: T.Fortluft	12.2
2021-03-11 22:55:38.0	Ana5 - 5: T.Raum	9999.9
2021-03-11 22:55:38.0	Ana9 - 9: T.Zuluft WRG warm	18.8
2021-03-11 22:55:48.0	Ana1 - 1: T.Au?en	5.9
2021-03-11 22:55:48.0	Ana2 - 2: T.Zuluft	14.6
2021-03-11 22:55:48.0	Ana3 - 3: T.Abluft	19.5
2021-03-11 22:55:48.0	Ana4 - 4: T.Fortluft	12.2
2021-03-11 22:55:48.0	Ana5 - 5: T.Raum	9999.9
2021-03-11 22:55:48.0	Ana9 - 9: T.Zuluft WRG warm	18.8
2021-03-11 22:55:58.0	Ana1 - 1: T.Au?en	5.9
2021-03-11 22:55:58.0	Ana2 - 2: T.Zuluft	14.6
2021-03-11 22:55:58.0	Ana3 - 3: T.Abluft	19.5
2021-03-11 22:55:58.0	Ana4 - 4: T.Fortluft	12.2
2021-03-11 22:55:58.0	Ana5 - 5: T.Raum	9999.9
2021-03-11 22:55:58.0	Ana9 - 9: T.Zuluft WRG warm	18.8
2021-03-11 22:56:08.0	Ana1 - 1: T.Au?en	5.9
2021-03-11 22:56:08.0	Ana2 - 2: T.Zuluft	14.6
2021-03-11 22:56:08.0	Ana3 - 3: T.Abluft	19.5
2021-03-11 22:56:08.0	Ana4 - 4: T.Fortluft	12.2
2021-03-11 22:56:08.0	Ana5 - 5: T.Raum	9999.9
2021-03-11 22:56:08.0	Ana9 - 9: T.Zuluft WRG warm	18.8
2021-03-11 22:56:18.0	Ana1 - 1: T.Au?en	5.9
2021-03-11 22:56:18.0	Ana2 - 2: T.Zuluft	14.6
2021-03-11 22:56:18.0	Ana3 - 3: T.Abluft	19.5
2021-03-11 22:56:18.0	Ana4 - 4: T.Fortluft	12.2
2021-03-11 22:56:18.0	Ana5 - 5: T.Raum	9999.9
2021-03-11 22:56:18.0	Ana9 - 9: T.Zuluft WRG warm	18.8
2021-03-11 22:56:28.0	Ana1 - 1: T.Au?en	5.9
2021-03-11 22:56:28.0	Ana2 - 2: T.Zuluft	14.6
2021-03-11 22:56:28.0	Ana3 - 3: T.Abluft	19.5
2021-03-11 22:56:28.0	Ana4 - 4: T.Fortluft	12.2
2021-03-11 22:56:28.0	Ana5 - 5: T.Raum	9999.9
2021-03-11 22:56:28.0	Ana9 - 9: T.Zuluft WRG warm	18.8
2021-03-11 22:56:38.0	Ana1 - 1: T.Au?en	5.9
2021-03-11 22:56:38.0	Ana2 - 2: T.Zuluft	14.6
2021-03-11 22:56:38.0	Ana3 - 3: T.Abluft	19.5
2021-03-11 22:56:38.0	Ana4 - 4: T.Fortluft	12.2
2021-03-11 22:56:38.0	Ana5 - 5: T.Raum	9999.9
2021-03-11 22:56:38.0	Ana9 - 9: T.Zuluft WRG warm	18.8
2021-03-11 22:56:48.0	Ana1 - 1: T.Au?en	5.9
2021-03-11 22:56:48.0	Ana2 - 2: T.Zuluft	14.6
2021-03-11 22:56:48.0	Ana3 - 3: T.Abluft	19.5
2021-03-11 22:56:48.0	Ana4 - 4: T.Fortluft	12.2
2021-03-11 22:56:48.0	Ana5 - 5: T.Raum	9999.9
2021-03-11 22:56:48.0	Ana9 - 9: T.Zuluft WRG warm	18.8
2021-03-11 22:56:58.0	Ana1 - 1: T.Au?en	5.9
2021-03-11 22:56:58.0	Ana2 - 2: T.Zuluft	14.6
2021-03-11 22:56:58.0	Ana3 - 3: T.Abluft	19.5
2021-03-11 22:56:58.0	Ana4 - 4: T.Fortluft	12.2
2021-03-11 22:56:58.0	Ana5 - 5: T.Raum	9999.9
2021-03-11 22:56:58.0	Ana9 - 9: T.Zuluft WRG warm	18.8
2021-03-11 22:57:08.0	Ana1 - 1: T.Au?en	5.9
2021-03-11 22:57:08.0	Ana2 - 2: T.Zuluft	14.6
2021-03-11 22:57:08.0	Ana3 - 3: T.Abluft	19.5
2021-03-11 22:57:08.0	Ana4 - 4: T.Fortluft	12.2
2021-03-11 22:57:08.0	Ana5 - 5: T.Raum	9999.9
2021-03-11 22:57:08.0	Ana9 - 9: T.Zuluft WRG warm	18.8
2021-03-11 22:57:18.0	Ana1 - 1: T.Au?en	5.9
2021-03-11 22:57:18.0	Ana2 - 2: T.Zuluft	14.6
2021-03-11 22:57:18.0	Ana3 - 3: T.Abluft	19.5
2021-03-11 22:57:18.0	Ana4 - 4: T.Fortluft	12.2
2021-03-11 22:57:18.0	Ana5 - 5: T.Raum	9999.9
2021-03-11 22:57:18.0	Ana9 - 9: T.Zuluft WRG warm	18.8
2021-03-11 22:57:28.0	Ana1 - 1: T.Au?en	5.9
2021-03-11 22:57:28.0	Ana2 - 2: T.Zuluft	14.6
2021-03-11 22:57:28.0	Ana3 - 3: T.Abluft	19.5
2021-03-11 22:57:28.0	Ana4 - 4: T.Fortluft	12.2
2021-03-11 22:57:28.0	Ana5 - 5: T.Raum	9999.9
2021-03-11 22:57:28.0	Ana9 - 9: T.Zuluft WRG warm	18.8
2021-03-11 22:57:38.0	Ana1 - 1: T.Au?en	5.9
2021-03-11 22:57:38.0	Ana2 - 2: T.Zuluft	14.6
2021-03-11 22:57:38.0	Ana3 - 3: T.Abluft	19.5
2021-03-11 22:57:38.0	Ana4 - 4: T.Fortluft	12.2
2021-03-11 22:57:38.0	Ana5 - 5: T.Raum	9999.9
2021-03-11 22:57:38.0	Ana9 - 9: T.Zuluft WRG warm	18.8
2021-03-11 22:57:48.0	Ana1 - 1: T.Au?en	5.8
2021-03-11 22:57:48.0	Ana2 - 2: T.Zuluft	14.6
2021-03-11 22:57:48.0	Ana3 - 3: T.Abluft	19.5
2021-03-11 22:57:48.0	Ana4 - 4: T.Fortluft	12.2
2021-03-11 22:57:48.0	Ana5 - 5: T.Raum	9999.9
2021-03-11 22:57:48.0	Ana9 - 9: T.Zuluft WRG warm	18.8
2021-03-11 22:57:58.0	Ana1 - 1: T.Au?en	5.8
2021-03-11 22:57:58.0	Ana2 - 2: T.Zuluft	14.6
2021-03-11 22:57:58.0	Ana3 - 3: T.Abluft	19.5
2021-03-11 22:57:58.0	Ana4 - 4: T.Fortluft	12.2
2021-03-11 22:57:58.0	Ana5 - 5: T.Raum	9999.9
2021-03-11 22:57:58.0	Ana9 - 9: T.Zuluft WRG warm	18.8
2021-03-11 22:58:08.0	Ana1 - 1: T.Au?en	5.8
2021-03-11 22:58:08.0	Ana2 - 2: T.Zuluft	14.5
2021-03-11 22:58:08.0	Ana3 - 3: T.Abluft	19.5
2021-03-11 22:58:08.0	Ana4 - 4: T.Fortluft	12.2
2021-03-11 22:58:08.0	Ana5 - 5: T.Raum	9999.9
2021-03-11 22:58:08.0	Ana9 - 9: T.Zuluft WRG warm	18.8
2021-03-11 22:58:18.0	Ana1 - 1: T.Au?en	5.8
2021-03-11 22:58:18.0	Ana2 - 2: T.Zuluft	14.5
2021-03-11 22:58:18.0	Ana3 - 3: T.Abluft	19.5
2021-03-11 22:58:18.0	Ana4 - 4: T.Fortluft	12.2
2021-03-11 22:58:18.0	Ana5 - 5: T.Raum	9999.9
2021-03-11 22:58:18.0	Ana9 - 9: T.Zuluft WRG warm	18.8
2021-03-11 22:58:28.0	Ana1 - 1: T.Au?en	5.7
2021-03-11 22:58:28.0	Ana2 - 2: T.Zuluft	14.6
2021-03-11 22:58:28.0	Ana3 - 3: T.Abluft	19.5
2021-03-11 22:58:28.0	Ana4 - 4: T.Fortluft	12.2
2021-03-11 22:58:28.0	Ana5 - 5: T.Raum	9999.9
2021-03-11 22:58:28.0	Ana9 - 9: T.Zuluft WRG warm	18.8
2021-03-11 22:58:38.0	Ana1 - 1: T.Au?en	5.7
2021-03-11 22:58:38.0	Ana2 - 2: T.Zuluft	14.5
2021-03-11 22:58:38.0	Ana3 - 3: T.Abluft	19.5
2021-03-11 22:58:38.0	Ana4 - 4: T.Fortluft	12.2
2021-03-11 22:58:38.0	Ana5 - 5: T.Raum	9999.9
2021-03-11 22:58:38.0	Ana9 - 9: T.Zuluft WRG warm	18.8
2021-03-11 22:58:48.0	Ana1 - 1: T.Au?en	5.7
2021-03-11 22:58:48.0	Ana2 - 2: T.Zuluft	14.5
2021-03-11 22:58:48.0	Ana3 - 3: T.Abluft	19.5
2021-03-11 22:58:48.0	Ana4 - 4: T.Fortluft	12.1
2021-03-11 22:58:48.0	Ana5 - 5: T.Raum	9999.9
2021-03-11 22:58:48.0	Ana9 - 9: T.Zuluft WRG warm	18.8
2021-03-11 22:58:58.0	Ana1 - 1: T.Au?en	5.7
2021-03-11 22:58:58.0	Ana2 - 2: T.Zuluft	14.5
2021-03-11 22:58:58.0	Ana3 - 3: T.Abluft	19.5
2021-03-11 22:58:58.0	Ana4 - 4: T.Fortluft	12.2
2021-03-11 22:58:58.0	Ana5 - 5: T.Raum	9999.9
2021-03-11 22:58:58.0	Ana9 - 9: T.Zuluft WRG warm	18.8
2021-03-11 22:59:08.0	Ana1 - 1: T.Au?en	5.7
2021-03-11 22:59:08.0	Ana2 - 2: T.Zuluft	14.5
2021-03-11 22:59:08.0	Ana3 - 3: T.Abluft	19.5
2021-03-11 22:59:08.0	Ana4 - 4: T.Fortluft	12.1
2021-03-11 22:59:08.0	Ana5 - 5: T.Raum	9999.9
2021-03-11 22:59:08.0	Ana9 - 9: T.Zuluft WRG warm	18.8
2021-03-11 22:59:18.0	Ana1 - 1: T.Au?en	5.7
2021-03-11 22:59:18.0	Ana2 - 2: T.Zuluft	14.5
2021-03-11 22:59:18.0	Ana3 - 3: T.Abluft	19.5
2021-03-11 22:59:18.0	Ana4 - 4: T.Fortluft	12.1
2021-03-11 22:59:18.0	Ana5 - 5: T.Raum	9999.9
2021-03-11 22:59:18.0	Ana9 - 9: T.Zuluft WRG warm	18.8
2021-03-11 22:59:28.0	Ana1 - 1: T.Au?en	5.7
2021-03-11 22:59:28.0	Ana2 - 2: T.Zuluft	14.5
2021-03-11 22:59:28.0	Ana3 - 3: T.Abluft	19.5
2021-03-11 22:59:28.0	Ana4 - 4: T.Fortluft	12.1
2021-03-11 22:59:28.0	Ana5 - 5: T.Raum	9999.9
2021-03-11 22:59:28.0	Ana9 - 9: T.Zuluft WRG warm	18.7
2021-03-11 22:59:38.0	Ana1 - 1: T.Au?en	5.8
2021-03-11 22:59:38.0	Ana2 - 2: T.Zuluft	14.5
2021-03-11 22:59:38.0	Ana3 - 3: T.Abluft	19.5
2021-03-11 22:59:38.0	Ana4 - 4: T.Fortluft	12.1
2021-03-11 22:59:38.0	Ana5 - 5: T.Raum	9999.9
2021-03-11 22:59:38.0	Ana9 - 9: T.Zuluft WRG warm	18.7
2021-03-11 22:59:48.0	Ana1 - 1: T.Au?en	5.8
2021-03-11 22:59:48.0	Ana2 - 2: T.Zuluft	14.5
2021-03-11 22:59:48.0	Ana3 - 3: T.Abluft	19.5
2021-03-11 22:59:48.0	Ana4 - 4: T.Fortluft	12.1
2021-03-11 22:59:48.0	Ana5 - 5: T.Raum	9999.9
2021-03-11 22:59:48.0	Ana9 - 9: T.Zuluft WRG warm	18.7
2021-03-11 22:59:58.0	Ana1 - 1: T.Au?en	5.8
2021-03-11 22:59:58.0	Ana2 - 2: T.Zuluft	14.5
2021-03-11 22:59:58.0	Ana3 - 3: T.Abluft	19.5
2021-03-11 22:59:58.0	Ana4 - 4: T.Fortluft	12.1
2021-03-11 22:59:58.0	Ana5 - 5: T.Raum	9999.9
2021-03-11 22:59:58.0	Ana9 - 9: T.Zuluft WRG warm	18.7
2021-03-11 23:00:08.0	Ana1 - 1: T.Au?en	5.8
2021-03-11 23:00:08.0	Ana2 - 2: T.Zuluft	14.5
2021-03-11 23:00:08.0	Ana3 - 3: T.Abluft	19.5
2021-03-11 23:00:08.0	Ana4 - 4: T.Fortluft	12.1
2021-03-11 23:00:08.0	Ana5 - 5: T.Raum	9999.9
2021-03-11 23:00:08.0	Ana9 - 9: T.Zuluft WRG warm	18.7
2021-03-11 23:00:18.0	Ana1 - 1: T.Au?en	5.8
2021-03-11 23:00:18.0	Ana2 - 2: T.Zuluft	14.5
2021-03-11 23:00:18.0	Ana3 - 3: T.Abluft	19.5
2021-03-11 23:00:18.0	Ana4 - 4: T.Fortluft	12.1
2021-03-11 23:00:18.0	Ana5 - 5: T.Raum	9999.9
2021-03-11 23:00:18.0	Ana9 - 9: T.Zuluft WRG warm	18.7
2021-03-11 23:00:28.0	Ana1 - 1: T.Au?en	5.8
2021-03-11 23:00:28.0	Ana2 - 2: T.Zuluft	14.5
2021-03-11 23:00:28.0	Ana3 - 3: T.Abluft	19.4
2021-03-11 23:00:28.0	Ana4 - 4: T.Fortluft	12.1
2021-03-11 23:00:28.0	Ana5 - 5: T.Raum	9999.9
2021-03-11 23:00:28.0	Ana9 - 9: T.Zuluft WRG warm	18.7
2021-03-11 23:00:38.0	Ana1 - 1: T.Au?en	5.8
2021-03-11 23:00:38.0	Ana2 - 2: T.Zuluft	14.5
2021-03-11 23:00:38.0	Ana3 - 3: T.Abluft	19.5
2021-03-11 23:00:38.0	Ana4 - 4: T.Fortluft	12.1
2021-03-11 23:00:38.0	Ana5 - 5: T.Raum	9999.9
2021-03-11 23:00:38.0	Ana9 - 9: T.Zuluft WRG warm	18.7
2021-03-11 23:00:48.0	Ana1 - 1: T.Au?en	5.8
2021-03-11 23:00:48.0	Ana2 - 2: T.Zuluft	14.5
2021-03-11 23:00:48.0	Ana3 - 3: T.Abluft	19.5
2021-03-11 23:00:48.0	Ana4 - 4: T.Fortluft	12.1
2021-03-11 23:00:48.0	Ana5 - 5: T.Raum	9999.9
2021-03-11 23:00:48.0	Ana9 - 9: T.Zuluft WRG warm	18.7
2021-03-11 23:00:58.0	Ana1 - 1: T.Au?en	5.8
2021-03-11 23:00:58.0	Ana2 - 2: T.Zuluft	14.5
2021-03-11 23:00:58.0	Ana3 - 3: T.Abluft	19.5
2021-03-11 23:00:58.0	Ana4 - 4: T.Fortluft	12.1
2021-03-11 23:00:58.0	Ana5 - 5: T.Raum	9999.9
2021-03-11 23:00:58.0	Ana9 - 9: T.Zuluft WRG warm	18.7
2021-03-11 23:01:08.0	Ana1 - 1: T.Au?en	5.8
2021-03-11 23:01:08.0	Ana2 - 2: T.Zuluft	14.5
2021-03-11 23:01:08.0	Ana3 - 3: T.Abluft	19.5
2021-03-11 23:01:08.0	Ana4 - 4: T.Fortluft	12.1
2021-03-11 23:01:08.0	Ana5 - 5: T.Raum	9999.9
2021-03-11 23:01:08.0	Ana9 - 9: T.Zuluft WRG warm	18.7
2021-03-11 23:01:18.0	Ana1 - 1: T.Au?en	5.8
2021-03-11 23:01:18.0	Ana2 - 2: T.Zuluft	14.5
2021-03-11 23:01:18.0	Ana3 - 3: T.Abluft	19.4
2021-03-11 23:01:18.0	Ana4 - 4: T.Fortluft	12.1
2021-03-11 23:01:18.0	Ana5 - 5: T.Raum	9999.9
2021-03-11 23:01:18.0	Ana9 - 9: T.Zuluft WRG warm	18.7
2021-03-11 23:01:28.0	Ana1 - 1: T.Au?en	5.8
2021-03-11 23:01:28.0	Ana2 - 2: T.Zuluft	14.5
2021-03-11 23:01:28.0	Ana3 - 3: T.Abluft	19.4
2021-03-11 23:01:28.0	Ana4 - 4: T.Fortluft	12.1
2021-03-11 23:01:28.0	Ana5 - 5: T.Raum	9999.9
2021-03-11 23:01:28.0	Ana9 - 9: T.Zuluft WRG warm	18.7
2021-03-11 23:01:38.0	Ana1 - 1: T.Au?en	5.8
2021-03-11 23:01:38.0	Ana2 - 2: T.Zuluft	14.5
2021-03-11 23:01:38.0	Ana3 - 3: T.Abluft	19.4
2021-03-11 23:01:38.0	Ana4 - 4: T.Fortluft	12.1
2021-03-11 23:01:38.0	Ana5 - 5: T.Raum	9999.9
2021-03-11 23:01:38.0	Ana9 - 9: T.Zuluft WRG warm	18.7
2021-03-11 23:01:48.0	Ana1 - 1: T.Au?en	5.8
2021-03-11 23:01:48.0	Ana2 - 2: T.Zuluft	14.5
2021-03-11 23:01:48.0	Ana3 - 3: T.Abluft	19.4
2021-03-11 23:01:48.0	Ana4 - 4: T.Fortluft	12.1
2021-03-11 23:01:48.0	Ana5 - 5: T.Raum	9999.9
2021-03-11 23:01:48.0	Ana9 - 9: T.Zuluft WRG warm	18.7
2021-03-11 23:01:58.0	Ana1 - 1: T.Au?en	5.8
2021-03-11 23:01:58.0	Ana2 - 2: T.Zuluft	14.5
2021-03-11 23:01:58.0	Ana3 - 3: T.Abluft	19.4
2021-03-11 23:01:58.0	Ana4 - 4: T.Fortluft	12.1
2021-03-11 23:01:58.0	Ana5 - 5: T.Raum	9999.9
2021-03-11 23:01:58.0	Ana9 - 9: T.Zuluft WRG warm	18.7
2021-03-11 23:02:08.0	Ana1 - 1: T.Au?en	5.8
2021-03-11 23:02:08.0	Ana2 - 2: T.Zuluft	14.5
2021-03-11 23:02:08.0	Ana3 - 3: T.Abluft	19.4
2021-03-11 23:02:08.0	Ana4 - 4: T.Fortluft	12.1
2021-03-11 23:02:08.0	Ana5 - 5: T.Raum	9999.9
2021-03-11 23:02:08.0	Ana9 - 9: T.Zuluft WRG warm	18.7
2021-03-11 23:02:18.0	Ana1 - 1: T.Au?en	5.8
2021-03-11 23:02:18.0	Ana2 - 2: T.Zuluft	14.5
2021-03-11 23:02:18.0	Ana3 - 3: T.Abluft	19.5
2021-03-11 23:02:18.0	Ana4 - 4: T.Fortluft	12.1
2021-03-11 23:02:18.0	Ana5 - 5: T.Raum	9999.9
2021-03-11 23:02:18.0	Ana9 - 9: T.Zuluft WRG warm	18.7
2021-03-11 23:02:28.0	Ana1 - 1: T.Au?en	5.8
2021-03-11 23:02:28.0	Ana2 - 2: T.Zuluft	14.5
2021-03-11 23:02:28.0	Ana3 - 3: T.Abluft	19.4
2021-03-11 23:02:28.0	Ana4 - 4: T.Fortluft	12.1
2021-03-11 23:02:28.0	Ana5 - 5: T.Raum	9999.9
2021-03-11 23:02:28.0	Ana9 - 9: T.Zuluft WRG warm	18.7
2021-03-11 23:02:38.0	Ana1 - 1: T.Au?en	5.8
2021-03-11 23:02:38.0	Ana2 - 2: T.Zuluft	14.5
2021-03-11 23:02:38.0	Ana3 - 3: T.Abluft	19.4
2021-03-11 23:02:38.0	Ana4 - 4: T.Fortluft	12.1
2021-03-11 23:02:38.0	Ana5 - 5: T.Raum	9999.9
2021-03-11 23:02:38.0	Ana9 - 9: T.Zuluft WRG warm	18.7
2021-03-11 23:02:48.0	Ana1 - 1: T.Au?en	5.8
2021-03-11 23:02:48.0	Ana2 - 2: T.Zuluft	14.5
2021-03-11 23:02:48.0	Ana3 - 3: T.Abluft	19.4
2021-03-11 23:02:48.0	Ana4 - 4: T.Fortluft	12.1
2021-03-11 23:02:48.0	Ana5 - 5: T.Raum	9999.9
2021-03-11 23:02:48.0	Ana9 - 9: T.Zuluft WRG warm	18.7
2021-03-11 23:02:58.0	Ana1 - 1: T.Au?en	5.8
2021-03-11 23:02:58.0	Ana2 - 2: T.Zuluft	14.5
2021-03-11 23:02:58.0	Ana3 - 3: T.Abluft	19.4
2021-03-11 23:02:58.0	Ana4 - 4: T.Fortluft	12.1
2021-03-11 23:02:58.0	Ana5 - 5: T.Raum	9999.9
2021-03-11 23:02:58.0	Ana9 - 9: T.Zuluft WRG warm	18.7
2021-03-11 23:03:08.0	Ana1 - 1: T.Au?en	5.8
2021-03-11 23:03:08.0	Ana2 - 2: T.Zuluft	14.5
2021-03-11 23:03:08.0	Ana3 - 3: T.Abluft	19.4
2021-03-11 23:03:08.0	Ana4 - 4: T.Fortluft	12.1
2021-03-11 23:03:08.0	Ana5 - 5: T.Raum	9999.9
2021-03-11 23:03:08.0	Ana9 - 9: T.Zuluft WRG warm	18.7
2021-03-11 23:03:18.0	Ana1 - 1: T.Au?en	5.8
2021-03-11 23:03:18.0	Ana2 - 2: T.Zuluft	14.5
2021-03-11 23:03:18.0	Ana3 - 3: T.Abluft	19.4
2021-03-11 23:03:18.0	Ana4 - 4: T.Fortluft	12.1
2021-03-11 23:03:18.0	Ana5 - 5: T.Raum	9999.9
2021-03-11 23:03:18.0	Ana9 - 9: T.Zuluft WRG warm	18.7
2021-03-11 23:03:28.0	Ana1 - 1: T.Au?en	5.8
2021-03-11 23:03:28.0	Ana2 - 2: T.Zuluft	14.5
2021-03-11 23:03:28.0	Ana3 - 3: T.Abluft	19.4
2021-03-11 23:03:28.0	Ana4 - 4: T.Fortluft	12.1
2021-03-11 23:03:28.0	Ana5 - 5: T.Raum	9999.9
2021-03-11 23:03:28.0	Ana9 - 9: T.Zuluft WRG warm	18.7
2021-03-11 23:03:38.0	Ana1 - 1: T.Au?en	5.8
2021-03-11 23:03:38.0	Ana2 - 2: T.Zuluft	14.5
2021-03-11 23:03:38.0	Ana3 - 3: T.Abluft	19.4
2021-03-11 23:03:38.0	Ana4 - 4: T.Fortluft	12.1
2021-03-11 23:03:38.0	Ana5 - 5: T.Raum	9999.9
2021-03-11 23:03:38.0	Ana9 - 9: T.Zuluft WRG warm	18.7
2021-03-11 23:03:48.0	Ana1 - 1: T.Au?en	5.8
2021-03-11 23:03:48.0	Ana2 - 2: T.Zuluft	14.5
2021-03-11 23:03:48.0	Ana3 - 3: T.Abluft	19.4
2021-03-11 23:03:48.0	Ana4 - 4: T.Fortluft	12.1
2021-03-11 23:03:48.0	Ana5 - 5: T.Raum	9999.9
2021-03-11 23:03:48.0	Ana9 - 9: T.Zuluft WRG warm	18.7
2021-03-11 23:03:58.0	Ana1 - 1: T.Au?en	5.8
2021-03-11 23:03:58.0	Ana2 - 2: T.Zuluft	14.5
2021-03-11 23:03:58.0	Ana3 - 3: T.Abluft	19.4
2021-03-11 23:03:58.0	Ana4 - 4: T.Fortluft	12.1
2021-03-11 23:03:58.0	Ana5 - 5: T.Raum	9999.9
2021-03-11 23:03:58.0	Ana9 - 9: T.Zuluft WRG warm	18.7
2021-03-11 23:04:08.0	Ana1 - 1: T.Au?en	5.8
2021-03-11 23:04:08.0	Ana2 - 2: T.Zuluft	14.5
2021-03-11 23:04:08.0	Ana3 - 3: T.Abluft	19.4
2021-03-11 23:04:08.0	Ana4 - 4: T.Fortluft	12.1
2021-03-11 23:04:08.0	Ana5 - 5: T.Raum	9999.9
2021-03-11 23:04:08.0	Ana9 - 9: T.Zuluft WRG warm	18.7
2021-03-11 23:04:18.0	Ana1 - 1: T.Au?en	5.8
2021-03-11 23:04:18.0	Ana2 - 2: T.Zuluft	14.5
2021-03-11 23:04:18.0	Ana3 - 3: T.Abluft	19.4
2021-03-11 23:04:18.0	Ana4 - 4: T.Fortluft	12.1
2021-03-11 23:04:18.0	Ana5 - 5: T.Raum	9999.9
2021-03-11 23:04:18.0	Ana9 - 9: T.Zuluft WRG warm	18.7
2021-03-11 23:04:28.0	Ana1 - 1: T.Au?en	5.7
2021-03-11 23:04:28.0	Ana2 - 2: T.Zuluft	14.5
2021-03-11 23:04:28.0	Ana3 - 3: T.Abluft	19.4
2021-03-11 23:04:28.0	Ana4 - 4: T.Fortluft	12.1
2021-03-11 23:04:28.0	Ana5 - 5: T.Raum	9999.9
2021-03-11 23:04:28.0	Ana9 - 9: T.Zuluft WRG warm	18.7
2021-03-11 23:04:38.0	Ana1 - 1: T.Au?en	5.7
2021-03-11 23:04:38.0	Ana2 - 2: T.Zuluft	14.5
2021-03-11 23:04:38.0	Ana3 - 3: T.Abluft	19.4
2021-03-11 23:04:38.0	Ana4 - 4: T.Fortluft	12.1
2021-03-11 23:04:38.0	Ana5 - 5: T.Raum	9999.9
2021-03-11 23:04:38.0	Ana9 - 9: T.Zuluft WRG warm	18.7
2021-03-11 23:04:48.0	Ana1 - 1: T.Au?en	5.7
2021-03-11 23:04:48.0	Ana2 - 2: T.Zuluft	14.5
2021-03-11 23:04:48.0	Ana3 - 3: T.Abluft	19.4
2021-03-11 23:04:48.0	Ana4 - 4: T.Fortluft	12.1
2021-03-11 23:04:48.0	Ana5 - 5: T.Raum	9999.9
2021-03-11 23:04:48.0	Ana9 - 9: T.Zuluft WRG warm	18.7
2021-03-11 23:04:58.0	Ana1 - 1: T.Au?en	5.7
2021-03-11 23:04:58.0	Ana2 - 2: T.Zuluft	14.5
2021-03-11 23:04:58.0	Ana3 - 3: T.Abluft	19.4
2021-03-11 23:04:58.0	Ana4 - 4: T.Fortluft	12.1
2021-03-11 23:04:58.0	Ana5 - 5: T.Raum	9999.9
2021-03-11 23:04:58.0	Ana9 - 9: T.Zuluft WRG warm	18.7
2021-03-11 23:05:08.0	Ana1 - 1: T.Au?en	5.7
2021-03-11 23:05:08.0	Ana2 - 2: T.Zuluft	14.4
2021-03-11 23:05:08.0	Ana3 - 3: T.Abluft	19.4
2021-03-11 23:05:08.0	Ana4 - 4: T.Fortluft	12.1
2021-03-11 23:05:08.0	Ana5 - 5: T.Raum	9999.9
2021-03-11 23:05:08.0	Ana9 - 9: T.Zuluft WRG warm	18.7
2021-03-11 23:05:18.0	Ana1 - 1: T.Au?en	5.7
2021-03-11 23:05:18.0	Ana2 - 2: T.Zuluft	14.5
2021-03-11 23:05:18.0	Ana3 - 3: T.Abluft	19.4
2021-03-11 23:05:18.0	Ana4 - 4: T.Fortluft	12.1
2021-03-11 23:05:18.0	Ana5 - 5: T.Raum	9999.9
2021-03-11 23:05:18.0	Ana9 - 9: T.Zuluft WRG warm	18.7
2021-03-11 23:05:28.0	Ana1 - 1: T.Au?en	5.7
2021-03-11 23:05:28.0	Ana2 - 2: T.Zuluft	14.5
2021-03-11 23:05:28.0	Ana3 - 3: T.Abluft	19.4
2021-03-11 23:05:28.0	Ana4 - 4: T.Fortluft	12.1
2021-03-11 23:05:28.0	Ana5 - 5: T.Raum	9999.9
2021-03-11 23:05:28.0	Ana9 - 9: T.Zuluft WRG warm	18.7
2021-03-11 23:05:38.0	Ana1 - 1: T.Au?en	5.7
2021-03-11 23:05:38.0	Ana2 - 2: T.Zuluft	14.5
2021-03-11 23:05:38.0	Ana3 - 3: T.Abluft	19.4
2021-03-11 23:05:38.0	Ana4 - 4: T.Fortluft	12.1
2021-03-11 23:05:38.0	Ana5 - 5: T.Raum	9999.9
2021-03-11 23:05:38.0	Ana9 - 9: T.Zuluft WRG warm	18.7
2021-03-11 23:05:48.0	Ana1 - 1: T.Au?en	5.7
2021-03-11 23:05:48.0	Ana2 - 2: T.Zuluft	14.5
2021-03-11 23:05:48.0	Ana3 - 3: T.Abluft	19.4
2021-03-11 23:05:48.0	Ana4 - 4: T.Fortluft	12.1
2021-03-11 23:05:48.0	Ana5 - 5: T.Raum	9999.9
2021-03-11 23:05:48.0	Ana9 - 9: T.Zuluft WRG warm	18.7
2021-03-11 23:05:58.0	Ana1 - 1: T.Au?en	5.7
2021-03-11 23:05:58.0	Ana2 - 2: T.Zuluft	14.4
2021-03-11 23:05:58.0	Ana3 - 3: T.Abluft	19.4
2021-03-11 23:05:58.0	Ana4 - 4: T.Fortluft	12.1
2021-03-11 23:05:58.0	Ana5 - 5: T.Raum	9999.9
2021-03-11 23:05:58.0	Ana9 - 9: T.Zuluft WRG warm	18.7
2021-03-11 23:06:08.0	Ana1 - 1: T.Au?en	5.6
2021-03-11 23:06:08.0	Ana2 - 2: T.Zuluft	14.5
2021-03-11 23:06:08.0	Ana3 - 3: T.Abluft	19.4
2021-03-11 23:06:08.0	Ana4 - 4: T.Fortluft	12.1
2021-03-11 23:06:08.0	Ana5 - 5: T.Raum	9999.9
2021-03-11 23:06:08.0	Ana9 - 9: T.Zuluft WRG warm	18.7
2021-03-11 23:06:18.0	Ana1 - 1: T.Au?en	5.6
2021-03-11 23:06:18.0	Ana2 - 2: T.Zuluft	14.5
2021-03-11 23:06:18.0	Ana3 - 3: T.Abluft	19.4
2021-03-11 23:06:18.0	Ana4 - 4: T.Fortluft	12.1
2021-03-11 23:06:18.0	Ana5 - 5: T.Raum	9999.9
2021-03-11 23:06:18.0	Ana9 - 9: T.Zuluft WRG warm	18.7
2021-03-11 23:06:28.0	Ana1 - 1: T.Au?en	5.6
2021-03-11 23:06:28.0	Ana2 - 2: T.Zuluft	14.4
2021-03-11 23:06:28.0	Ana3 - 3: T.Abluft	19.4
2021-03-11 23:06:28.0	Ana4 - 4: T.Fortluft	12.1
2021-03-11 23:06:28.0	Ana5 - 5: T.Raum	9999.9
2021-03-11 23:06:28.0	Ana9 - 9: T.Zuluft WRG warm	18.7
2021-03-11 23:06:38.0	Ana1 - 1: T.Au?en	5.6
2021-03-11 23:06:38.0	Ana2 - 2: T.Zuluft	14.4
2021-03-11 23:06:38.0	Ana3 - 3: T.Abluft	19.4
2021-03-11 23:06:38.0	Ana4 - 4: T.Fortluft	12.1
2021-03-11 23:06:38.0	Ana5 - 5: T.Raum	9999.9
2021-03-11 23:06:38.0	Ana9 - 9: T.Zuluft WRG warm	18.7
2021-03-11 23:06:48.0	Ana1 - 1: T.Au?en	5.6
2021-03-11 23:06:48.0	Ana2 - 2: T.Zuluft	14.4
2021-03-11 23:06:48.0	Ana3 - 3: T.Abluft	19.4
2021-03-11 23:06:48.0	Ana4 - 4: T.Fortluft	12.1
2021-03-11 23:06:48.0	Ana5 - 5: T.Raum	9999.9
2021-03-11 23:06:48.0	Ana9 - 9: T.Zuluft WRG warm	18.7
2021-03-11 23:06:58.0	Ana1 - 1: T.Au?en	5.6
2021-03-11 23:06:58.0	Ana2 - 2: T.Zuluft	14.4
2021-03-11 23:06:58.0	Ana3 - 3: T.Abluft	19.4
2021-03-11 23:06:58.0	Ana4 - 4: T.Fortluft	12.1
2021-03-11 23:06:58.0	Ana5 - 5: T.Raum	9999.9
2021-03-11 23:06:58.0	Ana9 - 9: T.Zuluft WRG warm	18.7
2021-03-11 23:07:08.0	Ana1 - 1: T.Au?en	5.6
2021-03-11 23:07:08.0	Ana2 - 2: T.Zuluft	14.4
2021-03-11 23:07:08.0	Ana3 - 3: T.Abluft	19.4
2021-03-11 23:07:08.0	Ana4 - 4: T.Fortluft	12.1
2021-03-11 23:07:08.0	Ana5 - 5: T.Raum	9999.9
2021-03-11 23:07:08.0	Ana9 - 9: T.Zuluft WRG warm	18.7
2021-03-11 23:07:18.0	Ana1 - 1: T.Au?en	5.7
2021-03-11 23:07:18.0	Ana2 - 2: T.Zuluft	14.4
2021-03-11 23:07:18.0	Ana3 - 3: T.Abluft	19.4
2021-03-11 23:07:18.0	Ana4 - 4: T.Fortluft	12.1
2021-03-11 23:07:18.0	Ana5 - 5: T.Raum	9999.9
2021-03-11 23:07:18.0	Ana9 - 9: T.Zuluft WRG warm	18.7
2021-03-11 23:07:28.0	Ana1 - 1: T.Au?en	5.7
2021-03-11 23:07:28.0	Ana2 - 2: T.Zuluft	14.4
2021-03-11 23:07:28.0	Ana3 - 3: T.Abluft	19.4
2021-03-11 23:07:28.0	Ana4 - 4: T.Fortluft	12.0
2021-03-11 23:07:28.0	Ana5 - 5: T.Raum	9999.9
2021-03-11 23:07:28.0	Ana9 - 9: T.Zuluft WRG warm	18.7
2021-03-11 23:07:38.0	Ana1 - 1: T.Au?en	5.7
2021-03-11 23:07:38.0	Ana2 - 2: T.Zuluft	14.4
2021-03-11 23:07:38.0	Ana3 - 3: T.Abluft	19.4
2021-03-11 23:07:38.0	Ana4 - 4: T.Fortluft	12.1
2021-03-11 23:07:38.0	Ana5 - 5: T.Raum	9999.9
2021-03-11 23:07:38.0	Ana9 - 9: T.Zuluft WRG warm	18.7
2021-03-11 23:07:48.0	Ana1 - 1: T.Au?en	5.7
2021-03-11 23:07:48.0	Ana2 - 2: T.Zuluft	14.4
2021-03-11 23:07:48.0	Ana3 - 3: T.Abluft	19.4
2021-03-11 23:07:48.0	Ana4 - 4: T.Fortluft	12.0
2021-03-11 23:07:48.0	Ana5 - 5: T.Raum	9999.9
2021-03-11 23:07:48.0	Ana9 - 9: T.Zuluft WRG warm	18.7
2021-03-11 23:07:58.0	Ana1 - 1: T.Au?en	5.8
2021-03-11 23:07:58.0	Ana2 - 2: T.Zuluft	14.4
2021-03-11 23:07:58.0	Ana3 - 3: T.Abluft	19.4
2021-03-11 23:07:58.0	Ana4 - 4: T.Fortluft	12.1
2021-03-11 23:07:58.0	Ana5 - 5: T.Raum	9999.9
2021-03-11 23:07:58.0	Ana9 - 9: T.Zuluft WRG warm	18.7
2021-03-11 23:08:08.0	Ana1 - 1: T.Au?en	5.8
2021-03-11 23:08:08.0	Ana2 - 2: T.Zuluft	14.4
2021-03-11 23:08:08.0	Ana3 - 3: T.Abluft	19.4
2021-03-11 23:08:08.0	Ana4 - 4: T.Fortluft	12.1
2021-03-11 23:08:08.0	Ana5 - 5: T.Raum	9999.9
2021-03-11 23:08:08.0	Ana9 - 9: T.Zuluft WRG warm	18.7
2021-03-11 23:08:18.0	Ana1 - 1: T.Au?en	5.8
2021-03-11 23:08:18.0	Ana2 - 2: T.Zuluft	14.4
2021-03-11 23:08:18.0	Ana3 - 3: T.Abluft	19.4
2021-03-11 23:08:18.0	Ana4 - 4: T.Fortluft	12.0
2021-03-11 23:08:18.0	Ana5 - 5: T.Raum	9999.9
2021-03-11 23:08:18.0	Ana9 - 9: T.Zuluft WRG warm	18.7
2021-03-11 23:08:28.0	Ana1 - 1: T.Au?en	5.8
2021-03-11 23:08:28.0	Ana2 - 2: T.Zuluft	14.4
2021-03-11 23:08:28.0	Ana3 - 3: T.Abluft	19.4
2021-03-11 23:08:28.0	Ana4 - 4: T.Fortluft	12.0
2021-03-11 23:08:28.0	Ana5 - 5: T.Raum	9999.9
2021-03-11 23:08:28.0	Ana9 - 9: T.Zuluft WRG warm	18.7
2021-03-11 23:08:38.0	Ana1 - 1: T.Au?en	5.8
2021-03-11 23:08:38.0	Ana2 - 2: T.Zuluft	14.4
2021-03-11 23:08:38.0	Ana3 - 3: T.Abluft	19.4
2021-03-11 23:08:38.0	Ana4 - 4: T.Fortluft	12.0
2021-03-11 23:08:38.0	Ana5 - 5: T.Raum	9999.9
2021-03-11 23:08:38.0	Ana9 - 9: T.Zuluft WRG warm	18.7
2021-03-11 23:08:48.0	Ana1 - 1: T.Au?en	5.8
2021-03-11 23:08:48.0	Ana2 - 2: T.Zuluft	14.4
2021-03-11 23:08:48.0	Ana3 - 3: T.Abluft	19.4
2021-03-11 23:08:48.0	Ana4 - 4: T.Fortluft	12.0
2021-03-11 23:08:48.0	Ana5 - 5: T.Raum	9999.9
2021-03-11 23:08:48.0	Ana9 - 9: T.Zuluft WRG warm	18.7
2021-03-11 23:08:58.0	Ana1 - 1: T.Au?en	5.8
2021-03-11 23:08:58.0	Ana2 - 2: T.Zuluft	14.4
2021-03-11 23:08:58.0	Ana3 - 3: T.Abluft	19.4
2021-03-11 23:08:58.0	Ana4 - 4: T.Fortluft	12.0
2021-03-11 23:08:58.0	Ana5 - 5: T.Raum	9999.9
2021-03-11 23:08:58.0	Ana9 - 9: T.Zuluft WRG warm	18.7
2021-03-11 23:09:08.0	Ana1 - 1: T.Au?en	5.8
2021-03-11 23:09:08.0	Ana2 - 2: T.Zuluft	14.4
2021-03-11 23:09:08.0	Ana3 - 3: T.Abluft	19.4
2021-03-11 23:09:08.0	Ana4 - 4: T.Fortluft	12.0
2021-03-11 23:09:08.0	Ana5 - 5: T.Raum	9999.9
2021-03-11 23:09:08.0	Ana9 - 9: T.Zuluft WRG warm	18.7
2021-03-11 23:09:18.0	Ana1 - 1: T.Au?en	5.8
2021-03-11 23:09:18.0	Ana2 - 2: T.Zuluft	14.4
2021-03-11 23:09:18.0	Ana3 - 3: T.Abluft	19.4
2021-03-11 23:09:18.0	Ana4 - 4: T.Fortluft	12.0
2021-03-11 23:09:18.0	Ana5 - 5: T.Raum	9999.9
2021-03-11 23:09:18.0	Ana9 - 9: T.Zuluft WRG warm	18.7
2021-03-11 23:09:28.0	Ana1 - 1: T.Au?en	5.8
2021-03-11 23:09:28.0	Ana2 - 2: T.Zuluft	14.4
2021-03-11 23:09:28.0	Ana3 - 3: T.Abluft	19.4
2021-03-11 23:09:28.0	Ana4 - 4: T.Fortluft	12.0
2021-03-11 23:09:28.0	Ana5 - 5: T.Raum	9999.9
2021-03-11 23:09:28.0	Ana9 - 9: T.Zuluft WRG warm	18.7
2021-03-11 23:09:38.0	Ana1 - 1: T.Au?en	5.8
2021-03-11 23:09:38.0	Ana2 - 2: T.Zuluft	14.4
2021-03-11 23:09:38.0	Ana3 - 3: T.Abluft	19.4
2021-03-11 23:09:38.0	Ana4 - 4: T.Fortluft	12.0
2021-03-11 23:09:38.0	Ana5 - 5: T.Raum	9999.9
2021-03-11 23:09:38.0	Ana9 - 9: T.Zuluft WRG warm	18.7
2021-03-11 23:09:48.0	Ana1 - 1: T.Au?en	5.8
2021-03-11 23:09:48.0	Ana2 - 2: T.Zuluft	14.4
2021-03-11 23:09:48.0	Ana3 - 3: T.Abluft	19.4
2021-03-11 23:09:48.0	Ana4 - 4: T.Fortluft	12.0
2021-03-11 23:09:48.0	Ana5 - 5: T.Raum	9999.9
2021-03-11 23:09:48.0	Ana9 - 9: T.Zuluft WRG warm	18.7
2021-03-11 23:09:58.0	Ana1 - 1: T.Au?en	5.7
2021-03-11 23:09:58.0	Ana2 - 2: T.Zuluft	14.4
2021-03-11 23:09:58.0	Ana3 - 3: T.Abluft	19.4
2021-03-11 23:09:58.0	Ana4 - 4: T.Fortluft	12.0
2021-03-11 23:09:58.0	Ana5 - 5: T.Raum	9999.9
2021-03-11 23:09:58.0	Ana9 - 9: T.Zuluft WRG warm	18.7
2021-03-11 23:10:08.0	Ana1 - 1: T.Au?en	5.7
2021-03-11 23:10:08.0	Ana2 - 2: T.Zuluft	14.4
2021-03-11 23:10:08.0	Ana3 - 3: T.Abluft	19.4
2021-03-11 23:10:08.0	Ana4 - 4: T.Fortluft	12.0
2021-03-11 23:10:08.0	Ana5 - 5: T.Raum	9999.9
2021-03-11 23:10:08.0	Ana9 - 9: T.Zuluft WRG warm	18.7
2021-03-11 23:10:18.0	Ana1 - 1: T.Au?en	5.7
2021-03-11 23:10:18.0	Ana2 - 2: T.Zuluft	14.4
2021-03-11 23:10:18.0	Ana3 - 3: T.Abluft	19.4
2021-03-11 23:10:18.0	Ana4 - 4: T.Fortluft	12.0
2021-03-11 23:10:18.0	Ana5 - 5: T.Raum	9999.9
2021-03-11 23:10:18.0	Ana9 - 9: T.Zuluft WRG warm	18.7
2021-03-11 23:10:28.0	Ana1 - 1: T.Au?en	5.7
2021-03-11 23:10:28.0	Ana2 - 2: T.Zuluft	14.4
2021-03-11 23:10:28.0	Ana3 - 3: T.Abluft	19.4
2021-03-11 23:10:28.0	Ana4 - 4: T.Fortluft	12.0
2021-03-11 23:10:28.0	Ana5 - 5: T.Raum	9999.9
2021-03-11 23:10:28.0	Ana9 - 9: T.Zuluft WRG warm	18.7
2021-03-11 23:10:38.0	Ana1 - 1: T.Au?en	5.7
2021-03-11 23:10:38.0	Ana2 - 2: T.Zuluft	14.4
2021-03-11 23:10:38.0	Ana3 - 3: T.Abluft	19.4
2021-03-11 23:10:38.0	Ana4 - 4: T.Fortluft	12.0
2021-03-11 23:10:38.0	Ana5 - 5: T.Raum	9999.9
2021-03-11 23:10:38.0	Ana9 - 9: T.Zuluft WRG warm	18.7
2021-03-11 23:10:48.0	Ana1 - 1: T.Au?en	5.7
2021-03-11 23:10:48.0	Ana2 - 2: T.Zuluft	14.4
2021-03-11 23:10:48.0	Ana3 - 3: T.Abluft	19.4
2021-03-11 23:10:48.0	Ana4 - 4: T.Fortluft	12.0
2021-03-11 23:10:48.0	Ana5 - 5: T.Raum	9999.9
2021-03-11 23:10:48.0	Ana9 - 9: T.Zuluft WRG warm	18.7
2021-03-11 23:10:58.0	Ana1 - 1: T.Au?en	5.7
2021-03-11 23:10:58.0	Ana2 - 2: T.Zuluft	14.4
2021-03-11 23:10:58.0	Ana3 - 3: T.Abluft	19.4
2021-03-11 23:10:58.0	Ana4 - 4: T.Fortluft	12.0
2021-03-11 23:10:58.0	Ana5 - 5: T.Raum	9999.9
2021-03-11 23:10:58.0	Ana9 - 9: T.Zuluft WRG warm	18.7
2021-03-11 23:11:08.0	Ana1 - 1: T.Au?en	5.7
2021-03-11 23:11:08.0	Ana2 - 2: T.Zuluft	14.4
2021-03-11 23:11:08.0	Ana3 - 3: T.Abluft	19.4
2021-03-11 23:11:08.0	Ana4 - 4: T.Fortluft	12.0
2021-03-11 23:11:08.0	Ana5 - 5: T.Raum	9999.9
2021-03-11 23:11:08.0	Ana9 - 9: T.Zuluft WRG warm	18.7
2021-03-11 23:11:18.0	Ana1 - 1: T.Au?en	5.7
2021-03-11 23:11:18.0	Ana2 - 2: T.Zuluft	14.4
2021-03-11 23:11:18.0	Ana3 - 3: T.Abluft	19.4
2021-03-11 23:11:18.0	Ana4 - 4: T.Fortluft	12.0
2021-03-11 23:11:18.0	Ana5 - 5: T.Raum	9999.9
2021-03-11 23:11:18.0	Ana9 - 9: T.Zuluft WRG warm	18.7
2021-03-11 23:11:28.0	Ana1 - 1: T.Au?en	5.7
2021-03-11 23:11:28.0	Ana2 - 2: T.Zuluft	14.4
2021-03-11 23:11:28.0	Ana3 - 3: T.Abluft	19.4
2021-03-11 23:11:28.0	Ana4 - 4: T.Fortluft	12.0
2021-03-11 23:11:28.0	Ana5 - 5: T.Raum	9999.9
2021-03-11 23:11:28.0	Ana9 - 9: T.Zuluft WRG warm	18.7
2021-03-11 23:11:38.0	Ana1 - 1: T.Au?en	5.7
2021-03-11 23:11:38.0	Ana2 - 2: T.Zuluft	14.4
2021-03-11 23:11:38.0	Ana3 - 3: T.Abluft	19.4
2021-03-11 23:11:38.0	Ana4 - 4: T.Fortluft	12.0
2021-03-11 23:11:38.0	Ana5 - 5: T.Raum	9999.9
2021-03-11 23:11:38.0	Ana9 - 9: T.Zuluft WRG warm	18.7
2021-03-11 23:11:48.0	Ana1 - 1: T.Au?en	5.7
2021-03-11 23:11:48.0	Ana2 - 2: T.Zuluft	14.4
2021-03-11 23:11:48.0	Ana3 - 3: T.Abluft	19.4
2021-03-11 23:11:48.0	Ana4 - 4: T.Fortluft	12.0
2021-03-11 23:11:48.0	Ana5 - 5: T.Raum	9999.9
2021-03-11 23:11:48.0	Ana9 - 9: T.Zuluft WRG warm	18.7
2021-03-11 23:11:58.0	Ana1 - 1: T.Au?en	5.7
2021-03-11 23:11:58.0	Ana2 - 2: T.Zuluft	14.4
2021-03-11 23:11:58.0	Ana3 - 3: T.Abluft	19.4
2021-03-11 23:11:58.0	Ana4 - 4: T.Fortluft	12.0
2021-03-11 23:11:58.0	Ana5 - 5: T.Raum	9999.9
2021-03-11 23:11:58.0	Ana9 - 9: T.Zuluft WRG warm	18.7
2021-03-11 23:12:08.0	Ana1 - 1: T.Au?en	5.7
2021-03-11 23:12:08.0	Ana2 - 2: T.Zuluft	14.4
2021-03-11 23:12:08.0	Ana3 - 3: T.Abluft	19.4
2021-03-11 23:12:08.0	Ana4 - 4: T.Fortluft	12.0
2021-03-11 23:12:08.0	Ana5 - 5: T.Raum	9999.9
2021-03-11 23:12:08.0	Ana9 - 9: T.Zuluft WRG warm	18.7
2021-03-11 23:12:18.0	Ana1 - 1: T.Au?en	5.6
2021-03-11 23:12:18.0	Ana2 - 2: T.Zuluft	14.4
2021-03-11 23:12:18.0	Ana3 - 3: T.Abluft	19.4
2021-03-11 23:12:18.0	Ana4 - 4: T.Fortluft	12.0
2021-03-11 23:12:18.0	Ana5 - 5: T.Raum	9999.9
2021-03-11 23:12:18.0	Ana9 - 9: T.Zuluft WRG warm	18.7
2021-03-11 23:12:28.0	Ana1 - 1: T.Au?en	5.6
2021-03-11 23:12:28.0	Ana2 - 2: T.Zuluft	14.4
2021-03-11 23:12:28.0	Ana3 - 3: T.Abluft	19.4
2021-03-11 23:12:28.0	Ana4 - 4: T.Fortluft	12.0
2021-03-11 23:12:28.0	Ana5 - 5: T.Raum	9999.9
2021-03-11 23:12:28.0	Ana9 - 9: T.Zuluft WRG warm	18.7
2021-03-11 23:12:38.0	Ana1 - 1: T.Au?en	5.6
2021-03-11 23:12:38.0	Ana2 - 2: T.Zuluft	14.4
2021-03-11 23:12:38.0	Ana3 - 3: T.Abluft	19.4
2021-03-11 23:12:38.0	Ana4 - 4: T.Fortluft	12.0
2021-03-11 23:12:38.0	Ana5 - 5: T.Raum	9999.9
2021-03-11 23:12:38.0	Ana9 - 9: T.Zuluft WRG warm	18.7
2021-03-11 23:12:48.0	Ana1 - 1: T.Au?en	5.6
2021-03-11 23:12:48.0	Ana2 - 2: T.Zuluft	14.4
2021-03-11 23:12:48.0	Ana3 - 3: T.Abluft	19.4
2021-03-11 23:12:48.0	Ana4 - 4: T.Fortluft	12.0
2021-03-11 23:12:48.0	Ana5 - 5: T.Raum	9999.9
2021-03-11 23:12:48.0	Ana9 - 9: T.Zuluft WRG warm	18.7
2021-03-11 23:12:58.0	Ana1 - 1: T.Au?en	5.6
2021-03-11 23:12:58.0	Ana2 - 2: T.Zuluft	14.4
2021-03-11 23:12:58.0	Ana3 - 3: T.Abluft	19.4
2021-03-11 23:12:58.0	Ana4 - 4: T.Fortluft	12.0
2021-03-11 23:12:58.0	Ana5 - 5: T.Raum	9999.9
2021-03-11 23:12:58.0	Ana9 - 9: T.Zuluft WRG warm	18.7
2021-03-11 23:13:08.0	Ana1 - 1: T.Au?en	5.6
2021-03-11 23:13:08.0	Ana2 - 2: T.Zuluft	14.4
2021-03-11 23:13:08.0	Ana3 - 3: T.Abluft	19.4
2021-03-11 23:13:08.0	Ana4 - 4: T.Fortluft	12.0
2021-03-11 23:13:08.0	Ana5 - 5: T.Raum	9999.9
2021-03-11 23:13:08.0	Ana9 - 9: T.Zuluft WRG warm	18.7
2021-03-11 23:13:18.0	Ana1 - 1: T.Au?en	5.6
2021-03-11 23:13:18.0	Ana2 - 2: T.Zuluft	14.4
2021-03-11 23:13:18.0	Ana3 - 3: T.Abluft	19.4
2021-03-11 23:13:18.0	Ana4 - 4: T.Fortluft	12.0
2021-03-11 23:13:18.0	Ana5 - 5: T.Raum	9999.9
2021-03-11 23:13:18.0	Ana9 - 9: T.Zuluft WRG warm	18.7
2021-03-11 23:13:28.0	Ana1 - 1: T.Au?en	5.6
2021-03-11 23:13:28.0	Ana2 - 2: T.Zuluft	14.4
2021-03-11 23:13:28.0	Ana3 - 3: T.Abluft	19.4
2021-03-11 23:13:28.0	Ana4 - 4: T.Fortluft	12.0
2021-03-11 23:13:28.0	Ana5 - 5: T.Raum	9999.9
2021-03-11 23:13:28.0	Ana9 - 9: T.Zuluft WRG warm	18.7
2021-03-11 23:13:38.0	Ana1 - 1: T.Au?en	5.5
2021-03-11 23:13:38.0	Ana2 - 2: T.Zuluft	14.4
2021-03-11 23:13:38.0	Ana3 - 3: T.Abluft	19.4
2021-03-11 23:13:38.0	Ana4 - 4: T.Fortluft	12.0
2021-03-11 23:13:38.0	Ana5 - 5: T.Raum	9999.9
2021-03-11 23:13:38.0	Ana9 - 9: T.Zuluft WRG warm	18.7
2021-03-11 23:13:48.0	Ana1 - 1: T.Au?en	5.5
2021-03-11 23:13:48.0	Ana2 - 2: T.Zuluft	14.4
2021-03-11 23:13:48.0	Ana3 - 3: T.Abluft	19.4
2021-03-11 23:13:48.0	Ana4 - 4: T.Fortluft	12.0
2021-03-11 23:13:48.0	Ana5 - 5: T.Raum	9999.9
2021-03-11 23:13:48.0	Ana9 - 9: T.Zuluft WRG warm	18.7
2021-03-11 23:13:58.0	Ana1 - 1: T.Au?en	5.5
2021-03-11 23:13:58.0	Ana2 - 2: T.Zuluft	14.4
2021-03-11 23:13:58.0	Ana3 - 3: T.Abluft	19.4
2021-03-11 23:13:58.0	Ana4 - 4: T.Fortluft	12.0
2021-03-11 23:13:58.0	Ana5 - 5: T.Raum	9999.9
2021-03-11 23:13:58.0	Ana9 - 9: T.Zuluft WRG warm	18.7
2021-03-11 23:14:08.0	Ana1 - 1: T.Au?en	5.5
2021-03-11 23:14:08.0	Ana2 - 2: T.Zuluft	14.4
2021-03-11 23:14:08.0	Ana3 - 3: T.Abluft	19.4
2021-03-11 23:14:08.0	Ana4 - 4: T.Fortluft	12.0
2021-03-11 23:14:08.0	Ana5 - 5: T.Raum	9999.9
2021-03-11 23:14:08.0	Ana9 - 9: T.Zuluft WRG warm	18.7
2021-03-11 23:14:18.0	Ana1 - 1: T.Au?en	5.5
2021-03-11 23:14:18.0	Ana2 - 2: T.Zuluft	14.4
2021-03-11 23:14:18.0	Ana3 - 3: T.Abluft	19.4
2021-03-11 23:14:18.0	Ana4 - 4: T.Fortluft	12.0
2021-03-11 23:14:18.0	Ana5 - 5: T.Raum	9999.9
2021-03-11 23:14:18.0	Ana9 - 9: T.Zuluft WRG warm	18.7
2021-03-11 23:14:28.0	Ana1 - 1: T.Au?en	5.5
2021-03-11 23:14:28.0	Ana2 - 2: T.Zuluft	14.3
2021-03-11 23:14:28.0	Ana3 - 3: T.Abluft	19.4
2021-03-11 23:14:28.0	Ana4 - 4: T.Fortluft	12.0
2021-03-11 23:14:28.0	Ana5 - 5: T.Raum	9999.9
2021-03-11 23:14:28.0	Ana9 - 9: T.Zuluft WRG warm	18.7
2021-03-11 23:14:38.0	Ana1 - 1: T.Au?en	5.5
2021-03-11 23:14:38.0	Ana2 - 2: T.Zuluft	14.3
2021-03-11 23:14:38.0	Ana3 - 3: T.Abluft	19.4
2021-03-11 23:14:38.0	Ana4 - 4: T.Fortluft	12.0
2021-03-11 23:14:38.0	Ana5 - 5: T.Raum	9999.9
2021-03-11 23:14:38.0	Ana9 - 9: T.Zuluft WRG warm	18.7
2021-03-11 23:14:48.0	Ana1 - 1: T.Au?en	5.5
2021-03-11 23:14:48.0	Ana2 - 2: T.Zuluft	14.3
2021-03-11 23:14:48.0	Ana3 - 3: T.Abluft	19.4
2021-03-11 23:14:48.0	Ana4 - 4: T.Fortluft	12.0
2021-03-11 23:14:48.0	Ana5 - 5: T.Raum	9999.9
2021-03-11 23:14:48.0	Ana9 - 9: T.Zuluft WRG warm	18.7
2021-03-11 23:14:58.0	Ana1 - 1: T.Au?en	5.5
2021-03-11 23:14:58.0	Ana2 - 2: T.Zuluft	14.3
2021-03-11 23:14:58.0	Ana3 - 3: T.Abluft	19.4
2021-03-11 23:14:58.0	Ana4 - 4: T.Fortluft	12.0
2021-03-11 23:14:58.0	Ana5 - 5: T.Raum	9999.9
2021-03-11 23:14:58.0	Ana9 - 9: T.Zuluft WRG warm	18.7
2021-03-11 23:15:08.0	Ana1 - 1: T.Au?en	5.5
2021-03-11 23:15:08.0	Ana2 - 2: T.Zuluft	14.4
2021-03-11 23:15:08.0	Ana3 - 3: T.Abluft	19.4
2021-03-11 23:15:08.0	Ana4 - 4: T.Fortluft	12.0
2021-03-11 23:15:08.0	Ana5 - 5: T.Raum	9999.9
2021-03-11 23:15:08.0	Ana9 - 9: T.Zuluft WRG warm	18.7
2021-03-11 23:15:18.0	Ana1 - 1: T.Au?en	5.5
2021-03-11 23:15:18.0	Ana2 - 2: T.Zuluft	14.4
2021-03-11 23:15:18.0	Ana3 - 3: T.Abluft	19.4
2021-03-11 23:15:18.0	Ana4 - 4: T.Fortluft	12.0
2021-03-11 23:15:18.0	Ana5 - 5: T.Raum	9999.9
2021-03-11 23:15:18.0	Ana9 - 9: T.Zuluft WRG warm	18.7
2021-03-11 23:15:28.0	Ana1 - 1: T.Au?en	5.5
2021-03-11 23:15:28.0	Ana2 - 2: T.Zuluft	14.4
2021-03-11 23:15:28.0	Ana3 - 3: T.Abluft	19.4
2021-03-11 23:15:28.0	Ana4 - 4: T.Fortluft	12.0
2021-03-11 23:15:28.0	Ana5 - 5: T.Raum	9999.9
2021-03-11 23:15:28.0	Ana9 - 9: T.Zuluft WRG warm	18.7
2021-03-11 23:15:38.0	Ana1 - 1: T.Au?en	5.5
2021-03-11 23:15:38.0	Ana2 - 2: T.Zuluft	14.4
2021-03-11 23:15:38.0	Ana3 - 3: T.Abluft	19.4
2021-03-11 23:15:38.0	Ana4 - 4: T.Fortluft	12.0
2021-03-11 23:15:38.0	Ana5 - 5: T.Raum	9999.9
2021-03-11 23:15:38.0	Ana9 - 9: T.Zuluft WRG warm	18.7
2021-03-11 23:15:48.0	Ana1 - 1: T.Au?en	5.5
2021-03-11 23:15:48.0	Ana2 - 2: T.Zuluft	14.3
2021-03-11 23:15:48.0	Ana3 - 3: T.Abluft	19.4
2021-03-11 23:15:48.0	Ana4 - 4: T.Fortluft	12.0
2021-03-11 23:15:48.0	Ana5 - 5: T.Raum	9999.9
2021-03-11 23:15:48.0	Ana9 - 9: T.Zuluft WRG warm	18.7
2021-03-11 23:15:58.0	Ana1 - 1: T.Au?en	5.5
2021-03-11 23:15:58.0	Ana2 - 2: T.Zuluft	14.3
2021-03-11 23:15:58.0	Ana3 - 3: T.Abluft	19.4
2021-03-11 23:15:58.0	Ana4 - 4: T.Fortluft	12.0
2021-03-11 23:15:58.0	Ana5 - 5: T.Raum	9999.9
2021-03-11 23:15:58.0	Ana9 - 9: T.Zuluft WRG warm	18.7
2021-03-11 23:16:08.0	Ana1 - 1: T.Au?en	5.5
2021-03-11 23:16:08.0	Ana2 - 2: T.Zuluft	14.3
2021-03-11 23:16:08.0	Ana3 - 3: T.Abluft	19.4
2021-03-11 23:16:08.0	Ana4 - 4: T.Fortluft	12.0
2021-03-11 23:16:08.0	Ana5 - 5: T.Raum	9999.9
2021-03-11 23:16:08.0	Ana9 - 9: T.Zuluft WRG warm	18.7
2021-03-11 23:16:18.0	Ana1 - 1: T.Au?en	5.5
2021-03-11 23:16:18.0	Ana2 - 2: T.Zuluft	14.3
2021-03-11 23:16:18.0	Ana3 - 3: T.Abluft	19.4
2021-03-11 23:16:18.0	Ana4 - 4: T.Fortluft	12.0
2021-03-11 23:16:18.0	Ana5 - 5: T.Raum	9999.9
2021-03-11 23:16:18.0	Ana9 - 9: T.Zuluft WRG warm	18.7
2021-03-11 23:16:28.0	Ana1 - 1: T.Au?en	5.5
2021-03-11 23:16:28.0	Ana2 - 2: T.Zuluft	14.3
2021-03-11 23:16:28.0	Ana3 - 3: T.Abluft	19.4
2021-03-11 23:16:28.0	Ana4 - 4: T.Fortluft	12.0
2021-03-11 23:16:28.0	Ana5 - 5: T.Raum	9999.9
2021-03-11 23:16:28.0	Ana9 - 9: T.Zuluft WRG warm	18.7
2021-03-11 23:16:38.0	Ana1 - 1: T.Au?en	5.5
2021-03-11 23:16:38.0	Ana2 - 2: T.Zuluft	14.3
2021-03-11 23:16:38.0	Ana3 - 3: T.Abluft	19.4
2021-03-11 23:16:38.0	Ana4 - 4: T.Fortluft	12.0
2021-03-11 23:16:38.0	Ana5 - 5: T.Raum	9999.9
2021-03-11 23:16:38.0	Ana9 - 9: T.Zuluft WRG warm	18.7
2021-03-11 23:16:48.0	Ana1 - 1: T.Au?en	5.5
2021-03-11 23:16:48.0	Ana2 - 2: T.Zuluft	14.3
2021-03-11 23:16:48.0	Ana3 - 3: T.Abluft	19.4
2021-03-11 23:16:48.0	Ana4 - 4: T.Fortluft	12.0
2021-03-11 23:16:48.0	Ana5 - 5: T.Raum	9999.9
2021-03-11 23:16:48.0	Ana9 - 9: T.Zuluft WRG warm	18.7
2021-03-11 23:16:58.0	Ana1 - 1: T.Au?en	5.5
2021-03-11 23:16:58.0	Ana2 - 2: T.Zuluft	14.3
2021-03-11 23:16:58.0	Ana3 - 3: T.Abluft	19.4
2021-03-11 23:16:58.0	Ana4 - 4: T.Fortluft	12.0
2021-03-11 23:16:58.0	Ana5 - 5: T.Raum	9999.9
2021-03-11 23:16:58.0	Ana9 - 9: T.Zuluft WRG warm	18.7
2021-03-11 23:17:08.0	Ana1 - 1: T.Au?en	5.5
2021-03-11 23:17:08.0	Ana2 - 2: T.Zuluft	14.3
2021-03-11 23:17:08.0	Ana3 - 3: T.Abluft	19.4
2021-03-11 23:17:08.0	Ana4 - 4: T.Fortluft	12.0
2021-03-11 23:17:08.0	Ana5 - 5: T.Raum	9999.9
2021-03-11 23:17:08.0	Ana9 - 9: T.Zuluft WRG warm	18.7
2021-03-11 23:17:18.0	Ana1 - 1: T.Au?en	5.5
2021-03-11 23:17:18.0	Ana2 - 2: T.Zuluft	14.3
2021-03-11 23:17:18.0	Ana3 - 3: T.Abluft	19.4
2021-03-11 23:17:18.0	Ana4 - 4: T.Fortluft	12.0
2021-03-11 23:17:18.0	Ana5 - 5: T.Raum	9999.9
2021-03-11 23:17:18.0	Ana9 - 9: T.Zuluft WRG warm	18.7
2021-03-11 23:17:28.0	Ana1 - 1: T.Au?en	5.5
2021-03-11 23:17:28.0	Ana2 - 2: T.Zuluft	14.3
2021-03-11 23:17:28.0	Ana3 - 3: T.Abluft	19.4
2021-03-11 23:17:28.0	Ana4 - 4: T.Fortluft	12.0
2021-03-11 23:17:28.0	Ana5 - 5: T.Raum	9999.9
2021-03-11 23:17:28.0	Ana9 - 9: T.Zuluft WRG warm	18.7
2021-03-11 23:17:38.0	Ana1 - 1: T.Au?en	5.5
2021-03-11 23:17:38.0	Ana2 - 2: T.Zuluft	14.3
2021-03-11 23:17:38.0	Ana3 - 3: T.Abluft	19.4
2021-03-11 23:17:38.0	Ana4 - 4: T.Fortluft	12.0
2021-03-11 23:17:38.0	Ana5 - 5: T.Raum	9999.9
2021-03-11 23:17:38.0	Ana9 - 9: T.Zuluft WRG warm	18.7
2021-03-11 23:17:48.0	Ana1 - 1: T.Au?en	5.5
2021-03-11 23:17:48.0	Ana2 - 2: T.Zuluft	14.3
2021-03-11 23:17:48.0	Ana3 - 3: T.Abluft	19.4
2021-03-11 23:17:48.0	Ana4 - 4: T.Fortluft	12.0
2021-03-11 23:17:48.0	Ana5 - 5: T.Raum	9999.9
2021-03-11 23:17:48.0	Ana9 - 9: T.Zuluft WRG warm	18.7
2021-03-11 23:17:58.0	Ana1 - 1: T.Au?en	5.5
2021-03-11 23:17:58.0	Ana2 - 2: T.Zuluft	14.3
2021-03-11 23:17:58.0	Ana3 - 3: T.Abluft	19.4
2021-03-11 23:17:58.0	Ana4 - 4: T.Fortluft	12.0
2021-03-11 23:17:58.0	Ana5 - 5: T.Raum	9999.9
2021-03-11 23:17:58.0	Ana9 - 9: T.Zuluft WRG warm	18.7
2021-03-11 23:18:08.0	Ana1 - 1: T.Au?en	5.5
2021-03-11 23:18:08.0	Ana2 - 2: T.Zuluft	14.3
2021-03-11 23:18:08.0	Ana3 - 3: T.Abluft	19.4
2021-03-11 23:18:08.0	Ana4 - 4: T.Fortluft	12.0
2021-03-11 23:18:08.0	Ana5 - 5: T.Raum	9999.9
2021-03-11 23:18:08.0	Ana9 - 9: T.Zuluft WRG warm	18.7
2021-03-11 23:18:18.0	Ana1 - 1: T.Au?en	5.5
2021-03-11 23:18:18.0	Ana2 - 2: T.Zuluft	14.3
2021-03-11 23:18:18.0	Ana3 - 3: T.Abluft	19.4
2021-03-11 23:18:18.0	Ana4 - 4: T.Fortluft	11.9
2021-03-11 23:18:18.0	Ana5 - 5: T.Raum	9999.9
2021-03-11 23:18:18.0	Ana9 - 9: T.Zuluft WRG warm	18.7
2021-03-11 23:18:28.0	Ana1 - 1: T.Au?en	5.5
2021-03-11 23:18:28.0	Ana2 - 2: T.Zuluft	14.3
2021-03-11 23:18:28.0	Ana3 - 3: T.Abluft	19.4
2021-03-11 23:18:28.0	Ana4 - 4: T.Fortluft	12.0
2021-03-11 23:18:28.0	Ana5 - 5: T.Raum	9999.9
2021-03-11 23:18:28.0	Ana9 - 9: T.Zuluft WRG warm	18.7
2021-03-11 23:18:38.0	Ana1 - 1: T.Au?en	5.5
2021-03-11 23:18:38.0	Ana2 - 2: T.Zuluft	14.3
2021-03-11 23:18:38.0	Ana3 - 3: T.Abluft	19.4
2021-03-11 23:18:38.0	Ana4 - 4: T.Fortluft	12.0
2021-03-11 23:18:38.0	Ana5 - 5: T.Raum	9999.9
2021-03-11 23:18:38.0	Ana9 - 9: T.Zuluft WRG warm	18.7
2021-03-11 23:18:48.0	Ana1 - 1: T.Au?en	5.5
2021-03-11 23:18:48.0	Ana2 - 2: T.Zuluft	14.3
2021-03-11 23:18:48.0	Ana3 - 3: T.Abluft	19.4
2021-03-11 23:18:48.0	Ana4 - 4: T.Fortluft	12.0
2021-03-11 23:18:48.0	Ana5 - 5: T.Raum	9999.9
2021-03-11 23:18:48.0	Ana9 - 9: T.Zuluft WRG warm	18.7
2021-03-11 23:18:58.0	Ana1 - 1: T.Au?en	5.5
2021-03-11 23:18:58.0	Ana2 - 2: T.Zuluft	14.3
2021-03-11 23:18:58.0	Ana3 - 3: T.Abluft	19.4
2021-03-11 23:18:58.0	Ana4 - 4: T.Fortluft	12.0
2021-03-11 23:18:58.0	Ana5 - 5: T.Raum	9999.9
2021-03-11 23:18:58.0	Ana9 - 9: T.Zuluft WRG warm	18.7
2021-03-11 23:19:08.0	Ana1 - 1: T.Au?en	5.6
2021-03-11 23:19:08.0	Ana2 - 2: T.Zuluft	14.3
2021-03-11 23:19:08.0	Ana3 - 3: T.Abluft	19.4
2021-03-11 23:19:08.0	Ana4 - 4: T.Fortluft	11.9
2021-03-11 23:19:08.0	Ana5 - 5: T.Raum	9999.9
2021-03-11 23:19:08.0	Ana9 - 9: T.Zuluft WRG warm	18.7
2021-03-11 23:19:18.0	Ana1 - 1: T.Au?en	5.6
2021-03-11 23:19:18.0	Ana2 - 2: T.Zuluft	14.3
2021-03-11 23:19:18.0	Ana3 - 3: T.Abluft	19.4
2021-03-11 23:19:18.0	Ana4 - 4: T.Fortluft	11.9
2021-03-11 23:19:18.0	Ana5 - 5: T.Raum	9999.9
2021-03-11 23:19:18.0	Ana9 - 9: T.Zuluft WRG warm	18.7
2021-03-11 23:19:28.0	Ana1 - 1: T.Au?en	5.6
2021-03-11 23:19:28.0	Ana2 - 2: T.Zuluft	14.3
2021-03-11 23:19:28.0	Ana3 - 3: T.Abluft	19.4
2021-03-11 23:19:28.0	Ana4 - 4: T.Fortluft	12.0
2021-03-11 23:19:28.0	Ana5 - 5: T.Raum	9999.9
2021-03-11 23:19:28.0	Ana9 - 9: T.Zuluft WRG warm	18.7
2021-03-11 23:19:38.0	Ana1 - 1: T.Au?en	5.6
2021-03-11 23:19:38.0	Ana2 - 2: T.Zuluft	14.3
2021-03-11 23:19:38.0	Ana3 - 3: T.Abluft	19.4
2021-03-11 23:19:38.0	Ana4 - 4: T.Fortluft	12.0
2021-03-11 23:19:38.0	Ana5 - 5: T.Raum	9999.9
2021-03-11 23:19:38.0	Ana9 - 9: T.Zuluft WRG warm	18.7
2021-03-11 23:19:48.0	Ana1 - 1: T.Au?en	5.6
2021-03-11 23:19:48.0	Ana2 - 2: T.Zuluft	14.3
2021-03-11 23:19:48.0	Ana3 - 3: T.Abluft	19.4
2021-03-11 23:19:48.0	Ana4 - 4: T.Fortluft	12.0
2021-03-11 23:19:48.0	Ana5 - 5: T.Raum	9999.9
2021-03-11 23:19:48.0	Ana9 - 9: T.Zuluft WRG warm	18.7
2021-03-11 23:19:58.0	Ana1 - 1: T.Au?en	5.6
2021-03-11 23:19:58.0	Ana2 - 2: T.Zuluft	14.3
2021-03-11 23:19:58.0	Ana3 - 3: T.Abluft	19.4
2021-03-11 23:19:58.0	Ana4 - 4: T.Fortluft	12.0
2021-03-11 23:19:58.0	Ana5 - 5: T.Raum	9999.9
2021-03-11 23:19:58.0	Ana9 - 9: T.Zuluft WRG warm	18.7
2021-03-11 23:20:08.0	Ana1 - 1: T.Au?en	5.6
2021-03-11 23:20:08.0	Ana2 - 2: T.Zuluft	14.3
2021-03-11 23:20:08.0	Ana3 - 3: T.Abluft	19.4
2021-03-11 23:20:08.0	Ana4 - 4: T.Fortluft	12.0
2021-03-11 23:20:08.0	Ana5 - 5: T.Raum	9999.9
2021-03-11 23:20:08.0	Ana9 - 9: T.Zuluft WRG warm	18.7
2021-03-11 23:20:18.0	Ana1 - 1: T.Au?en	5.6
2021-03-11 23:20:18.0	Ana2 - 2: T.Zuluft	14.3
2021-03-11 23:20:18.0	Ana3 - 3: T.Abluft	19.4
2021-03-11 23:20:18.0	Ana4 - 4: T.Fortluft	11.9
2021-03-11 23:20:18.0	Ana5 - 5: T.Raum	9999.9
2021-03-11 23:20:18.0	Ana9 - 9: T.Zuluft WRG warm	18.6
2021-03-11 23:20:28.0	Ana1 - 1: T.Au?en	5.5
2021-03-11 23:20:28.0	Ana2 - 2: T.Zuluft	14.3
2021-03-11 23:20:28.0	Ana3 - 3: T.Abluft	19.4
2021-03-11 23:20:28.0	Ana4 - 4: T.Fortluft	11.9
2021-03-11 23:20:28.0	Ana5 - 5: T.Raum	9999.9
2021-03-11 23:20:28.0	Ana9 - 9: T.Zuluft WRG warm	18.7
2021-03-11 23:20:38.0	Ana1 - 1: T.Au?en	5.5
2021-03-11 23:20:38.0	Ana2 - 2: T.Zuluft	14.3
2021-03-11 23:20:38.0	Ana3 - 3: T.Abluft	19.4
2021-03-11 23:20:38.0	Ana4 - 4: T.Fortluft	11.9
2021-03-11 23:20:38.0	Ana5 - 5: T.Raum	9999.9
2021-03-11 23:20:38.0	Ana9 - 9: T.Zuluft WRG warm	18.7
2021-03-11 23:20:48.0	Ana1 - 1: T.Au?en	5.5
2021-03-11 23:20:48.0	Ana2 - 2: T.Zuluft	14.3
2021-03-11 23:20:48.0	Ana3 - 3: T.Abluft	19.4
2021-03-11 23:20:48.0	Ana4 - 4: T.Fortluft	11.9
2021-03-11 23:20:48.0	Ana5 - 5: T.Raum	9999.9
2021-03-11 23:20:48.0	Ana9 - 9: T.Zuluft WRG warm	18.7
2021-03-11 23:20:58.0	Ana1 - 1: T.Au?en	5.5
2021-03-11 23:20:58.0	Ana2 - 2: T.Zuluft	14.3
2021-03-11 23:20:58.0	Ana3 - 3: T.Abluft	19.3
2021-03-11 23:20:58.0	Ana4 - 4: T.Fortluft	11.9
2021-03-11 23:20:58.0	Ana5 - 5: T.Raum	9999.9
2021-03-11 23:20:58.0	Ana9 - 9: T.Zuluft WRG warm	18.7
2021-03-11 23:21:08.0	Ana1 - 1: T.Au?en	5.5
2021-03-11 23:21:08.0	Ana2 - 2: T.Zuluft	14.3
2021-03-11 23:21:08.0	Ana3 - 3: T.Abluft	19.4
2021-03-11 23:21:08.0	Ana4 - 4: T.Fortluft	11.9
2021-03-11 23:21:08.0	Ana5 - 5: T.Raum	9999.9
2021-03-11 23:21:08.0	Ana9 - 9: T.Zuluft WRG warm	18.7
2021-03-11 23:21:18.0	Ana1 - 1: T.Au?en	5.5
2021-03-11 23:21:18.0	Ana2 - 2: T.Zuluft	14.3
2021-03-11 23:21:18.0	Ana3 - 3: T.Abluft	19.3
2021-03-11 23:21:18.0	Ana4 - 4: T.Fortluft	11.9
2021-03-11 23:21:18.0	Ana5 - 5: T.Raum	9999.9
2021-03-11 23:21:18.0	Ana9 - 9: T.Zuluft WRG warm	18.6
2021-03-11 23:21:28.0	Ana1 - 1: T.Au?en	5.5
2021-03-11 23:21:28.0	Ana2 - 2: T.Zuluft	14.3
2021-03-11 23:21:28.0	Ana3 - 3: T.Abluft	19.4
2021-03-11 23:21:28.0	Ana4 - 4: T.Fortluft	11.9
2021-03-11 23:21:28.0	Ana5 - 5: T.Raum	9999.9
2021-03-11 23:21:28.0	Ana9 - 9: T.Zuluft WRG warm	18.6
2021-03-11 23:21:38.0	Ana1 - 1: T.Au?en	5.5
2021-03-11 23:21:38.0	Ana2 - 2: T.Zuluft	14.3
2021-03-11 23:21:38.0	Ana3 - 3: T.Abluft	19.4
2021-03-11 23:21:38.0	Ana4 - 4: T.Fortluft	11.9
2021-03-11 23:21:38.0	Ana5 - 5: T.Raum	9999.9
2021-03-11 23:21:38.0	Ana9 - 9: T.Zuluft WRG warm	18.6
2021-03-11 23:21:48.0	Ana1 - 1: T.Au?en	5.5
2021-03-11 23:21:48.0	Ana2 - 2: T.Zuluft	14.3
2021-03-11 23:21:48.0	Ana3 - 3: T.Abluft	19.3
2021-03-11 23:21:48.0	Ana4 - 4: T.Fortluft	11.9
2021-03-11 23:21:48.0	Ana5 - 5: T.Raum	9999.9
2021-03-11 23:21:48.0	Ana9 - 9: T.Zuluft WRG warm	18.7
2021-03-11 23:21:58.0	Ana1 - 1: T.Au?en	5.5
2021-03-11 23:21:58.0	Ana2 - 2: T.Zuluft	14.3
2021-03-11 23:21:58.0	Ana3 - 3: T.Abluft	19.3
2021-03-11 23:21:58.0	Ana4 - 4: T.Fortluft	11.9
2021-03-11 23:21:58.0	Ana5 - 5: T.Raum	9999.9
2021-03-11 23:21:58.0	Ana9 - 9: T.Zuluft WRG warm	18.6
2021-03-11 23:22:08.0	Ana1 - 1: T.Au?en	5.5
2021-03-11 23:22:08.0	Ana2 - 2: T.Zuluft	14.3
2021-03-11 23:22:08.0	Ana3 - 3: T.Abluft	19.4
2021-03-11 23:22:08.0	Ana4 - 4: T.Fortluft	11.9
2021-03-11 23:22:08.0	Ana5 - 5: T.Raum	9999.9
2021-03-11 23:22:08.0	Ana9 - 9: T.Zuluft WRG warm	18.6
2021-03-11 23:22:18.0	Ana1 - 1: T.Au?en	5.5
2021-03-11 23:22:18.0	Ana2 - 2: T.Zuluft	14.3
2021-03-11 23:22:18.0	Ana3 - 3: T.Abluft	19.3
2021-03-11 23:22:18.0	Ana4 - 4: T.Fortluft	11.9
2021-03-11 23:22:18.0	Ana5 - 5: T.Raum	9999.9
2021-03-11 23:22:18.0	Ana9 - 9: T.Zuluft WRG warm	18.6
2021-03-11 23:22:28.0	Ana1 - 1: T.Au?en	5.5
2021-03-11 23:22:28.0	Ana2 - 2: T.Zuluft	14.3
2021-03-11 23:22:28.0	Ana3 - 3: T.Abluft	19.3
2021-03-11 23:22:28.0	Ana4 - 4: T.Fortluft	11.9
2021-03-11 23:22:28.0	Ana5 - 5: T.Raum	9999.9
2021-03-11 23:22:28.0	Ana9 - 9: T.Zuluft WRG warm	18.7
2021-03-11 23:22:38.0	Ana1 - 1: T.Au?en	5.5
2021-03-11 23:22:38.0	Ana2 - 2: T.Zuluft	14.3
2021-03-11 23:22:38.0	Ana3 - 3: T.Abluft	19.3
2021-03-11 23:22:38.0	Ana4 - 4: T.Fortluft	11.9
2021-03-11 23:22:38.0	Ana5 - 5: T.Raum	9999.9
2021-03-11 23:22:38.0	Ana9 - 9: T.Zuluft WRG warm	18.6
2021-03-11 23:22:48.0	Ana1 - 1: T.Au?en	5.5
2021-03-11 23:22:48.0	Ana2 - 2: T.Zuluft	14.3
2021-03-11 23:22:48.0	Ana3 - 3: T.Abluft	19.3
2021-03-11 23:22:48.0	Ana4 - 4: T.Fortluft	11.9
2021-03-11 23:22:48.0	Ana5 - 5: T.Raum	9999.9
2021-03-11 23:22:48.0	Ana9 - 9: T.Zuluft WRG warm	18.6
2021-03-11 23:22:58.0	Ana1 - 1: T.Au?en	5.5
2021-03-11 23:22:58.0	Ana2 - 2: T.Zuluft	14.3
2021-03-11 23:22:58.0	Ana3 - 3: T.Abluft	19.4
2021-03-11 23:22:58.0	Ana4 - 4: T.Fortluft	11.9
2021-03-11 23:22:58.0	Ana5 - 5: T.Raum	9999.9
2021-03-11 23:22:58.0	Ana9 - 9: T.Zuluft WRG warm	18.6
2021-03-11 23:23:08.0	Ana1 - 1: T.Au?en	5.5
2021-03-11 23:23:08.0	Ana2 - 2: T.Zuluft	14.3
2021-03-11 23:23:08.0	Ana3 - 3: T.Abluft	19.3
2021-03-11 23:23:08.0	Ana4 - 4: T.Fortluft	11.9
2021-03-11 23:23:08.0	Ana5 - 5: T.Raum	9999.9
2021-03-11 23:23:08.0	Ana9 - 9: T.Zuluft WRG warm	18.6
2021-03-11 23:23:18.0	Ana1 - 1: T.Au?en	5.5
2021-03-11 23:23:18.0	Ana2 - 2: T.Zuluft	14.3
2021-03-11 23:23:18.0	Ana3 - 3: T.Abluft	19.3
2021-03-11 23:23:18.0	Ana4 - 4: T.Fortluft	11.9
2021-03-11 23:23:18.0	Ana5 - 5: T.Raum	9999.9
2021-03-11 23:23:18.0	Ana9 - 9: T.Zuluft WRG warm	18.6
2021-03-11 23:23:28.0	Ana1 - 1: T.Au?en	5.4
2021-03-11 23:23:28.0	Ana2 - 2: T.Zuluft	14.3
2021-03-11 23:23:28.0	Ana3 - 3: T.Abluft	19.3
2021-03-11 23:23:28.0	Ana4 - 4: T.Fortluft	11.9
2021-03-11 23:23:28.0	Ana5 - 5: T.Raum	9999.9
2021-03-11 23:23:28.0	Ana9 - 9: T.Zuluft WRG warm	18.6
2021-03-11 23:23:38.0	Ana1 - 1: T.Au?en	5.4
2021-03-11 23:23:38.0	Ana2 - 2: T.Zuluft	14.3
2021-03-11 23:23:38.0	Ana3 - 3: T.Abluft	19.3
2021-03-11 23:23:38.0	Ana4 - 4: T.Fortluft	11.9
2021-03-11 23:23:38.0	Ana5 - 5: T.Raum	9999.9
2021-03-11 23:23:38.0	Ana9 - 9: T.Zuluft WRG warm	18.6
2021-03-11 23:23:48.0	Ana1 - 1: T.Au?en	5.4
2021-03-11 23:23:48.0	Ana2 - 2: T.Zuluft	14.3
2021-03-11 23:23:48.0	Ana3 - 3: T.Abluft	19.3
2021-03-11 23:23:48.0	Ana4 - 4: T.Fortluft	11.9
2021-03-11 23:23:48.0	Ana5 - 5: T.Raum	9999.9
2021-03-11 23:23:48.0	Ana9 - 9: T.Zuluft WRG warm	18.6
2021-03-11 23:23:58.0	Ana1 - 1: T.Au?en	5.4
2021-03-11 23:23:58.0	Ana2 - 2: T.Zuluft	14.3
2021-03-11 23:23:58.0	Ana3 - 3: T.Abluft	19.3
2021-03-11 23:23:58.0	Ana4 - 4: T.Fortluft	11.9
2021-03-11 23:23:58.0	Ana5 - 5: T.Raum	9999.9
2021-03-11 23:23:58.0	Ana9 - 9: T.Zuluft WRG warm	18.6
2021-03-11 23:24:08.0	Ana1 - 1: T.Au?en	5.4
2021-03-11 23:24:08.0	Ana2 - 2: T.Zuluft	14.3
2021-03-11 23:24:08.0	Ana3 - 3: T.Abluft	19.3
2021-03-11 23:24:08.0	Ana4 - 4: T.Fortluft	11.9
2021-03-11 23:24:08.0	Ana5 - 5: T.Raum	9999.9
2021-03-11 23:24:08.0	Ana9 - 9: T.Zuluft WRG warm	18.7
2021-03-11 23:24:18.0	Ana1 - 1: T.Au?en	5.4
2021-03-11 23:24:18.0	Ana2 - 2: T.Zuluft	14.3
2021-03-11 23:24:18.0	Ana3 - 3: T.Abluft	19.3
2021-03-11 23:24:18.0	Ana4 - 4: T.Fortluft	11.9
2021-03-11 23:24:18.0	Ana5 - 5: T.Raum	9999.9
2021-03-11 23:24:18.0	Ana9 - 9: T.Zuluft WRG warm	18.7
2021-03-11 23:24:28.0	Ana1 - 1: T.Au?en	5.4
2021-03-11 23:24:28.0	Ana2 - 2: T.Zuluft	14.3
2021-03-11 23:24:28.0	Ana3 - 3: T.Abluft	19.3
2021-03-11 23:24:28.0	Ana4 - 4: T.Fortluft	11.9
2021-03-11 23:24:28.0	Ana5 - 5: T.Raum	9999.9
2021-03-11 23:24:28.0	Ana9 - 9: T.Zuluft WRG warm	18.7
2021-03-11 23:24:38.0	Ana1 - 1: T.Au?en	5.4
2021-03-11 23:24:38.0	Ana2 - 2: T.Zuluft	14.3
2021-03-11 23:24:38.0	Ana3 - 3: T.Abluft	19.3
2021-03-11 23:24:38.0	Ana4 - 4: T.Fortluft	11.9
2021-03-11 23:24:38.0	Ana5 - 5: T.Raum	9999.9
2021-03-11 23:24:38.0	Ana9 - 9: T.Zuluft WRG warm	18.7
2021-03-11 23:24:48.0	Ana1 - 1: T.Au?en	5.4
2021-03-11 23:24:48.0	Ana2 - 2: T.Zuluft	14.3
2021-03-11 23:24:48.0	Ana3 - 3: T.Abluft	19.3
2021-03-11 23:24:48.0	Ana4 - 4: T.Fortluft	11.9
2021-03-11 23:24:48.0	Ana5 - 5: T.Raum	9999.9
2021-03-11 23:24:48.0	Ana9 - 9: T.Zuluft WRG warm	18.6
2021-03-11 23:24:58.0	Ana1 - 1: T.Au?en	5.3
2021-03-11 23:24:58.0	Ana2 - 2: T.Zuluft	14.3
2021-03-11 23:24:58.0	Ana3 - 3: T.Abluft	19.3
2021-03-11 23:24:58.0	Ana4 - 4: T.Fortluft	11.9
2021-03-11 23:24:58.0	Ana5 - 5: T.Raum	9999.9
2021-03-11 23:24:58.0	Ana9 - 9: T.Zuluft WRG warm	18.6
2021-03-11 23:25:08.0	Ana1 - 1: T.Au?en	5.3
2021-03-11 23:25:08.0	Ana2 - 2: T.Zuluft	14.3
2021-03-11 23:25:08.0	Ana3 - 3: T.Abluft	19.3
2021-03-11 23:25:08.0	Ana4 - 4: T.Fortluft	11.9
2021-03-11 23:25:08.0	Ana5 - 5: T.Raum	9999.9
2021-03-11 23:25:08.0	Ana9 - 9: T.Zuluft WRG warm	18.6
2021-03-11 23:25:18.0	Ana1 - 1: T.Au?en	5.3
2021-03-11 23:25:18.0	Ana2 - 2: T.Zuluft	14.3
2021-03-11 23:25:18.0	Ana3 - 3: T.Abluft	19.3
2021-03-11 23:25:18.0	Ana4 - 4: T.Fortluft	11.9
2021-03-11 23:25:18.0	Ana5 - 5: T.Raum	9999.9
2021-03-11 23:25:18.0	Ana9 - 9: T.Zuluft WRG warm	18.6
2021-03-11 23:25:28.0	Ana1 - 1: T.Au?en	5.3
2021-03-11 23:25:28.0	Ana2 - 2: T.Zuluft	14.3
2021-03-11 23:25:28.0	Ana3 - 3: T.Abluft	19.3
2021-03-11 23:25:28.0	Ana4 - 4: T.Fortluft	11.9
2021-03-11 23:25:28.0	Ana5 - 5: T.Raum	9999.9
2021-03-11 23:25:28.0	Ana9 - 9: T.Zuluft WRG warm	18.6
2021-03-11 23:25:38.0	Ana1 - 1: T.Au?en	5.3
2021-03-11 23:25:38.0	Ana2 - 2: T.Zuluft	14.3
2021-03-11 23:25:38.0	Ana3 - 3: T.Abluft	19.3
2021-03-11 23:25:38.0	Ana4 - 4: T.Fortluft	11.9
2021-03-11 23:25:38.0	Ana5 - 5: T.Raum	9999.9
2021-03-11 23:25:38.0	Ana9 - 9: T.Zuluft WRG warm	18.6
2021-03-11 23:25:48.0	Ana1 - 1: T.Au?en	5.3
2021-03-11 23:25:48.0	Ana2 - 2: T.Zuluft	14.3
2021-03-11 23:25:48.0	Ana3 - 3: T.Abluft	19.3
2021-03-11 23:25:48.0	Ana4 - 4: T.Fortluft	11.9
2021-03-11 23:25:48.0	Ana5 - 5: T.Raum	9999.9
2021-03-11 23:25:48.0	Ana9 - 9: T.Zuluft WRG warm	18.6
2021-03-11 23:25:58.0	Ana1 - 1: T.Au?en	5.3
2021-03-11 23:25:58.0	Ana2 - 2: T.Zuluft	14.3
2021-03-11 23:25:58.0	Ana3 - 3: T.Abluft	19.3
2021-03-11 23:25:58.0	Ana4 - 4: T.Fortluft	11.9
2021-03-11 23:25:58.0	Ana5 - 5: T.Raum	9999.9
2021-03-11 23:25:58.0	Ana9 - 9: T.Zuluft WRG warm	18.6
2021-03-11 23:26:08.0	Ana1 - 1: T.Au?en	5.3
2021-03-11 23:26:08.0	Ana2 - 2: T.Zuluft	14.3
2021-03-11 23:26:08.0	Ana3 - 3: T.Abluft	19.3
2021-03-11 23:26:08.0	Ana4 - 4: T.Fortluft	11.9
2021-03-11 23:26:08.0	Ana5 - 5: T.Raum	9999.9
2021-03-11 23:26:08.0	Ana9 - 9: T.Zuluft WRG warm	18.6
2021-03-11 23:26:18.0	Ana1 - 1: T.Au?en	5.3
2021-03-11 23:26:18.0	Ana2 - 2: T.Zuluft	14.3
2021-03-11 23:26:18.0	Ana3 - 3: T.Abluft	19.3
2021-03-11 23:26:18.0	Ana4 - 4: T.Fortluft	11.9
2021-03-11 23:26:18.0	Ana5 - 5: T.Raum	9999.9
2021-03-11 23:26:18.0	Ana9 - 9: T.Zuluft WRG warm	18.6
2021-03-11 23:26:28.0	Ana1 - 1: T.Au?en	5.3
2021-03-11 23:26:28.0	Ana2 - 2: T.Zuluft	14.3
2021-03-11 23:26:28.0	Ana3 - 3: T.Abluft	19.3
2021-03-11 23:26:28.0	Ana4 - 4: T.Fortluft	11.9
2021-03-11 23:26:28.0	Ana5 - 5: T.Raum	9999.9
2021-03-11 23:26:28.0	Ana9 - 9: T.Zuluft WRG warm	18.6
2021-03-11 23:26:38.0	Ana1 - 1: T.Au?en	5.3
2021-03-11 23:26:38.0	Ana2 - 2: T.Zuluft	14.2
2021-03-11 23:26:38.0	Ana3 - 3: T.Abluft	19.3
2021-03-11 23:26:38.0	Ana4 - 4: T.Fortluft	11.9
2021-03-11 23:26:38.0	Ana5 - 5: T.Raum	9999.9
2021-03-11 23:26:38.0	Ana9 - 9: T.Zuluft WRG warm	18.6
2021-03-11 23:26:48.0	Ana1 - 1: T.Au?en	5.3
2021-03-11 23:26:48.0	Ana2 - 2: T.Zuluft	14.2
2021-03-11 23:26:48.0	Ana3 - 3: T.Abluft	19.3
2021-03-11 23:26:48.0	Ana4 - 4: T.Fortluft	11.9
2021-03-11 23:26:48.0	Ana5 - 5: T.Raum	9999.9
2021-03-11 23:26:48.0	Ana9 - 9: T.Zuluft WRG warm	18.6
2021-03-11 23:26:58.0	Ana1 - 1: T.Au?en	5.3
2021-03-11 23:26:58.0	Ana2 - 2: T.Zuluft	14.2
2021-03-11 23:26:58.0	Ana3 - 3: T.Abluft	19.3
2021-03-11 23:26:58.0	Ana4 - 4: T.Fortluft	11.9
2021-03-11 23:26:58.0	Ana5 - 5: T.Raum	9999.9
2021-03-11 23:26:58.0	Ana9 - 9: T.Zuluft WRG warm	18.6
2021-03-11 23:27:08.0	Ana1 - 1: T.Au?en	5.3
2021-03-11 23:27:08.0	Ana2 - 2: T.Zuluft	14.3
2021-03-11 23:27:08.0	Ana3 - 3: T.Abluft	19.3
2021-03-11 23:27:08.0	Ana4 - 4: T.Fortluft	11.9
2021-03-11 23:27:08.0	Ana5 - 5: T.Raum	9999.9
2021-03-11 23:27:08.0	Ana9 - 9: T.Zuluft WRG warm	18.6
2021-03-11 23:27:18.0	Ana1 - 1: T.Au?en	5.3
2021-03-11 23:27:18.0	Ana2 - 2: T.Zuluft	14.2
2021-03-11 23:27:18.0	Ana3 - 3: T.Abluft	19.3
2021-03-11 23:27:18.0	Ana4 - 4: T.Fortluft	11.9
2021-03-11 23:27:18.0	Ana5 - 5: T.Raum	9999.9
2021-03-11 23:27:18.0	Ana9 - 9: T.Zuluft WRG warm	18.6
2021-03-11 23:27:28.0	Ana1 - 1: T.Au?en	5.2
2021-03-11 23:27:28.0	Ana2 - 2: T.Zuluft	14.2
2021-03-11 23:27:28.0	Ana3 - 3: T.Abluft	19.3
2021-03-11 23:27:28.0	Ana4 - 4: T.Fortluft	11.9
2021-03-11 23:27:28.0	Ana5 - 5: T.Raum	9999.9
2021-03-11 23:27:28.0	Ana9 - 9: T.Zuluft WRG warm	18.6
2021-03-11 23:27:38.0	Ana1 - 1: T.Au?en	5.2
2021-03-11 23:27:38.0	Ana2 - 2: T.Zuluft	14.2
2021-03-11 23:27:38.0	Ana3 - 3: T.Abluft	19.3
2021-03-11 23:27:38.0	Ana4 - 4: T.Fortluft	11.9
2021-03-11 23:27:38.0	Ana5 - 5: T.Raum	9999.9
2021-03-11 23:27:38.0	Ana9 - 9: T.Zuluft WRG warm	18.6
2021-03-11 23:27:48.0	Ana1 - 1: T.Au?en	5.2
2021-03-11 23:27:48.0	Ana2 - 2: T.Zuluft	14.2
2021-03-11 23:27:48.0	Ana3 - 3: T.Abluft	19.3
2021-03-11 23:27:48.0	Ana4 - 4: T.Fortluft	11.9
2021-03-11 23:27:48.0	Ana5 - 5: T.Raum	9999.9
2021-03-11 23:27:48.0	Ana9 - 9: T.Zuluft WRG warm	18.6
2021-03-11 23:27:58.0	Ana1 - 1: T.Au?en	5.2
2021-03-11 23:27:58.0	Ana2 - 2: T.Zuluft	14.2
2021-03-11 23:27:58.0	Ana3 - 3: T.Abluft	19.3
2021-03-11 23:27:58.0	Ana4 - 4: T.Fortluft	11.9
2021-03-11 23:27:58.0	Ana5 - 5: T.Raum	9999.9
2021-03-11 23:27:58.0	Ana9 - 9: T.Zuluft WRG warm	18.6
2021-03-11 23:28:08.0	Ana1 - 1: T.Au?en	5.2
2021-03-11 23:28:08.0	Ana2 - 2: T.Zuluft	14.2
2021-03-11 23:28:08.0	Ana3 - 3: T.Abluft	19.3
2021-03-11 23:28:08.0	Ana4 - 4: T.Fortluft	11.9
2021-03-11 23:28:08.0	Ana5 - 5: T.Raum	9999.9
2021-03-11 23:28:08.0	Ana9 - 9: T.Zuluft WRG warm	18.6
2021-03-11 23:28:18.0	Ana1 - 1: T.Au?en	5.2
2021-03-11 23:28:18.0	Ana2 - 2: T.Zuluft	14.2
2021-03-11 23:28:18.0	Ana3 - 3: T.Abluft	19.3
2021-03-11 23:28:18.0	Ana4 - 4: T.Fortluft	11.9
2021-03-11 23:28:18.0	Ana5 - 5: T.Raum	9999.9
2021-03-11 23:28:18.0	Ana9 - 9: T.Zuluft WRG warm	18.6
2021-03-11 23:28:28.0	Ana1 - 1: T.Au?en	5.2
2021-03-11 23:28:28.0	Ana2 - 2: T.Zuluft	14.2
2021-03-11 23:28:28.0	Ana3 - 3: T.Abluft	19.3
2021-03-11 23:28:28.0	Ana4 - 4: T.Fortluft	11.9
2021-03-11 23:28:28.0	Ana5 - 5: T.Raum	9999.9
2021-03-11 23:28:28.0	Ana9 - 9: T.Zuluft WRG warm	18.6
2021-03-11 23:28:38.0	Ana1 - 1: T.Au?en	5.2
2021-03-11 23:28:38.0	Ana2 - 2: T.Zuluft	14.2
2021-03-11 23:28:38.0	Ana3 - 3: T.Abluft	19.3
2021-03-11 23:28:38.0	Ana4 - 4: T.Fortluft	11.9
2021-03-11 23:28:38.0	Ana5 - 5: T.Raum	9999.9
2021-03-11 23:28:38.0	Ana9 - 9: T.Zuluft WRG warm	18.6
2021-03-11 23:28:48.0	Ana1 - 1: T.Au?en	5.2
2021-03-11 23:28:48.0	Ana2 - 2: T.Zuluft	14.2
2021-03-11 23:28:48.0	Ana3 - 3: T.Abluft	19.3
2021-03-11 23:28:48.0	Ana4 - 4: T.Fortluft	11.9
2021-03-11 23:28:48.0	Ana5 - 5: T.Raum	9999.9
2021-03-11 23:28:48.0	Ana9 - 9: T.Zuluft WRG warm	18.6
2021-03-11 23:28:58.0	Ana1 - 1: T.Au?en	5.2
2021-03-11 23:28:58.0	Ana2 - 2: T.Zuluft	14.2
2021-03-11 23:28:58.0	Ana3 - 3: T.Abluft	19.3
2021-03-11 23:28:58.0	Ana4 - 4: T.Fortluft	11.9
2021-03-11 23:28:58.0	Ana5 - 5: T.Raum	9999.9
2021-03-11 23:28:58.0	Ana9 - 9: T.Zuluft WRG warm	18.6
2021-03-11 23:29:08.0	Ana1 - 1: T.Au?en	5.2
2021-03-11 23:29:08.0	Ana2 - 2: T.Zuluft	14.2
2021-03-11 23:29:08.0	Ana3 - 3: T.Abluft	19.3
2021-03-11 23:29:08.0	Ana4 - 4: T.Fortluft	11.9
2021-03-11 23:29:08.0	Ana5 - 5: T.Raum	9999.9
2021-03-11 23:29:08.0	Ana9 - 9: T.Zuluft WRG warm	18.6
2021-03-11 23:29:18.0	Ana1 - 1: T.Au?en	5.2
2021-03-11 23:29:18.0	Ana2 - 2: T.Zuluft	14.2
2021-03-11 23:29:18.0	Ana3 - 3: T.Abluft	19.3
2021-03-11 23:29:18.0	Ana4 - 4: T.Fortluft	11.9
2021-03-11 23:29:18.0	Ana5 - 5: T.Raum	9999.9
2021-03-11 23:29:18.0	Ana9 - 9: T.Zuluft WRG warm	18.6
2021-03-11 23:29:28.0	Ana1 - 1: T.Au?en	5.2
2021-03-11 23:29:28.0	Ana2 - 2: T.Zuluft	14.2
2021-03-11 23:29:28.0	Ana3 - 3: T.Abluft	19.3
2021-03-11 23:29:28.0	Ana4 - 4: T.Fortluft	11.9
2021-03-11 23:29:28.0	Ana5 - 5: T.Raum	9999.9
2021-03-11 23:29:28.0	Ana9 - 9: T.Zuluft WRG warm	18.6
2021-03-11 23:29:38.0	Ana1 - 1: T.Au?en	5.2
2021-03-11 23:29:38.0	Ana2 - 2: T.Zuluft	14.2
2021-03-11 23:29:38.0	Ana3 - 3: T.Abluft	19.3
2021-03-11 23:29:38.0	Ana4 - 4: T.Fortluft	11.9
2021-03-11 23:29:38.0	Ana5 - 5: T.Raum	9999.9
2021-03-11 23:29:38.0	Ana9 - 9: T.Zuluft WRG warm	18.6
2021-03-11 23:29:48.0	Ana1 - 1: T.Au?en	5.3
2021-03-11 23:29:48.0	Ana2 - 2: T.Zuluft	14.2
2021-03-11 23:29:48.0	Ana3 - 3: T.Abluft	19.3
2021-03-11 23:29:48.0	Ana4 - 4: T.Fortluft	11.9
2021-03-11 23:29:48.0	Ana5 - 5: T.Raum	9999.9
2021-03-11 23:29:48.0	Ana9 - 9: T.Zuluft WRG warm	18.6
2021-03-11 23:29:58.0	Ana1 - 1: T.Au?en	5.2
2021-03-11 23:29:58.0	Ana2 - 2: T.Zuluft	14.2
2021-03-11 23:29:58.0	Ana3 - 3: T.Abluft	19.3
2021-03-11 23:29:58.0	Ana4 - 4: T.Fortluft	11.9
2021-03-11 23:29:58.0	Ana5 - 5: T.Raum	9999.9
2021-03-11 23:29:58.0	Ana9 - 9: T.Zuluft WRG warm	18.6
2021-03-11 23:30:08.0	Ana1 - 1: T.Au?en	5.2
2021-03-11 23:30:08.0	Ana2 - 2: T.Zuluft	14.2
2021-03-11 23:30:08.0	Ana3 - 3: T.Abluft	19.3
2021-03-11 23:30:08.0	Ana4 - 4: T.Fortluft	11.9
2021-03-11 23:30:08.0	Ana5 - 5: T.Raum	9999.9
2021-03-11 23:30:08.0	Ana9 - 9: T.Zuluft WRG warm	18.6
2021-03-11 23:30:18.0	Ana1 - 1: T.Au?en	5.2
2021-03-11 23:30:18.0	Ana2 - 2: T.Zuluft	14.2
2021-03-11 23:30:18.0	Ana3 - 3: T.Abluft	19.3
2021-03-11 23:30:18.0	Ana4 - 4: T.Fortluft	11.9
2021-03-11 23:30:18.0	Ana5 - 5: T.Raum	9999.9
2021-03-11 23:30:18.0	Ana9 - 9: T.Zuluft WRG warm	18.6
2021-03-11 23:30:28.0	Ana1 - 1: T.Au?en	5.2
2021-03-11 23:30:28.0	Ana2 - 2: T.Zuluft	14.2
2021-03-11 23:30:28.0	Ana3 - 3: T.Abluft	19.3
2021-03-11 23:30:28.0	Ana4 - 4: T.Fortluft	11.9
2021-03-11 23:30:28.0	Ana5 - 5: T.Raum	9999.9
2021-03-11 23:30:28.0	Ana9 - 9: T.Zuluft WRG warm	18.6
2021-03-11 23:30:38.0	Ana1 - 1: T.Au?en	5.2
2021-03-11 23:30:38.0	Ana2 - 2: T.Zuluft	14.2
2021-03-11 23:30:38.0	Ana3 - 3: T.Abluft	19.3
2021-03-11 23:30:38.0	Ana4 - 4: T.Fortluft	11.9
2021-03-11 23:30:38.0	Ana5 - 5: T.Raum	9999.9
2021-03-11 23:30:38.0	Ana9 - 9: T.Zuluft WRG warm	18.6
2021-03-11 23:30:48.0	Ana1 - 1: T.Au?en	5.2
2021-03-11 23:30:48.0	Ana2 - 2: T.Zuluft	14.2
2021-03-11 23:30:48.0	Ana3 - 3: T.Abluft	19.3
2021-03-11 23:30:48.0	Ana4 - 4: T.Fortluft	11.9
2021-03-11 23:30:48.0	Ana5 - 5: T.Raum	9999.9
2021-03-11 23:30:48.0	Ana9 - 9: T.Zuluft WRG warm	18.6
2021-03-11 23:30:58.0	Ana1 - 1: T.Au?en	5.2
2021-03-11 23:30:58.0	Ana2 - 2: T.Zuluft	14.2
2021-03-11 23:30:58.0	Ana3 - 3: T.Abluft	19.3
2021-03-11 23:30:58.0	Ana4 - 4: T.Fortluft	11.9
2021-03-11 23:30:58.0	Ana5 - 5: T.Raum	9999.9
2021-03-11 23:30:58.0	Ana9 - 9: T.Zuluft WRG warm	18.6
2021-03-11 23:31:08.0	Ana1 - 1: T.Au?en	5.2
2021-03-11 23:31:08.0	Ana2 - 2: T.Zuluft	14.2
2021-03-11 23:31:08.0	Ana3 - 3: T.Abluft	19.3
2021-03-11 23:31:08.0	Ana4 - 4: T.Fortluft	11.9
2021-03-11 23:31:08.0	Ana5 - 5: T.Raum	9999.9
2021-03-11 23:31:08.0	Ana9 - 9: T.Zuluft WRG warm	18.6
2021-03-11 23:31:18.0	Ana1 - 1: T.Au?en	5.2
2021-03-11 23:31:18.0	Ana2 - 2: T.Zuluft	14.2
2021-03-11 23:31:18.0	Ana3 - 3: T.Abluft	19.3
2021-03-11 23:31:18.0	Ana4 - 4: T.Fortluft	11.9
2021-03-11 23:31:18.0	Ana5 - 5: T.Raum	9999.9
2021-03-11 23:31:18.0	Ana9 - 9: T.Zuluft WRG warm	18.6
2021-03-11 23:31:28.0	Ana1 - 1: T.Au?en	5.2
2021-03-11 23:31:28.0	Ana2 - 2: T.Zuluft	14.2
2021-03-11 23:31:28.0	Ana3 - 3: T.Abluft	19.3
2021-03-11 23:31:28.0	Ana4 - 4: T.Fortluft	11.8
2021-03-11 23:31:28.0	Ana5 - 5: T.Raum	9999.9
2021-03-11 23:31:28.0	Ana9 - 9: T.Zuluft WRG warm	18.6
2021-03-11 23:31:38.0	Ana1 - 1: T.Au?en	5.2
2021-03-11 23:31:38.0	Ana2 - 2: T.Zuluft	14.2
2021-03-11 23:31:38.0	Ana3 - 3: T.Abluft	19.3
2021-03-11 23:31:38.0	Ana4 - 4: T.Fortluft	11.8
2021-03-11 23:31:38.0	Ana5 - 5: T.Raum	9999.9
2021-03-11 23:31:38.0	Ana9 - 9: T.Zuluft WRG warm	18.6
2021-03-11 23:31:48.0	Ana1 - 1: T.Au?en	5.2
2021-03-11 23:31:48.0	Ana2 - 2: T.Zuluft	14.2
2021-03-11 23:31:48.0	Ana3 - 3: T.Abluft	19.3
2021-03-11 23:31:48.0	Ana4 - 4: T.Fortluft	11.8
2021-03-11 23:31:48.0	Ana5 - 5: T.Raum	9999.9
2021-03-11 23:31:48.0	Ana9 - 9: T.Zuluft WRG warm	18.6
2021-03-11 23:31:58.0	Ana1 - 1: T.Au?en	5.2
2021-03-11 23:31:58.0	Ana2 - 2: T.Zuluft	14.2
2021-03-11 23:31:58.0	Ana3 - 3: T.Abluft	19.3
2021-03-11 23:31:58.0	Ana4 - 4: T.Fortluft	11.8
2021-03-11 23:31:58.0	Ana5 - 5: T.Raum	9999.9
2021-03-11 23:31:58.0	Ana9 - 9: T.Zuluft WRG warm	18.6
2021-03-11 23:32:08.0	Ana1 - 1: T.Au?en	5.2
2021-03-11 23:32:08.0	Ana2 - 2: T.Zuluft	14.2
2021-03-11 23:32:08.0	Ana3 - 3: T.Abluft	19.3
2021-03-11 23:32:08.0	Ana4 - 4: T.Fortluft	11.8
2021-03-11 23:32:08.0	Ana5 - 5: T.Raum	9999.9
2021-03-11 23:32:08.0	Ana9 - 9: T.Zuluft WRG warm	18.6
2021-03-11 23:32:18.0	Ana1 - 1: T.Au?en	5.2
2021-03-11 23:32:18.0	Ana2 - 2: T.Zuluft	14.2
2021-03-11 23:32:18.0	Ana3 - 3: T.Abluft	19.3
2021-03-11 23:32:18.0	Ana4 - 4: T.Fortluft	11.8
2021-03-11 23:32:18.0	Ana5 - 5: T.Raum	9999.9
2021-03-11 23:32:18.0	Ana9 - 9: T.Zuluft WRG warm	18.6
2021-03-11 23:32:28.0	Ana1 - 1: T.Au?en	5.2
2021-03-11 23:32:28.0	Ana2 - 2: T.Zuluft	14.2
2021-03-11 23:32:28.0	Ana3 - 3: T.Abluft	19.3
2021-03-11 23:32:28.0	Ana4 - 4: T.Fortluft	11.8
2021-03-11 23:32:28.0	Ana5 - 5: T.Raum	9999.9
2021-03-11 23:32:28.0	Ana9 - 9: T.Zuluft WRG warm	18.6
2021-03-11 23:32:38.0	Ana1 - 1: T.Au?en	5.2
2021-03-11 23:32:38.0	Ana2 - 2: T.Zuluft	14.2
2021-03-11 23:32:38.0	Ana3 - 3: T.Abluft	19.3
2021-03-11 23:32:38.0	Ana4 - 4: T.Fortluft	11.8
2021-03-11 23:32:38.0	Ana5 - 5: T.Raum	9999.9
2021-03-11 23:32:38.0	Ana9 - 9: T.Zuluft WRG warm	18.6
2021-03-11 23:32:48.0	Ana1 - 1: T.Au?en	5.2
2021-03-11 23:32:48.0	Ana2 - 2: T.Zuluft	14.2
2021-03-11 23:32:48.0	Ana3 - 3: T.Abluft	19.3
2021-03-11 23:32:48.0	Ana4 - 4: T.Fortluft	11.8
2021-03-11 23:32:48.0	Ana5 - 5: T.Raum	9999.9
2021-03-11 23:32:48.0	Ana9 - 9: T.Zuluft WRG warm	18.6
2021-03-11 23:32:58.0	Ana1 - 1: T.Au?en	5.2
2021-03-11 23:32:58.0	Ana2 - 2: T.Zuluft	14.2
2021-03-11 23:32:58.0	Ana3 - 3: T.Abluft	19.3
2021-03-11 23:32:58.0	Ana4 - 4: T.Fortluft	11.8
2021-03-11 23:32:58.0	Ana5 - 5: T.Raum	9999.9
2021-03-11 23:32:58.0	Ana9 - 9: T.Zuluft WRG warm	18.6
2021-03-11 23:33:08.0	Ana1 - 1: T.Au?en	5.2
2021-03-11 23:33:08.0	Ana2 - 2: T.Zuluft	14.2
2021-03-11 23:33:08.0	Ana3 - 3: T.Abluft	19.3
2021-03-11 23:33:08.0	Ana4 - 4: T.Fortluft	11.8
2021-03-11 23:33:08.0	Ana5 - 5: T.Raum	9999.9
2021-03-11 23:33:08.0	Ana9 - 9: T.Zuluft WRG warm	18.6
2021-03-11 23:33:18.0	Ana1 - 1: T.Au?en	5.2
2021-03-11 23:33:18.0	Ana2 - 2: T.Zuluft	14.2
2021-03-11 23:33:18.0	Ana3 - 3: T.Abluft	19.3
2021-03-11 23:33:18.0	Ana4 - 4: T.Fortluft	11.8
2021-03-11 23:33:18.0	Ana5 - 5: T.Raum	9999.9
2021-03-11 23:33:18.0	Ana9 - 9: T.Zuluft WRG warm	18.6
2021-03-11 23:33:28.0	Ana1 - 1: T.Au?en	5.2
2021-03-11 23:33:28.0	Ana2 - 2: T.Zuluft	14.2
2021-03-11 23:33:28.0	Ana3 - 3: T.Abluft	19.3
2021-03-11 23:33:28.0	Ana4 - 4: T.Fortluft	11.8
2021-03-11 23:33:28.0	Ana5 - 5: T.Raum	9999.9
2021-03-11 23:33:28.0	Ana9 - 9: T.Zuluft WRG warm	18.6
2021-03-11 23:33:38.0	Ana1 - 1: T.Au?en	5.2
2021-03-11 23:33:38.0	Ana2 - 2: T.Zuluft	14.2
2021-03-11 23:33:38.0	Ana3 - 3: T.Abluft	19.3
2021-03-11 23:33:38.0	Ana4 - 4: T.Fortluft	11.8
2021-03-11 23:33:38.0	Ana5 - 5: T.Raum	9999.9
2021-03-11 23:33:38.0	Ana9 - 9: T.Zuluft WRG warm	18.6
2021-03-11 23:33:48.0	Ana1 - 1: T.Au?en	5.2
2021-03-11 23:33:48.0	Ana2 - 2: T.Zuluft	14.2
2021-03-11 23:33:48.0	Ana3 - 3: T.Abluft	19.3
2021-03-11 23:33:48.0	Ana4 - 4: T.Fortluft	11.8
2021-03-11 23:33:48.0	Ana5 - 5: T.Raum	9999.9
2021-03-11 23:33:48.0	Ana9 - 9: T.Zuluft WRG warm	18.6
2021-03-11 23:33:58.0	Ana1 - 1: T.Au?en	5.2
2021-03-11 23:33:58.0	Ana2 - 2: T.Zuluft	14.2
2021-03-11 23:33:58.0	Ana3 - 3: T.Abluft	19.3
2021-03-11 23:33:58.0	Ana4 - 4: T.Fortluft	11.8
2021-03-11 23:33:58.0	Ana5 - 5: T.Raum	9999.9
2021-03-11 23:33:58.0	Ana9 - 9: T.Zuluft WRG warm	18.6
2021-03-11 23:34:08.0	Ana1 - 1: T.Au?en	5.2
2021-03-11 23:34:08.0	Ana2 - 2: T.Zuluft	14.2
2021-03-11 23:34:08.0	Ana3 - 3: T.Abluft	19.3
2021-03-11 23:34:08.0	Ana4 - 4: T.Fortluft	11.8
2021-03-11 23:34:08.0	Ana5 - 5: T.Raum	9999.9
2021-03-11 23:34:08.0	Ana9 - 9: T.Zuluft WRG warm	18.6
2021-03-11 23:34:18.0	Ana1 - 1: T.Au?en	5.2
2021-03-11 23:34:18.0	Ana2 - 2: T.Zuluft	14.2
2021-03-11 23:34:18.0	Ana3 - 3: T.Abluft	19.3
2021-03-11 23:34:18.0	Ana4 - 4: T.Fortluft	11.8
2021-03-11 23:34:18.0	Ana5 - 5: T.Raum	9999.9
2021-03-11 23:34:18.0	Ana9 - 9: T.Zuluft WRG warm	18.6
2021-03-11 23:34:28.0	Ana1 - 1: T.Au?en	5.2
2021-03-11 23:34:28.0	Ana2 - 2: T.Zuluft	14.2
2021-03-11 23:34:28.0	Ana3 - 3: T.Abluft	19.3
2021-03-11 23:34:28.0	Ana4 - 4: T.Fortluft	11.8
2021-03-11 23:34:28.0	Ana5 - 5: T.Raum	9999.9
2021-03-11 23:34:28.0	Ana9 - 9: T.Zuluft WRG warm	18.6
2021-03-11 23:34:38.0	Ana1 - 1: T.Au?en	5.2
2021-03-11 23:34:38.0	Ana2 - 2: T.Zuluft	14.2
2021-03-11 23:34:38.0	Ana3 - 3: T.Abluft	19.3
2021-03-11 23:34:38.0	Ana4 - 4: T.Fortluft	11.8
2021-03-11 23:34:38.0	Ana5 - 5: T.Raum	9999.9
2021-03-11 23:34:38.0	Ana9 - 9: T.Zuluft WRG warm	18.6
2021-03-11 23:34:48.0	Ana1 - 1: T.Au?en	5.2
2021-03-11 23:34:48.0	Ana2 - 2: T.Zuluft	14.1
2021-03-11 23:34:48.0	Ana3 - 3: T.Abluft	19.3
2021-03-11 23:34:48.0	Ana4 - 4: T.Fortluft	11.8
2021-03-11 23:34:48.0	Ana5 - 5: T.Raum	9999.9
2021-03-11 23:34:48.0	Ana9 - 9: T.Zuluft WRG warm	18.6
2021-03-11 23:34:58.0	Ana1 - 1: T.Au?en	5.2
2021-03-11 23:34:58.0	Ana2 - 2: T.Zuluft	14.1
2021-03-11 23:34:58.0	Ana3 - 3: T.Abluft	19.3
2021-03-11 23:34:58.0	Ana4 - 4: T.Fortluft	11.8
2021-03-11 23:34:58.0	Ana5 - 5: T.Raum	9999.9
2021-03-11 23:34:58.0	Ana9 - 9: T.Zuluft WRG warm	18.6
2021-03-11 23:35:08.0	Ana1 - 1: T.Au?en	5.2
2021-03-11 23:35:08.0	Ana2 - 2: T.Zuluft	14.1
2021-03-11 23:35:08.0	Ana3 - 3: T.Abluft	19.3
2021-03-11 23:35:08.0	Ana4 - 4: T.Fortluft	11.8
2021-03-11 23:35:08.0	Ana5 - 5: T.Raum	9999.9
2021-03-11 23:35:08.0	Ana9 - 9: T.Zuluft WRG warm	18.6
2021-03-11 23:35:18.0	Ana1 - 1: T.Au?en	5.1
2021-03-11 23:35:18.0	Ana2 - 2: T.Zuluft	14.1
2021-03-11 23:35:18.0	Ana3 - 3: T.Abluft	19.3
2021-03-11 23:35:18.0	Ana4 - 4: T.Fortluft	11.8
2021-03-11 23:35:18.0	Ana5 - 5: T.Raum	9999.9
2021-03-11 23:35:18.0	Ana9 - 9: T.Zuluft WRG warm	18.6
2021-03-11 23:35:28.0	Ana1 - 1: T.Au?en	5.1
2021-03-11 23:35:28.0	Ana2 - 2: T.Zuluft	14.1
2021-03-11 23:35:28.0	Ana3 - 3: T.Abluft	19.3
2021-03-11 23:35:28.0	Ana4 - 4: T.Fortluft	11.8
2021-03-11 23:35:28.0	Ana5 - 5: T.Raum	9999.9
2021-03-11 23:35:28.0	Ana9 - 9: T.Zuluft WRG warm	18.6
2021-03-11 23:35:38.0	Ana1 - 1: T.Au?en	5.2
2021-03-11 23:35:38.0	Ana2 - 2: T.Zuluft	14.1
2021-03-11 23:35:38.0	Ana3 - 3: T.Abluft	19.3
2021-03-11 23:35:38.0	Ana4 - 4: T.Fortluft	11.8
2021-03-11 23:35:38.0	Ana5 - 5: T.Raum	9999.9
2021-03-11 23:35:38.0	Ana9 - 9: T.Zuluft WRG warm	18.6
2021-03-11 23:35:48.0	Ana1 - 1: T.Au?en	5.2
2021-03-11 23:35:48.0	Ana2 - 2: T.Zuluft	14.1
2021-03-11 23:35:48.0	Ana3 - 3: T.Abluft	19.3
2021-03-11 23:35:48.0	Ana4 - 4: T.Fortluft	11.8
2021-03-11 23:35:48.0	Ana5 - 5: T.Raum	9999.9
2021-03-11 23:35:48.0	Ana9 - 9: T.Zuluft WRG warm	18.6
2021-03-11 23:35:58.0	Ana1 - 1: T.Au?en	5.1
2021-03-11 23:35:58.0	Ana2 - 2: T.Zuluft	14.1
2021-03-11 23:35:58.0	Ana3 - 3: T.Abluft	19.3
2021-03-11 23:35:58.0	Ana4 - 4: T.Fortluft	11.8
2021-03-11 23:35:58.0	Ana5 - 5: T.Raum	9999.9
2021-03-11 23:35:58.0	Ana9 - 9: T.Zuluft WRG warm	18.6
2021-03-11 23:36:08.0	Ana1 - 1: T.Au?en	5.1
2021-03-11 23:36:08.0	Ana2 - 2: T.Zuluft	14.1
2021-03-11 23:36:08.0	Ana3 - 3: T.Abluft	19.3
2021-03-11 23:36:08.0	Ana4 - 4: T.Fortluft	11.8
2021-03-11 23:36:08.0	Ana5 - 5: T.Raum	9999.9
2021-03-11 23:36:08.0	Ana9 - 9: T.Zuluft WRG warm	18.6
2021-03-11 23:36:18.0	Ana1 - 1: T.Au?en	5.1
2021-03-11 23:36:18.0	Ana2 - 2: T.Zuluft	14.1
2021-03-11 23:36:18.0	Ana3 - 3: T.Abluft	19.3
2021-03-11 23:36:18.0	Ana4 - 4: T.Fortluft	11.8
2021-03-11 23:36:18.0	Ana5 - 5: T.Raum	9999.9
2021-03-11 23:36:18.0	Ana9 - 9: T.Zuluft WRG warm	18.6
2021-03-11 23:36:28.0	Ana1 - 1: T.Au?en	5.1
2021-03-11 23:36:28.0	Ana2 - 2: T.Zuluft	14.1
2021-03-11 23:36:28.0	Ana3 - 3: T.Abluft	19.3
2021-03-11 23:36:28.0	Ana4 - 4: T.Fortluft	11.8
2021-03-11 23:36:28.0	Ana5 - 5: T.Raum	9999.9
2021-03-11 23:36:28.0	Ana9 - 9: T.Zuluft WRG warm	18.6
2021-03-11 23:36:38.0	Ana1 - 1: T.Au?en	5.1
2021-03-11 23:36:38.0	Ana2 - 2: T.Zuluft	14.1
2021-03-11 23:36:38.0	Ana3 - 3: T.Abluft	19.3
2021-03-11 23:36:38.0	Ana4 - 4: T.Fortluft	11.8
2021-03-11 23:36:38.0	Ana5 - 5: T.Raum	9999.9
2021-03-11 23:36:38.0	Ana9 - 9: T.Zuluft WRG warm	18.6
2021-03-11 23:36:48.0	Ana1 - 1: T.Au?en	5.1
2021-03-11 23:36:48.0	Ana2 - 2: T.Zuluft	14.1
2021-03-11 23:36:48.0	Ana3 - 3: T.Abluft	19.3
2021-03-11 23:36:48.0	Ana4 - 4: T.Fortluft	11.8
2021-03-11 23:36:48.0	Ana5 - 5: T.Raum	9999.9
2021-03-11 23:36:48.0	Ana9 - 9: T.Zuluft WRG warm	18.6
2021-03-11 23:36:58.0	Ana1 - 1: T.Au?en	5.1
2021-03-11 23:36:58.0	Ana2 - 2: T.Zuluft	14.1
2021-03-11 23:36:58.0	Ana3 - 3: T.Abluft	19.3
2021-03-11 23:36:58.0	Ana4 - 4: T.Fortluft	11.8
2021-03-11 23:36:58.0	Ana5 - 5: T.Raum	9999.9
2021-03-11 23:36:58.0	Ana9 - 9: T.Zuluft WRG warm	18.6
2021-03-11 23:37:08.0	Ana1 - 1: T.Au?en	5.1
2021-03-11 23:37:08.0	Ana2 - 2: T.Zuluft	14.1
2021-03-11 23:37:08.0	Ana3 - 3: T.Abluft	19.3
2021-03-11 23:37:08.0	Ana4 - 4: T.Fortluft	11.8
2021-03-11 23:37:08.0	Ana5 - 5: T.Raum	9999.9
2021-03-11 23:37:08.0	Ana9 - 9: T.Zuluft WRG warm	18.6
2021-03-11 23:37:18.0	Ana1 - 1: T.Au?en	5.1
2021-03-11 23:37:18.0	Ana2 - 2: T.Zuluft	14.1
2021-03-11 23:37:18.0	Ana3 - 3: T.Abluft	19.3
2021-03-11 23:37:18.0	Ana4 - 4: T.Fortluft	11.8
2021-03-11 23:37:18.0	Ana5 - 5: T.Raum	9999.9
2021-03-11 23:37:18.0	Ana9 - 9: T.Zuluft WRG warm	18.6
2021-03-11 23:37:28.0	Ana1 - 1: T.Au?en	5.1
2021-03-11 23:37:28.0	Ana2 - 2: T.Zuluft	14.1
2021-03-11 23:37:28.0	Ana3 - 3: T.Abluft	19.3
2021-03-11 23:37:28.0	Ana4 - 4: T.Fortluft	11.8
2021-03-11 23:37:28.0	Ana5 - 5: T.Raum	9999.9
2021-03-11 23:37:28.0	Ana9 - 9: T.Zuluft WRG warm	18.6
2021-03-11 23:37:38.0	Ana1 - 1: T.Au?en	5.1
2021-03-11 23:37:38.0	Ana2 - 2: T.Zuluft	14.1
2021-03-11 23:37:38.0	Ana3 - 3: T.Abluft	19.3
2021-03-11 23:37:38.0	Ana4 - 4: T.Fortluft	11.8
2021-03-11 23:37:38.0	Ana5 - 5: T.Raum	9999.9
2021-03-11 23:37:38.0	Ana9 - 9: T.Zuluft WRG warm	18.6
2021-03-11 23:37:48.0	Ana1 - 1: T.Au?en	5.1
2021-03-11 23:37:48.0	Ana2 - 2: T.Zuluft	14.1
2021-03-11 23:37:48.0	Ana3 - 3: T.Abluft	19.3
2021-03-11 23:37:48.0	Ana4 - 4: T.Fortluft	11.8
2021-03-11 23:37:48.0	Ana5 - 5: T.Raum	9999.9
2021-03-11 23:37:48.0	Ana9 - 9: T.Zuluft WRG warm	18.6
2021-03-11 23:37:58.0	Ana1 - 1: T.Au?en	5.1
2021-03-11 23:37:58.0	Ana2 - 2: T.Zuluft	14.1
2021-03-11 23:37:58.0	Ana3 - 3: T.Abluft	19.3
2021-03-11 23:37:58.0	Ana4 - 4: T.Fortluft	11.8
2021-03-11 23:37:58.0	Ana5 - 5: T.Raum	9999.9
2021-03-11 23:37:58.0	Ana9 - 9: T.Zuluft WRG warm	18.6
2021-03-11 23:38:08.0	Ana1 - 1: T.Au?en	5.1
2021-03-11 23:38:08.0	Ana2 - 2: T.Zuluft	14.1
2021-03-11 23:38:08.0	Ana3 - 3: T.Abluft	19.3
2021-03-11 23:38:08.0	Ana4 - 4: T.Fortluft	11.8
2021-03-11 23:38:08.0	Ana5 - 5: T.Raum	9999.9
2021-03-11 23:38:08.0	Ana9 - 9: T.Zuluft WRG warm	18.6
2021-03-11 23:38:18.0	Ana1 - 1: T.Au?en	5.1
2021-03-11 23:38:18.0	Ana2 - 2: T.Zuluft	14.1
2021-03-11 23:38:18.0	Ana3 - 3: T.Abluft	19.3
2021-03-11 23:38:18.0	Ana4 - 4: T.Fortluft	11.8
2021-03-11 23:38:18.0	Ana5 - 5: T.Raum	9999.9
2021-03-11 23:38:18.0	Ana9 - 9: T.Zuluft WRG warm	18.6
2021-03-11 23:38:28.0	Ana1 - 1: T.Au?en	5.1
2021-03-11 23:38:28.0	Ana2 - 2: T.Zuluft	14.1
2021-03-11 23:38:28.0	Ana3 - 3: T.Abluft	19.3
2021-03-11 23:38:28.0	Ana4 - 4: T.Fortluft	11.8
2021-03-11 23:38:28.0	Ana5 - 5: T.Raum	9999.9
2021-03-11 23:38:28.0	Ana9 - 9: T.Zuluft WRG warm	18.6
2021-03-11 23:38:38.0	Ana1 - 1: T.Au?en	5.1
2021-03-11 23:38:38.0	Ana2 - 2: T.Zuluft	14.1
2021-03-11 23:38:38.0	Ana3 - 3: T.Abluft	19.3
2021-03-11 23:38:38.0	Ana4 - 4: T.Fortluft	11.7
2021-03-11 23:38:38.0	Ana5 - 5: T.Raum	9999.9
2021-03-11 23:38:38.0	Ana9 - 9: T.Zuluft WRG warm	18.6
2021-03-11 23:38:48.0	Ana1 - 1: T.Au?en	5.1
2021-03-11 23:38:48.0	Ana2 - 2: T.Zuluft	14.1
2021-03-11 23:38:48.0	Ana3 - 3: T.Abluft	19.3
2021-03-11 23:38:48.0	Ana4 - 4: T.Fortluft	11.7
2021-03-11 23:38:48.0	Ana5 - 5: T.Raum	9999.9
2021-03-11 23:38:48.0	Ana9 - 9: T.Zuluft WRG warm	18.6
2021-03-11 23:38:58.0	Ana1 - 1: T.Au?en	5.1
2021-03-11 23:38:58.0	Ana2 - 2: T.Zuluft	14.1
2021-03-11 23:38:58.0	Ana3 - 3: T.Abluft	19.3
2021-03-11 23:38:58.0	Ana4 - 4: T.Fortluft	11.7
2021-03-11 23:38:58.0	Ana5 - 5: T.Raum	9999.9
2021-03-11 23:38:58.0	Ana9 - 9: T.Zuluft WRG warm	18.6
2021-03-11 23:39:08.0	Ana1 - 1: T.Au?en	5.0
2021-03-11 23:39:08.0	Ana2 - 2: T.Zuluft	14.1
2021-03-11 23:39:08.0	Ana3 - 3: T.Abluft	19.3
2021-03-11 23:39:08.0	Ana4 - 4: T.Fortluft	11.7
2021-03-11 23:39:08.0	Ana5 - 5: T.Raum	9999.9
2021-03-11 23:39:08.0	Ana9 - 9: T.Zuluft WRG warm	18.6
2021-03-11 23:39:18.0	Ana1 - 1: T.Au?en	5.0
2021-03-11 23:39:18.0	Ana2 - 2: T.Zuluft	14.1
2021-03-11 23:39:18.0	Ana3 - 3: T.Abluft	19.3
2021-03-11 23:39:18.0	Ana4 - 4: T.Fortluft	11.7
2021-03-11 23:39:18.0	Ana5 - 5: T.Raum	9999.9
2021-03-11 23:39:18.0	Ana9 - 9: T.Zuluft WRG warm	18.6
2021-03-11 23:39:28.0	Ana1 - 1: T.Au?en	5.0
2021-03-11 23:39:28.0	Ana2 - 2: T.Zuluft	14.1
2021-03-11 23:39:28.0	Ana3 - 3: T.Abluft	19.3
2021-03-11 23:39:28.0	Ana4 - 4: T.Fortluft	11.8
2021-03-11 23:39:28.0	Ana5 - 5: T.Raum	9999.9
2021-03-11 23:39:28.0	Ana9 - 9: T.Zuluft WRG warm	18.6
2021-03-11 23:39:38.0	Ana1 - 1: T.Au?en	5.0
2021-03-11 23:39:38.0	Ana2 - 2: T.Zuluft	14.1
2021-03-11 23:39:38.0	Ana3 - 3: T.Abluft	19.3
2021-03-11 23:39:38.0	Ana4 - 4: T.Fortluft	11.7
2021-03-11 23:39:38.0	Ana5 - 5: T.Raum	9999.9
2021-03-11 23:39:38.0	Ana9 - 9: T.Zuluft WRG warm	18.6
2021-03-11 23:39:48.0	Ana1 - 1: T.Au?en	5.0
2021-03-11 23:39:48.0	Ana2 - 2: T.Zuluft	14.1
2021-03-11 23:39:48.0	Ana3 - 3: T.Abluft	19.3
2021-03-11 23:39:48.0	Ana4 - 4: T.Fortluft	11.7
2021-03-11 23:39:48.0	Ana5 - 5: T.Raum	9999.9
2021-03-11 23:39:48.0	Ana9 - 9: T.Zuluft WRG warm	18.6
2021-03-11 23:39:58.0	Ana1 - 1: T.Au?en	5.0
2021-03-11 23:39:58.0	Ana2 - 2: T.Zuluft	14.1
2021-03-11 23:39:58.0	Ana3 - 3: T.Abluft	19.3
2021-03-11 23:39:58.0	Ana4 - 4: T.Fortluft	11.7
2021-03-11 23:39:58.0	Ana5 - 5: T.Raum	9999.9
2021-03-11 23:39:58.0	Ana9 - 9: T.Zuluft WRG warm	18.6
2021-03-11 23:40:08.0	Ana1 - 1: T.Au?en	5.0
2021-03-11 23:40:08.0	Ana2 - 2: T.Zuluft	14.1
2021-03-11 23:40:08.0	Ana3 - 3: T.Abluft	19.3
2021-03-11 23:40:08.0	Ana4 - 4: T.Fortluft	11.7
2021-03-11 23:40:08.0	Ana5 - 5: T.Raum	9999.9
2021-03-11 23:40:08.0	Ana9 - 9: T.Zuluft WRG warm	18.6
2021-03-11 23:40:18.0	Ana1 - 1: T.Au?en	5.0
2021-03-11 23:40:18.0	Ana2 - 2: T.Zuluft	14.1
2021-03-11 23:40:18.0	Ana3 - 3: T.Abluft	19.3
2021-03-11 23:40:18.0	Ana4 - 4: T.Fortluft	11.7
2021-03-11 23:40:18.0	Ana5 - 5: T.Raum	9999.9
2021-03-11 23:40:18.0	Ana9 - 9: T.Zuluft WRG warm	18.6
2021-03-11 23:40:28.0	Ana1 - 1: T.Au?en	5.0
2021-03-11 23:40:28.0	Ana2 - 2: T.Zuluft	14.1
2021-03-11 23:40:28.0	Ana3 - 3: T.Abluft	19.3
2021-03-11 23:40:28.0	Ana4 - 4: T.Fortluft	11.7
2021-03-11 23:40:28.0	Ana5 - 5: T.Raum	9999.9
2021-03-11 23:40:28.0	Ana9 - 9: T.Zuluft WRG warm	18.6
2021-03-11 23:40:38.0	Ana1 - 1: T.Au?en	5.0
2021-03-11 23:40:38.0	Ana2 - 2: T.Zuluft	14.1
2021-03-11 23:40:38.0	Ana3 - 3: T.Abluft	19.3
2021-03-11 23:40:38.0	Ana4 - 4: T.Fortluft	11.7
2021-03-11 23:40:38.0	Ana5 - 5: T.Raum	9999.9
2021-03-11 23:40:38.0	Ana9 - 9: T.Zuluft WRG warm	18.6
2021-03-11 23:40:48.0	Ana1 - 1: T.Au?en	5.0
2021-03-11 23:40:48.0	Ana2 - 2: T.Zuluft	14.1
2021-03-11 23:40:48.0	Ana3 - 3: T.Abluft	19.3
2021-03-11 23:40:48.0	Ana4 - 4: T.Fortluft	11.7
2021-03-11 23:40:48.0	Ana5 - 5: T.Raum	9999.9
2021-03-11 23:40:48.0	Ana9 - 9: T.Zuluft WRG warm	18.6
2021-03-11 23:40:58.0	Ana1 - 1: T.Au?en	5.0
2021-03-11 23:40:58.0	Ana2 - 2: T.Zuluft	14.1
2021-03-11 23:40:58.0	Ana3 - 3: T.Abluft	19.3
2021-03-11 23:40:58.0	Ana4 - 4: T.Fortluft	11.7
2021-03-11 23:40:58.0	Ana5 - 5: T.Raum	9999.9
2021-03-11 23:40:58.0	Ana9 - 9: T.Zuluft WRG warm	18.6
2021-03-11 23:41:08.0	Ana1 - 1: T.Au?en	5.1
2021-03-11 23:41:08.0	Ana2 - 2: T.Zuluft	14.1
2021-03-11 23:41:08.0	Ana3 - 3: T.Abluft	19.3
2021-03-11 23:41:08.0	Ana4 - 4: T.Fortluft	11.7
2021-03-11 23:41:08.0	Ana5 - 5: T.Raum	9999.9
2021-03-11 23:41:08.0	Ana9 - 9: T.Zuluft WRG warm	18.6
2021-03-11 23:41:18.0	Ana1 - 1: T.Au?en	5.1
2021-03-11 23:41:18.0	Ana2 - 2: T.Zuluft	14.1
2021-03-11 23:41:18.0	Ana3 - 3: T.Abluft	19.3
2021-03-11 23:41:18.0	Ana4 - 4: T.Fortluft	11.7
2021-03-11 23:41:18.0	Ana5 - 5: T.Raum	9999.9
2021-03-11 23:41:18.0	Ana9 - 9: T.Zuluft WRG warm	18.6
2021-03-11 23:41:28.0	Ana1 - 1: T.Au?en	5.1
2021-03-11 23:41:28.0	Ana2 - 2: T.Zuluft	14.1
2021-03-11 23:41:28.0	Ana3 - 3: T.Abluft	19.3
2021-03-11 23:41:28.0	Ana4 - 4: T.Fortluft	11.7
2021-03-11 23:41:28.0	Ana5 - 5: T.Raum	9999.9
2021-03-11 23:41:28.0	Ana9 - 9: T.Zuluft WRG warm	18.6
2021-03-11 23:41:38.0	Ana1 - 1: T.Au?en	5.1
2021-03-11 23:41:38.0	Ana2 - 2: T.Zuluft	14.1
2021-03-11 23:41:38.0	Ana3 - 3: T.Abluft	19.3
2021-03-11 23:41:38.0	Ana4 - 4: T.Fortluft	11.7
2021-03-11 23:41:38.0	Ana5 - 5: T.Raum	9999.9
2021-03-11 23:41:38.0	Ana9 - 9: T.Zuluft WRG warm	18.6
2021-03-11 23:41:48.0	Ana1 - 1: T.Au?en	5.1
2021-03-11 23:41:48.0	Ana2 - 2: T.Zuluft	14.1
2021-03-11 23:41:48.0	Ana3 - 3: T.Abluft	19.3
2021-03-11 23:41:48.0	Ana4 - 4: T.Fortluft	11.7
2021-03-11 23:41:48.0	Ana5 - 5: T.Raum	9999.9
2021-03-11 23:41:48.0	Ana9 - 9: T.Zuluft WRG warm	18.6
2021-03-11 23:41:58.0	Ana1 - 1: T.Au?en	5.1
2021-03-11 23:41:58.0	Ana2 - 2: T.Zuluft	14.1
2021-03-11 23:41:58.0	Ana3 - 3: T.Abluft	19.3
2021-03-11 23:41:58.0	Ana4 - 4: T.Fortluft	11.7
2021-03-11 23:41:58.0	Ana5 - 5: T.Raum	9999.9
2021-03-11 23:41:58.0	Ana9 - 9: T.Zuluft WRG warm	18.6
2021-03-11 23:42:08.0	Ana1 - 1: T.Au?en	5.1
2021-03-11 23:42:08.0	Ana2 - 2: T.Zuluft	14.1
2021-03-11 23:42:08.0	Ana3 - 3: T.Abluft	19.3
2021-03-11 23:42:08.0	Ana4 - 4: T.Fortluft	11.7
2021-03-11 23:42:08.0	Ana5 - 5: T.Raum	9999.9
2021-03-11 23:42:08.0	Ana9 - 9: T.Zuluft WRG warm	18.6
2021-03-11 23:42:18.0	Ana1 - 1: T.Au?en	5.1
2021-03-11 23:42:18.0	Ana2 - 2: T.Zuluft	14.1
2021-03-11 23:42:18.0	Ana3 - 3: T.Abluft	19.3
2021-03-11 23:42:18.0	Ana4 - 4: T.Fortluft	11.7
2021-03-11 23:42:18.0	Ana5 - 5: T.Raum	9999.9
2021-03-11 23:42:18.0	Ana9 - 9: T.Zuluft WRG warm	18.6
2021-03-11 23:42:28.0	Ana1 - 1: T.Au?en	5.1
2021-03-11 23:42:28.0	Ana2 - 2: T.Zuluft	14.1
2021-03-11 23:42:28.0	Ana3 - 3: T.Abluft	19.3
2021-03-11 23:42:28.0	Ana4 - 4: T.Fortluft	11.7
2021-03-11 23:42:28.0	Ana5 - 5: T.Raum	9999.9
2021-03-11 23:42:28.0	Ana9 - 9: T.Zuluft WRG warm	18.6
2021-03-11 23:42:38.0	Ana1 - 1: T.Au?en	5.1
2021-03-11 23:42:38.0	Ana2 - 2: T.Zuluft	14.1
2021-03-11 23:42:38.0	Ana3 - 3: T.Abluft	19.3
2021-03-11 23:42:38.0	Ana4 - 4: T.Fortluft	11.7
2021-03-11 23:42:38.0	Ana5 - 5: T.Raum	9999.9
2021-03-11 23:42:38.0	Ana9 - 9: T.Zuluft WRG warm	18.6
2021-03-11 23:42:48.0	Ana1 - 1: T.Au?en	5.1
2021-03-11 23:42:48.0	Ana2 - 2: T.Zuluft	14.1
2021-03-11 23:42:48.0	Ana3 - 3: T.Abluft	19.3
2021-03-11 23:42:48.0	Ana4 - 4: T.Fortluft	11.7
2021-03-11 23:42:48.0	Ana5 - 5: T.Raum	9999.9
2021-03-11 23:42:48.0	Ana9 - 9: T.Zuluft WRG warm	18.6
2021-03-11 23:42:58.0	Ana1 - 1: T.Au?en	5.1
2021-03-11 23:42:58.0	Ana2 - 2: T.Zuluft	14.1
2021-03-11 23:42:58.0	Ana3 - 3: T.Abluft	19.3
2021-03-11 23:42:58.0	Ana4 - 4: T.Fortluft	11.7
2021-03-11 23:42:58.0	Ana5 - 5: T.Raum	9999.9
2021-03-11 23:42:58.0	Ana9 - 9: T.Zuluft WRG warm	18.6
2021-03-11 23:43:08.0	Ana1 - 1: T.Au?en	5.1
2021-03-11 23:43:08.0	Ana2 - 2: T.Zuluft	14.1
2021-03-11 23:43:08.0	Ana3 - 3: T.Abluft	19.3
2021-03-11 23:43:08.0	Ana4 - 4: T.Fortluft	11.7
2021-03-11 23:43:08.0	Ana5 - 5: T.Raum	9999.9
2021-03-11 23:43:08.0	Ana9 - 9: T.Zuluft WRG warm	18.6
2021-03-11 23:43:18.0	Ana1 - 1: T.Au?en	5.1
2021-03-11 23:43:18.0	Ana2 - 2: T.Zuluft	14.0
2021-03-11 23:43:18.0	Ana3 - 3: T.Abluft	19.3
2021-03-11 23:43:18.0	Ana4 - 4: T.Fortluft	11.7
2021-03-11 23:43:18.0	Ana5 - 5: T.Raum	9999.9
2021-03-11 23:43:18.0	Ana9 - 9: T.Zuluft WRG warm	18.6
2021-03-11 23:43:28.0	Ana1 - 1: T.Au?en	5.1
2021-03-11 23:43:28.0	Ana2 - 2: T.Zuluft	14.1
2021-03-11 23:43:28.0	Ana3 - 3: T.Abluft	19.3
2021-03-11 23:43:28.0	Ana4 - 4: T.Fortluft	11.7
2021-03-11 23:43:28.0	Ana5 - 5: T.Raum	9999.9
2021-03-11 23:43:28.0	Ana9 - 9: T.Zuluft WRG warm	18.6
2021-03-11 23:43:38.0	Ana1 - 1: T.Au?en	5.0
2021-03-11 23:43:38.0	Ana2 - 2: T.Zuluft	14.0
2021-03-11 23:43:38.0	Ana3 - 3: T.Abluft	19.3
2021-03-11 23:43:38.0	Ana4 - 4: T.Fortluft	11.7
2021-03-11 23:43:38.0	Ana5 - 5: T.Raum	9999.9
2021-03-11 23:43:38.0	Ana9 - 9: T.Zuluft WRG warm	18.6
2021-03-11 23:43:48.0	Ana1 - 1: T.Au?en	5.0
2021-03-11 23:43:48.0	Ana2 - 2: T.Zuluft	14.1
2021-03-11 23:43:48.0	Ana3 - 3: T.Abluft	19.3
2021-03-11 23:43:48.0	Ana4 - 4: T.Fortluft	11.7
2021-03-11 23:43:48.0	Ana5 - 5: T.Raum	9999.9
2021-03-11 23:43:48.0	Ana9 - 9: T.Zuluft WRG warm	18.6
2021-03-11 23:43:58.0	Ana1 - 1: T.Au?en	5.1
2021-03-11 23:43:58.0	Ana2 - 2: T.Zuluft	14.1
2021-03-11 23:43:58.0	Ana3 - 3: T.Abluft	19.3
2021-03-11 23:43:58.0	Ana4 - 4: T.Fortluft	11.7
2021-03-11 23:43:58.0	Ana5 - 5: T.Raum	9999.9
2021-03-11 23:43:58.0	Ana9 - 9: T.Zuluft WRG warm	18.6
2021-03-11 23:44:08.0	Ana1 - 1: T.Au?en	5.1
2021-03-11 23:44:08.0	Ana2 - 2: T.Zuluft	14.1
2021-03-11 23:44:08.0	Ana3 - 3: T.Abluft	19.3
2021-03-11 23:44:08.0	Ana4 - 4: T.Fortluft	11.7
2021-03-11 23:44:08.0	Ana5 - 5: T.Raum	9999.9
2021-03-11 23:44:08.0	Ana9 - 9: T.Zuluft WRG warm	18.6
2021-03-11 23:44:18.0	Ana1 - 1: T.Au?en	5.1
2021-03-11 23:44:18.0	Ana2 - 2: T.Zuluft	14.1
2021-03-11 23:44:18.0	Ana3 - 3: T.Abluft	19.3
2021-03-11 23:44:18.0	Ana4 - 4: T.Fortluft	11.7
2021-03-11 23:44:18.0	Ana5 - 5: T.Raum	9999.9
2021-03-11 23:44:18.0	Ana9 - 9: T.Zuluft WRG warm	18.6
2021-03-11 23:44:28.0	Ana1 - 1: T.Au?en	5.1
2021-03-11 23:44:28.0	Ana2 - 2: T.Zuluft	14.0
2021-03-11 23:44:28.0	Ana3 - 3: T.Abluft	19.3
2021-03-11 23:44:28.0	Ana4 - 4: T.Fortluft	11.7
2021-03-11 23:44:28.0	Ana5 - 5: T.Raum	9999.9
2021-03-11 23:44:28.0	Ana9 - 9: T.Zuluft WRG warm	18.6
2021-03-11 23:44:38.0	Ana1 - 1: T.Au?en	5.1
2021-03-11 23:44:38.0	Ana2 - 2: T.Zuluft	14.0
2021-03-11 23:44:38.0	Ana3 - 3: T.Abluft	19.3
2021-03-11 23:44:38.0	Ana4 - 4: T.Fortluft	11.7
2021-03-11 23:44:38.0	Ana5 - 5: T.Raum	9999.9
2021-03-11 23:44:38.0	Ana9 - 9: T.Zuluft WRG warm	18.6
2021-03-11 23:44:48.0	Ana1 - 1: T.Au?en	5.0
2021-03-11 23:44:48.0	Ana2 - 2: T.Zuluft	14.0
2021-03-11 23:44:48.0	Ana3 - 3: T.Abluft	19.3
2021-03-11 23:44:48.0	Ana4 - 4: T.Fortluft	11.7
2021-03-11 23:44:48.0	Ana5 - 5: T.Raum	9999.9
2021-03-11 23:44:48.0	Ana9 - 9: T.Zuluft WRG warm	18.6
2021-03-11 23:44:58.0	Ana1 - 1: T.Au?en	5.0
2021-03-11 23:44:58.0	Ana2 - 2: T.Zuluft	14.0
2021-03-11 23:44:58.0	Ana3 - 3: T.Abluft	19.3
2021-03-11 23:44:58.0	Ana4 - 4: T.Fortluft	11.7
2021-03-11 23:44:58.0	Ana5 - 5: T.Raum	9999.9
2021-03-11 23:44:58.0	Ana9 - 9: T.Zuluft WRG warm	18.6
2021-03-11 23:45:08.0	Ana1 - 1: T.Au?en	5.0
2021-03-11 23:45:08.0	Ana2 - 2: T.Zuluft	14.0
2021-03-11 23:45:08.0	Ana3 - 3: T.Abluft	19.3
2021-03-11 23:45:08.0	Ana4 - 4: T.Fortluft	11.7
2021-03-11 23:45:08.0	Ana5 - 5: T.Raum	9999.9
2021-03-11 23:45:08.0	Ana9 - 9: T.Zuluft WRG warm	18.6
2021-03-11 23:45:18.0	Ana1 - 1: T.Au?en	5.0
2021-03-11 23:45:18.0	Ana2 - 2: T.Zuluft	14.0
2021-03-11 23:45:18.0	Ana3 - 3: T.Abluft	19.3
2021-03-11 23:45:18.0	Ana4 - 4: T.Fortluft	11.7
2021-03-11 23:45:18.0	Ana5 - 5: T.Raum	9999.9
2021-03-11 23:45:18.0	Ana9 - 9: T.Zuluft WRG warm	18.6
2021-03-11 23:45:28.0	Ana1 - 1: T.Au?en	5.0
2021-03-11 23:45:28.0	Ana2 - 2: T.Zuluft	14.0
2021-03-11 23:45:28.0	Ana3 - 3: T.Abluft	19.3
2021-03-11 23:45:28.0	Ana4 - 4: T.Fortluft	11.7
2021-03-11 23:45:28.0	Ana5 - 5: T.Raum	9999.9
2021-03-11 23:45:28.0	Ana9 - 9: T.Zuluft WRG warm	18.6
2021-03-11 23:45:38.0	Ana1 - 1: T.Au?en	5.0
2021-03-11 23:45:38.0	Ana2 - 2: T.Zuluft	14.0
2021-03-11 23:45:38.0	Ana3 - 3: T.Abluft	19.3
2021-03-11 23:45:38.0	Ana4 - 4: T.Fortluft	11.7
2021-03-11 23:45:38.0	Ana5 - 5: T.Raum	9999.9
2021-03-11 23:45:38.0	Ana9 - 9: T.Zuluft WRG warm	18.6
2021-03-11 23:45:48.0	Ana1 - 1: T.Au?en	5.0
2021-03-11 23:45:48.0	Ana2 - 2: T.Zuluft	14.0
2021-03-11 23:45:48.0	Ana3 - 3: T.Abluft	19.3
2021-03-11 23:45:48.0	Ana4 - 4: T.Fortluft	11.7
2021-03-11 23:45:48.0	Ana5 - 5: T.Raum	9999.9
2021-03-11 23:45:48.0	Ana9 - 9: T.Zuluft WRG warm	18.6
2021-03-11 23:45:58.0	Ana1 - 1: T.Au?en	5.0
2021-03-11 23:45:58.0	Ana2 - 2: T.Zuluft	14.0
2021-03-11 23:45:58.0	Ana3 - 3: T.Abluft	19.3
2021-03-11 23:45:58.0	Ana4 - 4: T.Fortluft	11.7
2021-03-11 23:45:58.0	Ana5 - 5: T.Raum	9999.9
2021-03-11 23:45:58.0	Ana9 - 9: T.Zuluft WRG warm	18.6
2021-03-11 23:46:08.0	Ana1 - 1: T.Au?en	5.0
2021-03-11 23:46:08.0	Ana2 - 2: T.Zuluft	14.0
2021-03-11 23:46:08.0	Ana3 - 3: T.Abluft	19.3
2021-03-11 23:46:08.0	Ana4 - 4: T.Fortluft	11.7
2021-03-11 23:46:08.0	Ana5 - 5: T.Raum	9999.9
2021-03-11 23:46:08.0	Ana9 - 9: T.Zuluft WRG warm	18.6
2021-03-11 23:46:18.0	Ana1 - 1: T.Au?en	5.0
2021-03-11 23:46:18.0	Ana2 - 2: T.Zuluft	14.0
2021-03-11 23:46:18.0	Ana3 - 3: T.Abluft	19.3
2021-03-11 23:46:18.0	Ana4 - 4: T.Fortluft	11.7
2021-03-11 23:46:18.0	Ana5 - 5: T.Raum	9999.9
2021-03-11 23:46:18.0	Ana9 - 9: T.Zuluft WRG warm	18.6
2021-03-11 23:46:28.0	Ana1 - 1: T.Au?en	5.0
2021-03-11 23:46:28.0	Ana2 - 2: T.Zuluft	14.0
2021-03-11 23:46:28.0	Ana3 - 3: T.Abluft	19.3
2021-03-11 23:46:28.0	Ana4 - 4: T.Fortluft	11.7
2021-03-11 23:46:28.0	Ana5 - 5: T.Raum	9999.9
2021-03-11 23:46:28.0	Ana9 - 9: T.Zuluft WRG warm	18.6
2021-03-11 23:46:38.0	Ana1 - 1: T.Au?en	5.0
2021-03-11 23:46:38.0	Ana2 - 2: T.Zuluft	14.0
2021-03-11 23:46:38.0	Ana3 - 3: T.Abluft	19.3
2021-03-11 23:46:38.0	Ana4 - 4: T.Fortluft	11.7
2021-03-11 23:46:38.0	Ana5 - 5: T.Raum	9999.9
2021-03-11 23:46:38.0	Ana9 - 9: T.Zuluft WRG warm	18.6
2021-03-11 23:46:48.0	Ana1 - 1: T.Au?en	5.0
2021-03-11 23:46:48.0	Ana2 - 2: T.Zuluft	14.0
2021-03-11 23:46:48.0	Ana3 - 3: T.Abluft	19.3
2021-03-11 23:46:48.0	Ana4 - 4: T.Fortluft	11.7
2021-03-11 23:46:48.0	Ana5 - 5: T.Raum	9999.9
2021-03-11 23:46:48.0	Ana9 - 9: T.Zuluft WRG warm	18.6
2021-03-11 23:46:58.0	Ana1 - 1: T.Au?en	5.0
2021-03-11 23:46:58.0	Ana2 - 2: T.Zuluft	14.0
2021-03-11 23:46:58.0	Ana3 - 3: T.Abluft	19.3
2021-03-11 23:46:58.0	Ana4 - 4: T.Fortluft	11.7
2021-03-11 23:46:58.0	Ana5 - 5: T.Raum	9999.9
2021-03-11 23:46:58.0	Ana9 - 9: T.Zuluft WRG warm	18.6
2021-03-11 23:47:08.0	Ana1 - 1: T.Au?en	5.0
2021-03-11 23:47:08.0	Ana2 - 2: T.Zuluft	14.0
2021-03-11 23:47:08.0	Ana3 - 3: T.Abluft	19.3
2021-03-11 23:47:08.0	Ana4 - 4: T.Fortluft	11.7
2021-03-11 23:47:08.0	Ana5 - 5: T.Raum	9999.9
2021-03-11 23:47:08.0	Ana9 - 9: T.Zuluft WRG warm	18.6
2021-03-11 23:47:18.0	Ana1 - 1: T.Au?en	5.0
2021-03-11 23:47:18.0	Ana2 - 2: T.Zuluft	14.0
2021-03-11 23:47:18.0	Ana3 - 3: T.Abluft	19.3
2021-03-11 23:47:18.0	Ana4 - 4: T.Fortluft	11.7
2021-03-11 23:47:18.0	Ana5 - 5: T.Raum	9999.9
2021-03-11 23:47:18.0	Ana9 - 9: T.Zuluft WRG warm	18.6
2021-03-11 23:47:28.0	Ana1 - 1: T.Au?en	5.0
2021-03-11 23:47:28.0	Ana2 - 2: T.Zuluft	14.0
2021-03-11 23:47:28.0	Ana3 - 3: T.Abluft	19.3
2021-03-11 23:47:28.0	Ana4 - 4: T.Fortluft	11.7
2021-03-11 23:47:28.0	Ana5 - 5: T.Raum	9999.9
2021-03-11 23:47:28.0	Ana9 - 9: T.Zuluft WRG warm	18.6
2021-03-11 23:47:38.0	Ana1 - 1: T.Au?en	5.0
2021-03-11 23:47:38.0	Ana2 - 2: T.Zuluft	14.0
2021-03-11 23:47:38.0	Ana3 - 3: T.Abluft	19.3
2021-03-11 23:47:38.0	Ana4 - 4: T.Fortluft	11.7
2021-03-11 23:47:38.0	Ana5 - 5: T.Raum	9999.9
2021-03-11 23:47:38.0	Ana9 - 9: T.Zuluft WRG warm	18.6
2021-03-11 23:47:48.0	Ana1 - 1: T.Au?en	5.0
2021-03-11 23:47:48.0	Ana2 - 2: T.Zuluft	14.0
2021-03-11 23:47:48.0	Ana3 - 3: T.Abluft	19.3
2021-03-11 23:47:48.0	Ana4 - 4: T.Fortluft	11.7
2021-03-11 23:47:48.0	Ana5 - 5: T.Raum	9999.9
2021-03-11 23:47:48.0	Ana9 - 9: T.Zuluft WRG warm	18.6
2021-03-11 23:47:58.0	Ana1 - 1: T.Au?en	5.0
2021-03-11 23:47:58.0	Ana2 - 2: T.Zuluft	14.0
2021-03-11 23:47:58.0	Ana3 - 3: T.Abluft	19.2
2021-03-11 23:47:58.0	Ana4 - 4: T.Fortluft	11.7
2021-03-11 23:47:58.0	Ana5 - 5: T.Raum	9999.9
2021-03-11 23:47:58.0	Ana9 - 9: T.Zuluft WRG warm	18.6
2021-03-11 23:48:08.0	Ana1 - 1: T.Au?en	5.0
2021-03-11 23:48:08.0	Ana2 - 2: T.Zuluft	14.0
2021-03-11 23:48:08.0	Ana3 - 3: T.Abluft	19.3
2021-03-11 23:48:08.0	Ana4 - 4: T.Fortluft	11.7
2021-03-11 23:48:08.0	Ana5 - 5: T.Raum	9999.9
2021-03-11 23:48:08.0	Ana9 - 9: T.Zuluft WRG warm	18.5
2021-03-11 23:48:18.0	Ana1 - 1: T.Au?en	5.0
2021-03-11 23:48:18.0	Ana2 - 2: T.Zuluft	14.0
2021-03-11 23:48:18.0	Ana3 - 3: T.Abluft	19.3
2021-03-11 23:48:18.0	Ana4 - 4: T.Fortluft	11.7
2021-03-11 23:48:18.0	Ana5 - 5: T.Raum	9999.9
2021-03-11 23:48:18.0	Ana9 - 9: T.Zuluft WRG warm	18.5
2021-03-11 23:48:28.0	Ana1 - 1: T.Au?en	5.0
2021-03-11 23:48:28.0	Ana2 - 2: T.Zuluft	14.0
2021-03-11 23:48:28.0	Ana3 - 3: T.Abluft	19.3
2021-03-11 23:48:28.0	Ana4 - 4: T.Fortluft	11.7
2021-03-11 23:48:28.0	Ana5 - 5: T.Raum	9999.9
2021-03-11 23:48:28.0	Ana9 - 9: T.Zuluft WRG warm	18.6
2021-03-11 23:48:38.0	Ana1 - 1: T.Au?en	5.0
2021-03-11 23:48:38.0	Ana2 - 2: T.Zuluft	14.0
2021-03-11 23:48:38.0	Ana3 - 3: T.Abluft	19.3
2021-03-11 23:48:38.0	Ana4 - 4: T.Fortluft	11.7
2021-03-11 23:48:38.0	Ana5 - 5: T.Raum	9999.9
2021-03-11 23:48:38.0	Ana9 - 9: T.Zuluft WRG warm	18.5
2021-03-11 23:48:48.0	Ana1 - 1: T.Au?en	5.0
2021-03-11 23:48:48.0	Ana2 - 2: T.Zuluft	14.0
2021-03-11 23:48:48.0	Ana3 - 3: T.Abluft	19.3
2021-03-11 23:48:48.0	Ana4 - 4: T.Fortluft	11.7
2021-03-11 23:48:48.0	Ana5 - 5: T.Raum	9999.9
2021-03-11 23:48:48.0	Ana9 - 9: T.Zuluft WRG warm	18.6
2021-03-11 23:48:58.0	Ana1 - 1: T.Au?en	5.0
2021-03-11 23:48:58.0	Ana2 - 2: T.Zuluft	14.0
2021-03-11 23:48:58.0	Ana3 - 3: T.Abluft	19.3
2021-03-11 23:48:58.0	Ana4 - 4: T.Fortluft	11.6
2021-03-11 23:48:58.0	Ana5 - 5: T.Raum	9999.9
2021-03-11 23:48:58.0	Ana9 - 9: T.Zuluft WRG warm	18.5
2021-03-11 23:49:08.0	Ana1 - 1: T.Au?en	5.0
2021-03-11 23:49:08.0	Ana2 - 2: T.Zuluft	14.0
2021-03-11 23:49:08.0	Ana3 - 3: T.Abluft	19.3
2021-03-11 23:49:08.0	Ana4 - 4: T.Fortluft	11.6
2021-03-11 23:49:08.0	Ana5 - 5: T.Raum	9999.9
2021-03-11 23:49:08.0	Ana9 - 9: T.Zuluft WRG warm	18.6
2021-03-11 23:49:18.0	Ana1 - 1: T.Au?en	5.0
2021-03-11 23:49:18.0	Ana2 - 2: T.Zuluft	14.0
2021-03-11 23:49:18.0	Ana3 - 3: T.Abluft	19.3
2021-03-11 23:49:18.0	Ana4 - 4: T.Fortluft	11.6
2021-03-11 23:49:18.0	Ana5 - 5: T.Raum	9999.9
2021-03-11 23:49:18.0	Ana9 - 9: T.Zuluft WRG warm	18.6
2021-03-11 23:49:28.0	Ana1 - 1: T.Au?en	4.9
2021-03-11 23:49:28.0	Ana2 - 2: T.Zuluft	14.0
2021-03-11 23:49:28.0	Ana3 - 3: T.Abluft	19.3
2021-03-11 23:49:28.0	Ana4 - 4: T.Fortluft	11.6
2021-03-11 23:49:28.0	Ana5 - 5: T.Raum	9999.9
2021-03-11 23:49:28.0	Ana9 - 9: T.Zuluft WRG warm	18.5
2021-03-11 23:49:38.0	Ana1 - 1: T.Au?en	4.9
2021-03-11 23:49:38.0	Ana2 - 2: T.Zuluft	14.0
2021-03-11 23:49:38.0	Ana3 - 3: T.Abluft	19.2
2021-03-11 23:49:38.0	Ana4 - 4: T.Fortluft	11.6
2021-03-11 23:49:38.0	Ana5 - 5: T.Raum	9999.9
2021-03-11 23:49:38.0	Ana9 - 9: T.Zuluft WRG warm	18.5
2021-03-11 23:49:48.0	Ana1 - 1: T.Au?en	4.9
2021-03-11 23:49:48.0	Ana2 - 2: T.Zuluft	14.0
2021-03-11 23:49:48.0	Ana3 - 3: T.Abluft	19.2
2021-03-11 23:49:48.0	Ana4 - 4: T.Fortluft	11.6
2021-03-11 23:49:48.0	Ana5 - 5: T.Raum	9999.9
2021-03-11 23:49:48.0	Ana9 - 9: T.Zuluft WRG warm	18.5
2021-03-11 23:49:58.0	Ana1 - 1: T.Au?en	4.9
2021-03-11 23:49:58.0	Ana2 - 2: T.Zuluft	14.0
2021-03-11 23:49:58.0	Ana3 - 3: T.Abluft	19.2
2021-03-11 23:49:58.0	Ana4 - 4: T.Fortluft	11.6
2021-03-11 23:49:58.0	Ana5 - 5: T.Raum	9999.9
2021-03-11 23:49:58.0	Ana9 - 9: T.Zuluft WRG warm	18.6
2021-03-11 23:50:08.0	Ana1 - 1: T.Au?en	4.9
2021-03-11 23:50:08.0	Ana2 - 2: T.Zuluft	14.0
2021-03-11 23:50:08.0	Ana3 - 3: T.Abluft	19.2
2021-03-11 23:50:08.0	Ana4 - 4: T.Fortluft	11.6
2021-03-11 23:50:08.0	Ana5 - 5: T.Raum	9999.9
2021-03-11 23:50:08.0	Ana9 - 9: T.Zuluft WRG warm	18.5
2021-03-11 23:50:18.0	Ana1 - 1: T.Au?en	4.9
2021-03-11 23:50:18.0	Ana2 - 2: T.Zuluft	14.0
2021-03-11 23:50:18.0	Ana3 - 3: T.Abluft	19.2
2021-03-11 23:50:18.0	Ana4 - 4: T.Fortluft	11.6
2021-03-11 23:50:18.0	Ana5 - 5: T.Raum	9999.9
2021-03-11 23:50:18.0	Ana9 - 9: T.Zuluft WRG warm	18.5
2021-03-11 23:50:28.0	Ana1 - 1: T.Au?en	4.9
2021-03-11 23:50:28.0	Ana2 - 2: T.Zuluft	14.0
2021-03-11 23:50:28.0	Ana3 - 3: T.Abluft	19.2
2021-03-11 23:50:28.0	Ana4 - 4: T.Fortluft	11.6
2021-03-11 23:50:28.0	Ana5 - 5: T.Raum	9999.9
2021-03-11 23:50:28.0	Ana9 - 9: T.Zuluft WRG warm	18.5
2021-03-11 23:50:38.0	Ana1 - 1: T.Au?en	4.9
2021-03-11 23:50:38.0	Ana2 - 2: T.Zuluft	14.0
2021-03-11 23:50:38.0	Ana3 - 3: T.Abluft	19.2
2021-03-11 23:50:38.0	Ana4 - 4: T.Fortluft	11.6
2021-03-11 23:50:38.0	Ana5 - 5: T.Raum	9999.9
2021-03-11 23:50:38.0	Ana9 - 9: T.Zuluft WRG warm	18.5
2021-03-11 23:50:48.0	Ana1 - 1: T.Au?en	4.9
2021-03-11 23:50:48.0	Ana2 - 2: T.Zuluft	14.0
2021-03-11 23:50:48.0	Ana3 - 3: T.Abluft	19.2
2021-03-11 23:50:48.0	Ana4 - 4: T.Fortluft	11.6
2021-03-11 23:50:48.0	Ana5 - 5: T.Raum	9999.9
2021-03-11 23:50:48.0	Ana9 - 9: T.Zuluft WRG warm	18.5
2021-03-11 23:50:58.0	Ana1 - 1: T.Au?en	4.9
2021-03-11 23:50:58.0	Ana2 - 2: T.Zuluft	14.0
2021-03-11 23:50:58.0	Ana3 - 3: T.Abluft	19.2
2021-03-11 23:50:58.0	Ana4 - 4: T.Fortluft	11.6
2021-03-11 23:50:58.0	Ana5 - 5: T.Raum	9999.9
2021-03-11 23:50:58.0	Ana9 - 9: T.Zuluft WRG warm	18.5
2021-03-11 23:51:08.0	Ana1 - 1: T.Au?en	4.9
2021-03-11 23:51:08.0	Ana2 - 2: T.Zuluft	14.0
2021-03-11 23:51:08.0	Ana3 - 3: T.Abluft	19.2
2021-03-11 23:51:08.0	Ana4 - 4: T.Fortluft	11.6
2021-03-11 23:51:08.0	Ana5 - 5: T.Raum	9999.9
2021-03-11 23:51:08.0	Ana9 - 9: T.Zuluft WRG warm	18.5
2021-03-11 23:51:18.0	Ana1 - 1: T.Au?en	4.9
2021-03-11 23:51:18.0	Ana2 - 2: T.Zuluft	14.0
2021-03-11 23:51:18.0	Ana3 - 3: T.Abluft	19.2
2021-03-11 23:51:18.0	Ana4 - 4: T.Fortluft	11.6
2021-03-11 23:51:18.0	Ana5 - 5: T.Raum	9999.9
2021-03-11 23:51:18.0	Ana9 - 9: T.Zuluft WRG warm	18.5
2021-03-11 23:51:28.0	Ana1 - 1: T.Au?en	4.9
2021-03-11 23:51:28.0	Ana2 - 2: T.Zuluft	14.0
2021-03-11 23:51:28.0	Ana3 - 3: T.Abluft	19.2
2021-03-11 23:51:28.0	Ana4 - 4: T.Fortluft	11.6
2021-03-11 23:51:28.0	Ana5 - 5: T.Raum	9999.9
2021-03-11 23:51:28.0	Ana9 - 9: T.Zuluft WRG warm	18.5
2021-03-11 23:51:38.0	Ana1 - 1: T.Au?en	4.9
2021-03-11 23:51:38.0	Ana2 - 2: T.Zuluft	14.0
2021-03-11 23:51:38.0	Ana3 - 3: T.Abluft	19.2
2021-03-11 23:51:38.0	Ana4 - 4: T.Fortluft	11.6
2021-03-11 23:51:38.0	Ana5 - 5: T.Raum	9999.9
2021-03-11 23:51:38.0	Ana9 - 9: T.Zuluft WRG warm	18.5
2021-03-11 23:51:48.0	Ana1 - 1: T.Au?en	4.9
2021-03-11 23:51:48.0	Ana2 - 2: T.Zuluft	14.0
2021-03-11 23:51:48.0	Ana3 - 3: T.Abluft	19.2
2021-03-11 23:51:48.0	Ana4 - 4: T.Fortluft	11.6
2021-03-11 23:51:48.0	Ana5 - 5: T.Raum	9999.9
2021-03-11 23:51:48.0	Ana9 - 9: T.Zuluft WRG warm	18.5
2021-03-11 23:51:58.0	Ana1 - 1: T.Au?en	4.9
2021-03-11 23:51:58.0	Ana2 - 2: T.Zuluft	14.0
2021-03-11 23:51:58.0	Ana3 - 3: T.Abluft	19.2
2021-03-11 23:51:58.0	Ana4 - 4: T.Fortluft	11.6
2021-03-11 23:51:58.0	Ana5 - 5: T.Raum	9999.9
2021-03-11 23:51:58.0	Ana9 - 9: T.Zuluft WRG warm	18.5
2021-03-11 23:52:08.0	Ana1 - 1: T.Au?en	4.9
2021-03-11 23:52:08.0	Ana2 - 2: T.Zuluft	14.0
2021-03-11 23:52:08.0	Ana3 - 3: T.Abluft	19.2
2021-03-11 23:52:08.0	Ana4 - 4: T.Fortluft	11.6
2021-03-11 23:52:08.0	Ana5 - 5: T.Raum	9999.9
2021-03-11 23:52:08.0	Ana9 - 9: T.Zuluft WRG warm	18.5
2021-03-11 23:52:18.0	Ana1 - 1: T.Au?en	4.9
2021-03-11 23:52:18.0	Ana2 - 2: T.Zuluft	14.0
2021-03-11 23:52:18.0	Ana3 - 3: T.Abluft	19.2
2021-03-11 23:52:18.0	Ana4 - 4: T.Fortluft	11.6
2021-03-11 23:52:18.0	Ana5 - 5: T.Raum	9999.9
2021-03-11 23:52:18.0	Ana9 - 9: T.Zuluft WRG warm	18.5
2021-03-11 23:52:28.0	Ana1 - 1: T.Au?en	4.9
2021-03-11 23:52:28.0	Ana2 - 2: T.Zuluft	14.0
2021-03-11 23:52:28.0	Ana3 - 3: T.Abluft	19.2
2021-03-11 23:52:28.0	Ana4 - 4: T.Fortluft	11.6
2021-03-11 23:52:28.0	Ana5 - 5: T.Raum	9999.9
2021-03-11 23:52:28.0	Ana9 - 9: T.Zuluft WRG warm	18.5
2021-03-11 23:52:38.0	Ana1 - 1: T.Au?en	4.9
2021-03-11 23:52:38.0	Ana2 - 2: T.Zuluft	14.0
2021-03-11 23:52:38.0	Ana3 - 3: T.Abluft	19.2
2021-03-11 23:52:38.0	Ana4 - 4: T.Fortluft	11.6
2021-03-11 23:52:38.0	Ana5 - 5: T.Raum	9999.9
2021-03-11 23:52:38.0	Ana9 - 9: T.Zuluft WRG warm	18.5
2021-03-11 23:52:48.0	Ana1 - 1: T.Au?en	4.9
2021-03-11 23:52:48.0	Ana2 - 2: T.Zuluft	13.9
2021-03-11 23:52:48.0	Ana3 - 3: T.Abluft	19.2
2021-03-11 23:52:48.0	Ana4 - 4: T.Fortluft	11.6
2021-03-11 23:52:48.0	Ana5 - 5: T.Raum	9999.9
2021-03-11 23:52:48.0	Ana9 - 9: T.Zuluft WRG warm	18.5
2021-03-11 23:52:58.0	Ana1 - 1: T.Au?en	4.9
2021-03-11 23:52:58.0	Ana2 - 2: T.Zuluft	13.9
2021-03-11 23:52:58.0	Ana3 - 3: T.Abluft	19.2
2021-03-11 23:52:58.0	Ana4 - 4: T.Fortluft	11.6
2021-03-11 23:52:58.0	Ana5 - 5: T.Raum	9999.9
2021-03-11 23:52:58.0	Ana9 - 9: T.Zuluft WRG warm	18.5
2021-03-11 23:53:08.0	Ana1 - 1: T.Au?en	4.9
2021-03-11 23:53:08.0	Ana2 - 2: T.Zuluft	14.0
2021-03-11 23:53:08.0	Ana3 - 3: T.Abluft	19.2
2021-03-11 23:53:08.0	Ana4 - 4: T.Fortluft	11.6
2021-03-11 23:53:08.0	Ana5 - 5: T.Raum	9999.9
2021-03-11 23:53:08.0	Ana9 - 9: T.Zuluft WRG warm	18.5
2021-03-11 23:53:18.0	Ana1 - 1: T.Au?en	4.9
2021-03-11 23:53:18.0	Ana2 - 2: T.Zuluft	13.9
2021-03-11 23:53:18.0	Ana3 - 3: T.Abluft	19.2
2021-03-11 23:53:18.0	Ana4 - 4: T.Fortluft	11.6
2021-03-11 23:53:18.0	Ana5 - 5: T.Raum	9999.9
2021-03-11 23:53:18.0	Ana9 - 9: T.Zuluft WRG warm	18.5
2021-03-11 23:53:28.0	Ana1 - 1: T.Au?en	4.9
2021-03-11 23:53:28.0	Ana2 - 2: T.Zuluft	14.0
2021-03-11 23:53:28.0	Ana3 - 3: T.Abluft	19.2
2021-03-11 23:53:28.0	Ana4 - 4: T.Fortluft	11.6
2021-03-11 23:53:28.0	Ana5 - 5: T.Raum	9999.9
2021-03-11 23:53:28.0	Ana9 - 9: T.Zuluft WRG warm	18.5
2021-03-11 23:53:38.0	Ana1 - 1: T.Au?en	4.9
2021-03-11 23:53:38.0	Ana2 - 2: T.Zuluft	13.9
2021-03-11 23:53:38.0	Ana3 - 3: T.Abluft	19.2
2021-03-11 23:53:38.0	Ana4 - 4: T.Fortluft	11.6
2021-03-11 23:53:38.0	Ana5 - 5: T.Raum	9999.9
2021-03-11 23:53:38.0	Ana9 - 9: T.Zuluft WRG warm	18.5
2021-03-11 23:53:48.0	Ana1 - 1: T.Au?en	4.9
2021-03-11 23:53:48.0	Ana2 - 2: T.Zuluft	13.9
2021-03-11 23:53:48.0	Ana3 - 3: T.Abluft	19.2
2021-03-11 23:53:48.0	Ana4 - 4: T.Fortluft	11.6
2021-03-11 23:53:48.0	Ana5 - 5: T.Raum	9999.9
2021-03-11 23:53:48.0	Ana9 - 9: T.Zuluft WRG warm	18.5
2021-03-11 23:53:58.0	Ana1 - 1: T.Au?en	4.9
2021-03-11 23:53:58.0	Ana2 - 2: T.Zuluft	13.9
2021-03-11 23:53:58.0	Ana3 - 3: T.Abluft	19.2
2021-03-11 23:53:58.0	Ana4 - 4: T.Fortluft	11.6
2021-03-11 23:53:58.0	Ana5 - 5: T.Raum	9999.9
2021-03-11 23:53:58.0	Ana9 - 9: T.Zuluft WRG warm	18.5
2021-03-11 23:54:08.0	Ana1 - 1: T.Au?en	4.9
2021-03-11 23:54:08.0	Ana2 - 2: T.Zuluft	13.9
2021-03-11 23:54:08.0	Ana3 - 3: T.Abluft	19.2
2021-03-11 23:54:08.0	Ana4 - 4: T.Fortluft	11.6
2021-03-11 23:54:08.0	Ana5 - 5: T.Raum	9999.9
2021-03-11 23:54:08.0	Ana9 - 9: T.Zuluft WRG warm	18.5
2021-03-11 23:54:18.0	Ana1 - 1: T.Au?en	4.9
2021-03-11 23:54:18.0	Ana2 - 2: T.Zuluft	13.9
2021-03-11 23:54:18.0	Ana3 - 3: T.Abluft	19.2
2021-03-11 23:54:18.0	Ana4 - 4: T.Fortluft	11.6
2021-03-11 23:54:18.0	Ana5 - 5: T.Raum	9999.9
2021-03-11 23:54:18.0	Ana9 - 9: T.Zuluft WRG warm	18.5
2021-03-11 23:54:28.0	Ana1 - 1: T.Au?en	4.9
2021-03-11 23:54:28.0	Ana2 - 2: T.Zuluft	13.9
2021-03-11 23:54:28.0	Ana3 - 3: T.Abluft	19.2
2021-03-11 23:54:28.0	Ana4 - 4: T.Fortluft	11.6
2021-03-11 23:54:28.0	Ana5 - 5: T.Raum	9999.9
2021-03-11 23:54:28.0	Ana9 - 9: T.Zuluft WRG warm	18.5
2021-03-11 23:54:38.0	Ana1 - 1: T.Au?en	4.9
2021-03-11 23:54:38.0	Ana2 - 2: T.Zuluft	13.9
2021-03-11 23:54:38.0	Ana3 - 3: T.Abluft	19.2
2021-03-11 23:54:38.0	Ana4 - 4: T.Fortluft	11.6
2021-03-11 23:54:38.0	Ana5 - 5: T.Raum	9999.9
2021-03-11 23:54:38.0	Ana9 - 9: T.Zuluft WRG warm	18.5
2021-03-11 23:54:48.0	Ana1 - 1: T.Au?en	4.9
2021-03-11 23:54:48.0	Ana2 - 2: T.Zuluft	13.9
2021-03-11 23:54:48.0	Ana3 - 3: T.Abluft	19.2
2021-03-11 23:54:48.0	Ana4 - 4: T.Fortluft	11.6
2021-03-11 23:54:48.0	Ana5 - 5: T.Raum	9999.9
2021-03-11 23:54:48.0	Ana9 - 9: T.Zuluft WRG warm	18.5
2021-03-11 23:54:58.0	Ana1 - 1: T.Au?en	4.9
2021-03-11 23:54:58.0	Ana2 - 2: T.Zuluft	13.9
2021-03-11 23:54:58.0	Ana3 - 3: T.Abluft	19.2
2021-03-11 23:54:58.0	Ana4 - 4: T.Fortluft	11.6
2021-03-11 23:54:58.0	Ana5 - 5: T.Raum	9999.9
2021-03-11 23:54:58.0	Ana9 - 9: T.Zuluft WRG warm	18.5
2021-03-11 23:55:08.0	Ana1 - 1: T.Au?en	4.9
2021-03-11 23:55:08.0	Ana2 - 2: T.Zuluft	13.9
2021-03-11 23:55:08.0	Ana3 - 3: T.Abluft	19.2
2021-03-11 23:55:08.0	Ana4 - 4: T.Fortluft	11.6
2021-03-11 23:55:08.0	Ana5 - 5: T.Raum	9999.9
2021-03-11 23:55:08.0	Ana9 - 9: T.Zuluft WRG warm	18.5
2021-03-11 23:55:18.0	Ana1 - 1: T.Au?en	4.9
2021-03-11 23:55:18.0	Ana2 - 2: T.Zuluft	13.9
2021-03-11 23:55:18.0	Ana3 - 3: T.Abluft	19.2
2021-03-11 23:55:18.0	Ana4 - 4: T.Fortluft	11.6
2021-03-11 23:55:18.0	Ana5 - 5: T.Raum	9999.9
2021-03-11 23:55:18.0	Ana9 - 9: T.Zuluft WRG warm	18.5
2021-03-11 23:55:28.0	Ana1 - 1: T.Au?en	4.9
2021-03-11 23:55:28.0	Ana2 - 2: T.Zuluft	13.9
2021-03-11 23:55:28.0	Ana3 - 3: T.Abluft	19.2
2021-03-11 23:55:28.0	Ana4 - 4: T.Fortluft	11.6
2021-03-11 23:55:28.0	Ana5 - 5: T.Raum	9999.9
2021-03-11 23:55:28.0	Ana9 - 9: T.Zuluft WRG warm	18.5
2021-03-11 23:55:38.0	Ana1 - 1: T.Au?en	4.9
2021-03-11 23:55:38.0	Ana2 - 2: T.Zuluft	13.9
2021-03-11 23:55:38.0	Ana3 - 3: T.Abluft	19.2
2021-03-11 23:55:38.0	Ana4 - 4: T.Fortluft	11.6
2021-03-11 23:55:38.0	Ana5 - 5: T.Raum	9999.9
2021-03-11 23:55:38.0	Ana9 - 9: T.Zuluft WRG warm	18.5
2021-03-11 23:55:48.0	Ana1 - 1: T.Au?en	4.9
2021-03-11 23:55:48.0	Ana2 - 2: T.Zuluft	13.9
2021-03-11 23:55:48.0	Ana3 - 3: T.Abluft	19.2
2021-03-11 23:55:48.0	Ana4 - 4: T.Fortluft	11.6
2021-03-11 23:55:48.0	Ana5 - 5: T.Raum	9999.9
2021-03-11 23:55:48.0	Ana9 - 9: T.Zuluft WRG warm	18.5
2021-03-11 23:55:58.0	Ana1 - 1: T.Au?en	4.9
2021-03-11 23:55:58.0	Ana2 - 2: T.Zuluft	13.9
2021-03-11 23:55:58.0	Ana3 - 3: T.Abluft	19.2
2021-03-11 23:55:58.0	Ana4 - 4: T.Fortluft	11.6
2021-03-11 23:55:58.0	Ana5 - 5: T.Raum	9999.9
2021-03-11 23:55:58.0	Ana9 - 9: T.Zuluft WRG warm	18.5
2021-03-11 23:56:08.0	Ana1 - 1: T.Au?en	4.9
2021-03-11 23:56:08.0	Ana2 - 2: T.Zuluft	13.9
2021-03-11 23:56:08.0	Ana3 - 3: T.Abluft	19.2
2021-03-11 23:56:08.0	Ana4 - 4: T.Fortluft	11.6
2021-03-11 23:56:08.0	Ana5 - 5: T.Raum	9999.9
2021-03-11 23:56:08.0	Ana9 - 9: T.Zuluft WRG warm	18.5
2021-03-11 23:56:18.0	Ana1 - 1: T.Au?en	4.9
2021-03-11 23:56:18.0	Ana2 - 2: T.Zuluft	13.9
2021-03-11 23:56:18.0	Ana3 - 3: T.Abluft	19.2
2021-03-11 23:56:18.0	Ana4 - 4: T.Fortluft	11.6
2021-03-11 23:56:18.0	Ana5 - 5: T.Raum	9999.9
2021-03-11 23:56:18.0	Ana9 - 9: T.Zuluft WRG warm	18.5
2021-03-11 23:56:28.0	Ana1 - 1: T.Au?en	4.9
2021-03-11 23:56:28.0	Ana2 - 2: T.Zuluft	13.9
2021-03-11 23:56:28.0	Ana3 - 3: T.Abluft	19.2
2021-03-11 23:56:28.0	Ana4 - 4: T.Fortluft	11.6
2021-03-11 23:56:28.0	Ana5 - 5: T.Raum	9999.9
2021-03-11 23:56:28.0	Ana9 - 9: T.Zuluft WRG warm	18.5
2021-03-11 23:56:38.0	Ana1 - 1: T.Au?en	4.9
2021-03-11 23:56:38.0	Ana2 - 2: T.Zuluft	13.9
2021-03-11 23:56:38.0	Ana3 - 3: T.Abluft	19.2
2021-03-11 23:56:38.0	Ana4 - 4: T.Fortluft	11.6
2021-03-11 23:56:38.0	Ana5 - 5: T.Raum	9999.9
2021-03-11 23:56:38.0	Ana9 - 9: T.Zuluft WRG warm	18.5
2021-03-11 23:56:48.0	Ana1 - 1: T.Au?en	4.9
2021-03-11 23:56:48.0	Ana2 - 2: T.Zuluft	13.9
2021-03-11 23:56:48.0	Ana3 - 3: T.Abluft	19.2
2021-03-11 23:56:48.0	Ana4 - 4: T.Fortluft	11.6
2021-03-11 23:56:48.0	Ana5 - 5: T.Raum	9999.9
2021-03-11 23:56:48.0	Ana9 - 9: T.Zuluft WRG warm	18.5
2021-03-11 23:56:58.0	Ana1 - 1: T.Au?en	4.9
2021-03-11 23:56:58.0	Ana2 - 2: T.Zuluft	13.9
2021-03-11 23:56:58.0	Ana3 - 3: T.Abluft	19.2
2021-03-11 23:56:58.0	Ana4 - 4: T.Fortluft	11.6
2021-03-11 23:56:58.0	Ana5 - 5: T.Raum	9999.9
2021-03-11 23:56:58.0	Ana9 - 9: T.Zuluft WRG warm	18.5
2021-03-11 23:57:08.0	Ana1 - 1: T.Au?en	4.9
2021-03-11 23:57:08.0	Ana2 - 2: T.Zuluft	13.9
2021-03-11 23:57:08.0	Ana3 - 3: T.Abluft	19.2
2021-03-11 23:57:08.0	Ana4 - 4: T.Fortluft	11.6
2021-03-11 23:57:08.0	Ana5 - 5: T.Raum	9999.9
2021-03-11 23:57:08.0	Ana9 - 9: T.Zuluft WRG warm	18.5
2021-03-11 23:57:18.0	Ana1 - 1: T.Au?en	4.9
2021-03-11 23:57:18.0	Ana2 - 2: T.Zuluft	13.9
2021-03-11 23:57:18.0	Ana3 - 3: T.Abluft	19.2
2021-03-11 23:57:18.0	Ana4 - 4: T.Fortluft	11.6
2021-03-11 23:57:18.0	Ana5 - 5: T.Raum	9999.9
2021-03-11 23:57:18.0	Ana9 - 9: T.Zuluft WRG warm	18.5
2021-03-11 23:57:28.0	Ana1 - 1: T.Au?en	4.9
2021-03-11 23:57:28.0	Ana2 - 2: T.Zuluft	13.9
2021-03-11 23:57:28.0	Ana3 - 3: T.Abluft	19.2
2021-03-11 23:57:28.0	Ana4 - 4: T.Fortluft	11.6
2021-03-11 23:57:28.0	Ana5 - 5: T.Raum	9999.9
2021-03-11 23:57:28.0	Ana9 - 9: T.Zuluft WRG warm	18.5
2021-03-11 23:57:38.0	Ana1 - 1: T.Au?en	4.8
2021-03-11 23:57:38.0	Ana2 - 2: T.Zuluft	13.9
2021-03-11 23:57:38.0	Ana3 - 3: T.Abluft	19.2
2021-03-11 23:57:38.0	Ana4 - 4: T.Fortluft	11.6
2021-03-11 23:57:38.0	Ana5 - 5: T.Raum	9999.9
2021-03-11 23:57:38.0	Ana9 - 9: T.Zuluft WRG warm	18.5
2021-03-11 23:57:48.0	Ana1 - 1: T.Au?en	4.8
2021-03-11 23:57:48.0	Ana2 - 2: T.Zuluft	13.9
2021-03-11 23:57:48.0	Ana3 - 3: T.Abluft	19.2
2021-03-11 23:57:48.0	Ana4 - 4: T.Fortluft	11.6
2021-03-11 23:57:48.0	Ana5 - 5: T.Raum	9999.9
2021-03-11 23:57:48.0	Ana9 - 9: T.Zuluft WRG warm	18.5
2021-03-11 23:57:58.0	Ana1 - 1: T.Au?en	4.8
2021-03-11 23:57:58.0	Ana2 - 2: T.Zuluft	13.9
2021-03-11 23:57:58.0	Ana3 - 3: T.Abluft	19.2
2021-03-11 23:57:58.0	Ana4 - 4: T.Fortluft	11.6
2021-03-11 23:57:58.0	Ana5 - 5: T.Raum	9999.9
2021-03-11 23:57:58.0	Ana9 - 9: T.Zuluft WRG warm	18.5
2021-03-11 23:58:08.0	Ana1 - 1: T.Au?en	4.8
2021-03-11 23:58:08.0	Ana2 - 2: T.Zuluft	13.9
2021-03-11 23:58:08.0	Ana3 - 3: T.Abluft	19.2
2021-03-11 23:58:08.0	Ana4 - 4: T.Fortluft	11.5
2021-03-11 23:58:08.0	Ana5 - 5: T.Raum	9999.9
2021-03-11 23:58:08.0	Ana9 - 9: T.Zuluft WRG warm	18.5
2021-03-11 23:58:18.0	Ana1 - 1: T.Au?en	4.8
2021-03-11 23:58:18.0	Ana2 - 2: T.Zuluft	13.9
2021-03-11 23:58:18.0	Ana3 - 3: T.Abluft	19.2
2021-03-11 23:58:18.0	Ana4 - 4: T.Fortluft	11.6
2021-03-11 23:58:18.0	Ana5 - 5: T.Raum	9999.9
2021-03-11 23:58:18.0	Ana9 - 9: T.Zuluft WRG warm	18.5
2021-03-11 23:58:28.0	Ana1 - 1: T.Au?en	4.8
2021-03-11 23:58:28.0	Ana2 - 2: T.Zuluft	13.9
2021-03-11 23:58:28.0	Ana3 - 3: T.Abluft	19.2
2021-03-11 23:58:28.0	Ana4 - 4: T.Fortluft	11.5
2021-03-11 23:58:28.0	Ana5 - 5: T.Raum	9999.9
2021-03-11 23:58:28.0	Ana9 - 9: T.Zuluft WRG warm	18.5
2021-03-11 23:58:38.0	Ana1 - 1: T.Au?en	4.8
2021-03-11 23:58:38.0	Ana2 - 2: T.Zuluft	13.9
2021-03-11 23:58:38.0	Ana3 - 3: T.Abluft	19.2
2021-03-11 23:58:38.0	Ana4 - 4: T.Fortluft	11.6
2021-03-11 23:58:38.0	Ana5 - 5: T.Raum	9999.9
2021-03-11 23:58:38.0	Ana9 - 9: T.Zuluft WRG warm	18.5
2021-03-11 23:58:48.0	Ana1 - 1: T.Au?en	4.8
2021-03-11 23:58:48.0	Ana2 - 2: T.Zuluft	13.9
2021-03-11 23:58:48.0	Ana3 - 3: T.Abluft	19.2
2021-03-11 23:58:48.0	Ana4 - 4: T.Fortluft	11.6
2021-03-11 23:58:48.0	Ana5 - 5: T.Raum	9999.9
2021-03-11 23:58:48.0	Ana9 - 9: T.Zuluft WRG warm	18.5
2021-03-11 23:58:58.0	Ana1 - 1: T.Au?en	4.8
2021-03-11 23:58:58.0	Ana2 - 2: T.Zuluft	13.9
2021-03-11 23:58:58.0	Ana3 - 3: T.Abluft	19.2
2021-03-11 23:58:58.0	Ana4 - 4: T.Fortluft	11.6
2021-03-11 23:58:58.0	Ana5 - 5: T.Raum	9999.9
2021-03-11 23:58:58.0	Ana9 - 9: T.Zuluft WRG warm	18.5
2021-03-11 23:59:08.0	Ana1 - 1: T.Au?en	4.8
2021-03-11 23:59:08.0	Ana2 - 2: T.Zuluft	13.9
2021-03-11 23:59:08.0	Ana3 - 3: T.Abluft	19.2
2021-03-11 23:59:08.0	Ana4 - 4: T.Fortluft	11.5
2021-03-11 23:59:08.0	Ana5 - 5: T.Raum	9999.9
2021-03-11 23:59:08.0	Ana9 - 9: T.Zuluft WRG warm	18.5
2021-03-11 23:59:18.0	Ana1 - 1: T.Au?en	4.8
2021-03-11 23:59:18.0	Ana2 - 2: T.Zuluft	13.9
2021-03-11 23:59:18.0	Ana3 - 3: T.Abluft	19.2
2021-03-11 23:59:18.0	Ana4 - 4: T.Fortluft	11.5
2021-03-11 23:59:18.0	Ana5 - 5: T.Raum	9999.9
2021-03-11 23:59:18.0	Ana9 - 9: T.Zuluft WRG warm	18.5
2021-03-11 23:59:28.0	Ana1 - 1: T.Au?en	4.8
2021-03-11 23:59:28.0	Ana2 - 2: T.Zuluft	13.9
2021-03-11 23:59:28.0	Ana3 - 3: T.Abluft	19.2
2021-03-11 23:59:28.0	Ana4 - 4: T.Fortluft	11.5
2021-03-11 23:59:28.0	Ana5 - 5: T.Raum	9999.9
2021-03-11 23:59:28.0	Ana9 - 9: T.Zuluft WRG warm	18.5
2021-03-11 23:59:38.0	Ana1 - 1: T.Au?en	4.8
2021-03-11 23:59:38.0	Ana2 - 2: T.Zuluft	13.9
2021-03-11 23:59:38.0	Ana3 - 3: T.Abluft	19.2
2021-03-11 23:59:38.0	Ana4 - 4: T.Fortluft	11.5
2021-03-11 23:59:38.0	Ana5 - 5: T.Raum	9999.9
2021-03-11 23:59:38.0	Ana9 - 9: T.Zuluft WRG warm	18.5
2021-03-11 23:59:48.0	Ana1 - 1: T.Au?en	4.8
2021-03-11 23:59:48.0	Ana2 - 2: T.Zuluft	13.9
2021-03-11 23:59:48.0	Ana3 - 3: T.Abluft	19.2
2021-03-11 23:59:48.0	Ana4 - 4: T.Fortluft	11.5
2021-03-11 23:59:48.0	Ana5 - 5: T.Raum	9999.9
2021-03-11 23:59:48.0	Ana9 - 9: T.Zuluft WRG warm	18.5
2021-03-11 23:59:58.0	Ana1 - 1: T.Au?en	4.8
2021-03-11 23:59:58.0	Ana2 - 2: T.Zuluft	13.9
2021-03-11 23:59:58.0	Ana3 - 3: T.Abluft	19.2
2021-03-11 23:59:58.0	Ana4 - 4: T.Fortluft	11.5
2021-03-11 23:59:58.0	Ana5 - 5: T.Raum	9999.9
2021-03-11 23:59:58.0	Ana9 - 9: T.Zuluft WRG warm	18.5
